step,dt_ms,n_polyps,n_alive,n_juvenile,n_adult,births_this_step,deaths_this_step,mean_trophic_health,min_trophic_health,max_trophic_health,colony_prediction,raw_dopamine,mean_directional_accuracy_ema,capital,position_size,direction_correct,n_edges,n_gap_junctions,n_ff,n_lat,n_fb,motif_message_total,ff_message_total,lat_message_total,fb_message_total,graph_context_mean_abs,graph_context_nonzero_count,macro_eligibility_trace_abs_sum,macro_eligibility_trace_nonzero_count,macro_eligibility_matured_updates,macro_eligibility_trace_mode,macro_eligibility_credit_mode,context_memory_enabled,context_memory_mode,context_memory_value,context_memory_updates,context_memory_feature_active,context_memory_feature_source,context_memory_visible_cue_sign,context_memory_raw_observation,context_memory_bound_observation,context_memory_key,context_memory_slot_count,predictive_context_enabled,predictive_context_mode,predictive_context_value,predictive_context_updates,predictive_context_feature_active,predictive_context_feature_source,predictive_context_visible_signal,predictive_context_raw_observation,predictive_context_bound_observation,predictive_context_key,predictive_context_slot_count,composition_routing_enabled,composition_routing_mode,composition_routing_feature_active,composition_routing_feature_source,composition_routing_raw_observation,composition_routing_bound_observation,composition_routing_event_type,composition_routing_phase,composition_routing_skill_a,composition_routing_skill_b,composition_routing_selected_skill,composition_routing_context,composition_routing_true_skill,composition_routing_router_correct,composition_routing_module_updates,composition_routing_router_updates,composition_routing_module_uses,composition_routing_router_uses,composition_routing_correct_route_uses,composition_routing_pre_feedback_select_steps,I_union_bits,changepoint_probability,spinnaker_wall_ms,host_compute_wall_ms,total_step_wall_ms,task,model,model_family,variant,variant_group,backend,seed,event_type,phase,trial_id,context_sign,decision_cue_sign,memory_runner,raw_sensory_return_1m,sensory_return_1m,target_return_1m,target_signal_horizon,target_signal_sign,target_signal_nonzero,prediction_sign,strict_direction_correct,feedback_due_step,configured_horizon_bars,configured_readout_lr,configured_delayed_readout_lr,configured_initial_population,configured_max_population,visible_cue_sign,feature_source,context_updates,feature_active
0,1000.0,8,8,8,0,0,0,19.910199708645575,19.910199708645575,19.910199708645575,0.04122661942889728,0.0,0.5,1.0,0.04122661942889728,False,0,0,0,0,0,0.0,0.0,0.0,0.0,0.0,0,0.0,0,0,disabled,disabled,True,wrong_key,1,1,False,raw,0,0.0055000000000000005,0.0055000000000000005,trial:0,1,False,disabled,0,0,False,raw,0,0.0055000000000000005,0.0055000000000000005,,0,False,disabled,False,raw,0.0055000000000000005,0.0055000000000000005,,,,,,,,False,0,0,0,0,0,0,0.0,0.0,1.0237909999943895,0.4190000000079408,1.5980830000046353,intervening_contexts,wrong_key_ablation,CRA,wrong_key_ablation,memory_ablation,MockSimulator,43,context,target_context,0,1,0,internal,0.0055000000000000005,0.0055000000000000005,0.0,0.0,0,False,1,False,-1,1,0.1,0.2,8,8,0,raw,1,False
1,1000.0,8,8,8,0,0,0,19.82084699960904,19.82084699960904,19.82084699960904,0.0,0.0,0.49979999999999997,1.0,0.0,False,0,0,0,0,0,0.0,0.0,0.0,0.0,0.0,0,0.0,0,0,disabled,disabled,True,wrong_key,1,1,False,raw,0,0.0,0.0,trial:-1,1,False,disabled,0,0,False,raw,0,0.0,0.0,,0,False,disabled,False,raw,0.0,0.0,,,,,,,,False,0,0,0,0,0,0,0.0,0.0,0.7916660000120146,0.3428749999869751,1.2609159999925623,intervening_contexts,wrong_key_ablation,CRA,wrong_key_ablation,memory_ablation,MockSimulator,43,none,none,-1,0,0,internal,0.0,0.0,0.0,0.0,0,False,0,False,-1,1,0.1,0.2,8,8,0,raw,1,False
2,1000.0,8,8,8,0,0,0,19.731939640573223,19.731939640573223,19.731939640573223,0.0,0.0,0.49940799999999996,1.0,0.0,False,0,0,0,0,0,0.0,0.0,0.0,0.0,0.0,0,0.0,0,0,disabled,disabled,True,wrong_key,1,1,False,raw,0,0.0,0.0,trial:-1,1,False,disabled,0,0,False,raw,0,0.0,0.0,,0,False,disabled,False,raw,0.0,0.0,,,,,,,,False,0,0,0,0,0,0,0.0,0.0,0.8033750000038253,0.3353750000059108,1.2618330000009337,intervening_contexts,wrong_key_ablation,CRA,wrong_key_ablation,memory_ablation,MockSimulator,43,none,none,-1,0,0,internal,0.0,0.0,0.0,0.0,0,False,0,False,-1,1,0.1,0.2,8,8,0,raw,1,False
3,1000.0,8,8,8,0,0,0,19.64347541035469,19.64347541035469,19.64347541035469,-0.02624397236448659,-0.0,0.49883175999999996,1.0,-0.02624397236448659,False,0,0,0,0,0,0.0,0.0,0.0,0.0,0.0,0,0.0,0,0,disabled,disabled,True,wrong_key,1,1,False,raw,0,-0.0034999999999999996,-0.0034999999999999996,trial:0,1,False,disabled,0,0,False,raw,0,-0.0034999999999999996,-0.0034999999999999996,,0,False,disabled,False,raw,-0.0034999999999999996,-0.0034999999999999996,,,,,,,,False,0,0,0,0,0,0,0.0,0.0,0.7937080000033347,0.33349999999643387,1.2508750000108648,intervening_contexts,wrong_key_ablation,CRA,wrong_key_ablation,memory_ablation,MockSimulator,43,distractor,between_context_and_decision,0,0,0,internal,-0.0034999999999999996,-0.0034999999999999996,0.0,0.0,0,False,-1,False,-1,1,0.1,0.2,8,8,0,raw,1,False
4,1000.0,8,8,8,0,0,0,19.555452098848193,19.555452098848193,19.555452098848193,0.02624397236448659,0.0,0.4980788063999999,1.0,0.02624397236448659,False,0,0,0,0,0,0.0,0.0,0.0,0.0,0.0,0,0.0,0,0,disabled,disabled,True,wrong_key,1,1,False,raw,0,0.0034999999999999996,0.0034999999999999996,trial:0,1,False,disabled,0,0,False,raw,0,0.0034999999999999996,0.0034999999999999996,,0,False,disabled,False,raw,0.0034999999999999996,0.0034999999999999996,,,,,,,,False,0,0,0,0,0,0,0.0,0.0,0.7910420000030172,0.3322499999995898,1.245624999995698,intervening_contexts,wrong_key_ablation,CRA,wrong_key_ablation,memory_ablation,MockSimulator,43,distractor,between_context_and_decision,0,0,0,internal,0.0034999999999999996,0.0034999999999999996,0.0,0.0,0,False,1,False,-1,1,0.1,0.2,8,8,0,raw,1,False
5,1000.0,8,8,8,0,0,0,19.467867506971437,19.467867506971437,19.467867506971437,0.0,0.0,0.4971564382399999,1.0,0.0,False,0,0,0,0,0,0.0,0.0,0.0,0.0,0.0,0,0.0,0,0,disabled,disabled,True,wrong_key,1,1,False,raw,0,0.0,0.0,trial:-1,1,False,disabled,0,0,False,raw,0,0.0,0.0,,0,False,disabled,False,raw,0.0,0.0,,,,,,,,False,0,0,0,0,0,0,0.0,0.0,0.7921249999895963,0.331375000001799,1.2451669999933301,intervening_contexts,wrong_key_ablation,CRA,wrong_key_ablation,memory_ablation,MockSimulator,43,none,none,-1,0,0,internal,0.0,0.0,0.0,0.0,0,False,0,False,-1,1,0.1,0.2,8,8,0,raw,1,False
6,1000.0,8,8,8,0,0,0,19.380719446610097,19.380719446610097,19.380719446610097,0.0,0.0,0.49607173328383986,1.0,0.0,False,0,0,0,0,0,0.0,0.0,0.0,0.0,0.0,0,0.0,0,0,disabled,disabled,True,wrong_key,1,1,False,raw,0,0.0,0.0,trial:-1,1,False,disabled,0,0,False,raw,0,0.0,0.0,,0,False,disabled,False,raw,0.0,0.0,,,,,,,,False,0,0,0,0,0,0,0.0,0.0,0.7899579999985917,0.3331670000079612,1.2450420000078566,intervening_contexts,wrong_key_ablation,CRA,wrong_key_ablation,memory_ablation,MockSimulator,43,none,none,-1,0,0,internal,0.0,0.0,0.0,0.0,0,False,0,False,-1,1,0.1,0.2,8,8,0,raw,1,False
7,1000.0,8,8,8,0,0,0,19.29400574056311,19.29400574056311,19.29400574056311,0.02624397236448659,0.0,0.4948315539506303,1.0,0.02624397236448659,False,0,0,0,0,0,0.0,0.0,0.0,0.0,0.0,0,0.0,0,0,disabled,disabled,True,wrong_key,1,1,False,raw,0,0.0034999999999999996,0.0034999999999999996,trial:0,1,False,disabled,0,0,False,raw,0,0.0034999999999999996,0.0034999999999999996,,0,False,disabled,False,raw,0.0034999999999999996,0.0034999999999999996,,,,,,,,False,0,0,0,0,0,0,0.0,0.0,0.7882499999993797,0.3342090000018061,1.2444169999952237,intervening_contexts,wrong_key_ablation,CRA,wrong_key_ablation,memory_ablation,MockSimulator,43,distractor,between_context_and_decision,0,0,0,internal,0.0034999999999999996,0.0034999999999999996,0.0,0.0,0,False,1,False,-1,1,0.1,0.2,8,8,0,raw,1,False
8,1000.0,8,8,8,0,0,0,19.207724222488253,19.207724222488253,19.207724222488253,0.0,0.0,0.4934425530974355,1.0,0.0,False,0,0,0,0,0,0.0,0.0,0.0,0.0,0.0,0,0.0,0,0,disabled,disabled,True,wrong_key,1,1,False,raw,0,0.0,0.0,trial:-1,1,False,disabled,0,0,False,raw,0,0.0,0.0,,0,False,disabled,False,raw,0.0,0.0,,,,,,,,False,0,0,0,0,0,0,0.0,0.0,0.8054999999984602,0.3323749999992742,1.2590420000009317,intervening_contexts,wrong_key_ablation,CRA,wrong_key_ablation,memory_ablation,MockSimulator,43,none,none,-1,0,0,internal,0.0,0.0,0.0,0.0,0,False,0,False,-1,1,0.1,0.2,8,8,0,raw,1,False
9,1000.0,8,8,8,0,0,0,19.121872736847966,19.121872736847966,19.121872736847966,-0.026243972364486584,-0.0,0.49191117965678827,1.0,-0.026243972364486584,False,0,0,0,0,0,0.0,0.0,0.0,0.0,0.0,0,0.0,0,0,disabled,disabled,True,wrong_key,1,1,False,raw,0,-0.0034999999999999996,-0.0034999999999999996,trial:0,1,False,disabled,0,0,False,raw,0,-0.0034999999999999996,-0.0034999999999999996,,0,False,disabled,False,raw,-0.0034999999999999996,-0.0034999999999999996,,,,,,,,False,0,0,0,0,0,0,0.0,0.0,0.7908750000069631,0.602749999998764,1.5162499999945567,intervening_contexts,wrong_key_ablation,CRA,wrong_key_ablation,memory_ablation,MockSimulator,43,distractor,between_context_and_decision,0,0,0,internal,-0.0034999999999999996,-0.0034999999999999996,0.0,0.0,0,False,-1,False,-1,1,0.1,0.2,8,8,0,raw,1,False
10,1000.0,8,8,8,0,0,0,19.036449138855495,19.036449138855495,19.036449138855495,0.0,0.0,0.49024368413252795,1.0,0.0,False,0,0,0,0,0,0.0,0.0,0.0,0.0,0.0,0,0.0,0,0,disabled,disabled,True,wrong_key,1,1,False,raw,0,0.0,0.0,trial:-1,1,False,disabled,0,0,False,raw,0,0.0,0.0,,0,False,disabled,False,raw,0.0,0.0,,,,,,,,False,0,0,0,0,0,0,0.0,0.0,0.7918329999938578,0.526000000007798,1.4419580000009091,intervening_contexts,wrong_key_ablation,CRA,wrong_key_ablation,memory_ablation,MockSimulator,43,none,none,-1,0,0,internal,0.0,0.0,0.0,0.0,0,False,0,False,-1,1,0.1,0.2,8,8,0,raw,1,False
11,1000.0,8,8,8,0,0,0,18.95145129442124,18.95145129442124,18.95145129442124,0.026243972364486584,0.0,0.4884461239573753,1.0,0.026243972364486584,False,0,0,0,0,0,0.0,0.0,0.0,0.0,0.0,0,0.0,0,0,disabled,disabled,True,wrong_key,1,1,False,raw,0,0.0034999999999999996,0.0034999999999999996,trial:0,1,False,disabled,0,0,False,raw,0,0.0034999999999999996,0.0034999999999999996,,0,False,disabled,False,raw,0.0034999999999999996,0.0034999999999999996,,,,,,,,False,0,0,0,0,0,0,0.0,0.0,0.8901249999979655,0.6401670000002468,1.6531670000006216,intervening_contexts,wrong_key_ablation,CRA,wrong_key_ablation,memory_ablation,MockSimulator,43,distractor,between_context_and_decision,0,0,0,internal,0.0034999999999999996,0.0034999999999999996,0.0,0.0,0,False,1,False,-1,1,0.1,0.2,8,8,0,raw,1,False
12,1000.0,8,8,8,0,0,0,18.866877080099428,18.866877080099428,18.866877080099428,0.0,0.0,0.4865243687155758,1.0,0.0,False,0,0,0,0,0,0.0,0.0,0.0,0.0,0.0,0,0.0,0,0,disabled,disabled,True,wrong_key,1,1,False,raw,0,0.0,0.0,trial:-1,1,False,disabled,0,0,False,raw,0,0.0,0.0,,0,False,disabled,False,raw,0.0,0.0,,,,,,,,False,0,0,0,0,0,0,0.0,0.0,0.8121670000065251,0.5639580000007527,1.5058329999959597,intervening_contexts,wrong_key_ablation,CRA,wrong_key_ablation,memory_ablation,MockSimulator,43,none,none,-1,0,0,internal,0.0,0.0,0.0,0.0,0,False,0,False,-1,1,0.1,0.2,8,8,0,raw,1,False
13,1000.0,8,8,8,0,0,0,18.782724383035006,18.782724383035006,18.782724383035006,0.0,0.0,0.4844841052338653,1.0,0.0,False,0,0,0,0,0,0.0,0.0,0.0,0.0,0.0,0,0.0,0,0,disabled,disabled,True,wrong_key,1,1,False,raw,0,0.0,0.0,trial:-1,1,False,disabled,0,0,False,raw,0,0.0,0.0,,0,False,disabled,False,raw,0.0,0.0,,,,,,,,False,0,0,0,0,0,0,0.0,0.0,0.7991250000003447,0.5465830000019878,1.469124999999849,intervening_contexts,wrong_key_ablation,CRA,wrong_key_ablation,memory_ablation,MockSimulator,43,none,none,-1,0,0,internal,0.0,0.0,0.0,0.0,0,False,0,False,-1,1,0.1,0.2,8,8,0,raw,1,False
14,1000.0,8,8,8,0,0,0,18.69899110091084,18.69899110091084,18.69899110091084,0.0,0.0,0.48233084254393704,1.0,0.0,False,0,0,0,0,0,0.0,0.0,0.0,0.0,0.0,0,0.0,0,0,disabled,disabled,True,wrong_key,1,1,False,raw,0,0.0,0.0,trial:-1,1,False,disabled,0,0,False,raw,0,0.0,0.0,,0,False,disabled,False,raw,0.0,0.0,,,,,,,,False,0,0,0,0,0,0,0.0,0.0,0.7890420000080667,0.5489999999923612,1.4635419999962096,intervening_contexts,wrong_key_ablation,CRA,wrong_key_ablation,memory_ablation,MockSimulator,43,none,none,-1,0,0,internal,0.0,0.0,0.0,0.0,0,False,0,False,-1,1,0.1,0.2,8,8,0,raw,1,False
15,1000.0,8,8,8,0,0,0,18.615675141895135,18.615675141895135,18.615675141895135,-0.026243972364486584,-0.0,0.4800699167195123,1.0,-0.026243972364486584,False,0,0,0,0,0,0.0,0.0,0.0,0.0,0.0,0,0.0,0,0,disabled,disabled,True,wrong_key,1,1,False,raw,0,-0.0034999999999999996,-0.0034999999999999996,trial:0,1,False,disabled,0,0,False,raw,0,-0.0034999999999999996,-0.0034999999999999996,,0,False,disabled,False,raw,-0.0034999999999999996,-0.0034999999999999996,,,,,,,,False,0,0,0,0,0,0,0.0,0.0,0.7964170000036574,0.5577499999986912,1.4772910000004913,intervening_contexts,wrong_key_ablation,CRA,wrong_key_ablation,memory_ablation,MockSimulator,43,distractor,between_context_and_decision,0,0,0,internal,-0.0034999999999999996,-0.0034999999999999996,0.0,0.0,0,False,-1,False,-1,1,0.1,0.2,8,8,0,raw,1,False
16,1000.0,8,8,8,0,0,0,18.532774424589157,18.532774424589157,18.532774424589157,0.0,0.0,0.477706495591047,1.0,0.0,False,0,0,0,0,0,0.0,0.0,0.0,0.0,0.0,0,0.0,0,0,disabled,disabled,True,wrong_key,1,1,False,raw,0,0.0,0.0,trial:-1,1,False,disabled,0,0,False,raw,0,0.0,0.0,,0,False,disabled,False,raw,0.0,0.0,,,,,,,,False,0,0,0,0,0,0,0.0,0.0,0.7995839999921373,0.5701249999958691,1.4929589999894688,intervening_contexts,wrong_key_ablation,CRA,wrong_key_ablation,memory_ablation,MockSimulator,43,none,none,-1,0,0,internal,0.0,0.0,0.0,0.0,0,False,0,False,-1,1,0.1,0.2,8,8,0,raw,1,False
17,1000.0,8,8,8,0,0,0,18.450286877975188,18.450286877975188,18.450286877975188,-0.02624397236448659,-0.0,0.4752455833410325,1.0,-0.02624397236448659,False,0,0,0,0,0,0.0,0.0,0.0,0.0,0.0,0,0.0,0,0,disabled,disabled,True,wrong_key,1,1,False,raw,0,-0.0034999999999999996,-0.0034999999999999996,trial:0,1,False,disabled,0,0,False,raw,0,-0.0034999999999999996,-0.0034999999999999996,,0,False,disabled,False,raw,-0.0034999999999999996,-0.0034999999999999996,,,,,,,,False,0,0,0,0,0,0,0.0,0.0,0.8158750000006876,0.5805419999944661,1.519582999989666,intervening_contexts,wrong_key_ablation,CRA,wrong_key_ablation,memory_ablation,MockSimulator,43,distractor,between_context_and_decision,0,0,0,internal,-0.0034999999999999996,-0.0034999999999999996,0.0,0.0,0,False,-1,False,-1,1,0.1,0.2,8,8,0,raw,1,False
18,1000.0,8,8,8,0,0,0,18.368210441364756,18.368210441364756,18.368210441364756,-0.026243972364486584,-0.0,0.4726920249827822,1.0,-0.026243972364486584,False,0,0,0,0,0,0.0,0.0,0.0,0.0,0.0,0,0.0,0,0,disabled,disabled,True,wrong_key,1,1,False,raw,0,-0.0034999999999999996,-0.0034999999999999996,trial:0,1,False,disabled,0,0,False,raw,0,-0.0034999999999999996,-0.0034999999999999996,,0,False,disabled,False,raw,-0.0034999999999999996,-0.0034999999999999996,,,,,,,,False,0,0,0,0,0,0,0.0,0.0,0.7947909999899139,0.5818340000018907,1.4990419999918458,intervening_contexts,wrong_key_ablation,CRA,wrong_key_ablation,memory_ablation,MockSimulator,43,distractor,between_context_and_decision,0,0,0,internal,-0.0034999999999999996,-0.0034999999999999996,0.0,0.0,0,False,-1,False,-1,1,0.1,0.2,8,8,0,raw,1,False
19,1000.0,8,8,8,0,0,0,18.28654306434712,18.28654306434712,18.28654306434712,0.02624397236448659,0.0,0.47005051072552545,1.0,0.02624397236448659,False,0,0,0,0,0,0.0,0.0,0.0,0.0,0.0,0,0.0,0,0,disabled,disabled,True,wrong_key,1,1,False,raw,0,0.0034999999999999996,0.0034999999999999996,trial:0,1,False,disabled,0,0,False,raw,0,0.0034999999999999996,0.0034999999999999996,,0,False,disabled,False,raw,0.0034999999999999996,0.0034999999999999996,,,,,,,,False,0,0,0,0,0,0,0.0,0.0,0.7966249999924457,0.5896659999962139,1.5088330000025962,intervening_contexts,wrong_key_ablation,CRA,wrong_key_ablation,memory_ablation,MockSimulator,43,distractor,between_context_and_decision,0,0,0,internal,0.0034999999999999996,0.0034999999999999996,0.0,0.0,0,False,1,False,-1,1,0.1,0.2,8,8,0,raw,1,False
20,1000.0,8,8,8,0,0,0,18.205282706737997,18.205282706737997,18.205282706737997,-0.026243972364486584,-0.0,0.4673255802285659,1.0,-0.026243972364486584,False,0,0,0,0,0,0.0,0.0,0.0,0.0,0.0,0,0.0,0,0,disabled,disabled,True,wrong_key,1,1,False,raw,0,-0.0034999999999999996,-0.0034999999999999996,trial:0,1,False,disabled,0,0,False,raw,0,-0.0034999999999999996,-0.0034999999999999996,,0,False,disabled,False,raw,-0.0034999999999999996,-0.0034999999999999996,,,,,,,,False,0,0,0,0,0,0,0.0,0.0,0.7961670000042886,0.5972499999984393,1.5158749999955035,intervening_contexts,wrong_key_ablation,CRA,wrong_key_ablation,memory_ablation,MockSimulator,43,distractor,between_context_and_decision,0,0,0,internal,-0.0034999999999999996,-0.0034999999999999996,0.0,0.0,0,False,-1,False,-1,1,0.1,0.2,8,8,0,raw,1,False
21,1000.0,8,8,8,0,0,0,18.124427338528566,18.124427338528566,18.124427338528566,-0.02624397236448659,-0.0,0.4645216267471945,1.0,-0.02624397236448659,False,0,0,0,0,0,0.0,0.0,0.0,0.0,0.0,0,0.0,0,0,disabled,disabled,True,wrong_key,1,1,False,raw,0,-0.0034999999999999996,-0.0034999999999999996,trial:0,1,False,disabled,0,0,False,raw,0,-0.0034999999999999996,-0.0034999999999999996,,0,False,disabled,False,raw,-0.0034999999999999996,-0.0034999999999999996,,,,,,,,False,0,0,0,0,0,0,0.0,0.0,0.8932500000042864,0.6948750000077553,1.7110830000035548,intervening_contexts,wrong_key_ablation,CRA,wrong_key_ablation,memory_ablation,MockSimulator,43,distractor,between_context_and_decision,0,0,0,internal,-0.0034999999999999996,-0.0034999999999999996,0.0,0.0,0,False,-1,False,-1,1,0.1,0.2,8,8,0,raw,1,False
22,1000.0,8,8,8,0,0,0,18.04397493983472,18.04397493983472,18.04397493983472,-0.02624397236448659,-0.0,0.46164290117298656,1.0,-0.02624397236448659,False,0,0,0,0,0,0.0,0.0,0.0,0.0,0.0,0,0.0,0,0,disabled,disabled,True,wrong_key,1,1,False,raw,0,-0.0034999999999999996,-0.0034999999999999996,trial:0,1,False,disabled,0,0,False,raw,0,-0.0034999999999999996,-0.0034999999999999996,,0,False,disabled,False,raw,-0.0034999999999999996,-0.0034999999999999996,,,,,,,,False,0,0,0,0,0,0,0.0,0.0,0.8047080000039841,0.6217079999970565,1.5554160000021966,intervening_contexts,wrong_key_ablation,CRA,wrong_key_ablation,memory_ablation,MockSimulator,43,distractor,between_context_and_decision,0,0,0,internal,-0.0034999999999999996,-0.0034999999999999996,0.0,0.0,0,False,-1,False,-1,1,0.1,0.2,8,8,0,raw,1,False
23,1000.0,8,8,8,0,0,0,17.963923500846562,17.963923500846562,17.963923500846562,-0.026243972364486584,-0.0,0.458693515971048,1.0,-0.026243972364486584,False,0,0,0,0,0,0.0,0.0,0.0,0.0,0.0,0,0.0,0,0,disabled,disabled,True,wrong_key,1,1,False,raw,0,-0.0034999999999999996,-0.0034999999999999996,trial:0,1,False,disabled,0,0,False,raw,0,-0.0034999999999999996,-0.0034999999999999996,,0,False,disabled,False,raw,-0.0034999999999999996,-0.0034999999999999996,,,,,,,,False,0,0,0,0,0,0,0.0,0.0,0.7962090000006583,0.6204159999896319,1.540457999993805,intervening_contexts,wrong_key_ablation,CRA,wrong_key_ablation,memory_ablation,MockSimulator,43,distractor,between_context_and_decision,0,0,0,internal,-0.0034999999999999996,-0.0034999999999999996,0.0,0.0,0,False,-1,False,-1,1,0.1,0.2,8,8,0,raw,1,False
24,1000.0,8,8,8,0,0,0,17.88427102177817,17.88427102177817,17.88427102177817,-0.03748243175707047,-0.0,0.45567744901671786,1.0,-0.03748243175707047,False,0,0,0,0,0,0.0,0.0,0.0,0.0,0.0,0,0.0,0,0,disabled,disabled,True,wrong_key,-1,2,False,raw,0,-0.005,-0.005,intruder:24,2,False,disabled,0,0,False,raw,0,-0.005,-0.005,,0,False,disabled,False,raw,-0.005,-0.005,,,,,,,,False,0,0,0,0,0,0,0.0,0.0,0.796750000006341,0.6283329999945408,1.5482919999953992,intervening_contexts,wrong_key_ablation,CRA,wrong_key_ablation,memory_ablation,MockSimulator,43,context,interfering_context,0,-1,0,internal,-0.005,-0.005,0.0,0.0,0,False,-1,False,-1,1,0.1,0.2,8,8,0,raw,2,False
25,1000.0,8,8,8,0,0,0,17.80501551281759,17.80501551281759,17.80501551281759,0.0,0.0,0.4525985473341725,1.0,0.0,False,0,0,0,0,0,0.0,0.0,0.0,0.0,0.0,0,0.0,0,0,disabled,disabled,True,wrong_key,-1,2,False,raw,0,0.0,0.0,trial:-1,2,False,disabled,0,0,False,raw,0,0.0,0.0,,0,False,disabled,False,raw,0.0,0.0,,,,,,,,False,0,0,0,0,0,0,0.0,0.0,0.7961660000006532,0.6395000000054551,1.5582500000022037,intervening_contexts,wrong_key_ablation,CRA,wrong_key_ablation,memory_ablation,MockSimulator,43,none,none,-1,0,0,internal,0.0,0.0,0.0,0.0,0,False,0,False,-1,1,0.1,0.2,8,8,0,raw,2,False
26,1000.0,8,8,8,0,0,0,17.7261549940771,17.7261549940771,17.7261549940771,-0.02624397236448659,-0.0,0.4494605307393222,1.0,-0.02624397236448659,False,0,0,0,0,0,0.0,0.0,0.0,0.0,0.0,0,0.0,0,0,disabled,disabled,True,wrong_key,-1,2,False,raw,0,-0.0034999999999999996,-0.0034999999999999996,trial:0,2,False,disabled,0,0,False,raw,0,-0.0034999999999999996,-0.0034999999999999996,,0,False,disabled,False,raw,-0.0034999999999999996,-0.0034999999999999996,,,,,,,,False,0,0,0,0,0,0,0.0,0.0,0.8200829999935877,0.6477919999952064,1.5902920000030463,intervening_contexts,wrong_key_ablation,CRA,wrong_key_ablation,memory_ablation,MockSimulator,43,distractor,between_context_and_decision,0,0,0,internal,-0.0034999999999999996,-0.0034999999999999996,0.0,0.0,0,False,-1,False,-1,1,0.1,0.2,8,8,0,raw,2,False
27,1000.0,8,8,8,0,0,0,17.647687495543703,17.647687495543703,17.647687495543703,0.0,0.0,0.44626699538933223,1.0,0.0,False,0,0,0,0,0,0.0,0.0,0.0,0.0,0.0,0,0.0,0,0,disabled,disabled,True,wrong_key,-1,2,False,raw,0,0.0,0.0,trial:-1,2,False,disabled,0,0,False,raw,0,0.0,0.0,,0,False,disabled,False,raw,0.0,0.0,,,,,,,,False,0,0,0,0,0,0,0.0,0.0,0.7974589999975024,0.6505830000094193,1.5709170000093309,intervening_contexts,wrong_key_ablation,CRA,wrong_key_ablation,memory_ablation,MockSimulator,43,none,none,-1,0,0,internal,0.0,0.0,0.0,0.0,0,False,0,False,-1,1,0.1,0.2,8,8,0,raw,2,False
28,1000.0,8,8,8,0,0,0,17.569611057029892,17.569611057029892,17.569611057029892,0.0,0.0,0.44302141724104616,1.0,0.0,False,0,0,0,0,0,0.0,0.0,0.0,0.0,0.0,0,0.0,0,0,disabled,disabled,True,wrong_key,-1,2,False,raw,0,0.0,0.0,trial:-1,2,False,disabled,0,0,False,raw,0,0.0,0.0,,0,False,disabled,False,raw,0.0,0.0,,,,,,,,False,0,0,0,0,0,0,0.0,0.0,0.7921250000038071,0.6613749999928586,1.5759589999930768,intervening_contexts,wrong_key_ablation,CRA,wrong_key_ablation,memory_ablation,MockSimulator,43,none,none,-1,0,0,internal,0.0,0.0,0.0,0.0,0,False,0,False,-1,1,0.1,0.2,8,8,0,raw,2,False
29,1000.0,8,8,8,0,0,0,17.49192372812463,17.49192372812463,17.49192372812463,-0.026243972364486588,-0.0,0.4397271554205358,1.0,-0.026243972364486588,False,0,0,0,0,0,0.0,0.0,0.0,0.0,0.0,0,0.0,0,0,disabled,disabled,True,wrong_key,-1,2,False,raw,0,-0.0034999999999999996,-0.0034999999999999996,trial:0,2,False,disabled,0,0,False,raw,0,-0.0034999999999999996,-0.0034999999999999996,,0,False,disabled,False,raw,-0.0034999999999999996,-0.0034999999999999996,,,,,,,,False,0,0,0,0,0,0,0.0,0.0,0.795458999988341,0.671500000009928,1.5894170000052554,intervening_contexts,wrong_key_ablation,CRA,wrong_key_ablation,memory_ablation,MockSimulator,43,distractor,between_context_and_decision,0,0,0,internal,-0.0034999999999999996,-0.0034999999999999996,0.0,0.0,0,False,-1,False,-1,1,0.1,0.2,8,8,0,raw,2,False
30,1000.0,8,8,8,0,0,0,17.41462356814459,17.41462356814459,17.41462356814459,0.0,0.0,0.4363874555059495,1.0,0.0,False,0,0,0,0,0,0.0,0.0,0.0,0.0,0.0,0,0.0,0,0,disabled,disabled,True,wrong_key,-1,2,False,raw,0,0.0,0.0,trial:-1,2,False,disabled,0,0,False,raw,0,0.0,0.0,,0,False,disabled,False,raw,0.0,0.0,,,,,,,,False,0,0,0,0,0,0,0.0,0.0,0.7975420000008171,0.678290999999831,1.5980409999940548,intervening_contexts,wrong_key_ablation,CRA,wrong_key_ablation,memory_ablation,MockSimulator,43,none,none,-1,0,0,internal,0.0,0.0,0.0,0.0,0,False,0,False,-1,1,0.1,0.2,8,8,0,raw,2,False
31,1000.0,8,8,8,0,0,0,17.337708646085655,17.337708646085655,17.337708646085655,0.0,0.0,0.4330054527257784,1.0,0.0,False,0,0,0,0,0,0.0,0.0,0.0,0.0,0.0,0,0.0,0,0,disabled,disabled,True,wrong_key,-1,2,False,raw,0,0.0,0.0,trial:-1,2,False,disabled,0,0,False,raw,0,0.0,0.0,,0,False,disabled,False,raw,0.0,0.0,,,,,,,,False,0,0,0,0,0,0,0.0,0.0,0.8989579999933994,0.7460839999993141,1.800790999993751,intervening_contexts,wrong_key_ablation,CRA,wrong_key_ablation,memory_ablation,MockSimulator,43,none,none,-1,0,0,internal,0.0,0.0,0.0,0.0,0,False,0,False,-1,1,0.1,0.2,8,8,0,raw,2,False
32,1000.0,8,8,8,0,0,0,17.261177040574623,17.261177040574623,17.261177040574623,0.0,0.0,0.4295841750746117,1.0,0.0,False,0,0,0,0,0,0.0,0.0,0.0,0.0,0.0,0,0.0,0,0,disabled,disabled,True,wrong_key,-1,2,False,raw,0,0.0,0.0,trial:-1,2,False,disabled,0,0,False,raw,0,0.0,0.0,,0,False,disabled,False,raw,0.0,0.0,,,,,,,,False,0,0,0,0,0,0,0.0,0.0,0.8101669999973637,0.7080409999957737,1.6463329999965026,intervening_contexts,wrong_key_ablation,CRA,wrong_key_ablation,memory_ablation,MockSimulator,43,none,none,-1,0,0,internal,0.0,0.0,0.0,0.0,0,False,0,False,-1,1,0.1,0.2,8,8,0,raw,2,False
33,1000.0,8,8,8,0,0,0,17.18502683982118,17.18502683982118,17.18502683982118,0.0,0.0,0.4261265463484014,1.0,0.0,False,0,0,0,0,0,0.0,0.0,0.0,0.0,0.0,0,0.0,0,0,disabled,disabled,True,wrong_key,-1,2,False,raw,0,0.0,0.0,trial:-1,2,False,disabled,0,0,False,raw,0,0.0,0.0,,0,False,disabled,False,raw,0.0,0.0,,,,,,,,False,0,0,0,0,0,0,0.0,0.0,0.8004589999899281,0.7071660000121938,1.6317080000050055,intervening_contexts,wrong_key_ablation,CRA,wrong_key_ablation,memory_ablation,MockSimulator,43,none,none,-1,0,0,internal,0.0,0.0,0.0,0.0,0,False,0,False,-1,1,0.1,0.2,8,8,0,raw,2,False
34,1000.0,8,8,8,0,0,0,17.10925614157011,17.10925614157011,17.10925614157011,-0.02624397236448659,-0.0,0.4226353891012097,1.0,-0.02624397236448659,False,0,0,0,0,0,0.0,0.0,0.0,0.0,0.0,0,0.0,0,0,disabled,disabled,True,wrong_key,-1,2,False,raw,0,-0.0034999999999999996,-0.0034999999999999996,trial:0,2,False,disabled,0,0,False,raw,0,-0.0034999999999999996,-0.0034999999999999996,,0,False,disabled,False,raw,-0.0034999999999999996,-0.0034999999999999996,,,,,,,,False,0,0,0,0,0,0,0.0,0.0,0.7928340000091794,0.7094159999923022,1.6260409999944159,intervening_contexts,wrong_key_ablation,CRA,wrong_key_ablation,memory_ablation,MockSimulator,43,distractor,between_context_and_decision,0,0,0,internal,-0.0034999999999999996,-0.0034999999999999996,0.0,0.0,0,False,-1,False,-1,1,0.1,0.2,8,8,0,raw,2,False
35,1000.0,8,8,8,0,0,0,17.03386305305373,17.03386305305373,17.03386305305373,0.0,0.0,0.41911342752536623,1.0,0.0,False,0,0,0,0,0,0.0,0.0,0.0,0.0,0.0,0,0.0,0,0,disabled,disabled,True,wrong_key,-1,2,False,raw,0,0.0,0.0,trial:-1,2,False,disabled,0,0,False,raw,0,0.0,0.0,,0,False,disabled,False,raw,0.0,0.0,,,,,,,,False,0,0,0,0,0,0,0.0,0.0,0.7897499999955926,0.7117090000008375,1.623874999992836,intervening_contexts,wrong_key_ablation,CRA,wrong_key_ablation,memory_ablation,MockSimulator,43,none,none,-1,0,0,internal,0.0,0.0,0.0,0.0,0,False,0,False,-1,1,0.1,0.2,8,8,0,raw,2,False
36,1000.0,8,8,8,0,0,0,16.958845690944578,16.958845690944578,16.958845690944578,0.02624397236448659,0.0,0.4155632902569161,1.0,0.02624397236448659,False,0,0,0,0,0,0.0,0.0,0.0,0.0,0.0,0,0.0,0,0,disabled,disabled,True,wrong_key,-1,2,False,raw,0,0.0034999999999999996,0.0034999999999999996,trial:0,2,False,disabled,0,0,False,raw,0,0.0034999999999999996,0.0034999999999999996,,0,False,disabled,False,raw,0.0034999999999999996,0.0034999999999999996,,,,,,,,False,0,0,0,0,0,0,0.0,0.0,0.7893749999965394,0.7237089999989621,1.6364170000002787,intervening_contexts,wrong_key_ablation,CRA,wrong_key_ablation,memory_ablation,MockSimulator,43,distractor,between_context_and_decision,0,0,0,internal,0.0034999999999999996,0.0034999999999999996,0.0,0.0,0,False,1,False,-1,1,0.1,0.2,8,8,0,raw,2,False
37,1000.0,8,8,8,0,0,0,16.88420218130833,16.88420218130833,16.88420218130833,0.0,0.0,0.4119875131081938,1.0,0.0,False,0,0,0,0,0,0.0,0.0,0.0,0.0,0.0,0,0.0,0,0,disabled,disabled,True,wrong_key,-1,2,False,raw,0,0.0,0.0,trial:-1,2,False,disabled,0,0,False,raw,0,0.0,0.0,,0,False,disabled,False,raw,0.0,0.0,,,,,,,,False,0,0,0,0,0,0,0.0,0.0,0.7894999999962238,0.7277079999994385,1.6394579999996495,intervening_contexts,wrong_key_ablation,CRA,wrong_key_ablation,memory_ablation,MockSimulator,43,none,none,-1,0,0,internal,0.0,0.0,0.0,0.0,0,False,0,False,-1,1,0.1,0.2,8,8,0,raw,2,False
38,1000.0,8,8,8,0,0,0,16.809930659556937,16.809930659556937,16.809930659556937,0.0,0.0,0.4083885417293176,1.0,0.0,False,0,0,0,0,0,0.0,0.0,0.0,0.0,0.0,0,0.0,0,0,disabled,disabled,True,wrong_key,-1,2,False,raw,0,0.0,0.0,trial:-1,2,False,disabled,0,0,False,raw,0,0.0,0.0,,0,False,disabled,False,raw,0.0,0.0,,,,,,,,False,0,0,0,0,0,0,0.0,0.0,0.7929579999910175,0.7336670000057666,1.649415999992243,intervening_contexts,wrong_key_ablation,CRA,wrong_key_ablation,memory_ablation,MockSimulator,43,none,none,-1,0,0,internal,0.0,0.0,0.0,0.0,0,False,0,False,-1,1,0.1,0.2,8,8,0,raw,2,False
39,1000.0,8,8,8,0,0,0,16.73602927040203,16.73602927040203,16.73602927040203,0.02624397236448659,0.0,0.4047687342003532,1.0,0.02624397236448659,False,0,0,0,0,0,0.0,0.0,0.0,0.0,0.0,0,0.0,0,0,disabled,disabled,True,wrong_key,-1,2,False,raw,0,0.0034999999999999996,0.0034999999999999996,trial:0,2,False,disabled,0,0,False,raw,0,0.0034999999999999996,0.0034999999999999996,,0,False,disabled,False,raw,0.0034999999999999996,0.0034999999999999996,,,,,,,,False,0,0,0,0,0,0,0.0,0.0,0.7908749999927522,0.7434170000095719,1.6586250000045766,intervening_contexts,wrong_key_ablation,CRA,wrong_key_ablation,memory_ablation,MockSimulator,43,distractor,between_context_and_decision,0,0,0,internal,0.0034999999999999996,0.0034999999999999996,0.0,0.0,0,False,1,False,-1,1,0.1,0.2,8,8,0,raw,2,False
40,1000.0,8,8,8,0,0,0,16.662496167808534,16.662496167808534,16.662496167808534,-0.026243972364486584,-0.0,0.40113036355585563,1.0,-0.026243972364486584,False,0,0,0,0,0,0.0,0.0,0.0,0.0,0.0,0,0.0,0,0,disabled,disabled,True,wrong_key,-1,2,False,raw,0,-0.0034999999999999996,-0.0034999999999999996,trial:0,2,False,disabled,0,0,False,raw,0,-0.0034999999999999996,-0.0034999999999999996,,0,False,disabled,False,raw,-0.0034999999999999996,-0.0034999999999999996,,,,,,,,False,0,0,0,0,0,0,0.0,0.0,0.7941669999951273,0.7485000000002628,1.6648750000030077,intervening_contexts,wrong_key_ablation,CRA,wrong_key_ablation,memory_ablation,MockSimulator,43,distractor,between_context_and_decision,0,0,0,internal,-0.0034999999999999996,-0.0034999999999999996,0.0,0.0,0,False,-1,False,-1,1,0.1,0.2,8,8,0,raw,2,False
41,1000.0,8,8,8,0,0,0,16.5893295149485,16.5893295149485,16.5893295149485,0.0,0.0,0.3974756202434578,1.0,0.0,False,0,0,0,0,0,0.0,0.0,0.0,0.0,0.0,0,0.0,0,0,disabled,disabled,True,wrong_key,-1,2,False,raw,0,0.0,0.0,trial:-1,2,False,disabled,0,0,False,raw,0,0.0,0.0,,0,False,disabled,False,raw,0.0,0.0,,,,,,,,False,0,0,0,0,0,0,0.0,0.0,0.8309170000018185,0.9292910000056054,1.8830409999992526,intervening_contexts,wrong_key_ablation,CRA,wrong_key_ablation,memory_ablation,MockSimulator,43,none,none,-1,0,0,internal,0.0,0.0,0.0,0.0,0,False,0,False,-1,1,0.1,0.2,8,8,0,raw,2,False
42,1000.0,8,8,8,0,0,0,16.5165274841552,16.5165274841552,16.5165274841552,0.0,0.0,0.39380661451813354,1.0,0.0,False,0,0,0,0,0,0.0,0.0,0.0,0.0,0.0,0,0.0,0,0,disabled,disabled,True,wrong_key,-1,2,False,raw,0,0.0,0.0,trial:-1,2,False,disabled,0,0,False,raw,0,0.0,0.0,,0,False,disabled,False,raw,0.0,0.0,,,,,,,,False,0,0,0,0,0,0,0.0,0.0,0.8070410000016182,0.7872919999982742,1.7251249999929996,intervening_contexts,wrong_key_ablation,CRA,wrong_key_ablation,memory_ablation,MockSimulator,43,none,none,-1,0,0,internal,0.0,0.0,0.0,0.0,0,False,0,False,-1,1,0.1,0.2,8,8,0,raw,2,False
43,1000.0,8,8,8,0,0,0,16.444088256877443,16.444088256877443,16.444088256877443,0.02624397236448659,0.0,0.3901253787737249,1.0,0.02624397236448659,False,0,0,0,0,0,0.0,0.0,0.0,0.0,0.0,0,0.0,0,0,disabled,disabled,True,wrong_key,-1,2,False,raw,0,0.0034999999999999996,0.0034999999999999996,trial:0,2,False,disabled,0,0,False,raw,0,0.0034999999999999996,0.0034999999999999996,,0,False,disabled,False,raw,0.0034999999999999996,0.0034999999999999996,,,,,,,,False,0,0,0,0,0,0,0.0,0.0,0.797375000004763,0.7848749999936899,1.7061249999983374,intervening_contexts,wrong_key_ablation,CRA,wrong_key_ablation,memory_ablation,MockSimulator,43,distractor,between_context_and_decision,0,0,0,internal,0.0034999999999999996,0.0034999999999999996,0.0,0.0,0,False,1,False,-1,1,0.1,0.2,8,8,0,raw,2,False
44,1000.0,8,8,8,0,0,0,16.37201002363408,16.37201002363408,16.37201002363408,0.02624397236448659,0.0,0.3864338698132853,1.0,0.02624397236448659,False,0,0,0,0,0,0.0,0.0,0.0,0.0,0.0,0,0.0,0,0,disabled,disabled,True,wrong_key,-1,2,False,raw,0,0.0034999999999999996,0.0034999999999999996,trial:0,2,False,disabled,0,0,False,raw,0,0.0034999999999999996,0.0034999999999999996,,0,False,disabled,False,raw,0.0034999999999999996,0.0034999999999999996,,,,,,,,False,0,0,0,0,0,0,0.0,0.0,0.7994169999960832,0.7991669999967144,1.7225830000029418,intervening_contexts,wrong_key_ablation,CRA,wrong_key_ablation,memory_ablation,MockSimulator,43,distractor,between_context_and_decision,0,0,0,internal,0.0034999999999999996,0.0034999999999999996,0.0,0.0,0,False,1,False,-1,1,0.1,0.2,8,8,0,raw,2,False
45,1000.0,8,8,8,0,0,0,16.3002909839688,16.3002909839688,16.3002909839688,0.0,0.0,0.3827339710597539,1.0,0.0,False,0,0,0,0,0,0.0,0.0,0.0,0.0,0.0,0,0.0,0,0,disabled,disabled,True,wrong_key,-1,2,False,raw,0,0.0,0.0,trial:-1,2,False,disabled,0,0,False,raw,0,0.0,0.0,,0,False,disabled,False,raw,0.0,0.0,,,,,,,,False,0,0,0,0,0,0,0.0,0.0,0.7923329999925954,0.7891670000077511,1.7048750000014934,intervening_contexts,wrong_key_ablation,CRA,wrong_key_ablation,memory_ablation,MockSimulator,43,none,none,-1,0,0,internal,0.0,0.0,0.0,0.0,0,False,0,False,-1,1,0.1,0.2,8,8,0,raw,2,False
46,1000.0,8,8,8,0,0,0,16.228929346405103,16.228929346405103,16.228929346405103,0.0,0.0,0.3790274947084384,1.0,0.0,False,0,0,0,0,0,0.0,0.0,0.0,0.0,0.0,0,0.0,0,0,disabled,disabled,True,wrong_key,-1,2,False,raw,0,0.0,0.0,trial:-1,2,False,disabled,0,0,False,raw,0,0.0,0.0,,0,False,disabled,False,raw,0.0,0.0,,,,,,,,False,0,0,0,0,0,0,0.0,0.0,0.7947919999935493,0.793041000008543,1.7111249999999245,intervening_contexts,wrong_key_ablation,CRA,wrong_key_ablation,memory_ablation,MockSimulator,43,none,none,-1,0,0,internal,0.0,0.0,0.0,0.0,0,False,0,False,-1,1,0.1,0.2,8,8,0,raw,2,False
47,1000.0,8,8,8,0,0,0,16.15792332840151,16.15792332840151,16.15792332840151,0.0,0.0,0.37531618382275156,1.0,0.0,False,0,0,0,0,0,0.0,0.0,0.0,0.0,0.0,0,0.0,0,0,disabled,disabled,True,wrong_key,-1,2,False,raw,0,0.0,0.0,trial:-1,2,False,disabled,0,0,False,raw,0,0.0,0.0,,0,False,disabled,False,raw,0.0,0.0,,,,,,,,False,0,0,0,0,0,0,0.0,0.0,0.7982079999919733,0.8002080000011347,1.7247499999939464,intervening_contexts,wrong_key_ablation,CRA,wrong_key_ablation,memory_ablation,MockSimulator,43,none,none,-1,0,0,internal,0.0,0.0,0.0,0.0,0,False,0,False,-1,1,0.1,0.2,8,8,0,raw,2,False
48,1000.0,8,8,8,0,0,0,16.08727115630701,16.08727115630701,16.08727115630701,-0.03748243175707047,-0.0,0.37160171437460887,1.0,-0.03748243175707047,False,0,0,0,0,0,0.0,0.0,0.0,0.0,0.0,0,0.0,0,0,disabled,disabled,True,wrong_key,-1,3,False,raw,0,-0.005,-0.005,intruder:48,3,False,disabled,0,0,False,raw,0,-0.005,-0.005,,0,False,disabled,False,raw,-0.005,-0.005,,,,,,,,False,0,0,0,0,0,0,0.0,0.0,0.81083299998852,0.8139580000090518,1.7481249999917736,intervening_contexts,wrong_key_ablation,CRA,wrong_key_ablation,memory_ablation,MockSimulator,43,context,interfering_context,0,-1,0,internal,-0.005,-0.005,0.0,0.0,0,False,-1,False,-1,1,0.1,0.2,8,8,0,raw,3,False
49,1000.0,8,8,0,8,0,0,16.016971065316714,16.016971065316714,16.016971065316714,0.0,0.0,0.3678856972308628,1.0,0.0,False,0,0,0,0,0,0.0,0.0,0.0,0.0,0.0,0,0.0,0,0,disabled,disabled,True,wrong_key,-1,3,False,raw,0,0.0,0.0,trial:-1,3,False,disabled,0,0,False,raw,0,0.0,0.0,,0,False,disabled,False,raw,0.0,0.0,,,,,,,,False,0,0,0,0,0,0,0.0,0.0,0.7957079999982852,0.8187080000112701,1.7373339999977588,intervening_contexts,wrong_key_ablation,CRA,wrong_key_ablation,memory_ablation,MockSimulator,43,none,none,-1,0,0,internal,0.0,0.0,0.0,0.0,0,False,0,False,-1,1,0.1,0.2,8,8,0,raw,3,False
50,1000.0,8,8,0,8,0,0,15.947021299427728,15.947021299427728,15.947021299427728,0.026243972364486588,0.0,0.3641696800871167,1.0,0.026243972364486588,False,0,0,0,0,0,0.0,0.0,0.0,0.0,0.0,0,0.0,0,0,disabled,disabled,True,wrong_key,-1,3,False,raw,0,0.0034999999999999996,0.0034999999999999996,trial:0,3,False,disabled,0,0,False,raw,0,0.0034999999999999996,0.0034999999999999996,,0,False,disabled,False,raw,0.0034999999999999996,0.0034999999999999996,,,,,,,,False,0,0,0,0,0,0,0.0,0.0,0.8453749999972615,0.8924159999992298,1.8597919999905344,intervening_contexts,wrong_key_ablation,CRA,wrong_key_ablation,memory_ablation,MockSimulator,43,distractor,between_context_and_decision,0,0,0,internal,0.0034999999999999996,0.0034999999999999996,0.0,0.0,0,False,1,False,-1,1,0.1,0.2,8,8,0,raw,3,False
51,1000.0,8,8,0,8,0,0,15.877420111395264,15.877420111395264,15.877420111395264,-0.026243972364486584,-0.0,0.3604551493502281,1.0,-0.026243972364486584,False,0,0,0,0,0,0.0,0.0,0.0,0.0,0.0,0,0.0,0,0,disabled,disabled,True,wrong_key,-1,3,False,raw,0,-0.0034999999999999996,-0.0034999999999999996,trial:0,3,False,disabled,0,0,False,raw,0,-0.0034999999999999996,-0.0034999999999999996,,0,False,disabled,False,raw,-0.0034999999999999996,-0.0034999999999999996,,,,,,,,False,0,0,0,0,0,0,0.0,0.0,0.7990000000006603,0.8335409999915555,1.7585000000082118,intervening_contexts,wrong_key_ablation,CRA,wrong_key_ablation,memory_ablation,MockSimulator,43,distractor,between_context_and_decision,0,0,0,internal,-0.0034999999999999996,-0.0034999999999999996,0.0,0.0,0,False,-1,False,-1,1,0.1,0.2,8,8,0,raw,3,False
52,1000.0,8,8,0,8,0,0,15.808165762688951,15.808165762688951,15.808165762688951,-0.02624397236448659,-0.0,0.35674353197078024,1.0,-0.02624397236448659,False,0,0,0,0,0,0.0,0.0,0.0,0.0,0.0,0,0.0,0,0,disabled,disabled,True,wrong_key,-1,3,False,raw,0,-0.0034999999999999996,-0.0034999999999999996,trial:0,3,False,disabled,0,0,False,raw,0,-0.0034999999999999996,-0.0034999999999999996,,0,False,disabled,False,raw,-0.0034999999999999996,-0.0034999999999999996,,,,,,,,False,0,0,0,0,0,0,0.0,0.0,0.801374999994664,0.8374580000065635,1.761583999993377,intervening_contexts,wrong_key_ablation,CRA,wrong_key_ablation,memory_ablation,MockSimulator,43,distractor,between_context_and_decision,0,0,0,internal,-0.0034999999999999996,-0.0034999999999999996,0.0,0.0,0,False,-1,False,-1,1,0.1,0.2,8,8,0,raw,3,False
53,1000.0,8,8,0,8,0,0,15.739256523449374,15.739256523449374,15.739256523449374,-0.02624397236448659,-0.0,0.3530361972267702,1.0,-0.02624397236448659,False,0,0,0,0,0,0.0,0.0,0.0,0.0,0.0,0,0.0,0,0,disabled,disabled,True,wrong_key,-1,3,False,raw,0,-0.0034999999999999996,-0.0034999999999999996,trial:0,3,False,disabled,0,0,False,raw,0,-0.0034999999999999996,-0.0034999999999999996,,0,False,disabled,False,raw,-0.0034999999999999996,-0.0034999999999999996,,,,,,,,False,0,0,0,0,0,0,0.0,0.0,0.7888330000014321,0.8421670000018366,1.7543339999974705,intervening_contexts,wrong_key_ablation,CRA,wrong_key_ablation,memory_ablation,MockSimulator,43,distractor,between_context_and_decision,0,0,0,internal,-0.0034999999999999996,-0.0034999999999999996,0.0,0.0,0,False,-1,False,-1,1,0.1,0.2,8,8,0,raw,3,False
54,1000.0,8,8,0,8,0,0,15.670690672444827,15.670690672444827,15.670690672444827,0.0,0.0,0.34933445845973227,1.0,0.0,False,0,0,0,0,0,0.0,0.0,0.0,0.0,0.0,0,0.0,0,0,disabled,disabled,True,wrong_key,-1,3,False,raw,0,0.0,0.0,trial:-1,3,False,disabled,0,0,False,raw,0,0.0,0.0,,0,False,disabled,False,raw,0.0,0.0,,,,,,,,False,0,0,0,0,0,0,0.0,0.0,0.7869999999883248,0.8459170000065797,1.7557080000045744,intervening_contexts,wrong_key_ablation,CRA,wrong_key_ablation,memory_ablation,MockSimulator,43,none,none,-1,0,0,internal,0.0,0.0,0.0,0.0,0,False,0,False,-1,1,0.1,0.2,8,8,0,raw,3,False
55,1000.0,8,8,0,8,0,0,15.602466497028287,15.602466497028287,15.602466497028287,-0.02624397236448659,-0.0,0.3456395747644851,1.0,-0.02624397236448659,False,0,0,0,0,0,0.0,0.0,0.0,0.0,0.0,0,0.0,0,0,disabled,disabled,True,wrong_key,-1,3,False,raw,0,-0.0034999999999999996,-0.0034999999999999996,trial:0,3,False,disabled,0,0,False,raw,0,-0.0034999999999999996,-0.0034999999999999996,,0,False,disabled,False,raw,-0.0034999999999999996,-0.0034999999999999996,,,,,,,,False,0,0,0,0,0,0,0.0,0.0,0.7873750000015889,0.8586249999922302,1.7741669999935539,intervening_contexts,wrong_key_ablation,CRA,wrong_key_ablation,memory_ablation,MockSimulator,43,distractor,between_context_and_decision,0,0,0,internal,-0.0034999999999999996,-0.0034999999999999996,0.0,0.0,0,False,-1,False,-1,1,0.1,0.2,8,8,0,raw,3,False
56,1000.0,8,8,0,8,0,0,15.534582293094585,15.534582293094585,15.534582293094585,0.0,0.0,0.34195275263366387,1.0,0.0,False,0,0,0,0,0,0.0,0.0,0.0,0.0,0.0,0,0.0,0,0,disabled,disabled,True,wrong_key,-1,3,False,raw,0,0.0,0.0,trial:-1,3,False,disabled,0,0,False,raw,0,0.0,0.0,,0,False,disabled,False,raw,0.0,0.0,,,,,,,,False,0,0,0,0,0,0,0.0,0.0,0.7945420000083914,0.8869999999916445,1.8041249999924958,intervening_contexts,wrong_key_ablation,CRA,wrong_key_ablation,memory_ablation,MockSimulator,43,none,none,-1,0,0,internal,0.0,0.0,0.0,0.0,0,False,0,False,-1,1,0.1,0.2,8,8,0,raw,3,False
57,1000.0,8,8,0,8,0,0,15.46703636503782,15.46703636503782,15.46703636503782,0.02624397236448659,0.0,0.33827514755816973,1.0,0.02624397236448659,False,0,0,0,0,0,0.0,0.0,0.0,0.0,0.0,0,0.0,0,0,disabled,disabled,True,wrong_key,-1,3,False,raw,0,0.0034999999999999996,0.0034999999999999996,trial:0,3,False,disabled,0,0,False,raw,0,0.0034999999999999996,0.0034999999999999996,,0,False,disabled,False,raw,0.0034999999999999996,0.0034999999999999996,,,,,,,,False,0,0,0,0,0,0,0.0,0.0,0.7976670000005015,0.8764580000075739,1.7977499999943802,intervening_contexts,wrong_key_ablation,CRA,wrong_key_ablation,memory_ablation,MockSimulator,43,distractor,between_context_and_decision,0,0,0,internal,0.0034999999999999996,0.0034999999999999996,0.0,0.0,0,False,1,False,-1,1,0.1,0.2,8,8,0,raw,3,False
58,1000.0,8,8,0,8,0,0,15.399827025708959,15.399827025708959,15.399827025708959,0.0,0.0,0.3346078655846419,1.0,0.0,False,0,0,0,0,0,0.0,0.0,0.0,0.0,0.0,0,0.0,0,0,disabled,disabled,True,wrong_key,-1,3,False,raw,0,0.0,0.0,trial:-1,3,False,disabled,0,0,False,raw,0,0.0,0.0,,0,False,disabled,False,raw,0.0,0.0,,,,,,,,False,0,0,0,0,0,0,0.0,0.0,0.791333000009331,0.8817920000012691,1.7962910000051124,intervening_contexts,wrong_key_ablation,CRA,wrong_key_ablation,memory_ablation,MockSimulator,43,none,none,-1,0,0,internal,0.0,0.0,0.0,0.0,0,False,0,False,-1,1,0.1,0.2,8,8,0,raw,3,False
59,1000.0,8,8,0,8,0,0,15.332952596373655,15.332952596373655,15.332952596373655,0.0,0.0,0.3309519648310319,1.0,0.0,False,0,0,0,0,0,0.0,0.0,0.0,0.0,0.0,0,0.0,0,0,disabled,disabled,True,wrong_key,-1,3,False,raw,0,0.0,0.0,trial:-1,3,False,disabled,0,0,False,raw,0,0.0,0.0,,0,False,disabled,False,raw,0.0,0.0,,,,,,,,False,0,0,0,0,0,0,0.0,0.0,0.852832999996167,0.9820420000039576,1.9667079999976522,intervening_contexts,wrong_key_ablation,CRA,wrong_key_ablation,memory_ablation,MockSimulator,43,none,none,-1,0,0,internal,0.0,0.0,0.0,0.0,0,False,0,False,-1,1,0.1,0.2,8,8,0,raw,3,False
60,1000.0,8,8,0,8,0,0,15.266411406670287,15.266411406670287,15.266411406670287,-0.02624397236448659,-0.0,0.32730845696133243,1.0,-0.02624397236448659,False,0,0,0,0,0,0.0,0.0,0.0,0.0,0.0,0,0.0,0,0,disabled,disabled,True,wrong_key,-1,3,False,raw,0,-0.0034999999999999996,-0.0034999999999999996,trial:0,3,False,disabled,0,0,False,raw,0,-0.0034999999999999996,-0.0034999999999999996,,0,False,disabled,False,raw,-0.0034999999999999996,-0.0034999999999999996,,,,,,,,False,0,0,0,0,0,0,0.0,0.0,0.8026250000057189,0.9204579999959606,1.8510000000020455,intervening_contexts,wrong_key_ablation,CRA,wrong_key_ablation,memory_ablation,MockSimulator,43,distractor,between_context_and_decision,0,0,0,internal,-0.0034999999999999996,-0.0034999999999999996,0.0,0.0,0,False,-1,False,-1,1,0.1,0.2,8,8,0,raw,3,False
61,1000.0,8,8,0,8,0,0,15.200201794568194,15.200201794568194,15.200201794568194,0.0,0.0,0.3236783086204885,1.0,0.0,False,0,0,0,0,0,0.0,0.0,0.0,0.0,0.0,0,0.0,0,0,disabled,disabled,True,wrong_key,-1,3,False,raw,0,0.0,0.0,trial:-1,3,False,disabled,0,0,False,raw,0,0.0,0.0,,0,False,disabled,False,raw,0.0,0.0,,,,,,,,False,0,0,0,0,0,0,0.0,0.0,0.7989999999864494,0.9118330000035257,1.8357499999979154,intervening_contexts,wrong_key_ablation,CRA,wrong_key_ablation,memory_ablation,MockSimulator,43,none,none,-1,0,0,internal,0.0,0.0,0.0,0.0,0,False,0,False,-1,1,0.1,0.2,8,8,0,raw,3,False
62,1000.0,8,8,0,8,0,0,15.134322106326133,15.134322106326133,15.134322106326133,0.0,0.0,0.32006244283049384,1.0,0.0,False,0,0,0,0,0,0.0,0.0,0.0,0.0,0.0,0,0.0,0,0,disabled,disabled,True,wrong_key,-1,3,False,raw,0,0.0,0.0,trial:-1,3,False,disabled,0,0,False,raw,0,0.0,0.0,,0,False,disabled,False,raw,0.0,0.0,,,,,,,,False,0,0,0,0,0,0,0.0,0.0,0.8119999999962602,0.9214170000007016,1.857083999993847,intervening_contexts,wrong_key_ablation,CRA,wrong_key_ablation,memory_ablation,MockSimulator,43,none,none,-1,0,0,internal,0.0,0.0,0.0,0.0,0,False,0,False,-1,1,0.1,0.2,8,8,0,raw,3,False
63,1000.0,8,8,0,8,0,0,15.068770696450924,15.068770696450924,15.068770696450924,0.02624397236448659,0.0,0.3164617403486508,1.0,0.02624397236448659,False,0,0,0,0,0,0.0,0.0,0.0,0.0,0.0,0,0.0,0,0,disabled,disabled,True,wrong_key,-1,3,False,raw,0,0.0034999999999999996,0.0034999999999999996,trial:0,3,False,disabled,0,0,False,raw,0,0.0034999999999999996,0.0034999999999999996,,0,False,disabled,False,raw,0.0034999999999999996,0.0034999999999999996,,,,,,,,False,0,0,0,0,0,0,0.0,0.0,0.7970839999984491,0.9197499999942238,1.841499999997609,intervening_contexts,wrong_key_ablation,CRA,wrong_key_ablation,memory_ablation,MockSimulator,43,distractor,between_context_and_decision,0,0,0,internal,0.0034999999999999996,0.0034999999999999996,0.0,0.0,0,False,1,False,-1,1,0.1,0.2,8,8,0,raw,3,False
64,1000.0,8,8,0,8,0,0,15.00354592765632,15.00354592765632,15.00354592765632,0.02624397236448659,0.0,0.3128770409889493,1.0,0.02624397236448659,False,0,0,0,0,0,0.0,0.0,0.0,0.0,0.0,0,0.0,0,0,disabled,disabled,True,wrong_key,-1,3,False,raw,0,0.0034999999999999996,0.0034999999999999996,trial:0,3,False,disabled,0,0,False,raw,0,0.0034999999999999996,0.0034999999999999996,,0,False,disabled,False,raw,0.0034999999999999996,0.0034999999999999996,,,,,,,,False,0,0,0,0,0,0,0.0,0.0,0.7890410000044312,0.9320839999986674,1.8448339999963537,intervening_contexts,wrong_key_ablation,CRA,wrong_key_ablation,memory_ablation,MockSimulator,43,distractor,between_context_and_decision,0,0,0,internal,0.0034999999999999996,0.0034999999999999996,0.0,0.0,0,False,1,False,-1,1,0.1,0.2,8,8,0,raw,3,False
65,1000.0,8,8,0,8,0,0,14.938646170822075,14.938646170822075,14.938646170822075,0.02624397236448659,0.0,0.3093091449074964,1.0,0.02624397236448659,False,0,0,0,0,0,0.0,0.0,0.0,0.0,0.0,0,0.0,0,0,disabled,disabled,True,wrong_key,-1,3,False,raw,0,0.0034999999999999996,0.0034999999999999996,trial:0,3,False,disabled,0,0,False,raw,0,0.0034999999999999996,0.0034999999999999996,,0,False,disabled,False,raw,0.0034999999999999996,0.0034999999999999996,,,,,,,,False,0,0,0,0,0,0,0.0,0.0,0.8289579999996022,0.9415829999994685,1.8950420000010126,intervening_contexts,wrong_key_ablation,CRA,wrong_key_ablation,memory_ablation,MockSimulator,43,distractor,between_context_and_decision,0,0,0,internal,0.0034999999999999996,0.0034999999999999996,0.0,0.0,0,False,1,False,-1,1,0.1,0.2,8,8,0,raw,3,False
66,1000.0,8,8,0,8,0,0,14.87406980495321,14.87406980495321,14.87406980495321,-0.02624397236448659,-0.0,0.305758813852906,1.0,-0.02624397236448659,False,0,0,0,0,0,0.0,0.0,0.0,0.0,0.0,0,0.0,0,0,disabled,disabled,True,wrong_key,-1,3,False,raw,0,-0.0034999999999999996,-0.0034999999999999996,trial:0,3,False,disabled,0,0,False,raw,0,-0.0034999999999999996,-0.0034999999999999996,,0,False,disabled,False,raw,-0.0034999999999999996,-0.0034999999999999996,,,,,,,,False,0,0,0,0,0,0,0.0,0.0,0.7971659999981284,0.942833999999948,1.8633749999992233,intervening_contexts,wrong_key_ablation,CRA,wrong_key_ablation,memory_ablation,MockSimulator,43,distractor,between_context_and_decision,0,0,0,internal,-0.0034999999999999996,-0.0034999999999999996,0.0,0.0,0,False,-1,False,-1,1,0.1,0.2,8,8,0,raw,3,False
67,1000.0,8,8,0,8,0,0,14.809815217139496,14.809815217139496,14.809815217139496,-0.026243972364486588,-0.0,0.30222677238253626,1.0,-0.026243972364486588,False,0,0,0,0,0,0.0,0.0,0.0,0.0,0.0,0,0.0,0,0,disabled,disabled,True,wrong_key,-1,3,False,raw,0,-0.0034999999999999996,-0.0034999999999999996,trial:0,3,False,disabled,0,0,False,raw,0,-0.0034999999999999996,-0.0034999999999999996,,0,False,disabled,False,raw,-0.0034999999999999996,-0.0034999999999999996,,,,,,,,False,0,0,0,0,0,0,0.0,0.0,0.8550000000013824,1.0527499999994916,2.0344160000007605,intervening_contexts,wrong_key_ablation,CRA,wrong_key_ablation,memory_ablation,MockSimulator,43,distractor,between_context_and_decision,0,0,0,internal,-0.0034999999999999996,-0.0034999999999999996,0.0,0.0,0,False,-1,False,-1,1,0.1,0.2,8,8,0,raw,3,False
68,1000.0,8,8,0,8,0,0,14.745880802515124,14.745880802515124,14.745880802515124,0.02624397236448659,0.0,0.29871370904544015,1.0,0.02624397236448659,False,0,0,0,0,0,0.0,0.0,0.0,0.0,0.0,0,0.0,0,0,disabled,disabled,True,wrong_key,-1,3,False,raw,0,0.0034999999999999996,0.0034999999999999996,trial:0,3,False,disabled,0,0,False,raw,0,0.0034999999999999996,0.0034999999999999996,,0,False,disabled,False,raw,0.0034999999999999996,0.0034999999999999996,,,,,,,,False,0,0,0,0,0,0,0.0,0.0,0.8085000000050968,0.9877919999894402,1.9235420000001113,intervening_contexts,wrong_key_ablation,CRA,wrong_key_ablation,memory_ablation,MockSimulator,43,distractor,between_context_and_decision,0,0,0,internal,0.0034999999999999996,0.0034999999999999996,0.0,0.0,0,False,1,False,-1,1,0.1,0.2,8,8,0,raw,3,False
69,1000.0,8,8,0,8,0,0,14.682264964218586,14.682264964218586,14.682264964218586,0.0,0.0,0.29522027753287483,1.0,0.0,False,0,0,0,0,0,0.0,0.0,0.0,0.0,0.0,0,0.0,0,0,disabled,disabled,True,wrong_key,-1,3,False,raw,0,0.0,0.0,trial:-1,3,False,disabled,0,0,False,raw,0,0.0,0.0,,0,False,disabled,False,raw,0.0,0.0,,,,,,,,False,0,0,0,0,0,0,0.0,0.0,0.7958749999943393,0.9822920000033264,1.905250000007186,intervening_contexts,wrong_key_ablation,CRA,wrong_key_ablation,memory_ablation,MockSimulator,43,none,none,-1,0,0,internal,0.0,0.0,0.0,0.0,0,False,0,False,-1,1,0.1,0.2,8,8,0,raw,3,False
70,1000.0,8,8,0,8,0,0,14.618966113352755,14.618966113352755,14.618966113352755,0.02624397236448659,0.0,0.29174709779719393,1.0,0.02624397236448659,False,0,0,0,0,0,0.0,0.0,0.0,0.0,0.0,0,0.0,0,0,disabled,disabled,True,wrong_key,-1,3,False,raw,0,0.0034999999999999996,0.0034999999999999996,trial:0,3,False,disabled,0,0,False,raw,0,0.0034999999999999996,0.0034999999999999996,,0,False,disabled,False,raw,0.0034999999999999996,0.0034999999999999996,,,,,,,,False,0,0,0,0,0,0,0.0,0.0,0.8097080000055712,0.9831670000011172,1.9170000000059417,intervening_contexts,wrong_key_ablation,CRA,wrong_key_ablation,memory_ablation,MockSimulator,43,distractor,between_context_and_decision,0,0,0,internal,0.0034999999999999996,0.0034999999999999996,0.0,0.0,0,False,1,False,-1,1,0.1,0.2,8,8,0,raw,3,False
71,1000.0,8,8,0,8,0,0,14.555982668945163,14.555982668945163,14.555982668945163,-0.02624397236448659,-0.0,0.28829475713992714,1.0,-0.02624397236448659,False,0,0,0,0,0,0.0,0.0,0.0,0.0,0.0,0,0.0,0,0,disabled,disabled,True,wrong_key,-1,3,False,raw,0,-0.0034999999999999996,-0.0034999999999999996,trial:0,3,False,disabled,0,0,False,raw,0,-0.0034999999999999996,-0.0034999999999999996,,0,False,disabled,False,raw,-0.0034999999999999996,-0.0034999999999999996,,,,,,,,False,0,0,0,0,0,0,0.0,0.0,0.7926250000025448,0.9875000000079126,1.9034999999973934,intervening_contexts,wrong_key_ablation,CRA,wrong_key_ablation,memory_ablation,MockSimulator,43,distractor,between_context_and_decision,0,0,0,internal,-0.0034999999999999996,-0.0034999999999999996,0.0,0.0,0,False,-1,False,-1,1,0.1,0.2,8,8,0,raw,3,False
72,1000.0,8,8,0,8,0,0,14.493313057908473,14.493313057908473,14.493313057908473,-0.07485969068749909,-0.6343111408558778,0.2848638112698321,1.0,-0.07485969068749909,False,0,0,0,0,0,0.0,0.0,0.0,0.0,0.0,0,0.0,0,0,disabled,disabled,True,wrong_key,-1,3,True,internal_wrong_key_context,1,0.01,-0.01,trial:0,3,False,disabled,0,0,False,raw,0,-0.01,-0.01,,0,False,disabled,False,raw,-0.01,-0.01,,,,,,,,False,0,0,0,0,0,0,0.0,0.0,0.7935830000036503,1.0295830000046635,1.9468750000015689,intervening_contexts,wrong_key_ablation,CRA,wrong_key_ablation,memory_ablation,MockSimulator,43,decision,target_decision_after_interference,0,1,1,internal,0.01,-0.01,0.01,0.01,1,True,-1,False,72,1,0.1,0.2,8,8,1,internal_wrong_key_context,3,True
73,1000.0,8,8,0,8,0,0,14.430955715001152,14.430955715001152,14.430955715001152,0.0,0.0,0.28145478533168494,1.0,0.0,False,0,0,0,0,0,0.0,0.0,0.0,0.0,0.0,0,0.0,0,0,disabled,disabled,True,wrong_key,-1,3,False,raw,0,0.0,0.0,trial:-1,3,False,disabled,0,0,False,raw,0,0.0,0.0,,0,False,disabled,False,raw,0.0,0.0,,,,,,,,False,0,0,0,0,0,0,0.0,0.0,0.798707999990711,1.0008750000025657,1.9239579999918988,intervening_contexts,wrong_key_ablation,CRA,wrong_key_ablation,memory_ablation,MockSimulator,43,none,none,-1,0,0,internal,0.0,0.0,0.0,0.0,0,False,0,False,-1,1,0.1,0.2,8,8,0,raw,3,False
74,1000.0,8,8,0,8,0,0,14.368909082788345,14.368909082788345,14.368909082788345,0.0,0.0,0.2780681749065557,1.0,0.0,False,0,0,0,0,0,0.0,0.0,0.0,0.0,0.0,0,0.0,0,0,disabled,disabled,True,wrong_key,-1,3,False,raw,0,0.0,0.0,trial:-1,3,False,disabled,0,0,False,raw,0,0.0,0.0,,0,False,disabled,False,raw,0.0,0.0,,,,,,,,False,0,0,0,0,0,0,0.0,0.0,0.8324169999980313,1.0044580000112546,1.9607499999949596,intervening_contexts,wrong_key_ablation,CRA,wrong_key_ablation,memory_ablation,MockSimulator,43,none,none,-1,0,0,internal,0.0,0.0,0.0,0.0,0,False,0,False,-1,1,0.1,0.2,8,8,0,raw,3,False
75,1000.0,8,8,0,8,0,0,14.307171611602932,14.307171611602932,14.307171611602932,0.0,0.0,0.27470444698429897,1.0,0.0,False,0,0,0,0,0,0.0,0.0,0.0,0.0,0.0,0,0.0,0,0,disabled,disabled,True,wrong_key,-1,3,False,raw,0,0.0,0.0,trial:-1,3,False,disabled,0,0,False,raw,0,0.0,0.0,,0,False,disabled,False,raw,0.0,0.0,,,,,,,,False,0,0,0,0,0,0,0.0,0.0,0.8677499999976135,1.1306670000124086,2.122874999997748,intervening_contexts,wrong_key_ablation,CRA,wrong_key_ablation,memory_ablation,MockSimulator,43,none,none,-1,0,0,internal,0.0,0.0,0.0,0.0,0,False,0,False,-1,1,0.1,0.2,8,8,0,raw,3,False
76,1000.0,8,8,0,8,0,0,14.245741759506792,14.245741759506792,14.245741759506792,0.0,0.0,0.2713640409089699,1.0,0.0,False,0,0,0,0,0,0.0,0.0,0.0,0.0,0.0,0,0.0,0,0,disabled,disabled,True,wrong_key,-1,3,False,raw,0,0.0,0.0,trial:-1,3,False,disabled,0,0,False,raw,0,0.0,0.0,,0,False,disabled,False,raw,0.0,0.0,,,,,,,,False,0,0,0,0,0,0,0.0,0.0,0.807915999999409,1.0379999999940992,1.9717079999992393,intervening_contexts,wrong_key_ablation,CRA,wrong_key_ablation,memory_ablation,MockSimulator,43,none,none,-1,0,0,internal,0.0,0.0,0.0,0.0,0,False,0,False,-1,1,0.1,0.2,8,8,0,raw,3,False
77,1000.0,8,8,0,8,0,0,14.184617992252253,14.184617992252253,14.184617992252253,0.0,0.0,0.26804736929786027,1.0,0.0,False,0,0,0,0,0,0.0,0.0,0.0,0.0,0.0,0,0.0,0,0,disabled,disabled,True,wrong_key,-1,3,False,raw,0,0.0,0.0,trial:-1,3,False,disabled,0,0,False,raw,0,0.0,0.0,,0,False,disabled,False,raw,0.0,0.0,,,,,,,,False,0,0,0,0,0,0,0.0,0.0,0.7965000000069722,1.0347079999917241,1.9541670000080558,intervening_contexts,wrong_key_ablation,CRA,wrong_key_ablation,memory_ablation,MockSimulator,43,none,none,-1,0,0,internal,0.0,0.0,0.0,0.0,0,False,0,False,-1,1,0.1,0.2,8,8,0,raw,3,False
78,1000.0,8,8,0,8,0,0,14.123798783243732,14.123798783243732,14.123798783243732,0.0,0.0,0.26475481893483144,1.0,0.0,False,0,0,0,0,0,0.0,0.0,0.0,0.0,0.0,0,0.0,0,0,disabled,disabled,True,wrong_key,-1,3,False,raw,0,0.0,0.0,trial:-1,3,False,disabled,0,0,False,raw,0,0.0,0.0,,0,False,disabled,False,raw,0.0,0.0,,,,,,,,False,0,0,0,0,0,0,0.0,0.0,0.8126670000052627,1.038082999997414,1.9733329999951366,intervening_contexts,wrong_key_ablation,CRA,wrong_key_ablation,memory_ablation,MockSimulator,43,none,none,-1,0,0,internal,0.0,0.0,0.0,0.0,0,False,0,False,-1,1,0.1,0.2,8,8,0,raw,3,False
79,1000.0,8,8,0,8,0,0,14.063282613499574,14.063282613499574,14.063282613499574,0.0,0.0,0.26148675163860463,1.0,0.0,False,0,0,0,0,0,0.0,0.0,0.0,0.0,0.0,0,0.0,0,0,disabled,disabled,True,wrong_key,-1,3,False,raw,0,0.0,0.0,trial:-1,3,False,disabled,0,0,False,raw,0,0.0,0.0,,0,False,disabled,False,raw,0.0,0.0,,,,,,,,False,0,0,0,0,0,0,0.0,0.0,0.7947499999971797,1.0367919999936248,1.9557500000075834,intervening_contexts,wrong_key_ablation,CRA,wrong_key_ablation,memory_ablation,MockSimulator,43,none,none,-1,0,0,internal,0.0,0.0,0.0,0.0,0,False,0,False,-1,1,0.1,0.2,8,8,0,raw,3,False
80,1000.0,8,8,0,8,0,0,14.003067971614078,14.003067971614078,14.003067971614078,0.0,0.0,0.25824350510665295,1.0,0.0,False,0,0,0,0,0,0.0,0.0,0.0,0.0,0.0,0,0.0,0,0,disabled,disabled,True,wrong_key,-1,3,False,raw,0,0.0,0.0,trial:-1,3,False,disabled,0,0,False,raw,0,0.0,0.0,,0,False,disabled,False,raw,0.0,0.0,,,,,,,,False,0,0,0,0,0,0,0.0,0.0,0.8044580000046153,1.0535839999903374,1.9814999999994143,intervening_contexts,wrong_key_ablation,CRA,wrong_key_ablation,memory_ablation,MockSimulator,43,none,none,-1,0,0,internal,0.0,0.0,0.0,0.0,0,False,0,False,-1,1,0.1,0.2,8,8,0,raw,3,False
81,1000.0,8,8,0,8,0,0,13.943153353719707,13.943153353719707,13.943153353719707,0.0,0.0,0.2550253937353239,1.0,0.0,False,0,0,0,0,0,0.0,0.0,0.0,0.0,0.0,0,0.0,0,0,disabled,disabled,True,wrong_key,-1,3,False,raw,0,0.0,0.0,trial:-1,3,False,disabled,0,0,False,raw,0,0.0,0.0,,0,False,disabled,False,raw,0.0,0.0,,,,,,,,False,0,0,0,0,0,0,0.0,0.0,0.7952499999959173,1.0694169999965197,1.9879580000008445,intervening_contexts,wrong_key_ablation,CRA,wrong_key_ablation,memory_ablation,MockSimulator,43,none,none,-1,0,0,internal,0.0,0.0,0.0,0.0,0,False,0,False,-1,1,0.1,0.2,8,8,0,raw,3,False
82,1000.0,8,8,0,8,0,0,13.883537263449497,13.883537263449497,13.883537263449497,0.0,0.0,0.25183270941680536,1.0,0.0,False,0,0,0,0,0,0.0,0.0,0.0,0.0,0.0,0,0.0,0,0,disabled,disabled,True,wrong_key,-1,3,False,raw,0,0.0,0.0,trial:-1,3,False,disabled,0,0,False,raw,0,0.0,0.0,,0,False,disabled,False,raw,0.0,0.0,,,,,,,,False,0,0,0,0,0,0,0.0,0.0,0.8446669999955247,1.4746250000001737,2.442207999990842,intervening_contexts,wrong_key_ablation,CRA,wrong_key_ablation,memory_ablation,MockSimulator,43,none,none,-1,0,0,internal,0.0,0.0,0.0,0.0,0,False,0,False,-1,1,0.1,0.2,8,8,0,raw,3,False
83,1000.0,8,8,0,8,0,0,13.824218211899646,13.824218211899646,13.824218211899646,0.0,0.0,0.24866572231353343,1.0,0.0,False,0,0,0,0,0,0.0,0.0,0.0,0.0,0.0,0,0.0,0,0,disabled,disabled,True,wrong_key,-1,3,False,raw,0,0.0,0.0,trial:-1,3,False,disabled,0,0,False,raw,0,0.0,0.0,,0,False,disabled,False,raw,0.0,0.0,,,,,,,,False,0,0,0,0,0,0,0.0,0.0,0.8312079999939215,1.1270830000000842,2.0908329999969055,intervening_contexts,wrong_key_ablation,CRA,wrong_key_ablation,memory_ablation,MockSimulator,43,none,none,-1,0,0,internal,0.0,0.0,0.0,0.0,0,False,0,False,-1,1,0.1,0.2,8,8,0,raw,3,False
84,1000.0,8,8,0,8,0,0,13.765194717592287,13.765194717592287,13.765194717592287,0.0,0.0,0.24552468161062563,1.0,0.0,False,0,0,0,0,0,0.0,0.0,0.0,0.0,0.0,0,0.0,0,0,disabled,disabled,True,wrong_key,-1,3,False,raw,0,0.0,0.0,trial:-1,3,False,disabled,0,0,False,raw,0,0.0,0.0,,0,False,disabled,False,raw,0.0,0.0,,,,,,,,False,0,0,0,0,0,0,0.0,0.0,0.7971670000017639,1.0807910000067977,2.0056670000059285,intervening_contexts,wrong_key_ablation,CRA,wrong_key_ablation,memory_ablation,MockSimulator,43,none,none,-1,0,0,internal,0.0,0.0,0.0,0.0,0,False,0,False,-1,1,0.1,0.2,8,8,0,raw,3,False
85,1000.0,8,8,0,8,0,0,13.706465306438455,13.706465306438455,13.706465306438455,0.0,0.0,0.24240981624690872,1.0,0.0,False,0,0,0,0,0,0.0,0.0,0.0,0.0,0.0,0,0.0,0,0,disabled,disabled,True,wrong_key,-1,3,False,raw,0,0.0,0.0,trial:-1,3,False,disabled,0,0,False,raw,0,0.0,0.0,,0,False,disabled,False,raw,0.0,0.0,,,,,,,,False,0,0,0,0,0,0,0.0,0.0,0.7976670000005015,1.1087500000002137,2.029792000001862,intervening_contexts,wrong_key_ablation,CRA,wrong_key_ablation,memory_ablation,MockSimulator,43,none,none,-1,0,0,internal,0.0,0.0,0.0,0.0,0,False,0,False,-1,1,0.1,0.2,8,8,0,raw,3,False
86,1000.0,8,8,0,8,0,0,13.648028511701238,13.648028511701238,13.648028511701238,0.0,0.0,0.23932133562509625,1.0,0.0,False,0,0,0,0,0,0.0,0.0,0.0,0.0,0.0,0,0.0,0,0,disabled,disabled,True,wrong_key,-1,3,False,raw,0,0.0,0.0,trial:-1,3,False,disabled,0,0,False,raw,0,0.0,0.0,,0,False,disabled,False,raw,0.0,0.0,,,,,,,,False,0,0,0,0,0,0,0.0,0.0,0.7891670000077511,1.0932909999894491,2.005167000007191,intervening_contexts,wrong_key_ablation,CRA,wrong_key_ablation,memory_ablation,MockSimulator,43,none,none,-1,0,0,internal,0.0,0.0,0.0,0.0,0,False,0,False,-1,1,0.1,0.2,8,8,0,raw,3,False
87,1000.0,8,8,0,8,0,0,13.5898828739591,13.5898828739591,13.5898828739591,0.0,0.0,0.23625943030165752,1.0,0.0,False,0,0,0,0,0,0.0,0.0,0.0,0.0,0.0,0,0.0,0,0,disabled,disabled,True,wrong_key,-1,3,False,raw,0,0.0,0.0,trial:-1,3,False,disabled,0,0,False,raw,0,0.0,0.0,,0,False,disabled,False,raw,0.0,0.0,,,,,,,,False,0,0,0,0,0,0,0.0,0.0,0.7932500000009668,1.1014159999973572,2.018207999995525,intervening_contexts,wrong_key_ablation,CRA,wrong_key_ablation,memory_ablation,MockSimulator,43,none,none,-1,0,0,internal,0.0,0.0,0.0,0.0,0,False,0,False,-1,1,0.1,0.2,8,8,0,raw,3,False
88,1000.0,8,8,0,8,0,0,13.532026941069404,13.532026941069404,13.532026941069404,0.0,0.0,0.2332242726569063,1.0,0.0,False,0,0,0,0,0,0.0,0.0,0.0,0.0,0.0,0,0.0,0,0,disabled,disabled,True,wrong_key,-1,3,False,raw,0,0.0,0.0,trial:-1,3,False,disabled,0,0,False,raw,0,0.0,0.0,,0,False,disabled,False,raw,0.0,0.0,,,,,,,,False,0,0,0,0,0,0,0.0,0.0,0.7932500000009668,1.1429160000062666,2.059125000002382,intervening_contexts,wrong_key_ablation,CRA,wrong_key_ablation,memory_ablation,MockSimulator,43,none,none,-1,0,0,internal,0.0,0.0,0.0,0.0,0,False,0,False,-1,1,0.1,0.2,8,8,0,raw,3,False
89,1000.0,8,8,0,8,0,0,13.4744592681321,13.4744592681321,13.4744592681321,0.0,0.0,0.23021601754582444,1.0,0.0,False,0,0,0,0,0,0.0,0.0,0.0,0.0,0.0,0,0.0,0,0,disabled,disabled,True,wrong_key,-1,3,False,raw,0,0.0,0.0,trial:-1,3,False,disabled,0,0,False,raw,0,0.0,0.0,,0,False,disabled,False,raw,0.0,0.0,,,,,,,,False,0,0,0,0,0,0,0.0,0.0,0.8007500000104528,1.1143750000002228,2.0380420000094546,intervening_contexts,wrong_key_ablation,CRA,wrong_key_ablation,memory_ablation,MockSimulator,43,none,none,-1,0,0,internal,0.0,0.0,0.0,0.0,0,False,0,False,-1,1,0.1,0.2,8,8,0,raw,3,False
90,1000.0,8,8,0,8,0,0,13.41717841745361,13.41717841745361,13.41717841745361,0.0,0.0,0.22723480293012313,1.0,0.0,False,0,0,0,0,0,0.0,0.0,0.0,0.0,0.0,0,0.0,0,0,disabled,disabled,True,wrong_key,-1,3,False,raw,0,0.0,0.0,trial:-1,3,False,disabled,0,0,False,raw,0,0.0,0.0,,0,False,disabled,False,raw,0.0,0.0,,,,,,,,False,0,0,0,0,0,0,0.0,0.0,0.7930419999979677,1.3958750000000464,2.311209000012582,intervening_contexts,wrong_key_ablation,CRA,wrong_key_ablation,memory_ablation,MockSimulator,43,none,none,-1,0,0,internal,0.0,0.0,0.0,0.0,0,False,0,False,-1,1,0.1,0.2,8,8,0,raw,3,False
91,1000.0,8,8,0,8,0,0,13.36018295851088,13.36018295851088,13.36018295851088,0.0,0.0,0.22428075049203153,1.0,0.0,False,0,0,0,0,0,0.0,0.0,0.0,0.0,0.0,0,0.0,0,0,disabled,disabled,True,wrong_key,-1,3,False,raw,0,0.0,0.0,trial:-1,3,False,disabled,0,0,False,raw,0,0.0,0.0,,0,False,disabled,False,raw,0.0,0.0,,,,,,,,False,0,0,0,0,0,0,0.0,0.0,0.8315830000071855,1.2258330000065598,2.1995830000065553,intervening_contexts,wrong_key_ablation,CRA,wrong_key_ablation,memory_ablation,MockSimulator,43,none,none,-1,0,0,internal,0.0,0.0,0.0,0.0,0,False,0,False,-1,1,0.1,0.2,8,8,0,raw,3,False
92,1000.0,8,8,0,8,0,0,13.303471467915621,13.303471467915621,13.303471467915621,0.0,0.0,0.22135396623029155,1.0,0.0,False,0,0,0,0,0,0.0,0.0,0.0,0.0,0.0,0,0.0,0,0,disabled,disabled,True,wrong_key,-1,3,False,raw,0,0.0,0.0,trial:-1,3,False,disabled,0,0,False,raw,0,0.0,0.0,,0,False,disabled,False,raw,0.0,0.0,,,,,,,,False,0,0,0,0,0,0,0.0,0.0,0.8123749999953134,1.1570839999990312,2.0939169999962814,intervening_contexts,wrong_key_ablation,CRA,wrong_key_ablation,memory_ablation,MockSimulator,43,none,none,-1,0,0,internal,0.0,0.0,0.0,0.0,0,False,0,False,-1,1,0.1,0.2,8,8,0,raw,3,False
93,1000.0,8,8,0,8,0,0,13.247042529378724,13.247042529378724,13.247042529378724,0.0,0.0,0.21845454103882433,1.0,0.0,False,0,0,0,0,0,0.0,0.0,0.0,0.0,0.0,0,0.0,0,0,disabled,disabled,True,wrong_key,-1,3,False,raw,0,0.0,0.0,trial:-1,3,False,disabled,0,0,False,raw,0,0.0,0.0,,0,False,disabled,False,raw,0.0,0.0,,,,,,,,False,0,0,0,0,0,0,0.0,0.0,0.8127910000013117,1.1602499999980864,2.097207999995021,intervening_contexts,wrong_key_ablation,CRA,wrong_key_ablation,memory_ablation,MockSimulator,43,none,none,-1,0,0,internal,0.0,0.0,0.0,0.0,0,False,0,False,-1,1,0.1,0.2,8,8,0,raw,3,False
94,1000.0,8,8,0,8,0,0,13.190894733674849,13.190894733674849,13.190894733674849,0.0,0.0,0.21558255126852371,1.0,0.0,False,0,0,0,0,0,0.0,0.0,0.0,0.0,0.0,0,0.0,0,0,disabled,disabled,True,wrong_key,-1,3,False,raw,0,0.0,0.0,trial:-1,3,False,disabled,0,0,False,raw,0,0.0,0.0,,0,False,disabled,False,raw,0.0,0.0,,,,,,,,False,0,0,0,0,0,0,0.0,0.0,0.7949169999932337,1.1562500000081855,2.075583999996411,intervening_contexts,wrong_key_ablation,CRA,wrong_key_ablation,memory_ablation,MockSimulator,43,none,none,-1,0,0,internal,0.0,0.0,0.0,0.0,0,False,0,False,-1,1,0.1,0.2,8,8,0,raw,3,False
95,1000.0,8,8,0,8,0,0,13.135026678607193,13.135026678607193,13.135026678607193,0.0,0.0,0.21273805927261957,1.0,0.0,False,0,0,0,0,0,0.0,0.0,0.0,0.0,0.0,0,0.0,0,0,disabled,disabled,True,wrong_key,-1,3,False,raw,0,0.0,0.0,trial:-1,3,False,disabled,0,0,False,raw,0,0.0,0.0,,0,False,disabled,False,raw,0.0,0.0,,,,,,,,False,0,0,0,0,0,0,0.0,0.0,0.797333999997818,1.1871250000012878,2.108417000002305,intervening_contexts,wrong_key_ablation,CRA,wrong_key_ablation,memory_ablation,MockSimulator,43,none,none,-1,0,0,internal,0.0,0.0,0.0,0.0,0,False,0,False,-1,1,0.1,0.2,8,8,0,raw,3,False
96,1000.0,8,8,0,8,0,0,13.079436968972448,13.079436968972448,13.079436968972448,0.0,0.0,0.20992111393604418,1.0,0.0,False,0,0,0,0,0,0.0,0.0,0.0,0.0,0.0,0,0.0,0,0,disabled,disabled,True,wrong_key,-1,3,False,raw,0,0.0,0.0,trial:-1,3,False,disabled,0,0,False,raw,0,0.0,0.0,,0,False,disabled,False,raw,0.0,0.0,,,,,,,,False,0,0,0,0,0,0,0.0,0.0,0.7937090000069702,1.1757079999910047,2.093791999996597,intervening_contexts,wrong_key_ablation,CRA,wrong_key_ablation,memory_ablation,MockSimulator,43,none,none,-1,0,0,internal,0.0,0.0,0.0,0.0,0,False,0,False,-1,1,0.1,0.2,8,8,0,raw,3,False
97,1000.0,8,8,0,8,0,0,13.024124216525902,13.024124216525902,13.024124216525902,0.0,0.0,0.20713175118922278,1.0,0.0,False,0,0,0,0,0,0.0,0.0,0.0,0.0,0.0,0,0.0,0,0,disabled,disabled,True,wrong_key,-1,3,False,raw,0,0.0,0.0,trial:-1,3,False,disabled,0,0,False,raw,0,0.0,0.0,,0,False,disabled,False,raw,0.0,0.0,,,,,,,,False,0,0,0,0,0,0,0.0,0.0,0.7966670000030263,1.2710419999990563,2.1921670000040194,intervening_contexts,wrong_key_ablation,CRA,wrong_key_ablation,memory_ablation,MockSimulator,43,none,none,-1,0,0,internal,0.0,0.0,0.0,0.0,0,False,0,False,-1,1,0.1,0.2,8,8,0,raw,3,False
98,1000.0,8,8,0,8,0,0,12.969087039946745,12.969087039946745,12.969087039946745,0.0,0.0,0.20436999450669982,1.0,0.0,False,0,0,0,0,0,0.0,0.0,0.0,0.0,0.0,0,0.0,0,0,disabled,disabled,True,wrong_key,-1,3,False,raw,0,0.0,0.0,trial:-1,3,False,disabled,0,0,False,raw,0,0.0,0.0,,0,False,disabled,False,raw,0.0,0.0,,,,,,,,False,0,0,0,0,0,0,0.0,0.0,0.9061250000002019,1.338082999993162,2.421666999993022,intervening_contexts,wrong_key_ablation,CRA,wrong_key_ablation,memory_ablation,MockSimulator,43,none,none,-1,0,0,internal,0.0,0.0,0.0,0.0,0,False,0,False,-1,1,0.1,0.2,8,8,0,raw,3,False
99,1000.0,8,8,0,8,0,0,12.914324064803532,12.914324064803532,12.914324064803532,0.0,0.0,0.20163585539100207,1.0,0.0,False,0,0,0,0,0,0.0,0.0,0.0,0.0,0.0,0,0.0,0,0,disabled,disabled,True,wrong_key,-1,3,False,raw,0,0.0,0.0,trial:-1,3,False,disabled,0,0,False,raw,0,0.0,0.0,,0,False,disabled,False,raw,0.0,0.0,,,,,,,,False,0,0,0,0,0,0,0.0,0.0,0.8078750000066748,1.2189579999954958,2.155124999987379,intervening_contexts,wrong_key_ablation,CRA,wrong_key_ablation,memory_ablation,MockSimulator,43,none,none,-1,0,0,internal,0.0,0.0,0.0,0.0,0,False,0,False,-1,1,0.1,0.2,8,8,0,raw,3,False
100,1000.0,8,8,0,8,0,0,12.859833923519828,12.859833923519828,12.859833923519828,0.0,0.0,0.19892933384212955,1.0,0.0,False,0,0,0,0,0,0.0,0.0,0.0,0.0,0.0,0,0.0,0,0,disabled,disabled,True,wrong_key,-1,3,False,raw,0,0.0,0.0,trial:-1,3,False,disabled,0,0,False,raw,0,0.0,0.0,,0,False,disabled,False,raw,0.0,0.0,,,,,,,,False,0,0,0,0,0,0,0.0,0.0,0.7957499999946549,1.2218749999988177,2.1408329999985654,intervening_contexts,wrong_key_ablation,CRA,wrong_key_ablation,memory_ablation,MockSimulator,43,none,none,-1,0,0,internal,0.0,0.0,0.0,0.0,0,False,0,False,-1,1,0.1,0.2,8,8,0,raw,3,False
101,1000.0,8,8,0,8,0,0,12.805615255340008,12.805615255340008,12.805615255340008,0.0,0.0,0.19625041881305555,1.0,0.0,False,0,0,0,0,0,0.0,0.0,0.0,0.0,0.0,0,0.0,0,0,disabled,disabled,True,wrong_key,-1,3,False,raw,0,0.0,0.0,trial:-1,3,False,disabled,0,0,False,raw,0,0.0,0.0,,0,False,disabled,False,raw,0.0,0.0,,,,,,,,False,0,0,0,0,0,0,0.0,0.0,0.7962919999897622,1.2056249999972124,2.124500000007856,intervening_contexts,wrong_key_ablation,CRA,wrong_key_ablation,memory_ablation,MockSimulator,43,none,none,-1,0,0,internal,0.0,0.0,0.0,0.0,0,False,0,False,-1,1,0.1,0.2,8,8,0,raw,3,False
102,1000.0,8,8,0,8,0,0,12.751666706295248,12.751666706295248,12.751666706295248,0.0,0.0,0.19359908865160766,1.0,0.0,False,0,0,0,0,0,0.0,0.0,0.0,0.0,0.0,0,0.0,0,0,disabled,disabled,True,wrong_key,-1,3,False,raw,0,0.0,0.0,trial:-1,3,False,disabled,0,0,False,raw,0,0.0,0.0,,0,False,disabled,False,raw,0.0,0.0,,,,,,,,False,0,0,0,0,0,0,0.0,0.0,0.8014999999943484,1.2173329999995985,2.142292000002044,intervening_contexts,wrong_key_ablation,CRA,wrong_key_ablation,memory_ablation,MockSimulator,43,none,none,-1,0,0,internal,0.0,0.0,0.0,0.0,0,False,0,False,-1,1,0.1,0.2,8,8,0,raw,3,False
103,1000.0,8,8,0,8,0,0,12.69798692916967,12.69798692916967,12.69798692916967,0.0,0.0,0.19097531152909245,1.0,0.0,False,0,0,0,0,0,0.0,0.0,0.0,0.0,0.0,0,0.0,0,0,disabled,disabled,True,wrong_key,-1,3,False,raw,0,0.0,0.0,trial:-1,3,False,disabled,0,0,False,raw,0,0.0,0.0,,0,False,disabled,False,raw,0.0,0.0,,,,,,,,False,0,0,0,0,0,0,0.0,0.0,0.8228329999866446,1.219834000011133,2.166833000003976,intervening_contexts,wrong_key_ablation,CRA,wrong_key_ablation,memory_ablation,MockSimulator,43,none,none,-1,0,0,internal,0.0,0.0,0.0,0.0,0,False,0,False,-1,1,0.1,0.2,8,8,0,raw,3,False
104,1000.0,8,8,0,8,0,0,12.64457458346666,12.64457458346666,12.64457458346666,0.0,0.0,0.1883790458560172,1.0,0.0,False,0,0,0,0,0,0.0,0.0,0.0,0.0,0.0,0,0.0,0,0,disabled,disabled,True,wrong_key,-1,3,False,raw,0,0.0,0.0,trial:-1,3,False,disabled,0,0,False,raw,0,0.0,0.0,,0,False,disabled,False,raw,0.0,0.0,,,,,,,,False,0,0,0,0,0,0,0.0,0.0,0.8097500000019409,1.2219169999951873,2.1558329999891157,intervening_contexts,wrong_key_ablation,CRA,wrong_key_ablation,memory_ablation,MockSimulator,43,none,none,-1,0,0,internal,0.0,0.0,0.0,0.0,0,False,0,False,-1,1,0.1,0.2,8,8,0,raw,3,False
105,1000.0,8,8,0,8,0,0,12.591428335375364,12.591428335375364,12.591428335375364,0.0,0.0,0.18581024068525331,1.0,0.0,False,0,0,0,0,0,0.0,0.0,0.0,0.0,0.0,0,0.0,0,0,disabled,disabled,True,wrong_key,-1,3,False,raw,0,0.0,0.0,trial:-1,3,False,disabled,0,0,False,raw,0,0.0,0.0,,0,False,disabled,False,raw,0.0,0.0,,,,,,,,False,0,0,0,0,0,0,0.0,0.0,0.8320419999989781,1.279166000003329,2.2457500000001573,intervening_contexts,wrong_key_ablation,CRA,wrong_key_ablation,memory_ablation,MockSimulator,43,none,none,-1,0,0,internal,0.0,0.0,0.0,0.0,0,False,0,False,-1,1,0.1,0.2,8,8,0,raw,3,False
106,1000.0,8,8,0,8,0,0,12.538546857737328,12.538546857737328,12.538546857737328,0.0,0.0,0.1832688361029776,1.0,0.0,False,0,0,0,0,0,0.0,0.0,0.0,0.0,0.0,0,0.0,0,0,disabled,disabled,True,wrong_key,-1,3,False,raw,0,0.0,0.0,trial:-1,3,False,disabled,0,0,False,raw,0,0.0,0.0,,0,False,disabled,False,raw,0.0,0.0,,,,,,,,False,0,0,0,0,0,0,0.0,0.0,0.7935419999967053,1.2408329999971102,2.160125000003177,intervening_contexts,wrong_key_ablation,CRA,wrong_key_ablation,memory_ablation,MockSimulator,43,none,none,-1,0,0,internal,0.0,0.0,0.0,0.0,0,False,0,False,-1,1,0.1,0.2,8,8,0,raw,3,False
107,1000.0,8,8,0,8,0,0,12.48592883001334,12.48592883001334,12.48592883001334,0.0,0.0,0.1807547636077188,1.0,0.0,False,0,0,0,0,0,0.0,0.0,0.0,0.0,0.0,0,0.0,0,0,disabled,disabled,True,wrong_key,-1,3,False,raw,0,0.0,0.0,trial:-1,3,False,disabled,0,0,False,raw,0,0.0,0.0,,0,False,disabled,False,raw,0.0,0.0,,,,,,,,False,0,0,0,0,0,0,0.0,0.0,0.7966249999924457,1.26487500000394,2.1850419999935866,intervening_contexts,wrong_key_ablation,CRA,wrong_key_ablation,memory_ablation,MockSimulator,43,none,none,-1,0,0,internal,0.0,0.0,0.0,0.0,0,False,0,False,-1,1,0.1,0.2,8,8,0,raw,3,False
108,1000.0,8,8,0,8,0,0,12.433572938250396,12.433572938250396,12.433572938250396,0.0,0.0,0.17826794647782918,1.0,0.0,False,0,0,0,0,0,0.0,0.0,0.0,0.0,0.0,0,0.0,0,0,disabled,disabled,True,wrong_key,-1,3,False,raw,0,0.0,0.0,trial:-1,3,False,disabled,0,0,False,raw,0,0.0,0.0,,0,False,disabled,False,raw,0.0,0.0,,,,,,,,False,0,0,0,0,0,0,0.0,0.0,0.7910420000030172,1.2543330000056585,2.1690840000019307,intervening_contexts,wrong_key_ablation,CRA,wrong_key_ablation,memory_ablation,MockSimulator,43,none,none,-1,0,0,internal,0.0,0.0,0.0,0.0,0,False,0,False,-1,1,0.1,0.2,8,8,0,raw,3,False
109,1000.0,8,8,0,8,0,0,12.381477875048864,12.381477875048864,12.381477875048864,0.0,0.0,0.17580830012769202,1.0,0.0,False,0,0,0,0,0,0.0,0.0,0.0,0.0,0.0,0,0.0,0,0,disabled,disabled,True,wrong_key,-1,3,False,raw,0,0.0,0.0,trial:-1,3,False,disabled,0,0,False,raw,0,0.0,0.0,,0,False,disabled,False,raw,0.0,0.0,,,,,,,,False,0,0,0,0,0,0,0.0,0.0,0.7966670000030263,1.262374999996041,2.1824579999929483,intervening_contexts,wrong_key_ablation,CRA,wrong_key_ablation,memory_ablation,MockSimulator,43,none,none,-1,0,0,internal,0.0,0.0,0.0,0.0,0,False,0,False,-1,1,0.1,0.2,8,8,0,raw,3,False
110,1000.0,8,8,0,8,0,0,12.32964233952979,12.32964233952979,12.32964233952979,0.0,0.0,0.17337573245296925,1.0,0.0,False,0,0,0,0,0,0.0,0.0,0.0,0.0,0.0,0,0.0,0,0,disabled,disabled,True,wrong_key,-1,3,False,raw,0,0.0,0.0,trial:-1,3,False,disabled,0,0,False,raw,0,0.0,0.0,,0,False,disabled,False,raw,0.0,0.0,,,,,,,,False,0,0,0,0,0,0,0.0,0.0,0.8062920000071472,1.3080829999978505,2.238042000001883,intervening_contexts,wrong_key_ablation,CRA,wrong_key_ablation,memory_ablation,MockSimulator,43,none,none,-1,0,0,internal,0.0,0.0,0.0,0.0,0,False,0,False,-1,1,0.1,0.2,8,8,0,raw,3,False
111,1000.0,8,8,0,8,0,0,12.278065037302389,12.278065037302389,12.278065037302389,0.0,0.0,0.1709701441651843,1.0,0.0,False,0,0,0,0,0,0.0,0.0,0.0,0.0,0.0,0,0.0,0,0,disabled,disabled,True,wrong_key,-1,3,False,raw,0,0.0,0.0,trial:-1,3,False,disabled,0,0,False,raw,0,0.0,0.0,,0,False,disabled,False,raw,0.0,0.0,,,,,,,,False,0,0,0,0,0,0,0.0,0.0,0.7947910000041247,1.285709000001134,2.2071249999982,intervening_contexts,wrong_key_ablation,CRA,wrong_key_ablation,memory_ablation,MockSimulator,43,none,none,-1,0,0,internal,0.0,0.0,0.0,0.0,0,False,0,False,-1,1,0.1,0.2,8,8,0,raw,3,False
112,1000.0,8,8,0,8,0,0,12.226744680431667,12.226744680431667,12.226744680431667,0.0,0.0,0.16859142911592956,1.0,0.0,False,0,0,0,0,0,0.0,0.0,0.0,0.0,0.0,0,0.0,0,0,disabled,disabled,True,wrong_key,-1,3,False,raw,0,0.0,0.0,trial:-1,3,False,disabled,0,0,False,raw,0,0.0,0.0,,0,False,disabled,False,raw,0.0,0.0,,,,,,,,False,0,0,0,0,0,0,0.0,0.0,0.8830000000017435,1.3525829999991856,2.3589160000057063,intervening_contexts,wrong_key_ablation,CRA,wrong_key_ablation,memory_ablation,MockSimulator,43,none,none,-1,0,0,internal,0.0,0.0,0.0,0.0,0,False,0,False,-1,1,0.1,0.2,8,8,0,raw,3,False
113,1000.0,8,8,0,8,0,0,12.175679987406236,12.175679987406236,12.175679987406236,0.0,0.0,0.16623947461097893,1.0,0.0,False,0,0,0,0,0,0.0,0.0,0.0,0.0,0.0,0,0.0,0,0,disabled,disabled,True,wrong_key,-1,3,False,raw,0,0.0,0.0,trial:-1,3,False,disabled,0,0,False,raw,0,0.0,0.0,,0,False,disabled,False,raw,0.0,0.0,,,,,,,,False,0,0,0,0,0,0,0.0,0.0,0.7988750000009759,1.3040420000010045,2.2289999999998145,intervening_contexts,wrong_key_ablation,CRA,wrong_key_ablation,memory_ablation,MockSimulator,43,none,none,-1,0,0,internal,0.0,0.0,0.0,0.0,0,False,0,False,-1,1,0.1,0.2,8,8,0,raw,3,False
114,1000.0,8,8,0,8,0,0,12.124869683106276,12.124869683106276,12.124869683106276,0.0,0.0,0.16391416171457995,1.0,0.0,False,0,0,0,0,0,0.0,0.0,0.0,0.0,0.0,0,0.0,0,0,disabled,disabled,True,wrong_key,-1,3,False,raw,0,0.0,0.0,trial:-1,3,False,disabled,0,0,False,raw,0,0.0,0.0,,0,False,disabled,False,raw,0.0,0.0,,,,,,,,False,0,0,0,0,0,0,0.0,0.0,0.7975420000008171,1.334958000001052,2.255791999999701,intervening_contexts,wrong_key_ablation,CRA,wrong_key_ablation,memory_ablation,MockSimulator,43,none,none,-1,0,0,internal,0.0,0.0,0.0,0.0,0,False,0,False,-1,1,0.1,0.2,8,8,0,raw,3,False
115,1000.0,8,8,0,8,0,0,12.074312498771647,12.074312498771647,12.074312498771647,0.0,0.0,0.16161536554419254,1.0,0.0,False,0,0,0,0,0,0.0,0.0,0.0,0.0,0.0,0,0.0,0,0,disabled,disabled,True,wrong_key,-1,3,False,raw,0,0.0,0.0,trial:-1,3,False,disabled,0,0,False,raw,0,0.0,0.0,,0,False,disabled,False,raw,0.0,0.0,,,,,,,,False,0,0,0,0,0,0,0.0,0.0,0.7955410000022312,1.3235419999944043,2.242874999993205,intervening_contexts,wrong_key_ablation,CRA,wrong_key_ablation,memory_ablation,MockSimulator,43,none,none,-1,0,0,internal,0.0,0.0,0.0,0.0,0,False,0,False,-1,1,0.1,0.2,8,8,0,raw,3,False
116,1000.0,8,8,0,8,0,0,12.024007171970181,12.024007171970181,12.024007171970181,0.0,0.0,0.15934295555593478,1.0,0.0,False,0,0,0,0,0,0.0,0.0,0.0,0.0,0.0,0,0.0,0,0,disabled,disabled,True,wrong_key,-1,3,False,raw,0,0.0,0.0,trial:-1,3,False,disabled,0,0,False,raw,0,0.0,0.0,,0,False,disabled,False,raw,0.0,0.0,,,,,,,,False,0,0,0,0,0,0,0.0,0.0,0.7978750000035006,1.326124999991407,2.247957999998107,intervening_contexts,wrong_key_ablation,CRA,wrong_key_ablation,memory_ablation,MockSimulator,43,none,none,-1,0,0,internal,0.0,0.0,0.0,0.0,0,False,0,False,-1,1,0.1,0.2,8,8,0,raw,3,False
117,1000.0,8,8,0,8,0,0,11.973952446566116,11.973952446566116,11.973952446566116,0.0,0.0,0.15709679582098965,1.0,0.0,False,0,0,0,0,0,0.0,0.0,0.0,0.0,0.0,0,0.0,0,0,disabled,disabled,True,wrong_key,-1,3,False,raw,0,0.0,0.0,trial:-1,3,False,disabled,0,0,False,raw,0,0.0,0.0,,0,False,disabled,False,raw,0.0,0.0,,,,,,,,False,0,0,0,0,0,0,0.0,0.0,0.8008749999959264,1.3534579999969765,2.2780420000003687,intervening_contexts,wrong_key_ablation,CRA,wrong_key_ablation,memory_ablation,MockSimulator,43,none,none,-1,0,0,internal,0.0,0.0,0.0,0.0,0,False,0,False,-1,1,0.1,0.2,8,8,0,raw,3,False
118,1000.0,8,8,0,8,0,0,11.924147072688692,11.924147072688692,11.924147072688692,0.0,0.0,0.15487674529322,1.0,0.0,False,0,0,0,0,0,0.0,0.0,0.0,0.0,0.0,0,0.0,0,0,disabled,disabled,True,wrong_key,-1,3,False,raw,0,0.0,0.0,trial:-1,3,False,disabled,0,0,False,raw,0,0.0,0.0,,0,False,disabled,False,raw,0.0,0.0,,,,,,,,False,0,0,0,0,0,0,0.0,0.0,0.7947920000077602,1.338707999991584,2.25712499999986,intervening_contexts,wrong_key_ablation,CRA,wrong_key_ablation,memory_ablation,MockSimulator,43,none,none,-1,0,0,internal,0.0,0.0,0.0,0.0,0,False,0,False,-1,1,0.1,0.2,8,8,0,raw,3,False
119,1000.0,8,8,0,8,0,0,11.874589806700905,11.874589806700905,11.874589806700905,0.0,0.0,0.1526826580682327,1.0,0.0,False,0,0,0,0,0,0.0,0.0,0.0,0.0,0.0,0,0.0,0,0,disabled,disabled,True,wrong_key,-1,3,False,raw,0,0.0,0.0,trial:-1,3,False,disabled,0,0,False,raw,0,0.0,0.0,,0,False,disabled,False,raw,0.0,0.0,,,,,,,,False,0,0,0,0,0,0,0.0,0.0,0.9135829999991074,1.389250000002562,2.4425839999935306,intervening_contexts,wrong_key_ablation,CRA,wrong_key_ablation,memory_ablation,MockSimulator,43,none,none,-1,0,0,internal,0.0,0.0,0.0,0.0,0,False,0,False,-1,1,0.1,0.2,8,8,0,raw,3,False
120,1000.0,8,8,0,8,0,0,11.825279411168419,11.825279411168419,11.825279411168419,-0.009810033814160488,-0.0,0.1505143836341276,1.0,-0.009810033814160488,False,0,0,0,0,0,0.0,0.0,0.0,0.0,0.0,0,0.0,0,0,disabled,disabled,True,wrong_key,-1,4,False,raw,0,-0.0055000000000000005,-0.0055000000000000005,trial:1,4,False,disabled,0,0,False,raw,0,-0.0055000000000000005,-0.0055000000000000005,,0,False,disabled,False,raw,-0.0055000000000000005,-0.0055000000000000005,,,,,,,,False,0,0,0,0,0,0,0.0,0.0,0.7979579999926045,1.3540000000062946,2.2792919999972128,intervening_contexts,wrong_key_ablation,CRA,wrong_key_ablation,memory_ablation,MockSimulator,43,context,target_context,1,-1,0,internal,-0.0055000000000000005,-0.0055000000000000005,0.0,0.0,0,False,-1,False,-1,1,0.1,0.2,8,8,0,raw,4,False
121,1000.0,8,8,0,8,0,0,11.776214654828621,11.776214654828621,11.776214654828621,0.0,0.0,0.14837176711415945,1.0,0.0,False,0,0,0,0,0,0.0,0.0,0.0,0.0,0.0,0,0.0,0,0,disabled,disabled,True,wrong_key,-1,4,False,raw,0,0.0,0.0,trial:-1,4,False,disabled,0,0,False,raw,0,0.0,0.0,,0,False,disabled,False,raw,0.0,0.0,,,,,,,,False,0,0,0,0,0,0,0.0,0.0,0.7925000000028604,1.3795419999951264,2.2956250000021328,intervening_contexts,wrong_key_ablation,CRA,wrong_key_ablation,memory_ablation,MockSimulator,43,none,none,-1,0,0,internal,0.0,0.0,0.0,0.0,0,False,0,False,-1,1,0.1,0.2,8,8,0,raw,4,False
122,1000.0,8,8,0,8,0,0,11.72739431255985,11.72739431255985,11.72739431255985,-0.006242867959212519,-0.0,0.14625464950153635,1.0,-0.006242867959212519,False,0,0,0,0,0,0.0,0.0,0.0,0.0,0.0,0,0.0,0,0,disabled,disabled,True,wrong_key,-1,4,False,raw,0,-0.0034999999999999996,-0.0034999999999999996,trial:1,4,False,disabled,0,0,False,raw,0,-0.0034999999999999996,-0.0034999999999999996,,0,False,disabled,False,raw,-0.0034999999999999996,-0.0034999999999999996,,,,,,,,False,0,0,0,0,0,0,0.0,0.0,0.8367920000011964,1.3616659999939884,2.3215419999900178,intervening_contexts,wrong_key_ablation,CRA,wrong_key_ablation,memory_ablation,MockSimulator,43,distractor,between_context_and_decision,1,0,0,internal,-0.0034999999999999996,-0.0034999999999999996,0.0,0.0,0,False,-1,False,-1,1,0.1,0.2,8,8,0,raw,4,False
123,1000.0,8,8,0,8,0,0,11.678817165350763,11.678817165350763,11.678817165350763,0.0,0.0,0.1441628678865725,1.0,0.0,False,0,0,0,0,0,0.0,0.0,0.0,0.0,0.0,0,0.0,0,0,disabled,disabled,True,wrong_key,-1,4,False,raw,0,0.0,0.0,trial:-1,4,False,disabled,0,0,False,raw,0,0.0,0.0,,0,False,disabled,False,raw,0.0,0.0,,,,,,,,False,0,0,0,0,0,0,0.0,0.0,0.7922919999998612,1.3701250000082155,2.2854999999992742,intervening_contexts,wrong_key_ablation,CRA,wrong_key_ablation,memory_ablation,MockSimulator,43,none,none,-1,0,0,internal,0.0,0.0,0.0,0.0,0,False,0,False,-1,1,0.1,0.2,8,8,0,raw,4,False
124,1000.0,8,8,0,8,0,0,11.630482000269865,11.630482000269865,11.630482000269865,0.0,0.0,0.1420962556764066,1.0,0.0,False,0,0,0,0,0,0.0,0.0,0.0,0.0,0.0,0,0.0,0,0,disabled,disabled,True,wrong_key,-1,4,False,raw,0,0.0,0.0,trial:-1,4,False,disabled,0,0,False,raw,0,0.0,0.0,,0,False,disabled,False,raw,0.0,0.0,,,,,,,,False,0,0,0,0,0,0,0.0,0.0,0.814916999999582,1.3777079999925945,2.328207999994447,intervening_contexts,wrong_key_ablation,CRA,wrong_key_ablation,memory_ablation,MockSimulator,43,none,none,-1,0,0,internal,0.0,0.0,0.0,0.0,0,False,0,False,-1,1,0.1,0.2,8,8,0,raw,4,False
125,1000.0,8,8,0,8,0,0,11.582387610435175,11.582387610435175,11.582387610435175,0.0,0.0,0.14005464280749272,1.0,0.0,False,0,0,0,0,0,0.0,0.0,0.0,0.0,0.0,0,0.0,0,0,disabled,disabled,True,wrong_key,-1,4,False,raw,0,0.0,0.0,trial:-1,4,False,disabled,0,0,False,raw,0,0.0,0.0,,0,False,disabled,False,raw,0.0,0.0,,,,,,,,False,0,0,0,0,0,0,0.0,0.0,0.7942910000053871,1.4631250000007867,2.3931660000044985,intervening_contexts,wrong_key_ablation,CRA,wrong_key_ablation,memory_ablation,MockSimulator,43,none,none,-1,0,0,internal,0.0,0.0,0.0,0.0,0,False,0,False,-1,1,0.1,0.2,8,8,0,raw,4,False
126,1000.0,8,8,0,8,0,0,11.534532794984067,11.534532794984067,11.534532794984067,-0.006242867959212519,-0.0,0.13803785595106483,1.0,-0.006242867959212519,False,0,0,0,0,0,0.0,0.0,0.0,0.0,0.0,0,0.0,0,0,disabled,disabled,True,wrong_key,-1,4,False,raw,0,-0.0034999999999999996,-0.0034999999999999996,trial:1,4,False,disabled,0,0,False,raw,0,-0.0034999999999999996,-0.0034999999999999996,,0,False,disabled,False,raw,-0.0034999999999999996,-0.0034999999999999996,,,,,,,,False,0,0,0,0,0,0,0.0,0.0,0.8430830000065725,1.4681250000023738,2.4422910000083675,intervening_contexts,wrong_key_ablation,CRA,wrong_key_ablation,memory_ablation,MockSimulator,43,distractor,between_context_and_decision,1,0,0,internal,-0.0034999999999999996,-0.0034999999999999996,0.0,0.0,0,False,-1,False,-1,1,0.1,0.2,8,8,0,raw,4,False
127,1000.0,8,8,0,8,0,0,11.486916359043239,11.486916359043239,11.486916359043239,0.006242867959212519,0.0,0.13604571871177104,1.0,0.006242867959212519,False,0,0,0,0,0,0.0,0.0,0.0,0.0,0.0,0,0.0,0,0,disabled,disabled,True,wrong_key,-1,4,False,raw,0,0.0034999999999999996,0.0034999999999999996,trial:1,4,False,disabled,0,0,False,raw,0,0.0034999999999999996,0.0034999999999999996,,0,False,disabled,False,raw,0.0034999999999999996,0.0034999999999999996,,,,,,,,False,0,0,0,0,0,0,0.0,0.0,0.7967079999957605,1.4168330000075002,2.338249999993991,intervening_contexts,wrong_key_ablation,CRA,wrong_key_ablation,memory_ablation,MockSimulator,43,distractor,between_context_and_decision,1,0,0,internal,0.0034999999999999996,0.0034999999999999996,0.0,0.0,0,False,1,False,-1,1,0.1,0.2,8,8,0,raw,4,False
128,1000.0,8,8,0,8,0,0,11.439537113698846,11.439537113698846,11.439537113698846,0.0,0.0,0.1340780518196686,1.0,0.0,False,0,0,0,0,0,0.0,0.0,0.0,0.0,0.0,0,0.0,0,0,disabled,disabled,True,wrong_key,-1,4,False,raw,0,0.0,0.0,trial:-1,4,False,disabled,0,0,False,raw,0,0.0,0.0,,0,False,disabled,False,raw,0.0,0.0,,,,,,,,False,0,0,0,0,0,0,0.0,0.0,0.7920420000004924,1.4300410000060992,2.3462500000022146,intervening_contexts,wrong_key_ablation,CRA,wrong_key_ablation,memory_ablation,MockSimulator,43,none,none,-1,0,0,internal,0.0,0.0,0.0,0.0,0,False,0,False,-1,1,0.1,0.2,8,8,0,raw,4,False
129,1000.0,8,8,0,8,0,0,11.392393875966773,11.392393875966773,11.392393875966773,0.0,0.0,0.1321346733157655,1.0,0.0,False,0,0,0,0,0,0.0,0.0,0.0,0.0,0.0,0,0.0,0,0,disabled,disabled,True,wrong_key,-1,4,False,raw,0,0.0,0.0,trial:-1,4,False,disabled,0,0,False,raw,0,0.0,0.0,,0,False,disabled,False,raw,0.0,0.0,,,,,,,,False,0,0,0,0,0,0,0.0,0.0,0.7944169999944961,1.4425829999993312,2.3609579999970265,intervening_contexts,wrong_key_ablation,CRA,wrong_key_ablation,memory_ablation,MockSimulator,43,none,none,-1,0,0,internal,0.0,0.0,0.0,0.0,0,False,0,False,-1,1,0.1,0.2,8,8,0,raw,4,False
130,1000.0,8,8,0,8,0,0,11.345485468763062,11.345485468763062,11.345485468763062,-0.006242867959212519,-0.0,0.13021539873129068,1.0,-0.006242867959212519,False,0,0,0,0,0,0.0,0.0,0.0,0.0,0.0,0,0.0,0,0,disabled,disabled,True,wrong_key,-1,4,False,raw,0,-0.0034999999999999996,-0.0034999999999999996,trial:1,4,False,disabled,0,0,False,raw,0,-0.0034999999999999996,-0.0034999999999999996,,0,False,disabled,False,raw,-0.0034999999999999996,-0.0034999999999999996,,,,,,,,False,0,0,0,0,0,0,0.0,0.0,0.7933330000042815,1.438792000001854,2.3567089999971813,intervening_contexts,wrong_key_ablation,CRA,wrong_key_ablation,memory_ablation,MockSimulator,43,distractor,between_context_and_decision,1,0,0,internal,-0.0034999999999999996,-0.0034999999999999996,0.0,0.0,0,False,-1,False,-1,1,0.1,0.2,8,8,0,raw,4,False
131,1000.0,8,8,0,8,0,0,11.29881072087449,11.29881072087449,11.29881072087449,-0.006242867959212521,-0.0,0.12832004126086854,1.0,-0.006242867959212521,False,0,0,0,0,0,0.0,0.0,0.0,0.0,0.0,0,0.0,0,0,disabled,disabled,True,wrong_key,-1,4,False,raw,0,-0.0034999999999999996,-0.0034999999999999996,trial:1,4,False,disabled,0,0,False,raw,0,-0.0034999999999999996,-0.0034999999999999996,,0,False,disabled,False,raw,-0.0034999999999999996,-0.0034999999999999996,,,,,,,,False,0,0,0,0,0,0,0.0,0.0,0.7998749999984511,1.4492499999931852,2.3728750000060472,intervening_contexts,wrong_key_ablation,CRA,wrong_key_ablation,memory_ablation,MockSimulator,43,distractor,between_context_and_decision,1,0,0,internal,-0.0034999999999999996,-0.0034999999999999996,0.0,0.0,0,False,-1,False,-1,1,0.1,0.2,8,8,0,raw,4,False
132,1000.0,8,8,0,8,0,0,11.25236846692928,11.25236846692928,11.25236846692928,-0.006242867959212519,-0.0,0.1264484119297708,1.0,-0.006242867959212519,False,0,0,0,0,0,0.0,0.0,0.0,0.0,0.0,0,0.0,0,0,disabled,disabled,True,wrong_key,-1,4,False,raw,0,-0.0034999999999999996,-0.0034999999999999996,trial:1,4,False,disabled,0,0,False,raw,0,-0.0034999999999999996,-0.0034999999999999996,,0,False,disabled,False,raw,-0.0034999999999999996,-0.0034999999999999996,,,,,,,,False,0,0,0,0,0,0,0.0,0.0,0.7932920000115473,1.6265409999931535,2.543125000002533,intervening_contexts,wrong_key_ablation,CRA,wrong_key_ablation,memory_ablation,MockSimulator,43,distractor,between_context_and_decision,1,0,0,internal,-0.0034999999999999996,-0.0034999999999999996,0.0,0.0,0,False,-1,False,-1,1,0.1,0.2,8,8,0,raw,4,False
133,1000.0,8,8,0,8,0,0,11.20615754736797,11.20615754736797,11.20615754736797,0.0,0.0,0.12460031975541261,1.0,0.0,False,0,0,0,0,0,0.0,0.0,0.0,0.0,0.0,0,0.0,0,0,disabled,disabled,True,wrong_key,-1,4,False,raw,0,0.0,0.0,trial:-1,4,False,disabled,0,0,False,raw,0,0.0,0.0,,0,False,disabled,False,raw,0.0,0.0,,,,,,,,False,0,0,0,0,0,0,0.0,0.0,0.8117910000038364,1.529083999997738,2.471624999998312,intervening_contexts,wrong_key_ablation,CRA,wrong_key_ablation,memory_ablation,MockSimulator,43,none,none,-1,0,0,internal,0.0,0.0,0.0,0.0,0,False,0,False,-1,1,0.1,0.2,8,8,0,raw,4,False
134,1000.0,8,8,0,8,0,0,11.16017680841443,11.16017680841443,11.16017680841443,0.006242867959212519,0.0,0.12277557190325683,1.0,0.006242867959212519,False,0,0,0,0,0,0.0,0.0,0.0,0.0,0.0,0,0.0,0,0,disabled,disabled,True,wrong_key,-1,4,False,raw,0,0.0034999999999999996,0.0034999999999999996,trial:1,4,False,disabled,0,0,False,raw,0,0.0034999999999999996,0.0034999999999999996,,0,False,disabled,False,raw,0.0034999999999999996,0.0034999999999999996,,,,,,,,False,0,0,0,0,0,0,0.0,0.0,0.800791000003187,1.4955000000043128,2.4214160000042284,intervening_contexts,wrong_key_ablation,CRA,wrong_key_ablation,memory_ablation,MockSimulator,43,distractor,between_context_and_decision,1,0,0,internal,0.0034999999999999996,0.0034999999999999996,0.0,0.0,0,False,1,False,-1,1,0.1,0.2,8,8,0,raw,4,False
135,1000.0,8,8,0,8,0,0,11.114425102047008,11.114425102047008,11.114425102047008,0.0,0.0,0.12097397383728513,1.0,0.0,False,0,0,0,0,0,0.0,0.0,0.0,0.0,0.0,0,0.0,0,0,disabled,disabled,True,wrong_key,-1,4,False,raw,0,0.0,0.0,trial:-1,4,False,disabled,0,0,False,raw,0,0.0,0.0,,0,False,disabled,False,raw,0.0,0.0,,,,,,,,False,0,0,0,0,0,0,0.0,0.0,0.7913329999951202,1.490250000003357,2.405750000008311,intervening_contexts,wrong_key_ablation,CRA,wrong_key_ablation,memory_ablation,MockSimulator,43,none,none,-1,0,0,internal,0.0,0.0,0.0,0.0,0,False,0,False,-1,1,0.1,0.2,8,8,0,raw,4,False
136,1000.0,8,8,0,8,0,0,11.068901285969833,11.068901285969833,11.068901285969833,0.0,0.0,0.119195329465191,1.0,0.0,False,0,0,0,0,0,0.0,0.0,0.0,0.0,0.0,0,0.0,0,0,disabled,disabled,True,wrong_key,-1,4,False,raw,0,0.0,0.0,trial:-1,4,False,disabled,0,0,False,raw,0,0.0,0.0,,0,False,disabled,False,raw,0.0,0.0,,,,,,,,False,0,0,0,0,0,0,0.0,0.0,0.7968750000060254,1.4959169999997357,2.417833999999175,intervening_contexts,wrong_key_ablation,CRA,wrong_key_ablation,memory_ablation,MockSimulator,43,none,none,-1,0,0,internal,0.0,0.0,0.0,0.0,0,False,0,False,-1,1,0.1,0.2,8,8,0,raw,4,False
137,1000.0,8,8,0,8,0,0,11.02360422358426,11.02360422358426,11.02360422358426,0.0,0.0,0.11743944127844572,1.0,0.0,False,0,0,0,0,0,0.0,0.0,0.0,0.0,0.0,0,0.0,0,0,disabled,disabled,True,wrong_key,-1,4,False,raw,0,0.0,0.0,trial:-1,4,False,disabled,0,0,False,raw,0,0.0,0.0,,0,False,disabled,False,raw,0.0,0.0,,,,,,,,False,0,0,0,0,0,0,0.0,0.0,0.7938749999993888,1.500957999994057,2.422499999994443,intervening_contexts,wrong_key_ablation,CRA,wrong_key_ablation,memory_ablation,MockSimulator,43,none,none,-1,0,0,internal,0.0,0.0,0.0,0.0,0,False,0,False,-1,1,0.1,0.2,8,8,0,raw,4,False
138,1000.0,8,8,0,8,0,0,10.978532783960452,10.978532783960452,10.978532783960452,0.0,0.0,0.11570611048738416,1.0,0.0,False,0,0,0,0,0,0.0,0.0,0.0,0.0,0.0,0,0.0,0,0,disabled,disabled,True,wrong_key,-1,4,False,raw,0,0.0,0.0,trial:-1,4,False,disabled,0,0,False,raw,0,0.0,0.0,,0,False,disabled,False,raw,0.0,0.0,,,,,,,,False,0,0,0,0,0,0,0.0,0.0,0.794249999998442,1.5493749999961892,2.4668750000103046,intervening_contexts,wrong_key_ablation,CRA,wrong_key_ablation,memory_ablation,MockSimulator,43,none,none,-1,0,0,internal,0.0,0.0,0.0,0.0,0,False,0,False,-1,1,0.1,0.2,8,8,0,raw,4,False
139,1000.0,8,8,0,8,0,0,10.93368584180911,10.93368584180911,10.93368584180911,0.0,0.0,0.1139951371514537,1.0,0.0,False,0,0,0,0,0,0.0,0.0,0.0,0.0,0.0,0,0.0,0,0,disabled,disabled,True,wrong_key,-1,4,False,raw,0,0.0,0.0,trial:-1,4,False,disabled,0,0,False,raw,0,0.0,0.0,,0,False,disabled,False,raw,0.0,0.0,,,,,,,,False,0,0,0,0,0,0,0.0,0.0,0.8174999999965848,1.581290999993712,2.5317080000064607,intervening_contexts,wrong_key_ablation,CRA,wrong_key_ablation,memory_ablation,MockSimulator,43,none,none,-1,0,0,internal,0.0,0.0,0.0,0.0,0,False,0,False,-1,1,0.1,0.2,8,8,0,raw,4,False
140,1000.0,8,8,0,8,0,0,10.889062277453336,10.889062277453336,10.889062277453336,-0.006242867959212521,-0.0,0.11230632030476549,1.0,-0.006242867959212521,False,0,0,0,0,0,0.0,0.0,0.0,0.0,0.0,0,0.0,0,0,disabled,disabled,True,wrong_key,-1,4,False,raw,0,-0.0034999999999999996,-0.0034999999999999996,trial:1,4,False,disabled,0,0,False,raw,0,-0.0034999999999999996,-0.0034999999999999996,,0,False,disabled,False,raw,-0.0034999999999999996,-0.0034999999999999996,,,,,,,,False,0,0,0,0,0,0,0.0,0.0,0.796125000007919,1.5295000000037362,2.4493749999976444,intervening_contexts,wrong_key_ablation,CRA,wrong_key_ablation,memory_ablation,MockSimulator,43,distractor,between_context_and_decision,1,0,0,internal,-0.0034999999999999996,-0.0034999999999999996,0.0,0.0,0,False,-1,False,-1,1,0.1,0.2,8,8,0,raw,4,False
141,1000.0,8,8,0,8,0,0,10.844660976800643,10.844660976800643,10.844660976800643,0.0,0.0,0.11063945807708424,1.0,0.0,False,0,0,0,0,0,0.0,0.0,0.0,0.0,0.0,0,0.0,0,0,disabled,disabled,True,wrong_key,-1,4,False,raw,0,0.0,0.0,trial:-1,4,False,disabled,0,0,False,raw,0,0.0,0.0,,0,False,disabled,False,raw,0.0,0.0,,,,,,,,False,0,0,0,0,0,0,0.0,0.0,0.7957499999946549,1.5309169999966343,2.4499999999960664,intervening_contexts,wrong_key_ablation,CRA,wrong_key_ablation,memory_ablation,MockSimulator,43,none,none,-1,0,0,internal,0.0,0.0,0.0,0.0,0,False,0,False,-1,1,0.1,0.2,8,8,0,raw,4,False
142,1000.0,8,8,0,8,0,0,10.800480831315108,10.800480831315108,10.800480831315108,0.006242867959212519,0.0,0.10899434781038832,1.0,0.006242867959212519,False,0,0,0,0,0,0.0,0.0,0.0,0.0,0.0,0,0.0,0,0,disabled,disabled,True,wrong_key,-1,4,False,raw,0,0.0034999999999999996,0.0034999999999999996,trial:1,4,False,disabled,0,0,False,raw,0,0.0034999999999999996,0.0034999999999999996,,0,False,disabled,False,raw,0.0034999999999999996,0.0034999999999999996,,,,,,,,False,0,0,0,0,0,0,0.0,0.0,0.792709000009495,1.5459999999904994,2.4615410000023985,intervening_contexts,wrong_key_ablation,CRA,wrong_key_ablation,memory_ablation,MockSimulator,43,distractor,between_context_and_decision,1,0,0,internal,0.0034999999999999996,0.0034999999999999996,0.0,0.0,0,False,1,False,-1,1,0.1,0.2,8,8,0,raw,4,False
143,1000.0,8,8,0,8,0,0,10.756520737989648,10.756520737989648,10.756520737989648,0.006242867959212519,0.0,0.1073707861711294,1.0,0.006242867959212519,False,0,0,0,0,0,0.0,0.0,0.0,0.0,0.0,0,0.0,0,0,disabled,disabled,True,wrong_key,-1,4,False,raw,0,0.0034999999999999996,0.0034999999999999996,trial:1,4,False,disabled,0,0,False,raw,0,0.0034999999999999996,0.0034999999999999996,,0,False,disabled,False,raw,0.0034999999999999996,0.0034999999999999996,,,,,,,,False,0,0,0,0,0,0,0.0,0.0,0.7902079999979605,1.5440420000061295,2.4564999999938664,intervening_contexts,wrong_key_ablation,CRA,wrong_key_ablation,memory_ablation,MockSimulator,43,distractor,between_context_and_decision,1,0,0,internal,0.0034999999999999996,0.0034999999999999996,0.0,0.0,0,False,1,False,-1,1,0.1,0.2,8,8,0,raw,4,False
144,1000.0,8,8,0,8,0,0,10.712779599318454,10.712779599318454,10.712779599318454,0.008918262211015026,0.0,0.1057685692583167,1.0,0.008918262211015026,False,0,0,0,0,0,0.0,0.0,0.0,0.0,0.0,0,0.0,0,0,disabled,disabled,True,wrong_key,1,5,False,raw,0,0.005,0.005,intruder:144,4,False,disabled,0,0,False,raw,0,0.005,0.005,,0,False,disabled,False,raw,0.005,0.005,,,,,,,,False,0,0,0,0,0,0,0.0,0.0,0.7990000000006603,1.5574170000007825,2.480083999998328,intervening_contexts,wrong_key_ablation,CRA,wrong_key_ablation,memory_ablation,MockSimulator,43,context,interfering_context,1,1,0,internal,0.005,0.005,0.0,0.0,0,False,1,False,-1,1,0.1,0.2,8,8,0,raw,5,False
145,1000.0,8,8,0,8,0,0,10.669256323269549,10.669256323269549,10.669256323269549,0.0,0.0,0.10418749270754804,1.0,0.0,False,0,0,0,0,0,0.0,0.0,0.0,0.0,0.0,0,0.0,0,0,disabled,disabled,True,wrong_key,1,5,False,raw,0,0.0,0.0,trial:-1,4,False,disabled,0,0,False,raw,0,0.0,0.0,,0,False,disabled,False,raw,0.0,0.0,,,,,,,,False,0,0,0,0,0,0,0.0,0.0,0.832667000011611,1.6520409999998265,2.608292000005008,intervening_contexts,wrong_key_ablation,CRA,wrong_key_ablation,memory_ablation,MockSimulator,43,none,none,-1,0,0,internal,0.0,0.0,0.0,0.0,0,False,0,False,-1,1,0.1,0.2,8,8,0,raw,5,False
146,1000.0,8,8,0,8,0,0,10.625949823257487,10.625949823257487,10.625949823257487,0.006242867959212519,0.0,0.1026273517911068,1.0,0.006242867959212519,False,0,0,0,0,0,0.0,0.0,0.0,0.0,0.0,0,0.0,0,0,disabled,disabled,True,wrong_key,1,5,False,raw,0,0.0034999999999999996,0.0034999999999999996,trial:1,4,False,disabled,0,0,False,raw,0,0.0034999999999999996,0.0034999999999999996,,0,False,disabled,False,raw,0.0034999999999999996,0.0034999999999999996,,,,,,,,False,0,0,0,0,0,0,0.0,0.0,0.8035000000035097,1.5815419999967162,2.5139170000016975,intervening_contexts,wrong_key_ablation,CRA,wrong_key_ablation,memory_ablation,MockSimulator,43,distractor,between_context_and_decision,1,0,0,internal,0.0034999999999999996,0.0034999999999999996,0.0,0.0,0,False,1,False,-1,1,0.1,0.2,8,8,0,raw,5,False
147,1000.0,8,8,0,8,0,0,10.582859018116192,10.582859018116192,10.582859018116192,0.0,0.0,0.10108794151424019,1.0,0.0,False,0,0,0,0,0,0.0,0.0,0.0,0.0,0.0,0,0.0,0,0,disabled,disabled,True,wrong_key,1,5,False,raw,0,0.0,0.0,trial:-1,4,False,disabled,0,0,False,raw,0,0.0,0.0,,0,False,disabled,False,raw,0.0,0.0,,,,,,,,False,0,0,0,0,0,0,0.0,0.0,0.7984160000091833,1.5817089999927703,2.5053340000056323,intervening_contexts,wrong_key_ablation,CRA,wrong_key_ablation,memory_ablation,MockSimulator,43,none,none,-1,0,0,internal,0.0,0.0,0.0,0.0,0,False,0,False,-1,1,0.1,0.2,8,8,0,raw,5,False
148,1000.0,8,8,0,8,0,0,10.53998283207192,10.53998283207192,10.53998283207192,0.006242867959212519,0.0,0.0995690567077318,1.0,0.006242867959212519,False,0,0,0,0,0,0.0,0.0,0.0,0.0,0.0,0,0.0,0,0,disabled,disabled,True,wrong_key,1,5,False,raw,0,0.0034999999999999996,0.0034999999999999996,trial:1,4,False,disabled,0,0,False,raw,0,0.0034999999999999996,0.0034999999999999996,,0,False,disabled,False,raw,0.0034999999999999996,0.0034999999999999996,,,,,,,,False,0,0,0,0,0,0,0.0,0.0,0.792375000003176,1.6052919999935966,2.520582999991916,intervening_contexts,wrong_key_ablation,CRA,wrong_key_ablation,memory_ablation,MockSimulator,43,distractor,between_context_and_decision,1,0,0,internal,0.0034999999999999996,0.0034999999999999996,0.0,0.0,0,False,1,False,-1,1,0.1,0.2,8,8,0,raw,5,False
149,1000.0,8,8,0,8,0,0,10.497320194716378,10.497320194716378,10.497320194716378,0.0,0.0,0.09807049211687807,1.0,0.0,False,0,0,0,0,0,0.0,0.0,0.0,0.0,0.0,0,0.0,0,0,disabled,disabled,True,wrong_key,1,5,False,raw,0,0.0,0.0,trial:-1,4,False,disabled,0,0,False,raw,0,0.0,0.0,,0,False,disabled,False,raw,0.0,0.0,,,,,,,,False,0,0,0,0,0,0,0.0,0.0,0.7961249999937081,1.5946250000098416,2.515750000000594,intervening_contexts,wrong_key_ablation,CRA,wrong_key_ablation,memory_ablation,MockSimulator,43,none,none,-1,0,0,internal,0.0,0.0,0.0,0.0,0,False,0,False,-1,1,0.1,0.2,8,8,0,raw,5,False
150,1000.0,8,8,0,8,0,0,10.454870040979952,10.454870040979952,10.454870040979952,0.0,0.0,0.0965920424869754,1.0,0.0,False,0,0,0,0,0,0.0,0.0,0.0,0.0,0.0,0,0.0,0,0,disabled,disabled,True,wrong_key,1,5,False,raw,0,0.0,0.0,trial:-1,4,False,disabled,0,0,False,raw,0,0.0,0.0,,0,False,disabled,False,raw,0.0,0.0,,,,,,,,False,0,0,0,0,0,0,0.0,0.0,0.7969159999987596,1.6015839999994341,2.521708999992711,intervening_contexts,wrong_key_ablation,CRA,wrong_key_ablation,memory_ablation,MockSimulator,43,none,none,-1,0,0,internal,0.0,0.0,0.0,0.0,0,False,0,False,-1,1,0.1,0.2,8,8,0,raw,5,False
151,1000.0,8,8,0,8,0,0,10.412631311105086,10.412631311105086,10.412631311105086,-0.006242867959212521,-0.0,0.09513350264542207,1.0,-0.006242867959212521,False,0,0,0,0,0,0.0,0.0,0.0,0.0,0.0,0,0.0,0,0,disabled,disabled,True,wrong_key,1,5,False,raw,0,-0.0034999999999999996,-0.0034999999999999996,trial:1,4,False,disabled,0,0,False,raw,0,-0.0034999999999999996,-0.0034999999999999996,,0,False,disabled,False,raw,-0.0034999999999999996,-0.0034999999999999996,,,,,,,,False,0,0,0,0,0,0,0.0,0.0,0.7942919999948117,1.7877909999981512,2.7044170000039003,intervening_contexts,wrong_key_ablation,CRA,wrong_key_ablation,memory_ablation,MockSimulator,43,distractor,between_context_and_decision,1,0,0,internal,-0.0034999999999999996,-0.0034999999999999996,0.0,0.0,0,False,-1,False,-1,1,0.1,0.2,8,8,0,raw,5,False
152,1000.0,8,8,0,8,0,0,10.370602950619785,10.370602950619785,10.370602950619785,-0.006242867959212521,-0.0,0.09369466758053609,1.0,-0.006242867959212521,False,0,0,0,0,0,0.0,0.0,0.0,0.0,0.0,0,0.0,0,0,disabled,disabled,True,wrong_key,1,5,False,raw,0,-0.0034999999999999996,-0.0034999999999999996,trial:1,4,False,disabled,0,0,False,raw,0,-0.0034999999999999996,-0.0034999999999999996,,0,False,disabled,False,raw,-0.0034999999999999996,-0.0034999999999999996,,,,,,,,False,0,0,0,0,0,0,0.0,0.0,0.8174169999932701,1.6655000000014297,2.6119590000064363,intervening_contexts,wrong_key_ablation,CRA,wrong_key_ablation,memory_ablation,MockSimulator,43,distractor,between_context_and_decision,1,0,0,internal,-0.0034999999999999996,-0.0034999999999999996,0.0,0.0,0,False,-1,False,-1,1,0.1,0.2,8,8,0,raw,5,False
153,1000.0,8,8,0,8,0,0,10.328783910311257,10.328783910311257,10.328783910311257,0.0,0.0,0.09227533251718736,1.0,0.0,False,0,0,0,0,0,0.0,0.0,0.0,0.0,0.0,0,0.0,0,0,disabled,disabled,True,wrong_key,1,5,False,raw,0,0.0,0.0,trial:-1,4,False,disabled,0,0,False,raw,0,0.0,0.0,,0,False,disabled,False,raw,0.0,0.0,,,,,,,,False,0,0,0,0,0,0,0.0,0.0,0.8003749999971888,1.6496249999988777,2.5764170000002196,intervening_contexts,wrong_key_ablation,CRA,wrong_key_ablation,memory_ablation,MockSimulator,43,none,none,-1,0,0,internal,0.0,0.0,0.0,0.0,0,False,0,False,-1,1,0.1,0.2,8,8,0,raw,5,False
154,1000.0,8,8,0,8,0,0,10.28717314619968,10.28717314619968,10.28717314619968,-0.00624286795921252,-0.0,0.09087529298934038,1.0,-0.00624286795921252,False,0,0,0,0,0,0.0,0.0,0.0,0.0,0.0,0,0.0,0,0,disabled,disabled,True,wrong_key,1,5,False,raw,0,-0.0034999999999999996,-0.0034999999999999996,trial:1,4,False,disabled,0,0,False,raw,0,-0.0034999999999999996,-0.0034999999999999996,,0,False,disabled,False,raw,-0.0034999999999999996,-0.0034999999999999996,,,,,,,,False,0,0,0,0,0,0,0.0,0.0,0.8043750000013006,1.6379580000034366,2.569708000009996,intervening_contexts,wrong_key_ablation,CRA,wrong_key_ablation,memory_ablation,MockSimulator,43,distractor,between_context_and_decision,1,0,0,internal,-0.0034999999999999996,-0.0034999999999999996,0.0,0.0,0,False,-1,False,-1,1,0.1,0.2,8,8,0,raw,5,False
155,1000.0,8,8,0,8,0,0,10.2457696195121,10.2457696195121,10.2457696195121,-0.006242867959212519,-0.0,0.08949434490960041,1.0,-0.006242867959212519,False,0,0,0,0,0,0.0,0.0,0.0,0.0,0.0,0,0.0,0,0,disabled,disabled,True,wrong_key,1,5,False,raw,0,-0.0034999999999999996,-0.0034999999999999996,trial:1,4,False,disabled,0,0,False,raw,0,-0.0034999999999999996,-0.0034999999999999996,,0,False,disabled,False,raw,-0.0034999999999999996,-0.0034999999999999996,,,,,,,,False,0,0,0,0,0,0,0.0,0.0,0.8042500000016162,1.6437499999994998,2.5717920000118966,intervening_contexts,wrong_key_ablation,CRA,wrong_key_ablation,memory_ablation,MockSimulator,43,distractor,between_context_and_decision,1,0,0,internal,-0.0034999999999999996,-0.0034999999999999996,0.0,0.0,0,False,-1,False,-1,1,0.1,0.2,8,8,0,raw,5,False
156,1000.0,8,8,0,8,0,0,10.204572296656469,10.204572296656469,10.204572296656469,-0.006242867959212519,-0.0,0.08813228463585429,1.0,-0.006242867959212519,False,0,0,0,0,0,0.0,0.0,0.0,0.0,0.0,0,0.0,0,0,disabled,disabled,True,wrong_key,1,5,False,raw,0,-0.0034999999999999996,-0.0034999999999999996,trial:1,4,False,disabled,0,0,False,raw,0,-0.0034999999999999996,-0.0034999999999999996,,0,False,disabled,False,raw,-0.0034999999999999996,-0.0034999999999999996,,,,,,,,False,0,0,0,0,0,0,0.0,0.0,0.7958749999943393,1.6640829999943207,2.5842080000018086,intervening_contexts,wrong_key_ablation,CRA,wrong_key_ablation,memory_ablation,MockSimulator,43,distractor,between_context_and_decision,1,0,0,internal,-0.0034999999999999996,-0.0034999999999999996,0.0,0.0,0,False,-1,False,-1,1,0.1,0.2,8,8,0,raw,5,False
157,1000.0,8,8,0,8,0,0,10.163580149195795,10.163580149195795,10.163580149195795,0.0,0.0,0.08678890903509419,1.0,0.0,False,0,0,0,0,0,0.0,0.0,0.0,0.0,0.0,0,0.0,0,0,disabled,disabled,True,wrong_key,1,5,False,raw,0,0.0,0.0,trial:-1,4,False,disabled,0,0,False,raw,0,0.0,0.0,,0,False,disabled,False,raw,0.0,0.0,,,,,,,,False,0,0,0,0,0,0,0.0,0.0,0.7971670000017639,1.7916249999956335,2.712500000001228,intervening_contexts,wrong_key_ablation,CRA,wrong_key_ablation,memory_ablation,MockSimulator,43,none,none,-1,0,0,internal,0.0,0.0,0.0,0.0,0,False,0,False,-1,1,0.1,0.2,8,8,0,raw,5,False
158,1000.0,8,8,0,8,0,0,10.122792153822441,10.122792153822441,10.122792153822441,-0.006242867959212519,-0.0,0.08546401554451014,1.0,-0.006242867959212519,False,0,0,0,0,0,0.0,0.0,0.0,0.0,0.0,0,0.0,0,0,disabled,disabled,True,wrong_key,1,5,False,raw,0,-0.0034999999999999996,-0.0034999999999999996,trial:1,4,False,disabled,0,0,False,raw,0,-0.0034999999999999996,-0.0034999999999999996,,0,False,disabled,False,raw,-0.0034999999999999996,-0.0034999999999999996,,,,,,,,False,0,0,0,0,0,0,0.0,0.0,0.8036250000031941,1.675083000009181,2.6053330000053165,intervening_contexts,wrong_key_ablation,CRA,wrong_key_ablation,memory_ablation,MockSimulator,43,distractor,between_context_and_decision,1,0,0,internal,-0.0034999999999999996,-0.0034999999999999996,0.0,0.0,0,False,-1,False,-1,1,0.1,0.2,8,8,0,raw,5,False
159,1000.0,8,8,0,8,0,0,10.08220729233254,10.08220729233254,10.08220729233254,0.006242867959212519,0.0,0.08415740222993541,1.0,0.006242867959212519,False,0,0,0,0,0,0.0,0.0,0.0,0.0,0.0,0,0.0,0,0,disabled,disabled,True,wrong_key,1,5,False,raw,0,0.0034999999999999996,0.0034999999999999996,trial:1,4,False,disabled,0,0,False,raw,0,0.0034999999999999996,0.0034999999999999996,,0,False,disabled,False,raw,0.0034999999999999996,0.0034999999999999996,,,,,,,,False,0,0,0,0,0,0,0.0,0.0,0.8005420000074537,1.693957999989948,2.6195830000119713,intervening_contexts,wrong_key_ablation,CRA,wrong_key_ablation,memory_ablation,MockSimulator,43,distractor,between_context_and_decision,1,0,0,internal,0.0034999999999999996,0.0034999999999999996,0.0,0.0,0,False,1,False,-1,1,0.1,0.2,8,8,0,raw,5,False
160,1000.0,8,8,0,8,0,0,10.041824551600532,10.041824551600532,10.041824551600532,0.006242867959212521,0.0,0.08286886784172587,1.0,0.006242867959212521,False,0,0,0,0,0,0.0,0.0,0.0,0.0,0.0,0,0.0,0,0,disabled,disabled,True,wrong_key,1,5,False,raw,0,0.0034999999999999996,0.0034999999999999996,trial:1,4,False,disabled,0,0,False,raw,0,0.0034999999999999996,0.0034999999999999996,,0,False,disabled,False,raw,0.0034999999999999996,0.0034999999999999996,,,,,,,,False,0,0,0,0,0,0,0.0,0.0,0.7965409999997064,1.6787090000036642,2.598833999996941,intervening_contexts,wrong_key_ablation,CRA,wrong_key_ablation,memory_ablation,MockSimulator,43,distractor,between_context_and_decision,1,0,0,internal,0.0034999999999999996,0.0034999999999999996,0.0,0.0,0,False,1,False,-1,1,0.1,0.2,8,8,0,raw,5,False
161,1000.0,8,8,0,8,0,0,10.001642923553842,10.001642923553842,10.001642923553842,-0.006242867959212521,-0.0,0.08159821186815273,1.0,-0.006242867959212521,False,0,0,0,0,0,0.0,0.0,0.0,0.0,0.0,0,0.0,0,0,disabled,disabled,True,wrong_key,1,5,False,raw,0,-0.0034999999999999996,-0.0034999999999999996,trial:1,4,False,disabled,0,0,False,raw,0,-0.0034999999999999996,-0.0034999999999999996,,0,False,disabled,False,raw,-0.0034999999999999996,-0.0034999999999999996,,,,,,,,False,0,0,0,0,0,0,0.0,0.0,0.7998749999984511,1.6924170000010008,2.61650000000202,intervening_contexts,wrong_key_ablation,CRA,wrong_key_ablation,memory_ablation,MockSimulator,43,distractor,between_context_and_decision,1,0,0,internal,-0.0034999999999999996,-0.0034999999999999996,0.0,0.0,0,False,-1,False,-1,1,0.1,0.2,8,8,0,raw,5,False
162,1000.0,8,8,0,8,0,0,9.961661405147682,9.961661405147682,9.961661405147682,0.006242867959212519,0.0,0.08034523458638583,1.0,0.006242867959212519,False,0,0,0,0,0,0.0,0.0,0.0,0.0,0.0,0,0.0,0,0,disabled,disabled,True,wrong_key,1,5,False,raw,0,0.0034999999999999996,0.0034999999999999996,trial:1,4,False,disabled,0,0,False,raw,0,0.0034999999999999996,0.0034999999999999996,,0,False,disabled,False,raw,0.0034999999999999996,0.0034999999999999996,,,,,,,,False,0,0,0,0,0,0,0.0,0.0,0.7966659999993908,1.6979999999904294,2.6193749999947613,intervening_contexts,wrong_key_ablation,CRA,wrong_key_ablation,memory_ablation,MockSimulator,43,distractor,between_context_and_decision,1,0,0,internal,0.0034999999999999996,0.0034999999999999996,0.0,0.0,0,False,1,False,-1,1,0.1,0.2,8,8,0,raw,5,False
163,1000.0,8,8,0,8,0,0,9.921878998339967,9.921878998339967,9.921878998339967,0.006242867959212519,0.0,0.07910973711114234,1.0,0.006242867959212519,False,0,0,0,0,0,0.0,0.0,0.0,0.0,0.0,0,0.0,0,0,disabled,disabled,True,wrong_key,1,5,False,raw,0,0.0034999999999999996,0.0034999999999999996,trial:1,4,False,disabled,0,0,False,raw,0,0.0034999999999999996,0.0034999999999999996,,0,False,disabled,False,raw,0.0034999999999999996,0.0034999999999999996,,,,,,,,False,0,0,0,0,0,0,0.0,0.0,0.7992500000000291,1.8255410000023176,2.7481250000107593,intervening_contexts,wrong_key_ablation,CRA,wrong_key_ablation,memory_ablation,MockSimulator,43,distractor,between_context_and_decision,1,0,0,internal,0.0034999999999999996,0.0034999999999999996,0.0,0.0,0,False,1,False,-1,1,0.1,0.2,8,8,0,raw,5,False
164,1000.0,8,8,0,8,0,0,9.882294710066368,9.882294710066368,9.882294710066368,-0.006242867959212519,-0.0,0.07789152144107404,1.0,-0.006242867959212519,False,0,0,0,0,0,0.0,0.0,0.0,0.0,0.0,0,0.0,0,0,disabled,disabled,True,wrong_key,1,5,False,raw,0,-0.0034999999999999996,-0.0034999999999999996,trial:1,4,False,disabled,0,0,False,raw,0,-0.0034999999999999996,-0.0034999999999999996,,0,False,disabled,False,raw,-0.0034999999999999996,-0.0034999999999999996,,,,,,,,False,0,0,0,0,0,0,0.0,0.0,0.8122920000062095,1.7392909999927042,2.6798330000019632,intervening_contexts,wrong_key_ablation,CRA,wrong_key_ablation,memory_ablation,MockSimulator,43,distractor,between_context_and_decision,1,0,0,internal,-0.0034999999999999996,-0.0034999999999999996,0.0,0.0,0,False,-1,False,-1,1,0.1,0.2,8,8,0,raw,5,False
165,1000.0,8,8,0,8,0,0,9.842907552215488,9.842907552215488,9.842907552215488,0.0,0.0,0.07669039050296401,1.0,0.0,False,0,0,0,0,0,0.0,0.0,0.0,0.0,0.0,0,0.0,0,0,disabled,disabled,True,wrong_key,1,5,False,raw,0,0.0,0.0,trial:-1,4,False,disabled,0,0,False,raw,0,0.0,0.0,,0,False,disabled,False,raw,0.0,0.0,,,,,,,,False,0,0,0,0,0,0,0.0,0.0,0.7973329999941825,1.7227500000132068,2.644083000006958,intervening_contexts,wrong_key_ablation,CRA,wrong_key_ablation,memory_ablation,MockSimulator,43,none,none,-1,0,0,internal,0.0,0.0,0.0,0.0,0,False,0,False,-1,1,0.1,0.2,8,8,0,raw,5,False
166,1000.0,8,8,0,8,0,0,9.803716541604151,9.803716541604151,9.803716541604151,0.0,0.0,0.07550614819380197,1.0,0.0,False,0,0,0,0,0,0.0,0.0,0.0,0.0,0.0,0,0.0,0,0,disabled,disabled,True,wrong_key,1,5,False,raw,0,0.0,0.0,trial:-1,4,False,disabled,0,0,False,raw,0,0.0,0.0,,0,False,disabled,False,raw,0.0,0.0,,,,,,,,False,0,0,0,0,0,0,0.0,0.0,0.7995419999957676,1.7268750000027921,2.6499579999921252,intervening_contexts,wrong_key_ablation,CRA,wrong_key_ablation,memory_ablation,MockSimulator,43,none,none,-1,0,0,internal,0.0,0.0,0.0,0.0,0,False,0,False,-1,1,0.1,0.2,8,8,0,raw,5,False
167,1000.0,8,8,0,8,0,0,9.76472069995283,9.76472069995283,9.76472069995283,-0.006242867959212521,-0.0,0.07433859942080522,1.0,-0.006242867959212521,False,0,0,0,0,0,0.0,0.0,0.0,0.0,0.0,0,0.0,0,0,disabled,disabled,True,wrong_key,1,5,False,raw,0,-0.0034999999999999996,-0.0034999999999999996,trial:1,4,False,disabled,0,0,False,raw,0,-0.0034999999999999996,-0.0034999999999999996,,0,False,disabled,False,raw,-0.0034999999999999996,-0.0034999999999999996,,,,,,,,False,0,0,0,0,0,0,0.0,0.0,0.8004999999968732,1.7407920000067634,2.663749999996412,intervening_contexts,wrong_key_ablation,CRA,wrong_key_ablation,memory_ablation,MockSimulator,43,distractor,between_context_and_decision,1,0,0,internal,-0.0034999999999999996,-0.0034999999999999996,0.0,0.0,0,False,-1,False,-1,1,0.1,0.2,8,8,0,raw,5,False
168,1000.0,8,8,0,8,0,0,9.725919053861185,9.725919053861185,9.725919053861185,-0.008918262211015026,-0.0,0.0731875501394508,1.0,-0.008918262211015026,False,0,0,0,0,0,0.0,0.0,0.0,0.0,0.0,0,0.0,0,0,disabled,disabled,True,wrong_key,-1,6,False,raw,0,-0.005,-0.005,intruder:168,4,False,disabled,0,0,False,raw,0,-0.005,-0.005,,0,False,disabled,False,raw,-0.005,-0.005,,,,,,,,False,0,0,0,0,0,0,0.0,0.0,0.7933750000006512,1.745499999998401,2.662874999998621,intervening_contexts,wrong_key_ablation,CRA,wrong_key_ablation,memory_ablation,MockSimulator,43,context,interfering_context,1,-1,0,internal,-0.005,-0.005,0.0,0.0,0,False,-1,False,-1,1,0.1,0.2,8,8,0,raw,6,False
169,1000.0,8,8,0,8,0,0,9.687310634783735,9.687310634783735,9.687310634783735,0.006242867959212519,0.0,0.07205280738958225,1.0,0.006242867959212519,False,0,0,0,0,0,0.0,0.0,0.0,0.0,0.0,0,0.0,0,0,disabled,disabled,True,wrong_key,-1,6,False,raw,0,0.0034999999999999996,0.0034999999999999996,trial:1,4,False,disabled,0,0,False,raw,0,0.0034999999999999996,0.0034999999999999996,,0,False,disabled,False,raw,0.0034999999999999996,0.0034999999999999996,,,,,,,,False,0,0,0,0,0,0,0.0,0.0,0.7967499999921301,1.9297910000091179,2.8509579999962398,intervening_contexts,wrong_key_ablation,CRA,wrong_key_ablation,memory_ablation,MockSimulator,43,distractor,between_context_and_decision,1,0,0,internal,0.0034999999999999996,0.0034999999999999996,0.0,0.0,0,False,1,False,-1,1,0.1,0.2,8,8,0,raw,6,False
170,1000.0,8,8,0,8,0,0,9.648894479005632,9.648894479005632,9.648894479005632,0.006242867959212521,0.0,0.07093417932965267,1.0,0.006242867959212521,False,0,0,0,0,0,0.0,0.0,0.0,0.0,0.0,0,0.0,0,0,disabled,disabled,True,wrong_key,-1,6,False,raw,0,0.0034999999999999996,0.0034999999999999996,trial:1,4,False,disabled,0,0,False,raw,0,0.0034999999999999996,0.0034999999999999996,,0,False,disabled,False,raw,0.0034999999999999996,0.0034999999999999996,,,,,,,,False,0,0,0,0,0,0,0.0,0.0,0.8575829999983853,1.786834000000681,2.7734580000071674,intervening_contexts,wrong_key_ablation,CRA,wrong_key_ablation,memory_ablation,MockSimulator,43,distractor,between_context_and_decision,1,0,0,internal,0.0034999999999999996,0.0034999999999999996,0.0,0.0,0,False,1,False,-1,1,0.1,0.2,8,8,0,raw,6,False
171,1000.0,8,8,0,8,0,0,9.610669627618583,9.610669627618583,9.610669627618583,0.006242867959212519,0.0,0.06983147526916443,1.0,0.006242867959212519,False,0,0,0,0,0,0.0,0.0,0.0,0.0,0.0,0,0.0,0,0,disabled,disabled,True,wrong_key,-1,6,False,raw,0,0.0034999999999999996,0.0034999999999999996,trial:1,4,False,disabled,0,0,False,raw,0,0.0034999999999999996,0.0034999999999999996,,0,False,disabled,False,raw,0.0034999999999999996,0.0034999999999999996,,,,,,,,False,0,0,0,0,0,0,0.0,0.0,0.7949169999932337,1.7735410000057072,2.691917000007038,intervening_contexts,wrong_key_ablation,CRA,wrong_key_ablation,memory_ablation,MockSimulator,43,distractor,between_context_and_decision,1,0,0,internal,0.0034999999999999996,0.0034999999999999996,0.0,0.0,0,False,1,False,-1,1,0.1,0.2,8,8,0,raw,6,False
172,1000.0,8,8,0,8,0,0,9.572635126496865,9.572635126496865,9.572635126496865,-0.00624286795921252,-0.0,0.06874450569936387,1.0,-0.00624286795921252,False,0,0,0,0,0,0.0,0.0,0.0,0.0,0.0,0,0.0,0,0,disabled,disabled,True,wrong_key,-1,6,False,raw,0,-0.0034999999999999996,-0.0034999999999999996,trial:1,4,False,disabled,0,0,False,raw,0,-0.0034999999999999996,-0.0034999999999999996,,0,False,disabled,False,raw,-0.0034999999999999996,-0.0034999999999999996,,,,,,,,False,0,0,0,0,0,0,0.0,0.0,0.7977920000001859,1.774750000009817,2.696709000005626,intervening_contexts,wrong_key_ablation,CRA,wrong_key_ablation,memory_ablation,MockSimulator,43,distractor,between_context_and_decision,1,0,0,internal,-0.0034999999999999996,-0.0034999999999999996,0.0,0.0,0,False,-1,False,-1,1,0.1,0.2,8,8,0,raw,6,False
173,1000.0,8,8,0,8,0,0,9.534790026273479,9.534790026273479,9.534790026273479,-0.006242867959212519,-0.0,0.06767308232224765,1.0,-0.006242867959212519,False,0,0,0,0,0,0.0,0.0,0.0,0.0,0.0,0,0.0,0,0,disabled,disabled,True,wrong_key,-1,6,False,raw,0,-0.0034999999999999996,-0.0034999999999999996,trial:1,4,False,disabled,0,0,False,raw,0,-0.0034999999999999996,-0.0034999999999999996,,0,False,disabled,False,raw,-0.0034999999999999996,-0.0034999999999999996,,,,,,,,False,0,0,0,0,0,0,0.0,0.0,0.7977500000038162,1.777042000000506,2.698667000004207,intervening_contexts,wrong_key_ablation,CRA,wrong_key_ablation,memory_ablation,MockSimulator,43,distractor,between_context_and_decision,1,0,0,internal,-0.0034999999999999996,-0.0034999999999999996,0.0,0.0,0,False,-1,False,-1,1,0.1,0.2,8,8,0,raw,6,False
174,1000.0,8,8,0,8,0,0,9.497133382316413,9.497133382316413,9.497133382316413,0.0,0.0,0.06661701807793635,1.0,0.0,False,0,0,0,0,0,0.0,0.0,0.0,0.0,0.0,0,0.0,0,0,disabled,disabled,True,wrong_key,-1,6,False,raw,0,0.0,0.0,trial:-1,4,False,disabled,0,0,False,raw,0,0.0,0.0,,0,False,disabled,False,raw,0.0,0.0,,,,,,,,False,0,0,0,0,0,0,0.0,0.0,0.8036250000031941,1.7797499999971933,2.7065000000021655,intervening_contexts,wrong_key_ablation,CRA,wrong_key_ablation,memory_ablation,MockSimulator,43,none,none,-1,0,0,internal,0.0,0.0,0.0,0.0,0,False,0,False,-1,1,0.1,0.2,8,8,0,raw,6,False
175,1000.0,8,8,0,8,0,0,9.459664254705027,9.459664254705027,9.459664254705027,0.0,0.0,0.0655761271704686,1.0,0.0,False,0,0,0,0,0,0.0,0.0,0.0,0.0,0.0,0,0.0,0,0,disabled,disabled,True,wrong_key,-1,6,False,raw,0,0.0,0.0,trial:-1,4,False,disabled,0,0,False,raw,0,0.0,0.0,,0,False,disabled,False,raw,0.0,0.0,,,,,,,,False,0,0,0,0,0,0,0.0,0.0,0.8184999999940601,1.976749999997196,2.920041999999512,intervening_contexts,wrong_key_ablation,CRA,wrong_key_ablation,memory_ablation,MockSimulator,43,none,none,-1,0,0,internal,0.0,0.0,0.0,0.0,0,False,0,False,-1,1,0.1,0.2,8,8,0,raw,6,False
176,1000.0,8,8,0,8,0,0,9.42238170820655,9.42238170820655,9.42238170820655,-0.006242867959212519,-0.0,0.06455022509206838,1.0,-0.006242867959212519,False,0,0,0,0,0,0.0,0.0,0.0,0.0,0.0,0,0.0,0,0,disabled,disabled,True,wrong_key,-1,6,False,raw,0,-0.0034999999999999996,-0.0034999999999999996,trial:1,4,False,disabled,0,0,False,raw,0,-0.0034999999999999996,-0.0034999999999999996,,0,False,disabled,False,raw,-0.0034999999999999996,-0.0034999999999999996,,,,,,,,False,0,0,0,0,0,0,0.0,0.0,0.8049159999927724,1.8458340000080398,2.7795000000025993,intervening_contexts,wrong_key_ablation,CRA,wrong_key_ablation,memory_ablation,MockSimulator,43,distractor,between_context_and_decision,1,0,0,internal,-0.0034999999999999996,-0.0034999999999999996,0.0,0.0,0,False,-1,False,-1,1,0.1,0.2,8,8,0,raw,6,False
177,1000.0,8,8,0,8,0,0,9.385284812252712,9.385284812252712,9.385284812252712,0.0,0.0,0.06353912864593599,1.0,0.0,False,0,0,0,0,0,0.0,0.0,0.0,0.0,0.0,0,0.0,0,0,disabled,disabled,True,wrong_key,-1,6,False,raw,0,0.0,0.0,trial:-1,4,False,disabled,0,0,False,raw,0,0.0,0.0,,0,False,disabled,False,raw,0.0,0.0,,,,,,,,False,0,0,0,0,0,0,0.0,0.0,0.7936660000069651,1.828916999997432,2.7482920000068134,intervening_contexts,wrong_key_ablation,CRA,wrong_key_ablation,memory_ablation,MockSimulator,43,none,none,-1,0,0,internal,0.0,0.0,0.0,0.0,0,False,0,False,-1,1,0.1,0.2,8,8,0,raw,6,False
178,1000.0,8,8,0,8,0,0,9.348372640916464,9.348372640916464,9.348372640916464,0.0,0.0,0.06254265596761206,1.0,0.0,False,0,0,0,0,0,0.0,0.0,0.0,0.0,0.0,0,0.0,0,0,disabled,disabled,True,wrong_key,-1,6,False,raw,0,0.0,0.0,trial:-1,4,False,disabled,0,0,False,raw,0,0.0,0.0,,0,False,disabled,False,raw,0.0,0.0,,,,,,,,False,0,0,0,0,0,0,0.0,0.0,0.7963749999930769,1.831584000001385,2.754041999992296,intervening_contexts,wrong_key_ablation,CRA,wrong_key_ablation,memory_ablation,MockSimulator,43,none,none,-1,0,0,internal,0.0,0.0,0.0,0.0,0,False,0,False,-1,1,0.1,0.2,8,8,0,raw,6,False
179,1000.0,8,8,0,8,0,0,9.31164427288884,9.31164427288884,9.31164427288884,0.0,0.0,0.061560626544962714,1.0,0.0,False,0,0,0,0,0,0.0,0.0,0.0,0.0,0.0,0,0.0,0,0,disabled,disabled,True,wrong_key,-1,6,False,raw,0,0.0,0.0,trial:-1,4,False,disabled,0,0,False,raw,0,0.0,0.0,,0,False,disabled,False,raw,0.0,0.0,,,,,,,,False,0,0,0,0,0,0,0.0,0.0,0.7970829999948137,1.8518749999998363,2.7723749999921665,intervening_contexts,wrong_key_ablation,CRA,wrong_key_ablation,memory_ablation,MockSimulator,43,none,none,-1,0,0,internal,0.0,0.0,0.0,0.0,0,False,0,False,-1,1,0.1,0.2,8,8,0,raw,6,False
180,1000.0,8,8,0,8,0,0,9.275098791455921,9.275098791455921,9.275098791455921,0.0,0.0,0.060592861236832295,1.0,0.0,False,0,0,0,0,0,0.0,0.0,0.0,0.0,0.0,0,0.0,0,0,disabled,disabled,True,wrong_key,-1,6,False,raw,0,0.0,0.0,trial:-1,4,False,disabled,0,0,False,raw,0,0.0,0.0,,0,False,disabled,False,raw,0.0,0.0,,,,,,,,False,0,0,0,0,0,0,0.0,0.0,0.79470800000081,1.84895900000015,2.767082999994841,intervening_contexts,wrong_key_ablation,CRA,wrong_key_ablation,memory_ablation,MockSimulator,43,none,none,-1,0,0,internal,0.0,0.0,0.0,0.0,0,False,0,False,-1,1,0.1,0.2,8,8,0,raw,6,False
181,1000.0,8,8,0,8,0,0,9.238735284475919,9.238735284475919,9.238735284475919,0.0,0.0,0.059639182290409105,1.0,0.0,False,0,0,0,0,0,0.0,0.0,0.0,0.0,0.0,0,0.0,0,0,disabled,disabled,True,wrong_key,-1,6,False,raw,0,0.0,0.0,trial:-1,4,False,disabled,0,0,False,raw,0,0.0,0.0,,0,False,disabled,False,raw,0.0,0.0,,,,,,,,False,0,0,0,0,0,0,0.0,0.0,0.8630410000023403,1.9020419999975502,2.8983329999903162,intervening_contexts,wrong_key_ablation,CRA,wrong_key_ablation,memory_ablation,MockSimulator,43,none,none,-1,0,0,internal,0.0,0.0,0.0,0.0,0,False,0,False,-1,1,0.1,0.2,8,8,0,raw,6,False
182,1000.0,8,8,0,8,0,0,9.20255284435637,9.20255284435637,9.20255284435637,0.0,0.0,0.058699413357348115,1.0,0.0,False,0,0,0,0,0,0.0,0.0,0.0,0.0,0.0,0,0.0,0,0,disabled,disabled,True,wrong_key,-1,6,False,raw,0,0.0,0.0,trial:-1,4,False,disabled,0,0,False,raw,0,0.0,0.0,,0,False,disabled,False,raw,0.0,0.0,,,,,,,,False,0,0,0,0,0,0,0.0,0.0,0.794083000002388,1.8505830000066226,2.7707079999998996,intervening_contexts,wrong_key_ablation,CRA,wrong_key_ablation,memory_ablation,MockSimulator,43,none,none,-1,0,0,internal,0.0,0.0,0.0,0.0,0,False,0,False,-1,1,0.1,0.2,8,8,0,raw,6,False
183,1000.0,8,8,0,8,0,0,9.166550568031447,9.166550568031447,9.166550568031447,0.0,0.0,0.0577733795086934,1.0,0.0,False,0,0,0,0,0,0.0,0.0,0.0,0.0,0.0,0,0.0,0,0,disabled,disabled,True,wrong_key,-1,6,False,raw,0,0.0,0.0,trial:-1,4,False,disabled,0,0,False,raw,0,0.0,0.0,,0,False,disabled,False,raw,0.0,0.0,,,,,,,,False,0,0,0,0,0,0,0.0,0.0,0.7934169999970209,1.855500000004895,2.772875000005115,intervening_contexts,wrong_key_ablation,CRA,wrong_key_ablation,memory_ablation,MockSimulator,43,none,none,-1,0,0,internal,0.0,0.0,0.0,0.0,0,False,0,False,-1,1,0.1,0.2,8,8,0,raw,6,False
184,1000.0,8,8,0,8,0,0,9.13072755693938,9.13072755693938,9.13072755693938,0.0,0.0,0.056860907248641936,1.0,0.0,False,0,0,0,0,0,0.0,0.0,0.0,0.0,0.0,0,0.0,0,0,disabled,disabled,True,wrong_key,-1,6,False,raw,0,0.0,0.0,trial:-1,4,False,disabled,0,0,False,raw,0,0.0,0.0,,0,False,disabled,False,raw,0.0,0.0,,,,,,,,False,0,0,0,0,0,0,0.0,0.0,0.797375000004763,1.9090409999904523,2.829500000004259,intervening_contexts,wrong_key_ablation,CRA,wrong_key_ablation,memory_ablation,MockSimulator,43,none,none,-1,0,0,internal,0.0,0.0,0.0,0.0,0,False,0,False,-1,1,0.1,0.2,8,8,0,raw,6,False
185,1000.0,8,8,0,8,0,0,9.095082916999997,9.095082916999997,9.095082916999997,0.006242867959212521,0.0,0.05596182452718905,1.0,0.006242867959212521,False,0,0,0,0,0,0.0,0.0,0.0,0.0,0.0,0,0.0,0,0,disabled,disabled,True,wrong_key,-1,6,False,raw,0,0.0034999999999999996,0.0034999999999999996,trial:1,4,False,disabled,0,0,False,raw,0,0.0034999999999999996,0.0034999999999999996,,0,False,disabled,False,raw,0.0034999999999999996,0.0034999999999999996,,,,,,,,False,0,0,0,0,0,0,0.0,0.0,0.797624999989921,1.8875420000057375,2.8120420000021795,intervening_contexts,wrong_key_ablation,CRA,wrong_key_ablation,memory_ablation,MockSimulator,43,distractor,between_context_and_decision,1,0,0,internal,0.0034999999999999996,0.0034999999999999996,0.0,0.0,0,False,1,False,-1,1,0.1,0.2,8,8,0,raw,6,False
186,1000.0,8,8,0,8,0,0,9.05961575859237,9.05961575859237,9.05961575859237,0.0,0.0,0.055075960751694825,1.0,0.0,False,0,0,0,0,0,0.0,0.0,0.0,0.0,0.0,0,0.0,0,0,disabled,disabled,True,wrong_key,-1,6,False,raw,0,0.0,0.0,trial:-1,4,False,disabled,0,0,False,raw,0,0.0,0.0,,0,False,disabled,False,raw,0.0,0.0,,,,,,,,False,0,0,0,0,0,0,0.0,0.0,0.7950840000034987,2.0324999999985494,2.951541000001612,intervening_contexts,wrong_key_ablation,CRA,wrong_key_ablation,memory_ablation,MockSimulator,43,none,none,-1,0,0,internal,0.0,0.0,0.0,0.0,0,False,0,False,-1,1,0.1,0.2,8,8,0,raw,6,False
187,1000.0,8,8,0,8,0,0,9.02432519653257,9.02432519653257,9.02432519653257,0.006242867959212521,0.0,0.05420314679740949,1.0,0.006242867959212521,False,0,0,0,0,0,0.0,0.0,0.0,0.0,0.0,0,0.0,0,0,disabled,disabled,True,wrong_key,-1,6,False,raw,0,0.0034999999999999996,0.0034999999999999996,trial:1,4,False,disabled,0,0,False,raw,0,0.0034999999999999996,0.0034999999999999996,,0,False,disabled,False,raw,0.0034999999999999996,0.0034999999999999996,,,,,,,,False,0,0,0,0,0,0,0.0,0.0,0.8127920000049471,1.9247499999863749,2.8655830000019478,intervening_contexts,wrong_key_ablation,CRA,wrong_key_ablation,memory_ablation,MockSimulator,43,distractor,between_context_and_decision,1,0,0,internal,0.0034999999999999996,0.0034999999999999996,0.0,0.0,0,False,1,False,-1,1,0.1,0.2,8,8,0,raw,6,False
188,1000.0,8,8,0,8,0,0,8.989210350051545,8.989210350051545,8.989210350051545,0.0,0.0,0.0533432150169949,1.0,0.0,False,0,0,0,0,0,0.0,0.0,0.0,0.0,0.0,0,0.0,0,0,disabled,disabled,True,wrong_key,-1,6,False,raw,0,0.0,0.0,trial:-1,4,False,disabled,0,0,False,raw,0,0.0,0.0,,0,False,disabled,False,raw,0.0,0.0,,,,,,,,False,0,0,0,0,0,0,0.0,0.0,0.8090000000038344,1.9364160000066022,2.87050000000022,intervening_contexts,wrong_key_ablation,CRA,wrong_key_ablation,memory_ablation,MockSimulator,43,none,none,-1,0,0,internal,0.0,0.0,0.0,0.0,0,False,0,False,-1,1,0.1,0.2,8,8,0,raw,6,False
189,1000.0,8,8,0,8,0,0,8.954270342773093,8.954270342773093,8.954270342773093,0.0,0.0,0.05249599924907792,1.0,0.0,False,0,0,0,0,0,0.0,0.0,0.0,0.0,0.0,0,0.0,0,0,disabled,disabled,True,wrong_key,-1,6,False,raw,0,0.0,0.0,trial:-1,4,False,disabled,0,0,False,raw,0,0.0,0.0,,0,False,disabled,False,raw,0.0,0.0,,,,,,,,False,0,0,0,0,0,0,0.0,0.0,0.7927909999949634,1.9254999999986921,2.8432499999979655,intervening_contexts,wrong_key_ablation,CRA,wrong_key_ablation,memory_ablation,MockSimulator,43,none,none,-1,0,0,internal,0.0,0.0,0.0,0.0,0,False,0,False,-1,1,0.1,0.2,8,8,0,raw,6,False
190,1000.0,8,8,0,8,0,0,8.919504302691958,8.919504302691958,8.919504302691958,0.0,0.0,0.051661334825870826,1.0,0.0,False,0,0,0,0,0,0.0,0.0,0.0,0.0,0.0,0,0.0,0,0,disabled,disabled,True,wrong_key,-1,6,False,raw,0,0.0,0.0,trial:-1,4,False,disabled,0,0,False,raw,0,0.0,0.0,,0,False,disabled,False,raw,0.0,0.0,,,,,,,,False,0,0,0,0,0,0,0.0,0.0,0.7970420000020795,1.9572080000074266,2.8781250000093905,intervening_contexts,wrong_key_ablation,CRA,wrong_key_ablation,memory_ablation,MockSimulator,43,none,none,-1,0,0,internal,0.0,0.0,0.0,0.0,0,False,0,False,-1,1,0.1,0.2,8,8,0,raw,6,False
191,1000.0,8,8,0,8,0,0,8.88491136215203,8.88491136215203,8.88491136215203,0.00624286795921252,0.0,0.050839058579892384,1.0,0.00624286795921252,False,0,0,0,0,0,0.0,0.0,0.0,0.0,0.0,0,0.0,0,0,disabled,disabled,True,wrong_key,-1,6,False,raw,0,0.0034999999999999996,0.0034999999999999996,trial:1,4,False,disabled,0,0,False,raw,0,0.0034999999999999996,0.0034999999999999996,,0,False,disabled,False,raw,0.0034999999999999996,0.0034999999999999996,,,,,,,,False,0,0,0,0,0,0,0.0,0.0,0.7991250000003447,1.9203750000116315,2.84225000000049,intervening_contexts,wrong_key_ablation,CRA,wrong_key_ablation,memory_ablation,MockSimulator,43,distractor,between_context_and_decision,1,0,0,internal,0.0034999999999999996,0.0034999999999999996,0.0,0.0,0,False,1,False,-1,1,0.1,0.2,8,8,0,raw,6,False
192,1000.0,8,8,0,8,0,0,8.850490657824649,8.850490657824649,8.850490657824649,-0.01783510589973286,0.1764837521062543,0.050029008849822726,1.0,-0.01783510589973286,True,0,0,0,0,0,0.0,0.0,0.0,0.0,0.0,0,0.0,0,0,disabled,disabled,True,wrong_key,-1,6,True,internal_wrong_key_context,1,0.01,-0.01,trial:1,4,False,disabled,0,0,False,raw,0,-0.01,-0.01,,0,False,disabled,False,raw,-0.01,-0.01,,,,,,,,False,0,0,0,0,0,0,0.0,0.0,0.8478330000087908,2.0665419999943424,3.0372909999982767,intervening_contexts,wrong_key_ablation,CRA,wrong_key_ablation,memory_ablation,MockSimulator,43,decision,target_decision_after_interference,1,-1,1,internal,0.01,-0.01,-0.01,-0.01,-1,True,-1,True,192,1,0.1,0.2,8,8,1,internal_wrong_key_context,6,True
193,1000.0,8,8,0,8,0,0,8.816241330687022,8.816241330687022,8.816241330687022,0.0,0.0,0.0496310254855239,1.0,0.0,False,0,0,0,0,0,0.0,0.0,0.0,0.0,0.0,0,0.0,0,0,disabled,disabled,True,wrong_key,-1,6,False,raw,0,0.0,0.0,trial:-1,4,False,disabled,0,0,False,raw,0,0.0,0.0,,0,False,disabled,False,raw,0.0,0.0,,,,,,,,False,0,0,0,0,0,0,0.0,0.0,0.8033750000038253,1.9701669999960814,2.9018329999956904,intervening_contexts,wrong_key_ablation,CRA,wrong_key_ablation,memory_ablation,MockSimulator,43,none,none,-1,0,0,internal,0.0,0.0,0.0,0.0,0,False,0,False,-1,1,0.1,0.2,8,8,0,raw,6,False
194,1000.0,8,8,0,8,0,0,8.782162526000757,8.782162526000757,8.782162526000757,0.0,0.0,0.0492289498522571,1.0,0.0,False,0,0,0,0,0,0.0,0.0,0.0,0.0,0.0,0,0.0,0,0,disabled,disabled,True,wrong_key,-1,6,False,raw,0,0.0,0.0,trial:-1,4,False,disabled,0,0,False,raw,0,0.0,0.0,,0,False,disabled,False,raw,0.0,0.0,,,,,,,,False,0,0,0,0,0,0,0.0,0.0,0.8045830000042997,1.9633339999955979,2.8971670000004224,intervening_contexts,wrong_key_ablation,CRA,wrong_key_ablation,memory_ablation,MockSimulator,43,none,none,-1,0,0,internal,0.0,0.0,0.0,0.0,0,False,0,False,-1,1,0.1,0.2,8,8,0,raw,6,False
195,1000.0,8,8,0,8,0,0,8.748253393290481,8.748253393290481,8.748253393290481,0.0,0.0,0.04882310483412676,1.0,0.0,False,0,0,0,0,0,0.0,0.0,0.0,0.0,0.0,0,0.0,0,0,disabled,disabled,True,wrong_key,-1,6,False,raw,0,0.0,0.0,trial:-1,4,False,disabled,0,0,False,raw,0,0.0,0.0,,0,False,disabled,False,raw,0.0,0.0,,,,,,,,False,0,0,0,0,0,0,0.0,0.0,0.7985000000019227,1.9857079999923144,2.9090419999988626,intervening_contexts,wrong_key_ablation,CRA,wrong_key_ablation,memory_ablation,MockSimulator,43,none,none,-1,0,0,internal,0.0,0.0,0.0,0.0,0,False,0,False,-1,1,0.1,0.2,8,8,0,raw,6,False
196,1000.0,8,8,0,8,0,0,8.714513086322588,8.714513086322588,8.714513086322588,0.0,0.0,0.04841380203678073,1.0,0.0,False,0,0,0,0,0,0.0,0.0,0.0,0.0,0.0,0,0.0,0,0,disabled,disabled,True,wrong_key,-1,6,False,raw,0,0.0,0.0,trial:-1,4,False,disabled,0,0,False,raw,0,0.0,0.0,,0,False,disabled,False,raw,0.0,0.0,,,,,,,,False,0,0,0,0,0,0,0.0,0.0,0.7977910000107613,1.9744999999886659,2.899208000002318,intervening_contexts,wrong_key_ablation,CRA,wrong_key_ablation,memory_ablation,MockSimulator,43,none,none,-1,0,0,internal,0.0,0.0,0.0,0.0,0,False,0,False,-1,1,0.1,0.2,8,8,0,raw,6,False
197,1000.0,8,8,0,8,0,0,8.680940763084076,8.680940763084076,8.680940763084076,0.0,0.0,0.04800134210939489,1.0,0.0,False,0,0,0,0,0,0.0,0.0,0.0,0.0,0.0,0,0.0,0,0,disabled,disabled,True,wrong_key,-1,6,False,raw,0,0.0,0.0,trial:-1,4,False,disabled,0,0,False,raw,0,0.0,0.0,,0,False,disabled,False,raw,0.0,0.0,,,,,,,,False,0,0,0,0,0,0,0.0,0.0,0.7966250000066566,2.1172079999871585,3.036749999992594,intervening_contexts,wrong_key_ablation,CRA,wrong_key_ablation,memory_ablation,MockSimulator,43,none,none,-1,0,0,internal,0.0,0.0,0.0,0.0,0,False,0,False,-1,1,0.1,0.2,8,8,0,raw,6,False
198,1000.0,8,8,0,8,0,0,8.647535585761503,8.647535585761503,8.647535585761503,0.0,0.0,0.04758601505828977,1.0,0.0,False,0,0,0,0,0,0.0,0.0,0.0,0.0,0.0,0,0.0,0,0,disabled,disabled,True,wrong_key,-1,6,False,raw,0,0.0,0.0,trial:-1,4,False,disabled,0,0,False,raw,0,0.0,0.0,,0,False,disabled,False,raw,0.0,0.0,,,,,,,,False,0,0,0,0,0,0,0.0,0.0,0.8020829999964008,2.016875000009577,2.947250000005397,intervening_contexts,wrong_key_ablation,CRA,wrong_key_ablation,memory_ablation,MockSimulator,43,none,none,-1,0,0,internal,0.0,0.0,0.0,0.0,0,False,0,False,-1,1,0.1,0.2,8,8,0,raw,6,False
199,1000.0,8,8,0,8,0,0,8.614296720720038,8.614296720720038,8.614296720720038,0.0,0.0,0.0471681005523851,1.0,0.0,False,0,0,0,0,0,0.0,0.0,0.0,0.0,0.0,0,0.0,0,0,disabled,disabled,True,wrong_key,-1,6,False,raw,0,0.0,0.0,trial:-1,4,False,disabled,0,0,False,raw,0,0.0,0.0,,0,False,disabled,False,raw,0.0,0.0,,,,,,,,False,0,0,0,0,0,0,0.0,0.0,0.8181249999950069,2.048874999999839,3.0519580000003543,intervening_contexts,wrong_key_ablation,CRA,wrong_key_ablation,memory_ablation,MockSimulator,43,none,none,-1,0,0,internal,0.0,0.0,0.0,0.0,0,False,0,False,-1,1,0.1,0.2,8,8,0,raw,6,False
200,1000.0,8,8,0,8,0,0,8.58122333848262,8.58122333848262,8.58122333848262,0.0,0.0,0.0467478682206933,1.0,0.0,False,0,0,0,0,0,0.0,0.0,0.0,0.0,0.0,0,0.0,0,0,disabled,disabled,True,wrong_key,-1,6,False,raw,0,0.0,0.0,trial:-1,4,False,disabled,0,0,False,raw,0,0.0,0.0,,0,False,disabled,False,raw,0.0,0.0,,,,,,,,False,0,0,0,0,0,0,0.0,0.0,0.7972079999944981,2.0209170000100585,2.9439999999993915,intervening_contexts,wrong_key_ablation,CRA,wrong_key_ablation,memory_ablation,MockSimulator,43,none,none,-1,0,0,internal,0.0,0.0,0.0,0.0,0,False,0,False,-1,1,0.1,0.2,8,8,0,raw,6,False
201,1000.0,8,8,0,8,0,0,8.548314613709222,8.548314613709222,8.548314613709222,0.0,0.0,0.04632557794204822,1.0,0.0,False,0,0,0,0,0,0.0,0.0,0.0,0.0,0.0,0,0.0,0,0,disabled,disabled,True,wrong_key,-1,6,False,raw,0,0.0,0.0,trial:-1,4,False,disabled,0,0,False,raw,0,0.0,0.0,,0,False,disabled,False,raw,0.0,0.0,,,,,,,,False,0,0,0,0,0,0,0.0,0.0,0.7907910000000129,2.0420419999993555,2.9565419999926235,intervening_contexts,wrong_key_ablation,CRA,wrong_key_ablation,memory_ablation,MockSimulator,43,none,none,-1,0,0,internal,0.0,0.0,0.0,0.0,0,False,0,False,-1,1,0.1,0.2,8,8,0,raw,6,False
202,1000.0,8,8,0,8,0,0,8.515569725176217,8.515569725176217,8.515569725176217,0.0,0.0,0.04590148012726066,1.0,0.0,False,0,0,0,0,0,0.0,0.0,0.0,0.0,0.0,0,0.0,0,0,disabled,disabled,True,wrong_key,-1,6,False,raw,0,0.0,0.0,trial:-1,4,False,disabled,0,0,False,raw,0,0.0,0.0,,0,False,disabled,False,raw,0.0,0.0,,,,,,,,False,0,0,0,0,0,0,0.0,0.0,0.8033330000074557,2.030500000003599,2.9575830000112546,intervening_contexts,wrong_key_ablation,CRA,wrong_key_ablation,memory_ablation,MockSimulator,43,none,none,-1,0,0,internal,0.0,0.0,0.0,0.0,0,False,0,False,-1,1,0.1,0.2,8,8,0,raw,6,False
203,1000.0,8,8,0,8,0,0,8.482987855755852,8.482987855755852,8.482987855755852,0.0,0.0,0.04547581599388779,1.0,0.0,False,0,0,0,0,0,0.0,0.0,0.0,0.0,0.0,0,0.0,0,0,disabled,disabled,True,wrong_key,-1,6,False,raw,0,0.0,0.0,trial:-1,4,False,disabled,0,0,False,raw,0,0.0,0.0,,0,False,disabled,False,raw,0.0,0.0,,,,,,,,False,0,0,0,0,0,0,0.0,0.0,0.8610419999968144,2.063333000009493,3.0815420000038785,intervening_contexts,wrong_key_ablation,CRA,wrong_key_ablation,memory_ablation,MockSimulator,43,none,none,-1,0,0,internal,0.0,0.0,0.0,0.0,0,False,0,False,-1,1,0.1,0.2,8,8,0,raw,6,False
204,1000.0,8,8,0,8,0,0,8.450568192395808,8.450568192395808,8.450568192395808,0.0,0.0,0.045048817833798924,1.0,0.0,False,0,0,0,0,0,0.0,0.0,0.0,0.0,0.0,0,0.0,0,0,disabled,disabled,True,wrong_key,-1,6,False,raw,0,0.0,0.0,trial:-1,4,False,disabled,0,0,False,raw,0,0.0,0.0,,0,False,disabled,False,raw,0.0,0.0,,,,,,,,False,0,0,0,0,0,0,0.0,0.0,0.7997499999987667,2.0309589999953914,2.956041999993886,intervening_contexts,wrong_key_ablation,CRA,wrong_key_ablation,memory_ablation,MockSimulator,43,none,none,-1,0,0,internal,0.0,0.0,0.0,0.0,0,False,0,False,-1,1,0.1,0.2,8,8,0,raw,6,False
205,1000.0,8,8,0,8,0,0,8.418309926098887,8.418309926098887,8.418309926098887,0.0,0.0,0.044620709273716065,1.0,0.0,False,0,0,0,0,0,0.0,0.0,0.0,0.0,0.0,0,0.0,0,0,disabled,disabled,True,wrong_key,-1,6,False,raw,0,0.0,0.0,trial:-1,4,False,disabled,0,0,False,raw,0,0.0,0.0,,0,False,disabled,False,raw,0.0,0.0,,,,,,,,False,0,0,0,0,0,0,0.0,0.0,0.7901670000052263,2.0358749999900283,2.9495420000102968,intervening_contexts,wrong_key_ablation,CRA,wrong_key_ablation,memory_ablation,MockSimulator,43,none,none,-1,0,0,internal,0.0,0.0,0.0,0.0,0,False,0,False,-1,1,0.1,0.2,8,8,0,raw,6,False
206,1000.0,8,8,0,8,0,0,8.386212251902776,8.386212251902776,8.386212251902776,0.0,0.0,0.044191705528902996,1.0,0.0,False,0,0,0,0,0,0.0,0.0,0.0,0.0,0.0,0,0.0,0,0,disabled,disabled,True,wrong_key,-1,6,False,raw,0,0.0,0.0,trial:-1,4,False,disabled,0,0,False,raw,0,0.0,0.0,,0,False,disabled,False,raw,0.0,0.0,,,,,,,,False,0,0,0,0,0,0,0.0,0.0,0.7983339999952932,2.045583000011675,2.967583000000218,intervening_contexts,wrong_key_ablation,CRA,wrong_key_ablation,memory_ablation,MockSimulator,43,none,none,-1,0,0,internal,0.0,0.0,0.0,0.0,0,False,0,False,-1,1,0.1,0.2,8,8,0,raw,6,False
207,1000.0,8,8,0,8,0,0,8.354274368859935,8.354274368859935,8.354274368859935,0.0,0.0,0.043762013650172966,1.0,0.0,False,0,0,0,0,0,0.0,0.0,0.0,0.0,0.0,0,0.0,0,0,disabled,disabled,True,wrong_key,-1,6,False,raw,0,0.0,0.0,trial:-1,4,False,disabled,0,0,False,raw,0,0.0,0.0,,0,False,disabled,False,raw,0.0,0.0,,,,,,,,False,0,0,0,0,0,0,0.0,0.0,0.7981249999886586,2.056625000008694,2.9872500000038826,intervening_contexts,wrong_key_ablation,CRA,wrong_key_ablation,memory_ablation,MockSimulator,43,none,none,-1,0,0,internal,0.0,0.0,0.0,0.0,0,False,0,False,-1,1,0.1,0.2,8,8,0,raw,6,False
208,1000.0,8,8,0,8,0,0,8.322495480017558,8.322495480017558,8.322495480017558,0.0,0.0,0.04333183276438057,1.0,0.0,False,0,0,0,0,0,0.0,0.0,0.0,0.0,0.0,0,0.0,0,0,disabled,disabled,True,wrong_key,-1,6,False,raw,0,0.0,0.0,trial:-1,4,False,disabled,0,0,False,raw,0,0.0,0.0,,0,False,disabled,False,raw,0.0,0.0,,,,,,,,False,0,0,0,0,0,0,0.0,0.0,0.8215000000006967,2.2032910000007178,3.147999999995932,intervening_contexts,wrong_key_ablation,CRA,wrong_key_ablation,memory_ablation,MockSimulator,43,none,none,-1,0,0,internal,0.0,0.0,0.0,0.0,0,False,0,False,-1,1,0.1,0.2,8,8,0,raw,6,False
209,1000.0,8,8,0,8,0,0,8.290874792397664,8.290874792397664,8.290874792397664,0.0,0.0,0.042901354308559805,1.0,0.0,False,0,0,0,0,0,0.0,0.0,0.0,0.0,0.0,0,0.0,0,0,disabled,disabled,True,wrong_key,-1,6,False,raw,0,0.0,0.0,trial:-1,4,False,disabled,0,0,False,raw,0,0.0,0.0,,0,False,disabled,False,raw,0.0,0.0,,,,,,,,False,0,0,0,0,0,0,0.0,0.0,0.806791999991674,2.0799580000101514,3.014583000009452,intervening_contexts,wrong_key_ablation,CRA,wrong_key_ablation,memory_ablation,MockSimulator,43,none,none,-1,0,0,internal,0.0,0.0,0.0,0.0,0,False,0,False,-1,1,0.1,0.2,8,8,0,raw,6,False
210,1000.0,8,8,0,8,0,0,8.259411516977265,8.259411516977265,8.259411516977265,0.0,0.0,0.04247076225786612,1.0,0.0,False,0,0,0,0,0,0.0,0.0,0.0,0.0,0.0,0,0.0,0,0,disabled,disabled,True,wrong_key,-1,6,False,raw,0,0.0,0.0,trial:-1,4,False,disabled,0,0,False,raw,0,0.0,0.0,,0,False,disabled,False,raw,0.0,0.0,,,,,,,,False,0,0,0,0,0,0,0.0,0.0,0.8060000000114087,2.0649579999911793,2.993792000012263,intervening_contexts,wrong_key_ablation,CRA,wrong_key_ablation,memory_ablation,MockSimulator,43,none,none,-1,0,0,internal,0.0,0.0,0.0,0.0,0,False,0,False,-1,1,0.1,0.2,8,8,0,raw,6,False
211,1000.0,8,8,0,8,0,0,8.228104868668638,8.228104868668638,8.228104868668638,0.0,0.0,0.04204023334747676,1.0,0.0,False,0,0,0,0,0,0.0,0.0,0.0,0.0,0.0,0,0.0,0,0,disabled,disabled,True,wrong_key,-1,6,False,raw,0,0.0,0.0,trial:-1,4,False,disabled,0,0,False,raw,0,0.0,0.0,,0,False,disabled,False,raw,0.0,0.0,,,,,,,,False,0,0,0,0,0,0,0.0,0.0,0.7927499999880183,2.0847910000014735,3.0002499999994825,intervening_contexts,wrong_key_ablation,CRA,wrong_key_ablation,memory_ablation,MockSimulator,43,none,none,-1,0,0,internal,0.0,0.0,0.0,0.0,0,False,0,False,-1,1,0.1,0.2,8,8,0,raw,6,False
212,1000.0,8,8,0,8,0,0,8.196954066299702,8.196954066299702,8.196954066299702,0.0,0.0,0.041609937288599824,1.0,0.0,False,0,0,0,0,0,0.0,0.0,0.0,0.0,0.0,0,0.0,0,0,disabled,disabled,True,wrong_key,-1,6,False,raw,0,0.0,0.0,trial:-1,4,False,disabled,0,0,False,raw,0,0.0,0.0,,0,False,disabled,False,raw,0.0,0.0,,,,,,,,False,0,0,0,0,0,0,0.0,0.0,0.8081659999987778,2.0871669999991127,3.0190420000053564,intervening_contexts,wrong_key_ablation,CRA,wrong_key_ablation,memory_ablation,MockSimulator,43,none,none,-1,0,0,internal,0.0,0.0,0.0,0.0,0,False,0,False,-1,1,0.1,0.2,8,8,0,raw,6,False
213,1000.0,8,8,0,8,0,0,8.165958332594489,8.165958332594489,8.165958332594489,0.0,0.0,0.041180036978738975,1.0,0.0,False,0,0,0,0,0,0.0,0.0,0.0,0.0,0.0,0,0.0,0,0,disabled,disabled,True,wrong_key,-1,6,False,raw,0,0.0,0.0,trial:-1,4,False,disabled,0,0,False,raw,0,0.0,0.0,,0,False,disabled,False,raw,0.0,0.0,,,,,,,,False,0,0,0,0,0,0,0.0,0.0,0.7970000000057098,2.237707999995564,3.158084000006056,intervening_contexts,wrong_key_ablation,CRA,wrong_key_ablation,memory_ablation,MockSimulator,43,none,none,-1,0,0,internal,0.0,0.0,0.0,0.0,0,False,0,False,-1,1,0.1,0.2,8,8,0,raw,6,False
214,1000.0,8,8,0,8,0,0,8.135116894153713,8.135116894153713,8.135116894153713,0.0,0.0,0.040750688706357126,1.0,0.0,False,0,0,0,0,0,0.0,0.0,0.0,0.0,0.0,0,0.0,0,0,disabled,disabled,True,wrong_key,-1,6,False,raw,0,0.0,0.0,trial:-1,4,False,disabled,0,0,False,raw,0,0.0,0.0,,0,False,disabled,False,raw,0.0,0.0,,,,,,,,False,0,0,0,0,0,0,0.0,0.0,0.8112089999912087,2.1223750000132213,3.061665999993579,intervening_contexts,wrong_key_ablation,CRA,wrong_key_ablation,memory_ablation,MockSimulator,43,none,none,-1,0,0,internal,0.0,0.0,0.0,0.0,0,False,0,False,-1,1,0.1,0.2,8,8,0,raw,6,False
215,1000.0,8,8,0,8,0,0,8.10442898143543,8.10442898143543,8.10442898143543,0.0,0.0,0.04032204235007905,1.0,0.0,False,0,0,0,0,0,0.0,0.0,0.0,0.0,0.0,0,0.0,0,0,disabled,disabled,True,wrong_key,-1,6,False,raw,0,0.0,0.0,trial:-1,4,False,disabled,0,0,False,raw,0,0.0,0.0,,0,False,disabled,False,raw,0.0,0.0,,,,,,,,False,0,0,0,0,0,0,0.0,0.0,0.7981669999992391,2.1301249999936545,3.0522920000066733,intervening_contexts,wrong_key_ablation,CRA,wrong_key_ablation,memory_ablation,MockSimulator,43,none,none,-1,0,0,internal,0.0,0.0,0.0,0.0,0,False,0,False,-1,1,0.1,0.2,8,8,0,raw,6,False
216,1000.0,8,8,0,8,0,0,8.073893828735796,8.073893828735796,8.073893828735796,0.0,0.0,0.03989424157256956,1.0,0.0,False,0,0,0,0,0,0.0,0.0,0.0,0.0,0.0,0,0.0,0,0,disabled,disabled,True,wrong_key,-1,6,False,raw,0,0.0,0.0,trial:-1,4,False,disabled,0,0,False,raw,0,0.0,0.0,,0,False,disabled,False,raw,0.0,0.0,,,,,,,,False,0,0,0,0,0,0,0.0,0.0,0.7954169999919714,2.113166000000888,3.032750000002693,intervening_contexts,wrong_key_ablation,CRA,wrong_key_ablation,memory_ablation,MockSimulator,43,none,none,-1,0,0,internal,0.0,0.0,0.0,0.0,0,False,0,False,-1,1,0.1,0.2,8,8,0,raw,6,False
217,1000.0,8,8,0,8,0,0,8.043510674169944,8.043510674169944,8.043510674169944,0.0,0.0,0.03946742400922041,1.0,0.0,False,0,0,0,0,0,0.0,0.0,0.0,0.0,0.0,0,0.0,0,0,disabled,disabled,True,wrong_key,-1,6,False,raw,0,0.0,0.0,trial:-1,4,False,disabled,0,0,False,raw,0,0.0,0.0,,0,False,disabled,False,raw,0.0,0.0,,,,,,,,False,0,0,0,0,0,0,0.0,0.0,0.8094169999992573,2.1633329999986017,3.0961669999953756,intervening_contexts,wrong_key_ablation,CRA,wrong_key_ablation,memory_ablation,MockSimulator,43,none,none,-1,0,0,internal,0.0,0.0,0.0,0.0,0,False,0,False,-1,1,0.1,0.2,8,8,0,raw,6,False
218,1000.0,8,8,0,8,0,0,8.013278759652914,8.013278759652914,8.013278759652914,0.0,0.0,0.0390417214517762,1.0,0.0,False,0,0,0,0,0,0.0,0.0,0.0,0.0,0.0,0,0.0,0,0,disabled,disabled,True,wrong_key,-1,6,False,raw,0,0.0,0.0,trial:-1,4,False,disabled,0,0,False,raw,0,0.0,0.0,,0,False,disabled,False,raw,0.0,0.0,,,,,,,,False,0,0,0,0,0,0,0.0,0.0,0.943292000002316,2.2871249999951715,3.3552500000126884,intervening_contexts,wrong_key_ablation,CRA,wrong_key_ablation,memory_ablation,MockSimulator,43,none,none,-1,0,0,internal,0.0,0.0,0.0,0.0,0,False,0,False,-1,1,0.1,0.2,8,8,0,raw,6,False
219,1000.0,8,8,0,8,0,0,7.983197330880713,7.983197330880713,7.983197330880713,0.0,0.0,0.038617260027026076,1.0,0.0,False,0,0,0,0,0,0.0,0.0,0.0,0.0,0.0,0,0.0,0,0,disabled,disabled,True,wrong_key,-1,6,False,raw,0,0.0,0.0,trial:-1,4,False,disabled,0,0,False,raw,0,0.0,0.0,,0,False,disabled,False,raw,0.0,0.0,,,,,,,,False,0,0,0,0,0,0,0.0,0.0,0.801583000011874,2.148083999998107,3.076915999997709,intervening_contexts,wrong_key_ablation,CRA,wrong_key_ablation,memory_ablation,MockSimulator,43,none,none,-1,0,0,internal,0.0,0.0,0.0,0.0,0,False,0,False,-1,1,0.1,0.2,8,8,0,raw,6,False
220,1000.0,8,8,0,8,0,0,7.953265637311454,7.953265637311454,7.953265637311454,0.0,0.0,0.038194160370685244,1.0,0.0,False,0,0,0,0,0,0.0,0.0,0.0,0.0,0.0,0,0.0,0,0,disabled,disabled,True,wrong_key,-1,6,False,raw,0,0.0,0.0,trial:-1,4,False,disabled,0,0,False,raw,0,0.0,0.0,,0,False,disabled,False,raw,0.0,0.0,,,,,,,,False,0,0,0,0,0,0,0.0,0.0,0.8012079999986099,2.1630840000028684,3.087042000004203,intervening_contexts,wrong_key_ablation,CRA,wrong_key_ablation,memory_ablation,MockSimulator,43,none,none,-1,0,0,internal,0.0,0.0,0.0,0.0,0,False,0,False,-1,1,0.1,0.2,8,8,0,raw,6,False
221,1000.0,8,8,0,8,0,0,7.923482932146594,7.923482932146594,7.923482932146594,0.0,0.0,0.037772537796587236,1.0,0.0,False,0,0,0,0,0,0.0,0.0,0.0,0.0,0.0,0,0.0,0,0,disabled,disabled,True,wrong_key,-1,6,False,raw,0,0.0,0.0,trial:-1,4,False,disabled,0,0,False,raw,0,0.0,0.0,,0,False,disabled,False,raw,0.0,0.0,,,,,,,,False,0,0,0,0,0,0,0.0,0.0,0.7969170000023951,2.1702909999987696,3.0906660000056263,intervening_contexts,wrong_key_ablation,CRA,wrong_key_ablation,memory_ablation,MockSimulator,43,none,none,-1,0,0,internal,0.0,0.0,0.0,0.0,0,False,0,False,-1,1,0.1,0.2,8,8,0,raw,6,False
222,1000.0,8,8,0,8,0,0,7.893848472312261,7.893848472312261,7.893848472312261,0.0,0.0,0.03735250246130487,1.0,0.0,False,0,0,0,0,0,0.0,0.0,0.0,0.0,0.0,0,0.0,0,0,disabled,disabled,True,wrong_key,-1,6,False,raw,0,0.0,0.0,trial:-1,4,False,disabled,0,0,False,raw,0,0.0,0.0,,0,False,disabled,False,raw,0.0,0.0,,,,,,,,False,0,0,0,0,0,0,0.0,0.0,0.8002080000011347,2.204833000007511,3.1278330000077403,intervening_contexts,wrong_key_ablation,CRA,wrong_key_ablation,memory_ablation,MockSimulator,43,none,none,-1,0,0,internal,0.0,0.0,0.0,0.0,0,False,0,False,-1,1,0.1,0.2,8,8,0,raw,6,False
223,1000.0,8,8,0,8,0,0,7.864361518440679,7.864361518440679,7.864361518440679,0.0,0.0,0.03693415952431516,1.0,0.0,False,0,0,0,0,0,0.0,0.0,0.0,0.0,0.0,0,0.0,0,0,disabled,disabled,True,wrong_key,-1,6,False,raw,0,0.0,0.0,trial:-1,4,False,disabled,0,0,False,raw,0,0.0,0.0,,0,False,disabled,False,raw,0.0,0.0,,,,,,,,False,0,0,0,0,0,0,0.0,0.0,0.802792000001773,2.2973750000119253,3.223000000005527,intervening_contexts,wrong_key_ablation,CRA,wrong_key_ablation,memory_ablation,MockSimulator,43,none,none,-1,0,0,internal,0.0,0.0,0.0,0.0,0,False,0,False,-1,1,0.1,0.2,8,8,0,raw,6,False
224,1000.0,8,8,0,8,0,0,7.835021334851689,7.835021334851689,7.835021334851689,0.0,0.0,0.036517609303820524,1.0,0.0,False,0,0,0,0,0,0.0,0.0,0.0,0.0,0.0,0,0.0,0,0,disabled,disabled,True,wrong_key,-1,6,False,raw,0,0.0,0.0,trial:-1,4,False,disabled,0,0,False,raw,0,0.0,0.0,,0,False,disabled,False,raw,0.0,0.0,,,,,,,,False,0,0,0,0,0,0,0.0,0.0,0.8048330000036685,2.225832999997124,3.1566250000025775,intervening_contexts,wrong_key_ablation,CRA,wrong_key_ablation,memory_ablation,MockSimulator,43,none,none,-1,0,0,internal,0.0,0.0,0.0,0.0,0,False,0,False,-1,1,0.1,0.2,8,8,0,raw,6,False
225,1000.0,8,8,0,8,0,0,7.8058271895343445,7.8058271895343445,7.8058271895343445,0.0,0.0,0.036102947428335946,1.0,0.0,False,0,0,0,0,0,0.0,0.0,0.0,0.0,0.0,0,0.0,0,0,disabled,disabled,True,wrong_key,-1,6,False,raw,0,0.0,0.0,trial:-1,4,False,disabled,0,0,False,raw,0,0.0,0.0,,0,False,disabled,False,raw,0.0,0.0,,,,,,,,False,0,0,0,0,0,0,0.0,0.0,0.7974170000011327,2.2124580000024707,3.133750000003488,intervening_contexts,wrong_key_ablation,CRA,wrong_key_ablation,memory_ablation,MockSimulator,43,none,none,-1,0,0,internal,0.0,0.0,0.0,0.0,0,False,0,False,-1,1,0.1,0.2,8,8,0,raw,6,False
226,1000.0,8,8,0,8,0,0,7.776778354128624,7.776778354128624,7.776778354128624,0.0,0.0,0.03569026498414922,1.0,0.0,False,0,0,0,0,0,0.0,0.0,0.0,0.0,0.0,0,0.0,0,0,disabled,disabled,True,wrong_key,-1,6,False,raw,0,0.0,0.0,trial:-1,4,False,disabled,0,0,False,raw,0,0.0,0.0,,0,False,disabled,False,raw,0.0,0.0,,,,,,,,False,0,0,0,0,0,0,0.0,0.0,0.7969579999951293,2.2103750000042055,3.131082999999535,intervening_contexts,wrong_key_ablation,CRA,wrong_key_ablation,memory_ablation,MockSimulator,43,none,none,-1,0,0,internal,0.0,0.0,0.0,0.0,0,False,0,False,-1,1,0.1,0.2,8,8,0,raw,6,False
227,1000.0,8,8,0,8,0,0,7.747874103907215,7.747874103907215,7.747874103907215,0.0,0.0,0.03527964865875863,1.0,0.0,False,0,0,0,0,0,0.0,0.0,0.0,0.0,0.0,0,0.0,0,0,disabled,disabled,True,wrong_key,-1,6,False,raw,0,0.0,0.0,trial:-1,4,False,disabled,0,0,False,raw,0,0.0,0.0,,0,False,disabled,False,raw,0.0,0.0,,,,,,,,False,0,0,0,0,0,0,0.0,0.0,0.7922919999998612,2.267665999994506,3.1840840000114667,intervening_contexts,wrong_key_ablation,CRA,wrong_key_ablation,memory_ablation,MockSimulator,43,none,none,-1,0,0,internal,0.0,0.0,0.0,0.0,0,False,0,False,-1,1,0.1,0.2,8,8,0,raw,6,False
228,1000.0,8,8,0,8,0,0,7.719113717757396,7.719113717757396,7.719113717757396,0.0,0.0,0.034871180880390006,1.0,0.0,False,0,0,0,0,0,0.0,0.0,0.0,0.0,0.0,0,0.0,0,0,disabled,disabled,True,wrong_key,-1,6,False,raw,0,0.0,0.0,trial:-1,4,False,disabled,0,0,False,raw,0,0.0,0.0,,0,False,disabled,False,raw,0.0,0.0,,,,,,,,False,0,0,0,0,0,0,0.0,0.0,0.7972089999981335,2.3360830000029864,3.256416999988687,intervening_contexts,wrong_key_ablation,CRA,wrong_key_ablation,memory_ablation,MockSimulator,43,none,none,-1,0,0,internal,0.0,0.0,0.0,0.0,0,False,0,False,-1,1,0.1,0.2,8,8,0,raw,6,False
229,1000.0,8,8,0,8,0,0,7.690496478163011,7.690496478163011,7.690496478163011,0.0,0.0,0.03446493995369262,1.0,0.0,False,0,0,0,0,0,0.0,0.0,0.0,0.0,0.0,0,0.0,0,0,disabled,disabled,True,wrong_key,-1,6,False,raw,0,0.0,0.0,trial:-1,4,False,disabled,0,0,False,raw,0,0.0,0.0,,0,False,disabled,False,raw,0.0,0.0,,,,,,,,False,0,0,0,0,0,0,0.0,0.0,0.8059999999971978,2.240416000006462,3.1732079999926555,intervening_contexts,wrong_key_ablation,CRA,wrong_key_ablation,memory_ablation,MockSimulator,43,none,none,-1,0,0,internal,0.0,0.0,0.0,0.0,0,False,0,False,-1,1,0.1,0.2,8,8,0,raw,6,False
230,1000.0,8,8,0,8,0,0,7.66202167118653,7.66202167118653,7.66202167118653,0.0,0.0,0.034061000191710974,1.0,0.0,False,0,0,0,0,0,0.0,0.0,0.0,0.0,0.0,0,0.0,0,0,disabled,disabled,True,wrong_key,-1,6,False,raw,0,0.0,0.0,trial:-1,4,False,disabled,0,0,False,raw,0,0.0,0.0,,0,False,disabled,False,raw,0.0,0.0,,,,,,,,False,0,0,0,0,0,0,0.0,0.0,0.7913750000057007,2.241416999993362,3.1562080000071546,intervening_contexts,wrong_key_ablation,CRA,wrong_key_ablation,memory_ablation,MockSimulator,43,none,none,-1,0,0,internal,0.0,0.0,0.0,0.0,0,False,0,False,-1,1,0.1,0.2,8,8,0,raw,6,False
231,1000.0,8,8,0,8,0,0,7.633688586451202,7.633688586451202,7.633688586451202,0.0,0.0,0.03365943204422712,1.0,0.0,False,0,0,0,0,0,0.0,0.0,0.0,0.0,0.0,0,0.0,0,0,disabled,disabled,True,wrong_key,-1,6,False,raw,0,0.0,0.0,trial:-1,4,False,disabled,0,0,False,raw,0,0.0,0.0,,0,False,disabled,False,raw,0.0,0.0,,,,,,,,False,0,0,0,0,0,0,0.0,0.0,0.7930419999979677,2.2402919999962023,3.15720800000463,intervening_contexts,wrong_key_ablation,CRA,wrong_key_ablation,memory_ablation,MockSimulator,43,none,none,-1,0,0,internal,0.0,0.0,0.0,0.0,0,False,0,False,-1,1,0.1,0.2,8,8,0,raw,6,False
232,1000.0,8,8,0,8,0,0,7.605496517123293,7.605496517123293,7.605496517123293,0.0,0.0,0.03326030222256593,1.0,0.0,False,0,0,0,0,0,0.0,0.0,0.0,0.0,0.0,0,0.0,0,0,disabled,disabled,True,wrong_key,-1,6,False,raw,0,0.0,0.0,trial:-1,4,False,disabled,0,0,False,raw,0,0.0,0.0,,0,False,disabled,False,raw,0.0,0.0,,,,,,,,False,0,0,0,0,0,0,0.0,0.0,0.8016250000082437,2.289999999987913,3.215083000000618,intervening_contexts,wrong_key_ablation,CRA,wrong_key_ablation,memory_ablation,MockSimulator,43,none,none,-1,0,0,internal,0.0,0.0,0.0,0.0,0,False,0,False,-1,1,0.1,0.2,8,8,0,raw,6,False
233,1000.0,8,8,0,8,0,0,7.577444759894419,7.577444759894419,7.577444759894419,0.0,0.0,0.0328636738209535,1.0,0.0,False,0,0,0,0,0,0.0,0.0,0.0,0.0,0.0,0,0.0,0,0,disabled,disabled,True,wrong_key,-1,6,False,raw,0,0.0,0.0,trial:-1,4,False,disabled,0,0,False,raw,0,0.0,0.0,,0,False,disabled,False,raw,0.0,0.0,,,,,,,,False,0,0,0,0,0,0,0.0,0.0,0.8130000000079463,2.332583999987037,3.2695830000051274,intervening_contexts,wrong_key_ablation,CRA,wrong_key_ablation,memory_ablation,MockSimulator,43,none,none,-1,0,0,internal,0.0,0.0,0.0,0.0,0,False,0,False,-1,1,0.1,0.2,8,8,0,raw,6,False
234,1000.0,8,8,0,8,0,0,7.549532614963959,7.549532614963959,7.549532614963959,0.0,0.0,0.032469606434516546,1.0,0.0,False,0,0,0,0,0,0.0,0.0,0.0,0.0,0.0,0,0.0,0,0,disabled,disabled,True,wrong_key,-1,6,False,raw,0,0.0,0.0,trial:-1,4,False,disabled,0,0,False,raw,0,0.0,0.0,,0,False,disabled,False,raw,0.0,0.0,,,,,,,,False,0,0,0,0,0,0,0.0,0.0,0.8121249999959446,2.3004170000007207,3.2442910000014535,intervening_contexts,wrong_key_ablation,CRA,wrong_key_ablation,memory_ablation,MockSimulator,43,none,none,-1,0,0,internal,0.0,0.0,0.0,0.0,0,False,0,False,-1,1,0.1,0.2,8,8,0,raw,6,False
235,1000.0,8,8,0,8,0,0,7.521759386021562,7.521759386021562,7.521759386021562,0.0,0.0,0.03207815627400868,1.0,0.0,False,0,0,0,0,0,0.0,0.0,0.0,0.0,0.0,0,0.0,0,0,disabled,disabled,True,wrong_key,-1,6,False,raw,0,0.0,0.0,trial:-1,4,False,disabled,0,0,False,raw,0,0.0,0.0,,0,False,disabled,False,raw,0.0,0.0,,,,,,,,False,0,0,0,0,0,0,0.0,0.0,0.7983750000022383,2.2845830000051137,3.2070000000032906,intervening_contexts,wrong_key_ablation,CRA,wrong_key_ablation,memory_ablation,MockSimulator,43,none,none,-1,0,0,internal,0.0,0.0,0.0,0.0,0,False,0,False,-1,1,0.1,0.2,8,8,0,raw,6,False
236,1000.0,8,8,0,8,0,0,7.4941243802297395,7.4941243802297395,7.4941243802297395,0.0,0.0,0.03168937627734733,1.0,0.0,False,0,0,0,0,0,0.0,0.0,0.0,0.0,0.0,0,0.0,0,0,disabled,disabled,True,wrong_key,-1,6,False,raw,0,0.0,0.0,trial:-1,4,False,disabled,0,0,False,raw,0,0.0,0.0,,0,False,disabled,False,raw,0.0,0.0,,,,,,,,False,0,0,0,0,0,0,0.0,0.0,0.7907500000072787,2.2780420000003687,3.1919999999985293,intervening_contexts,wrong_key_ablation,CRA,wrong_key_ablation,memory_ablation,MockSimulator,43,none,none,-1,0,0,internal,0.0,0.0,0.0,0.0,0,False,0,False,-1,1,0.1,0.2,8,8,0,raw,6,False
237,1000.0,8,8,0,8,0,0,7.466626908206545,7.466626908206545,7.466626908206545,0.0,0.0,0.031303316218042825,1.0,0.0,False,0,0,0,0,0,0.0,0.0,0.0,0.0,0.0,0,0.0,0,0,disabled,disabled,True,wrong_key,-1,6,False,raw,0,0.0,0.0,trial:-1,4,False,disabled,0,0,False,raw,0,0.0,0.0,,0,False,disabled,False,raw,0.0,0.0,,,,,,,,False,0,0,0,0,0,0,0.0,0.0,0.7999580000017659,2.3220830000099113,3.245333999998934,intervening_contexts,wrong_key_ablation,CRA,wrong_key_ablation,memory_ablation,MockSimulator,43,none,none,-1,0,0,internal,0.0,0.0,0.0,0.0,0,False,0,False,-1,1,0.1,0.2,8,8,0,raw,6,False
238,1000.0,8,8,0,8,0,0,7.439266284008338,7.439266284008338,7.439266284008338,0.0,0.0,0.030920022810599565,1.0,0.0,False,0,0,0,0,0,0.0,0.0,0.0,0.0,0.0,0,0.0,0,0,disabled,disabled,True,wrong_key,-1,6,False,raw,0,0.0,0.0,trial:-1,4,False,disabled,0,0,False,raw,0,0.0,0.0,,0,False,disabled,False,raw,0.0,0.0,,,,,,,,False,0,0,0,0,0,0,0.0,0.0,0.8002909999902386,2.3921670000106587,3.31795800001089,intervening_contexts,wrong_key_ablation,CRA,wrong_key_ablation,memory_ablation,MockSimulator,43,none,none,-1,0,0,internal,0.0,0.0,0.0,0.0,0,False,0,False,-1,1,0.1,0.2,8,8,0,raw,6,False
239,1000.0,8,8,0,8,0,0,7.412041825112634,7.412041825112634,7.412041825112634,0.0,0.0,0.030539539812966813,1.0,0.0,False,0,0,0,0,0,0.0,0.0,0.0,0.0,0.0,0,0.0,0,0,disabled,disabled,True,wrong_key,-1,6,False,raw,0,0.0,0.0,trial:-1,4,False,disabled,0,0,False,raw,0,0.0,0.0,,0,False,disabled,False,raw,0.0,0.0,,,,,,,,False,0,0,0,0,0,0,0.0,0.0,0.8019160000003467,2.3434590000022126,3.271500000010974,intervening_contexts,wrong_key_ablation,CRA,wrong_key_ablation,memory_ablation,MockSimulator,43,none,none,-1,0,0,internal,0.0,0.0,0.0,0.0,0,False,0,False,-1,1,0.1,0.2,8,8,0,raw,6,False
240,1000.0,8,8,0,8,0,0,7.384952852401045,7.384952852401045,7.384952852401045,0.012711835317435555,0.0,0.030161908126115133,1.0,0.012711835317435555,False,0,0,0,0,0,0.0,0.0,0.0,0.0,0.0,0,0.0,0,0,disabled,disabled,True,wrong_key,1,7,False,raw,0,0.0055000000000000005,0.0055000000000000005,trial:2,4,False,disabled,0,0,False,raw,0,0.0055000000000000005,0.0055000000000000005,,0,False,disabled,False,raw,0.0055000000000000005,0.0055000000000000005,,,,,,,,False,0,0,0,0,0,0,0.0,0.0,0.7967499999921301,2.331917000006456,3.2521669999994174,intervening_contexts,wrong_key_ablation,CRA,wrong_key_ablation,memory_ablation,MockSimulator,43,context,target_context,2,1,0,internal,0.0055000000000000005,0.0055000000000000005,0.0,0.0,0,False,1,False,-1,1,0.1,0.2,8,8,0,raw,7,False
241,1000.0,8,8,0,8,0,0,7.357998690142301,7.357998690142301,7.357998690142301,0.008089609038040013,0.0,0.029787165890812334,1.0,0.008089609038040013,False,0,0,0,0,0,0.0,0.0,0.0,0.0,0.0,0,0.0,0,0,disabled,disabled,True,wrong_key,1,7,False,raw,0,0.0034999999999999996,0.0034999999999999996,trial:2,4,False,disabled,0,0,False,raw,0,0.0034999999999999996,0.0034999999999999996,,0,False,disabled,False,raw,0.0034999999999999996,0.0034999999999999996,,,,,,,,False,0,0,0,0,0,0,0.0,0.0,0.7981669999992391,2.3202920000073846,3.2417500000008204,intervening_contexts,wrong_key_ablation,CRA,wrong_key_ablation,memory_ablation,MockSimulator,43,distractor,between_context_and_decision,2,0,0,internal,0.0034999999999999996,0.0034999999999999996,0.0,0.0,0,False,1,False,-1,1,0.1,0.2,8,8,0,raw,7,False
242,1000.0,8,8,0,8,0,0,7.331178665975353,7.331178665975353,7.331178665975353,0.0,0.0,0.0294153485816712,1.0,0.0,False,0,0,0,0,0,0.0,0.0,0.0,0.0,0.0,0,0.0,0,0,disabled,disabled,True,wrong_key,1,7,False,raw,0,0.0,0.0,trial:-1,4,False,disabled,0,0,False,raw,0,0.0,0.0,,0,False,disabled,False,raw,0.0,0.0,,,,,,,,False,0,0,0,0,0,0,0.0,0.0,0.7941249999987576,2.358708999992132,3.276749999997719,intervening_contexts,wrong_key_ablation,CRA,wrong_key_ablation,memory_ablation,MockSimulator,43,none,none,-1,0,0,internal,0.0,0.0,0.0,0.0,0,False,0,False,-1,1,0.1,0.2,8,8,0,raw,7,False
243,1000.0,8,8,0,8,0,0,7.304492110892569,7.304492110892569,7.304492110892569,0.008089609038040013,0.0,0.02904648909853939,1.0,0.008089609038040013,False,0,0,0,0,0,0.0,0.0,0.0,0.0,0.0,0,0.0,0,0,disabled,disabled,True,wrong_key,1,7,False,raw,0,0.0034999999999999996,0.0034999999999999996,trial:2,4,False,disabled,0,0,False,raw,0,0.0034999999999999996,0.0034999999999999996,,0,False,disabled,False,raw,0.0034999999999999996,0.0034999999999999996,,,,,,,,False,0,0,0,0,0,0,0.0,0.0,0.7944589999908658,2.5118749999961665,3.4305829999965454,intervening_contexts,wrong_key_ablation,CRA,wrong_key_ablation,memory_ablation,MockSimulator,43,distractor,between_context_and_decision,2,0,0,internal,0.0034999999999999996,0.0034999999999999996,0.0,0.0,0,False,1,False,-1,1,0.1,0.2,8,8,0,raw,7,False
244,1000.0,8,8,0,8,0,0,7.277938359223004,7.277938359223004,7.277938359223004,0.008089609038040013,0.0,0.028680617855300183,1.0,0.008089609038040013,False,0,0,0,0,0,0.0,0.0,0.0,0.0,0.0,0,0.0,0,0,disabled,disabled,True,wrong_key,1,7,False,raw,0,0.0034999999999999996,0.0034999999999999996,trial:2,4,False,disabled,0,0,False,raw,0,0.0034999999999999996,0.0034999999999999996,,0,False,disabled,False,raw,0.0034999999999999996,0.0034999999999999996,,,,,,,,False,0,0,0,0,0,0,0.0,0.0,0.8073750000079372,2.362833999995928,3.298458999992704,intervening_contexts,wrong_key_ablation,CRA,wrong_key_ablation,memory_ablation,MockSimulator,43,distractor,between_context_and_decision,2,0,0,internal,0.0034999999999999996,0.0034999999999999996,0.0,0.0,0,False,1,False,-1,1,0.1,0.2,8,8,0,raw,7,False
245,1000.0,8,8,0,8,0,0,7.251516748615762,7.251516748615762,7.251516748615762,0.0,0.0,0.028317762866151126,1.0,0.0,False,0,0,0,0,0,0.0,0.0,0.0,0.0,0.0,0,0.0,0,0,disabled,disabled,True,wrong_key,1,7,False,raw,0,0.0,0.0,trial:-1,4,False,disabled,0,0,False,raw,0,0.0,0.0,,0,False,disabled,False,raw,0.0,0.0,,,,,,,,False,0,0,0,0,0,0,0.0,0.0,0.8020000000072969,2.3723749999930988,3.298499999999649,intervening_contexts,wrong_key_ablation,CRA,wrong_key_ablation,memory_ablation,MockSimulator,43,none,none,-1,0,0,internal,0.0,0.0,0.0,0.0,0,False,0,False,-1,1,0.1,0.2,8,8,0,raw,7,False
246,1000.0,8,8,0,8,0,0,7.2252266200234345,7.2252266200234345,7.2252266200234345,-0.008089609038040013,-0.0,0.027957949829425913,1.0,-0.008089609038040013,False,0,0,0,0,0,0.0,0.0,0.0,0.0,0.0,0,0.0,0,0,disabled,disabled,True,wrong_key,1,7,False,raw,0,-0.0034999999999999996,-0.0034999999999999996,trial:2,4,False,disabled,0,0,False,raw,0,-0.0034999999999999996,-0.0034999999999999996,,0,False,disabled,False,raw,-0.0034999999999999996,-0.0034999999999999996,,,,,,,,False,0,0,0,0,0,0,0.0,0.0,0.7971250000053942,2.3777919999901087,3.2996669999931783,intervening_contexts,wrong_key_ablation,CRA,wrong_key_ablation,memory_ablation,MockSimulator,43,distractor,between_context_and_decision,2,0,0,internal,-0.0034999999999999996,-0.0034999999999999996,0.0,0.0,0,False,-1,False,-1,1,0.1,0.2,8,8,0,raw,7,False
247,1000.0,8,8,0,8,0,0,7.199067317685627,7.199067317685627,7.199067317685627,0.0,0.0,0.02760120220902325,1.0,0.0,False,0,0,0,0,0,0.0,0.0,0.0,0.0,0.0,0,0.0,0,0,disabled,disabled,True,wrong_key,1,7,False,raw,0,0.0,0.0,trial:-1,4,False,disabled,0,0,False,raw,0,0.0,0.0,,0,False,disabled,False,raw,0.0,0.0,,,,,,,,False,0,0,0,0,0,0,0.0,0.0,0.7969589999987647,2.356707999993546,3.276916999993773,intervening_contexts,wrong_key_ablation,CRA,wrong_key_ablation,memory_ablation,MockSimulator,43,none,none,-1,0,0,internal,0.0,0.0,0.0,0.0,0,False,0,False,-1,1,0.1,0.2,8,8,0,raw,7,False
248,1000.0,8,8,0,8,0,0,7.173038189112559,7.173038189112559,7.173038189112559,0.008089609038040013,0.0,0.027247541313504917,1.0,0.008089609038040013,False,0,0,0,0,0,0.0,0.0,0.0,0.0,0.0,0,0.0,0,0,disabled,disabled,True,wrong_key,1,7,False,raw,0,0.0034999999999999996,0.0034999999999999996,trial:2,4,False,disabled,0,0,False,raw,0,0.0034999999999999996,0.0034999999999999996,,0,False,disabled,False,raw,0.0034999999999999996,0.0034999999999999996,,,,,,,,False,0,0,0,0,0,0,0.0,0.0,0.7966249999924457,2.5415830000099504,3.461749999999597,intervening_contexts,wrong_key_ablation,CRA,wrong_key_ablation,memory_ablation,MockSimulator,43,distractor,between_context_and_decision,2,0,0,internal,0.0034999999999999996,0.0034999999999999996,0.0,0.0,0,False,1,False,-1,1,0.1,0.2,8,8,0,raw,7,False
249,1000.0,8,8,0,8,0,0,7.147138585068763,7.147138585068763,7.147138585068763,-0.008089609038040013,-0.0,0.02689698637292371,1.0,-0.008089609038040013,False,0,0,0,0,0,0.0,0.0,0.0,0.0,0.0,0,0.0,0,0,disabled,disabled,True,wrong_key,1,7,False,raw,0,-0.0034999999999999996,-0.0034999999999999996,trial:2,4,False,disabled,0,0,False,raw,0,-0.0034999999999999996,-0.0034999999999999996,,0,False,disabled,False,raw,-0.0034999999999999996,-0.0034999999999999996,,,,,,,,False,0,0,0,0,0,0,0.0,0.0,0.8161250000000564,2.404499999997256,3.3490000000000464,intervening_contexts,wrong_key_ablation,CRA,wrong_key_ablation,memory_ablation,MockSimulator,43,distractor,between_context_and_decision,2,0,0,internal,-0.0034999999999999996,-0.0034999999999999996,0.0,0.0,0,False,-1,False,-1,1,0.1,0.2,8,8,0,raw,7,False
250,1000.0,8,8,0,8,0,0,7.121367859556841,7.121367859556841,7.121367859556841,0.0,0.0,0.026549554613440354,1.0,0.0,False,0,0,0,0,0,0.0,0.0,0.0,0.0,0.0,0,0.0,0,0,disabled,disabled,True,wrong_key,1,7,False,raw,0,0.0,0.0,trial:-1,4,False,disabled,0,0,False,raw,0,0.0,0.0,,0,False,disabled,False,raw,0.0,0.0,,,,,,,,False,0,0,0,0,0,0,0.0,0.0,0.8109169999954702,2.39300000001208,3.3278340000038042,intervening_contexts,wrong_key_ablation,CRA,wrong_key_ablation,memory_ablation,MockSimulator,43,none,none,-1,0,0,internal,0.0,0.0,0.0,0.0,0,False,0,False,-1,1,0.1,0.2,8,8,0,raw,7,False
251,1000.0,8,8,0,8,0,0,7.095725369801323,7.095725369801323,7.095725369801323,0.008089609038040013,0.0,0.026205261329787156,1.0,0.008089609038040013,False,0,0,0,0,0,0.0,0.0,0.0,0.0,0.0,0,0.0,0,0,disabled,disabled,True,wrong_key,1,7,False,raw,0,0.0034999999999999996,0.0034999999999999996,trial:2,4,False,disabled,0,0,False,raw,0,0.0034999999999999996,0.0034999999999999996,,0,False,disabled,False,raw,0.0034999999999999996,0.0034999999999999996,,,,,,,,False,0,0,0,0,0,0,0.0,0.0,0.7967920000027107,2.4128330000081633,3.3340829999986,intervening_contexts,wrong_key_ablation,CRA,wrong_key_ablation,memory_ablation,MockSimulator,43,distractor,between_context_and_decision,2,0,0,internal,0.0034999999999999996,0.0034999999999999996,0.0,0.0,0,False,1,False,-1,1,0.1,0.2,8,8,0,raw,7,False
252,1000.0,8,8,0,8,0,0,7.070210476232593,7.070210476232593,7.070210476232593,0.008089609038040013,0.0,0.025864119955634715,1.0,0.008089609038040013,False,0,0,0,0,0,0.0,0.0,0.0,0.0,0.0,0,0.0,0,0,disabled,disabled,True,wrong_key,1,7,False,raw,0,0.0034999999999999996,0.0034999999999999996,trial:2,4,False,disabled,0,0,False,raw,0,0.0034999999999999996,0.0034999999999999996,,0,False,disabled,False,raw,0.0034999999999999996,0.0034999999999999996,,,,,,,,False,0,0,0,0,0,0,0.0,0.0,0.7982919999989235,2.4107079999993175,3.332749999998441,intervening_contexts,wrong_key_ablation,CRA,wrong_key_ablation,memory_ablation,MockSimulator,43,distractor,between_context_and_decision,2,0,0,internal,0.0034999999999999996,0.0034999999999999996,0.0,0.0,0,False,1,False,-1,1,0.1,0.2,8,8,0,raw,7,False
253,1000.0,8,8,0,8,0,0,7.044822542470903,7.044822542470903,7.044822542470903,-0.008089609038040013,-0.0,0.025526142131916455,1.0,-0.008089609038040013,False,0,0,0,0,0,0.0,0.0,0.0,0.0,0.0,0,0.0,0,0,disabled,disabled,True,wrong_key,1,7,False,raw,0,-0.0034999999999999996,-0.0034999999999999996,trial:2,4,False,disabled,0,0,False,raw,0,-0.0034999999999999996,-0.0034999999999999996,,0,False,disabled,False,raw,-0.0034999999999999996,-0.0034999999999999996,,,,,,,,False,0,0,0,0,0,0,0.0,0.0,0.8607919999974456,2.47954199998901,3.4637089999876025,intervening_contexts,wrong_key_ablation,CRA,wrong_key_ablation,memory_ablation,MockSimulator,43,distractor,between_context_and_decision,2,0,0,internal,-0.0034999999999999996,-0.0034999999999999996,0.0,0.0,0,False,-1,False,-1,1,0.1,0.2,8,8,0,raw,7,False
254,1000.0,8,8,0,8,0,0,7.019560935310461,7.019560935310461,7.019560935310461,-0.008089609038040013,-0.0,0.025191337773164672,1.0,-0.008089609038040013,False,0,0,0,0,0,0.0,0.0,0.0,0.0,0.0,0,0.0,0,0,disabled,disabled,True,wrong_key,1,7,False,raw,0,-0.0034999999999999996,-0.0034999999999999996,trial:2,4,False,disabled,0,0,False,raw,0,-0.0034999999999999996,-0.0034999999999999996,,0,False,disabled,False,raw,-0.0034999999999999996,-0.0034999999999999996,,,,,,,,False,0,0,0,0,0,0,0.0,0.0,0.7993330000033438,2.434416999989253,3.3605410000063785,intervening_contexts,wrong_key_ablation,CRA,wrong_key_ablation,memory_ablation,MockSimulator,43,distractor,between_context_and_decision,2,0,0,internal,-0.0034999999999999996,-0.0034999999999999996,0.0,0.0,0,False,-1,False,-1,1,0.1,0.2,8,8,0,raw,7,False
255,1000.0,8,8,0,8,0,0,6.994425024703603,6.994425024703603,6.994425024703603,-0.008089609038040013,-0.0,0.024859715131910192,1.0,-0.008089609038040013,False,0,0,0,0,0,0.0,0.0,0.0,0.0,0.0,0,0.0,0,0,disabled,disabled,True,wrong_key,1,7,False,raw,0,-0.0034999999999999996,-0.0034999999999999996,trial:2,4,False,disabled,0,0,False,raw,0,-0.0034999999999999996,-0.0034999999999999996,,0,False,disabled,False,raw,-0.0034999999999999996,-0.0034999999999999996,,,,,,,,False,0,0,0,0,0,0,0.0,0.0,0.7972500000050786,2.437040999993201,3.3575829999961115,intervening_contexts,wrong_key_ablation,CRA,wrong_key_ablation,memory_ablation,MockSimulator,43,distractor,between_context_and_decision,2,0,0,internal,-0.0034999999999999996,-0.0034999999999999996,0.0,0.0,0,False,-1,False,-1,1,0.1,0.2,8,8,0,raw,7,False
256,1000.0,8,8,0,8,0,0,6.969414183745038,6.969414183745038,6.969414183745038,0.008089609038040013,0.0,0.024531280861196627,1.0,0.008089609038040013,False,0,0,0,0,0,0.0,0.0,0.0,0.0,0.0,0,0.0,0,0,disabled,disabled,True,wrong_key,1,7,False,raw,0,0.0034999999999999996,0.0034999999999999996,trial:2,4,False,disabled,0,0,False,raw,0,0.0034999999999999996,0.0034999999999999996,,0,False,disabled,False,raw,0.0034999999999999996,0.0034999999999999996,,,,,,,,False,0,0,0,0,0,0,0.0,0.0,0.7979579999926045,2.455582999999706,3.3779999999978827,intervening_contexts,wrong_key_ablation,CRA,wrong_key_ablation,memory_ablation,MockSimulator,43,distractor,between_context_and_decision,2,0,0,internal,0.0034999999999999996,0.0034999999999999996,0.0,0.0,0,False,1,False,-1,1,0.1,0.2,8,8,0,raw,7,False
257,1000.0,8,8,0,8,0,0,6.944527788656182,6.944527788656182,6.944527788656182,0.0,0.0,0.02420604007525884,1.0,0.0,False,0,0,0,0,0,0.0,0.0,0.0,0.0,0.0,0,0.0,0,0,disabled,disabled,True,wrong_key,1,7,False,raw,0,0.0,0.0,trial:-1,4,False,disabled,0,0,False,raw,0,0.0,0.0,,0,False,disabled,False,raw,0.0,0.0,,,,,,,,False,0,0,0,0,0,0,0.0,0.0,0.8023340000136159,2.6321249999909924,3.558666000003541,intervening_contexts,wrong_key_ablation,CRA,wrong_key_ablation,memory_ablation,MockSimulator,43,none,none,-1,0,0,internal,0.0,0.0,0.0,0.0,0,False,0,False,-1,1,0.1,0.2,8,8,0,raw,7,False
258,1000.0,8,8,0,8,0,0,6.919765218769555,6.919765218769555,6.919765218769555,-0.008089609038040013,-0.0,0.023883996408414085,1.0,-0.008089609038040013,False,0,0,0,0,0,0.0,0.0,0.0,0.0,0.0,0,0.0,0,0,disabled,disabled,True,wrong_key,1,7,False,raw,0,-0.0034999999999999996,-0.0034999999999999996,trial:2,4,False,disabled,0,0,False,raw,0,-0.0034999999999999996,-0.0034999999999999996,,0,False,disabled,False,raw,-0.0034999999999999996,-0.0034999999999999996,,,,,,,,False,0,0,0,0,0,0,0.0,0.0,0.8564999999975953,2.6928750000081436,3.747541999999271,intervening_contexts,wrong_key_ablation,CRA,wrong_key_ablation,memory_ablation,MockSimulator,43,distractor,between_context_and_decision,2,0,0,internal,-0.0034999999999999996,-0.0034999999999999996,0.0,0.0,0,False,-1,False,-1,1,0.1,0.2,8,8,0,raw,7,False
259,1000.0,8,8,0,8,0,0,6.895125856513272,6.895125856513272,6.895125856513272,-0.008089609038040013,-0.0,0.023565152072213016,1.0,-0.008089609038040013,False,0,0,0,0,0,0.0,0.0,0.0,0.0,0.0,0,0.0,0,0,disabled,disabled,True,wrong_key,1,7,False,raw,0,-0.0034999999999999996,-0.0034999999999999996,trial:2,4,False,disabled,0,0,False,raw,0,-0.0034999999999999996,-0.0034999999999999996,,0,False,disabled,False,raw,-0.0034999999999999996,-0.0034999999999999996,,,,,,,,False,0,0,0,0,0,0,0.0,0.0,0.8103330000039932,2.514042000001382,3.451041999994686,intervening_contexts,wrong_key_ablation,CRA,wrong_key_ablation,memory_ablation,MockSimulator,43,distractor,between_context_and_decision,2,0,0,internal,-0.0034999999999999996,-0.0034999999999999996,0.0,0.0,0,False,-1,False,-1,1,0.1,0.2,8,8,0,raw,7,False
260,1000.0,8,8,0,8,0,0,6.870609087395598,6.870609087395598,6.870609087395598,0.008089609038040013,0.0,0.023249507910896625,1.0,0.008089609038040013,False,0,0,0,0,0,0.0,0.0,0.0,0.0,0.0,0,0.0,0,0,disabled,disabled,True,wrong_key,1,7,False,raw,0,0.0034999999999999996,0.0034999999999999996,trial:2,4,False,disabled,0,0,False,raw,0,0.0034999999999999996,0.0034999999999999996,,0,False,disabled,False,raw,0.0034999999999999996,0.0034999999999999996,,,,,,,,False,0,0,0,0,0,0,0.0,0.0,0.9026249999948277,2.7527910000060274,3.7874580000050173,intervening_contexts,wrong_key_ablation,CRA,wrong_key_ablation,memory_ablation,MockSimulator,43,distractor,between_context_and_decision,2,0,0,internal,0.0034999999999999996,0.0034999999999999996,0.0,0.0,0,False,1,False,-1,1,0.1,0.2,8,8,0,raw,7,False
261,1000.0,8,8,0,8,0,0,6.84621429998959,6.84621429998959,6.84621429998959,0.008089609038040013,0.0,0.022937063455204004,1.0,0.008089609038040013,False,0,0,0,0,0,0.0,0.0,0.0,0.0,0.0,0,0.0,0,0,disabled,disabled,True,wrong_key,1,7,False,raw,0,0.0034999999999999996,0.0034999999999999996,trial:2,4,False,disabled,0,0,False,raw,0,0.0034999999999999996,0.0034999999999999996,,0,False,disabled,False,raw,0.0034999999999999996,0.0034999999999999996,,,,,,,,False,0,0,0,0,0,0,0.0,0.0,0.8684579999993502,2.813000000003285,3.8300000000077716,intervening_contexts,wrong_key_ablation,CRA,wrong_key_ablation,memory_ablation,MockSimulator,43,distractor,between_context_and_decision,2,0,0,internal,0.0034999999999999996,0.0034999999999999996,0.0,0.0,0,False,1,False,-1,1,0.1,0.2,8,8,0,raw,7,False
262,1000.0,8,8,0,8,0,0,6.821940885917809,6.821940885917809,6.821940885917809,-0.008089609038040013,-0.0,0.02262781697457473,1.0,-0.008089609038040013,False,0,0,0,0,0,0.0,0.0,0.0,0.0,0.0,0,0.0,0,0,disabled,disabled,True,wrong_key,1,7,False,raw,0,-0.0034999999999999996,-0.0034999999999999996,trial:2,4,False,disabled,0,0,False,raw,0,-0.0034999999999999996,-0.0034999999999999996,,0,False,disabled,False,raw,-0.0034999999999999996,-0.0034999999999999996,,,,,,,,False,0,0,0,0,0,0,0.0,0.0,1.313832999997544,3.3783330000005662,4.83350000000371,intervening_contexts,wrong_key_ablation,CRA,wrong_key_ablation,memory_ablation,MockSimulator,43,distractor,between_context_and_decision,2,0,0,internal,-0.0034999999999999996,-0.0034999999999999996,0.0,0.0,0,False,-1,False,-1,1,0.1,0.2,8,8,0,raw,7,False
263,1000.0,8,8,0,8,0,0,6.797788239837109,6.797788239837109,6.797788239837109,0.0,0.0,0.022321765527788546,1.0,0.0,False,0,0,0,0,0,0.0,0.0,0.0,0.0,0.0,0,0.0,0,0,disabled,disabled,True,wrong_key,1,7,False,raw,0,0.0,0.0,trial:-1,4,False,disabled,0,0,False,raw,0,0.0,0.0,,0,False,disabled,False,raw,0.0,0.0,,,,,,,,False,0,0,0,0,0,0,0.0,0.0,0.83937500001241,2.6620409999935646,3.6492910000021084,intervening_contexts,wrong_key_ablation,CRA,wrong_key_ablation,memory_ablation,MockSimulator,43,none,none,-1,0,0,internal,0.0,0.0,0.0,0.0,0,False,0,False,-1,1,0.1,0.2,8,8,0,raw,7,False
264,1000.0,8,8,0,8,0,0,6.773755759423508,6.773755759423508,6.773755759423508,-0.011556321959740039,-0.0,0.02201890501208398,1.0,-0.011556321959740039,False,0,0,0,0,0,0.0,0.0,0.0,0.0,0.0,0,0.0,0,0,disabled,disabled,True,wrong_key,-1,8,False,raw,0,-0.005,-0.005,intruder:264,4,False,disabled,0,0,False,raw,0,-0.005,-0.005,,0,False,disabled,False,raw,-0.005,-0.005,,,,,,,,False,0,0,0,0,0,0,0.0,0.0,0.8194170000024315,2.613624999995068,3.5606670000021268,intervening_contexts,wrong_key_ablation,CRA,wrong_key_ablation,memory_ablation,MockSimulator,43,context,interfering_context,2,-1,0,internal,-0.005,-0.005,0.0,0.0,0,False,-1,False,-1,1,0.1,0.2,8,8,0,raw,8,False
265,1000.0,8,8,0,8,0,0,6.749842845357124,6.749842845357124,6.749842845357124,0.008089609038040013,0.0,0.02171923021079648,1.0,0.008089609038040013,False,0,0,0,0,0,0.0,0.0,0.0,0.0,0.0,0,0.0,0,0,disabled,disabled,True,wrong_key,-1,8,False,raw,0,0.0034999999999999996,0.0034999999999999996,trial:2,4,False,disabled,0,0,False,raw,0,0.0034999999999999996,0.0034999999999999996,,0,False,disabled,False,raw,0.0034999999999999996,0.0034999999999999996,,,,,,,,False,0,0,0,0,0,0,0.0,0.0,0.819125000006693,2.641917000005378,3.5876670000050126,intervening_contexts,wrong_key_ablation,CRA,wrong_key_ablation,memory_ablation,MockSimulator,43,distractor,between_context_and_decision,2,0,0,internal,0.0034999999999999996,0.0034999999999999996,0.0,0.0,0,False,1,False,-1,1,0.1,0.2,8,8,0,raw,8,False
266,1000.0,8,8,0,8,0,0,6.726048901307198,6.726048901307198,6.726048901307198,0.008089609038040013,0.0,0.021422734839555646,1.0,0.008089609038040013,False,0,0,0,0,0,0.0,0.0,0.0,0.0,0.0,0,0.0,0,0,disabled,disabled,True,wrong_key,-1,8,False,raw,0,0.0034999999999999996,0.0034999999999999996,trial:2,4,False,disabled,0,0,False,raw,0,0.0034999999999999996,0.0034999999999999996,,0,False,disabled,False,raw,0.0034999999999999996,0.0034999999999999996,,,,,,,,False,0,0,0,0,0,0,0.0,0.0,0.8775000000014188,3.1448750000038217,4.153000000002294,intervening_contexts,wrong_key_ablation,CRA,wrong_key_ablation,memory_ablation,MockSimulator,43,distractor,between_context_and_decision,2,0,0,internal,0.0034999999999999996,0.0034999999999999996,0.0,0.0,0,False,1,False,-1,1,0.1,0.2,8,8,0,raw,8,False
267,1000.0,8,8,0,8,0,0,6.702373333917182,6.702373333917182,6.702373333917182,0.0,0.0,0.02112941159108013,1.0,0.0,False,0,0,0,0,0,0.0,0.0,0.0,0.0,0.0,0,0.0,0,0,disabled,disabled,True,wrong_key,-1,8,False,raw,0,0.0,0.0,trial:-1,4,False,disabled,0,0,False,raw,0,0.0,0.0,,0,False,disabled,False,raw,0.0,0.0,,,,,,,,False,0,0,0,0,0,0,0.0,0.0,0.8650000000045566,4.1170420000042895,5.129292000006558,intervening_contexts,wrong_key_ablation,CRA,wrong_key_ablation,memory_ablation,MockSimulator,43,none,none,-1,0,0,internal,0.0,0.0,0.0,0.0,0,False,0,False,-1,1,0.1,0.2,8,8,0,raw,8,False
268,1000.0,8,8,0,8,0,0,6.678815552789905,6.678815552789905,6.678815552789905,0.0,0.0,0.02083925217860781,1.0,0.0,False,0,0,0,0,0,0.0,0.0,0.0,0.0,0.0,0,0.0,0,0,disabled,disabled,True,wrong_key,-1,8,False,raw,0,0.0,0.0,trial:-1,4,False,disabled,0,0,False,raw,0,0.0,0.0,,0,False,disabled,False,raw,0.0,0.0,,,,,,,,False,0,0,0,0,0,0,0.0,0.0,2.8347920000015847,3.016625000000772,6.262124999992125,intervening_contexts,wrong_key_ablation,CRA,wrong_key_ablation,memory_ablation,MockSimulator,43,none,none,-1,0,0,internal,0.0,0.0,0.0,0.0,0,False,0,False,-1,1,0.1,0.2,8,8,0,raw,8,False
269,1000.0,8,8,0,8,0,0,6.655374970472814,6.655374970472814,6.655374970472814,-0.008089609038040013,-0.0,0.02055224737799795,1.0,-0.008089609038040013,False,0,0,0,0,0,0.0,0.0,0.0,0.0,0.0,0,0.0,0,0,disabled,disabled,True,wrong_key,-1,8,False,raw,0,-0.0034999999999999996,-0.0034999999999999996,trial:2,4,False,disabled,0,0,False,raw,0,-0.0034999999999999996,-0.0034999999999999996,,0,False,disabled,False,raw,-0.0034999999999999996,-0.0034999999999999996,,,,,,,,False,0,0,0,0,0,0,0.0,0.0,0.8417500000064138,3.3714589999931377,4.352291000003561,intervening_contexts,wrong_key_ablation,CRA,wrong_key_ablation,memory_ablation,MockSimulator,43,distractor,between_context_and_decision,2,0,0,internal,-0.0034999999999999996,-0.0034999999999999996,0.0,0.0,0,False,-1,False,-1,1,0.1,0.2,8,8,0,raw,8,False
270,1000.0,8,8,0,8,0,0,6.632051002443289,6.632051002443289,6.632051002443289,0.008089609038040013,0.0,0.020268387068541043,1.0,0.008089609038040013,False,0,0,0,0,0,0.0,0.0,0.0,0.0,0.0,0,0.0,0,0,disabled,disabled,True,wrong_key,-1,8,False,raw,0,0.0034999999999999996,0.0034999999999999996,trial:2,4,False,disabled,0,0,False,raw,0,0.0034999999999999996,0.0034999999999999996,,0,False,disabled,False,raw,0.0034999999999999996,0.0034999999999999996,,,,,,,,False,0,0,0,0,0,0,0.0,0.0,0.8494589999941127,2.8250830000047245,3.814790999996376,intervening_contexts,wrong_key_ablation,CRA,wrong_key_ablation,memory_ablation,MockSimulator,43,distractor,between_context_and_decision,2,0,0,internal,0.0034999999999999996,0.0034999999999999996,0.0,0.0,0,False,1,False,-1,1,0.1,0.2,8,8,0,raw,8,False
271,1000.0,8,8,0,8,0,0,6.608843067094027,6.608843067094027,6.608843067094027,-0.008089609038040013,-0.0,0.019987660272511212,1.0,-0.008089609038040013,False,0,0,0,0,0,0.0,0.0,0.0,0.0,0.0,0,0.0,0,0,disabled,disabled,True,wrong_key,-1,8,False,raw,0,-0.0034999999999999996,-0.0034999999999999996,trial:2,4,False,disabled,0,0,False,raw,0,-0.0034999999999999996,-0.0034999999999999996,,0,False,disabled,False,raw,-0.0034999999999999996,-0.0034999999999999996,,,,,,,,False,0,0,0,0,0,0,0.0,0.0,1.2713750000017399,30.65391699999509,32.584583000002,intervening_contexts,wrong_key_ablation,CRA,wrong_key_ablation,memory_ablation,MockSimulator,43,distractor,between_context_and_decision,2,0,0,internal,-0.0034999999999999996,-0.0034999999999999996,0.0,0.0,0,False,-1,False,-1,1,0.1,0.2,8,8,0,raw,8,False
272,1000.0,8,8,0,8,0,0,6.585750585718503,6.585750585718503,6.585750585718503,-0.008089609038040013,-0.0,0.019710055193495158,1.0,-0.008089609038040013,False,0,0,0,0,0,0.0,0.0,0.0,0.0,0.0,0,0.0,0,0,disabled,disabled,True,wrong_key,-1,8,False,raw,0,-0.0034999999999999996,-0.0034999999999999996,trial:2,4,False,disabled,0,0,False,raw,0,-0.0034999999999999996,-0.0034999999999999996,,0,False,disabled,False,raw,-0.0034999999999999996,-0.0034999999999999996,,,,,,,,False,0,0,0,0,0,0,0.0,0.0,0.8841249999989031,2.9455410000025495,7.3330000000026985,intervening_contexts,wrong_key_ablation,CRA,wrong_key_ablation,memory_ablation,MockSimulator,43,distractor,between_context_and_decision,2,0,0,internal,-0.0034999999999999996,-0.0034999999999999996,0.0,0.0,0,False,-1,False,-1,1,0.1,0.2,8,8,0,raw,8,False
273,1000.0,8,8,0,8,0,0,6.562772982496504,6.562772982496504,6.562772982496504,0.0,0.0,0.019435559253530743,1.0,0.0,False,0,0,0,0,0,0.0,0.0,0.0,0.0,0.0,0,0.0,0,0,disabled,disabled,True,wrong_key,-1,8,False,raw,0,0.0,0.0,trial:-1,4,False,disabled,0,0,False,raw,0,0.0,0.0,,0,False,disabled,False,raw,0.0,0.0,,,,,,,,False,0,0,0,0,0,0,0.0,0.0,0.8124579999986281,2.774917000010646,3.7215000000117016,intervening_contexts,wrong_key_ablation,CRA,wrong_key_ablation,memory_ablation,MockSimulator,43,none,none,-1,0,0,internal,0.0,0.0,0.0,0.0,0,False,0,False,-1,1,0.1,0.2,8,8,0,raw,8,False
274,1000.0,8,8,0,8,0,0,6.539909684479732,6.539909684479732,6.539909684479732,-0.008089609038040013,-0.0,0.019164159129087505,1.0,-0.008089609038040013,False,0,0,0,0,0,0.0,0.0,0.0,0.0,0.0,0,0.0,0,0,disabled,disabled,True,wrong_key,-1,8,False,raw,0,-0.0034999999999999996,-0.0034999999999999996,trial:2,4,False,disabled,0,0,False,raw,0,-0.0034999999999999996,-0.0034999999999999996,,0,False,disabled,False,raw,-0.0034999999999999996,-0.0034999999999999996,,,,,,,,False,0,0,0,0,0,0,0.0,0.0,0.8180000000095333,2.7157499999930224,3.6617089999992913,intervening_contexts,wrong_key_ablation,CRA,wrong_key_ablation,memory_ablation,MockSimulator,43,distractor,between_context_and_decision,2,0,0,internal,-0.0034999999999999996,-0.0034999999999999996,0.0,0.0,0,False,-1,False,-1,1,0.1,0.2,8,8,0,raw,8,False
275,1000.0,8,8,0,8,0,0,6.517160121577478,6.517160121577478,6.517160121577478,0.0,0.0,0.018895840785920586,1.0,0.0,False,0,0,0,0,0,0.0,0.0,0.0,0.0,0.0,0,0.0,0,0,disabled,disabled,True,wrong_key,-1,8,False,raw,0,0.0,0.0,trial:-1,4,False,disabled,0,0,False,raw,0,0.0,0.0,,0,False,disabled,False,raw,0.0,0.0,,,,,,,,False,0,0,0,0,0,0,0.0,0.0,0.8118750000107866,6.661957999995138,7.602082999994764,intervening_contexts,wrong_key_ablation,CRA,wrong_key_ablation,memory_ablation,MockSimulator,43,none,none,-1,0,0,internal,0.0,0.0,0.0,0.0,0,False,0,False,-1,1,0.1,0.2,8,8,0,raw,8,False
276,1000.0,8,8,0,8,0,0,6.494523726542376,6.494523726542376,6.494523726542376,0.0,0.0,0.018630589512828706,1.0,0.0,False,0,0,0,0,0,0.0,0.0,0.0,0.0,0.0,0,0.0,0,0,disabled,disabled,True,wrong_key,-1,8,False,raw,0,0.0,0.0,trial:-1,4,False,disabled,0,0,False,raw,0,0.0,0.0,,0,False,disabled,False,raw,0.0,0.0,,,,,,,,False,0,0,0,0,0,0,0.0,0.0,12.294832999998562,3.2807919999982005,15.724083999998584,intervening_contexts,wrong_key_ablation,CRA,wrong_key_ablation,memory_ablation,MockSimulator,43,none,none,-1,0,0,internal,0.0,0.0,0.0,0.0,0,False,0,False,-1,1,0.1,0.2,8,8,0,raw,8,False
277,1000.0,8,8,0,8,0,0,6.471999934956213,6.471999934956213,6.471999934956213,0.0,0.0,0.018368389954346136,1.0,0.0,False,0,0,0,0,0,0.0,0.0,0.0,0.0,0.0,0,0.0,0,0,disabled,disabled,True,wrong_key,-1,8,False,raw,0,0.0,0.0,trial:-1,4,False,disabled,0,0,False,raw,0,0.0,0.0,,0,False,disabled,False,raw,0.0,0.0,,,,,,,,False,0,0,0,0,0,0,0.0,0.0,0.8915829999978087,2.870291999997221,3.9095829999951093,intervening_contexts,wrong_key_ablation,CRA,wrong_key_ablation,memory_ablation,MockSimulator,43,none,none,-1,0,0,internal,0.0,0.0,0.0,0.0,0,False,0,False,-1,1,0.1,0.2,8,8,0,raw,8,False
278,1000.0,8,8,0,8,0,0,6.449588185215827,6.449588185215827,6.449588185215827,0.0,0.0,0.018109226142397735,1.0,0.0,False,0,0,0,0,0,0.0,0.0,0.0,0.0,0.0,0,0.0,0,0,disabled,disabled,True,wrong_key,-1,8,False,raw,0,0.0,0.0,trial:-1,4,False,disabled,0,0,False,raw,0,0.0,0.0,,0,False,disabled,False,raw,0.0,0.0,,,,,,,,False,0,0,0,0,0,0,0.0,0.0,0.8305839999991349,3.4108750000001464,4.374957999999651,intervening_contexts,wrong_key_ablation,CRA,wrong_key_ablation,memory_ablation,MockSimulator,43,none,none,-1,0,0,internal,0.0,0.0,0.0,0.0,0,False,0,False,-1,1,0.1,0.2,8,8,0,raw,8,False
279,1000.0,8,8,0,8,0,0,6.4272879185190614,6.4272879185190614,6.4272879185190614,0.0,0.0,0.017853081526945532,1.0,0.0,False,0,0,0,0,0,0.0,0.0,0.0,0.0,0.0,0,0.0,0,0,disabled,disabled,True,wrong_key,-1,8,False,raw,0,0.0,0.0,trial:-1,4,False,disabled,0,0,False,raw,0,0.0,0.0,,0,False,disabled,False,raw,0.0,0.0,,,,,,,,False,0,0,0,0,0,0,0.0,0.0,0.8604590000089729,2.8842910000008715,3.888041999999814,intervening_contexts,wrong_key_ablation,CRA,wrong_key_ablation,memory_ablation,MockSimulator,43,none,none,-1,0,0,internal,0.0,0.0,0.0,0.0,0,False,0,False,-1,1,0.1,0.2,8,8,0,raw,8,False
280,1000.0,8,8,0,8,0,0,6.405098578850797,6.405098578850797,6.405098578850797,0.0,0.0,0.017599939005654458,1.0,0.0,False,0,0,0,0,0,0.0,0.0,0.0,0.0,0.0,0,0.0,0,0,disabled,disabled,True,wrong_key,-1,8,False,raw,0,0.0,0.0,trial:-1,4,False,disabled,0,0,False,raw,0,0.0,0.0,,0,False,disabled,False,raw,0.0,0.0,,,,,,,,False,0,0,0,0,0,0,0.0,0.0,0.8521660000013753,3.0804589999888776,4.068042000000105,intervening_contexts,wrong_key_ablation,CRA,wrong_key_ablation,memory_ablation,MockSimulator,43,none,none,-1,0,0,internal,0.0,0.0,0.0,0.0,0,False,0,False,-1,1,0.1,0.2,8,8,0,raw,8,False
281,1000.0,8,8,0,8,0,0,6.383019612969053,6.383019612969053,6.383019612969053,-0.008089609038040013,-0.0,0.01734978095260425,1.0,-0.008089609038040013,False,0,0,0,0,0,0.0,0.0,0.0,0.0,0.0,0,0.0,0,0,disabled,disabled,True,wrong_key,-1,8,False,raw,0,-0.0034999999999999996,-0.0034999999999999996,trial:2,4,False,disabled,0,0,False,raw,0,-0.0034999999999999996,-0.0034999999999999996,,0,False,disabled,False,raw,-0.0034999999999999996,-0.0034999999999999996,,,,,,,,False,0,0,0,0,0,0,0.0,0.0,0.8488329999920552,2.915500000000293,3.904750000003787,intervening_contexts,wrong_key_ablation,CRA,wrong_key_ablation,memory_ablation,MockSimulator,43,distractor,between_context_and_decision,2,0,0,internal,-0.0034999999999999996,-0.0034999999999999996,0.0,0.0,0,False,-1,False,-1,1,0.1,0.2,8,8,0,raw,8,False
282,1000.0,8,8,0,8,0,0,6.3610504703911515,6.3610504703911515,6.3610504703911515,0.008089609038040013,0.0,0.017102589246073788,1.0,0.008089609038040013,False,0,0,0,0,0,0.0,0.0,0.0,0.0,0.0,0,0.0,0,0,disabled,disabled,True,wrong_key,-1,8,False,raw,0,0.0034999999999999996,0.0034999999999999996,trial:2,4,False,disabled,0,0,False,raw,0,0.0034999999999999996,0.0034999999999999996,,0,False,disabled,False,raw,0.0034999999999999996,0.0034999999999999996,,,,,,,,False,0,0,0,0,0,0,0.0,0.0,0.8250409999988051,2.964167000001794,3.9242919999935566,intervening_contexts,wrong_key_ablation,CRA,wrong_key_ablation,memory_ablation,MockSimulator,43,distractor,between_context_and_decision,2,0,0,internal,0.0034999999999999996,0.0034999999999999996,0.0,0.0,0,False,1,False,-1,1,0.1,0.2,8,8,0,raw,8,False
283,1000.0,8,8,0,8,0,0,6.339190603379959,6.339190603379959,6.339190603379959,0.008089609038040013,0.0,0.016858345295423502,1.0,0.008089609038040013,False,0,0,0,0,0,0.0,0.0,0.0,0.0,0.0,0,0.0,0,0,disabled,disabled,True,wrong_key,-1,8,False,raw,0,0.0034999999999999996,0.0034999999999999996,trial:2,4,False,disabled,0,0,False,raw,0,0.0034999999999999996,0.0034999999999999996,,0,False,disabled,False,raw,0.0034999999999999996,0.0034999999999999996,,,,,,,,False,0,0,0,0,0,0,0.0,0.0,2.1323750000021846,3.1283750000028476,5.402792000012369,intervening_contexts,wrong_key_ablation,CRA,wrong_key_ablation,memory_ablation,MockSimulator,43,distractor,between_context_and_decision,2,0,0,internal,0.0034999999999999996,0.0034999999999999996,0.0,0.0,0,False,1,False,-1,1,0.1,0.2,8,8,0,raw,8,False
284,1000.0,8,8,0,8,0,0,6.317439466930193,6.317439466930193,6.317439466930193,-0.008089609038040013,-0.0,0.0166170300671008,1.0,-0.008089609038040013,False,0,0,0,0,0,0.0,0.0,0.0,0.0,0.0,0,0.0,0,0,disabled,disabled,True,wrong_key,-1,8,False,raw,0,-0.0034999999999999996,-0.0034999999999999996,trial:2,4,False,disabled,0,0,False,raw,0,-0.0034999999999999996,-0.0034999999999999996,,0,False,disabled,False,raw,-0.0034999999999999996,-0.0034999999999999996,,,,,,,,False,0,0,0,0,0,0,0.0,0.0,0.8225830000014867,2.7752919999954884,3.734832999995774,intervening_contexts,wrong_key_ablation,CRA,wrong_key_ablation,memory_ablation,MockSimulator,43,distractor,between_context_and_decision,2,0,0,internal,-0.0034999999999999996,-0.0034999999999999996,0.0,0.0,0,False,-1,False,-1,1,0.1,0.2,8,8,0,raw,8,False
285,1000.0,8,8,0,8,0,0,6.295796518754796,6.295796518754796,6.295796518754796,0.008089609038040013,0.0,0.016378624109792836,1.0,0.008089609038040013,False,0,0,0,0,0,0.0,0.0,0.0,0.0,0.0,0,0.0,0,0,disabled,disabled,True,wrong_key,-1,8,False,raw,0,0.0034999999999999996,0.0034999999999999996,trial:2,4,False,disabled,0,0,False,raw,0,0.0034999999999999996,0.0034999999999999996,,0,False,disabled,False,raw,0.0034999999999999996,0.0034999999999999996,,,,,,,,False,0,0,0,0,0,0,0.0,0.0,0.8061660000038273,2.7823339999883956,3.714124999987689,intervening_contexts,wrong_key_ablation,CRA,wrong_key_ablation,memory_ablation,MockSimulator,43,distractor,between_context_and_decision,2,0,0,internal,0.0034999999999999996,0.0034999999999999996,0.0,0.0,0,False,1,False,-1,1,0.1,0.2,8,8,0,raw,8,False
286,1000.0,8,8,0,8,0,0,6.274261219271376,6.274261219271376,6.274261219271376,0.008089609038040013,0.0,0.016143107578750347,1.0,0.008089609038040013,False,0,0,0,0,0,0.0,0.0,0.0,0.0,0.0,0,0.0,0,0,disabled,disabled,True,wrong_key,-1,8,False,raw,0,0.0034999999999999996,0.0034999999999999996,trial:2,4,False,disabled,0,0,False,raw,0,0.0034999999999999996,0.0034999999999999996,,0,False,disabled,False,raw,0.0034999999999999996,0.0034999999999999996,,,,,,,,False,0,0,0,0,0,0,0.0,0.0,0.7985409999946569,2.783374999992816,3.7067909999990434,intervening_contexts,wrong_key_ablation,CRA,wrong_key_ablation,memory_ablation,MockSimulator,43,distractor,between_context_and_decision,2,0,0,internal,0.0034999999999999996,0.0034999999999999996,0.0,0.0,0,False,1,False,-1,1,0.1,0.2,8,8,0,raw,8,False
287,1000.0,8,8,0,8,0,0,6.252833031588723,6.252833031588723,6.252833031588723,-0.008089609038040013,-0.0,0.015910460259305644,1.0,-0.008089609038040013,False,0,0,0,0,0,0.0,0.0,0.0,0.0,0.0,0,0.0,0,0,disabled,disabled,True,wrong_key,-1,8,False,raw,0,-0.0034999999999999996,-0.0034999999999999996,trial:2,4,False,disabled,0,0,False,raw,0,-0.0034999999999999996,-0.0034999999999999996,,0,False,disabled,False,raw,-0.0034999999999999996,-0.0034999999999999996,,,,,,,,False,0,0,0,0,0,0,0.0,0.0,0.8138750000057371,3.098792000002959,4.0456659999961175,intervening_contexts,wrong_key_ablation,CRA,wrong_key_ablation,memory_ablation,MockSimulator,43,distractor,between_context_and_decision,2,0,0,internal,-0.0034999999999999996,-0.0034999999999999996,0.0,0.0,0,False,-1,False,-1,1,0.1,0.2,8,8,0,raw,8,False
288,1000.0,8,8,0,8,0,0,6.231511421493378,6.231511421493378,6.231511421493378,0.011556321959740039,0.0,0.01568066158960723,1.0,0.011556321959740039,False,0,0,0,0,0,0.0,0.0,0.0,0.0,0.0,0,0.0,0,0,disabled,disabled,True,wrong_key,1,9,False,raw,0,0.005,0.005,intruder:288,4,False,disabled,0,0,False,raw,0,0.005,0.005,,0,False,disabled,False,raw,0.005,0.005,,,,,,,,False,0,0,0,0,0,0,0.0,0.0,0.8539999999896963,2.9738750000092296,3.965375000007043,intervening_contexts,wrong_key_ablation,CRA,wrong_key_ablation,memory_ablation,MockSimulator,43,context,interfering_context,2,1,0,internal,0.005,0.005,0.0,0.0,0,False,1,False,-1,1,0.1,0.2,8,8,0,raw,9,False
289,1000.0,8,8,0,8,0,0,6.210295857436288,6.210295857436288,6.210295857436288,0.008089609038040013,0.0,0.015453690682593026,1.0,0.008089609038040013,False,0,0,0,0,0,0.0,0.0,0.0,0.0,0.0,0,0.0,0,0,disabled,disabled,True,wrong_key,1,9,False,raw,0,0.0034999999999999996,0.0034999999999999996,trial:2,4,False,disabled,0,0,False,raw,0,0.0034999999999999996,0.0034999999999999996,,0,False,disabled,False,raw,0.0034999999999999996,0.0034999999999999996,,,,,,,,False,0,0,0,0,0,0,0.0,0.0,0.8455830000002607,2.975000000006389,3.9514999999994416,intervening_contexts,wrong_key_ablation,CRA,wrong_key_ablation,memory_ablation,MockSimulator,43,distractor,between_context_and_decision,2,0,0,internal,0.0034999999999999996,0.0034999999999999996,0.0,0.0,0,False,1,False,-1,1,0.1,0.2,8,8,0,raw,9,False
290,1000.0,8,8,0,8,0,0,6.189185810519506,6.189185810519506,6.189185810519506,-0.008089609038040013,-0.0,0.015229526347223549,1.0,-0.008089609038040013,False,0,0,0,0,0,0.0,0.0,0.0,0.0,0.0,0,0.0,0,0,disabled,disabled,True,wrong_key,1,9,False,raw,0,-0.0034999999999999996,-0.0034999999999999996,trial:2,4,False,disabled,0,0,False,raw,0,-0.0034999999999999996,-0.0034999999999999996,,0,False,disabled,False,raw,-0.0034999999999999996,-0.0034999999999999996,,,,,,,,False,0,0,0,0,0,0,0.0,0.0,0.8414999999928341,3.0169999999998254,3.989540999995711,intervening_contexts,wrong_key_ablation,CRA,wrong_key_ablation,memory_ablation,MockSimulator,43,distractor,between_context_and_decision,2,0,0,internal,-0.0034999999999999996,-0.0034999999999999996,0.0,0.0,0,False,-1,False,-1,1,0.1,0.2,8,8,0,raw,9,False
291,1000.0,8,8,0,8,0,0,6.168180754482978,6.168180754482978,6.168180754482978,0.008089609038040013,0.0,0.015008147108995814,1.0,0.008089609038040013,False,0,0,0,0,0,0.0,0.0,0.0,0.0,0.0,0,0.0,0,0,disabled,disabled,True,wrong_key,1,9,False,raw,0,0.0034999999999999996,0.0034999999999999996,trial:2,4,False,disabled,0,0,False,raw,0,0.0034999999999999996,0.0034999999999999996,,0,False,disabled,False,raw,0.0034999999999999996,0.0034999999999999996,,,,,,,,False,0,0,0,0,0,0,0.0,0.0,0.889833000002227,3.498375000006604,4.526667000007478,intervening_contexts,wrong_key_ablation,CRA,wrong_key_ablation,memory_ablation,MockSimulator,43,distractor,between_context_and_decision,2,0,0,internal,0.0034999999999999996,0.0034999999999999996,0.0,0.0,0,False,1,False,-1,1,0.1,0.2,8,8,0,raw,9,False
292,1000.0,8,8,0,8,0,0,6.147280165691382,6.147280165691382,6.147280165691382,0.008089609038040013,0.0,0.014789531229758297,1.0,0.008089609038040013,False,0,0,0,0,0,0.0,0.0,0.0,0.0,0.0,0,0.0,0,0,disabled,disabled,True,wrong_key,1,9,False,raw,0,0.0034999999999999996,0.0034999999999999996,trial:2,4,False,disabled,0,0,False,raw,0,0.0034999999999999996,0.0034999999999999996,,0,False,disabled,False,raw,0.0034999999999999996,0.0034999999999999996,,,,,,,,False,0,0,0,0,0,0,0.0,0.0,0.8756250000061527,3.1192499999974643,4.136833000004003,intervening_contexts,wrong_key_ablation,CRA,wrong_key_ablation,memory_ablation,MockSimulator,43,distractor,between_context_and_decision,2,0,0,internal,0.0034999999999999996,0.0034999999999999996,0.0,0.0,0,False,1,False,-1,1,0.1,0.2,8,8,0,raw,9,False
293,1000.0,8,8,0,8,0,0,6.1264835231210375,6.1264835231210375,6.1264835231210375,0.0,0.0,0.014573656726846684,1.0,0.0,False,0,0,0,0,0,0.0,0.0,0.0,0.0,0.0,0,0.0,0,0,disabled,disabled,True,wrong_key,1,9,False,raw,0,0.0,0.0,trial:-1,4,False,disabled,0,0,False,raw,0,0.0,0.0,,0,False,disabled,False,raw,0.0,0.0,,,,,,,,False,0,0,0,0,0,0,0.0,0.0,0.8939169999990781,3.028374999999528,4.072833999998693,intervening_contexts,wrong_key_ablation,CRA,wrong_key_ablation,memory_ablation,MockSimulator,43,none,none,-1,0,0,internal,0.0,0.0,0.0,0.0,0,False,0,False,-1,1,0.1,0.2,8,8,0,raw,9,False
294,1000.0,8,8,0,8,0,0,6.10579030834688,6.10579030834688,6.10579030834688,0.0,0.0,0.014360501391559633,1.0,0.0,False,0,0,0,0,0,0.0,0.0,0.0,0.0,0.0,0,0.0,0,0,disabled,disabled,True,wrong_key,1,9,False,raw,0,0.0,0.0,trial:-1,4,False,disabled,0,0,False,raw,0,0.0,0.0,,0,False,disabled,False,raw,0.0,0.0,,,,,,,,False,0,0,0,0,0,0,0.0,0.0,0.8437909999940985,3.00724999999602,3.9840409999953863,intervening_contexts,wrong_key_ablation,CRA,wrong_key_ablation,memory_ablation,MockSimulator,43,none,none,-1,0,0,internal,0.0,0.0,0.0,0.0,0,False,0,False,-1,1,0.1,0.2,8,8,0,raw,9,False
295,1000.0,8,8,0,8,0,0,6.085200005529502,6.085200005529502,6.085200005529502,-0.008089609038040013,-0.0,0.014150042806993324,1.0,-0.008089609038040013,False,0,0,0,0,0,0.0,0.0,0.0,0.0,0.0,0,0.0,0,0,disabled,disabled,True,wrong_key,1,9,False,raw,0,-0.0034999999999999996,-0.0034999999999999996,trial:2,4,False,disabled,0,0,False,raw,0,-0.0034999999999999996,-0.0034999999999999996,,0,False,disabled,False,raw,-0.0034999999999999996,-0.0034999999999999996,,,,,,,,False,0,0,0,0,0,0,0.0,0.0,0.8457079999999451,3.5299999999978127,4.5402920000015,intervening_contexts,wrong_key_ablation,CRA,wrong_key_ablation,memory_ablation,MockSimulator,43,distractor,between_context_and_decision,2,0,0,internal,-0.0034999999999999996,-0.0034999999999999996,0.0,0.0,0,False,-1,False,-1,1,0.1,0.2,8,8,0,raw,9,False
296,1000.0,8,8,0,8,0,0,6.064712101402252,6.064712101402252,6.064712101402252,-0.008089609038040013,-0.0,0.013942258365253044,1.0,-0.008089609038040013,False,0,0,0,0,0,0.0,0.0,0.0,0.0,0.0,0,0.0,0,0,disabled,disabled,True,wrong_key,1,9,False,raw,0,-0.0034999999999999996,-0.0034999999999999996,trial:2,4,False,disabled,0,0,False,raw,0,-0.0034999999999999996,-0.0034999999999999996,,0,False,disabled,False,raw,-0.0034999999999999996,-0.0034999999999999996,,,,,,,,False,0,0,0,0,0,0,0.0,0.0,0.9195420000054355,3.293499999998062,4.3638329999993175,intervening_contexts,wrong_key_ablation,CRA,wrong_key_ablation,memory_ablation,MockSimulator,43,distractor,between_context_and_decision,2,0,0,internal,-0.0034999999999999996,-0.0034999999999999996,0.0,0.0,0,False,-1,False,-1,1,0.1,0.2,8,8,0,raw,9,False
297,1000.0,8,8,0,8,0,0,6.04432608525841,6.04432608525841,6.04432608525841,0.008089609038040013,0.0,0.013737125284059577,1.0,0.008089609038040013,False,0,0,0,0,0,0.0,0.0,0.0,0.0,0.0,0,0.0,0,0,disabled,disabled,True,wrong_key,1,9,False,raw,0,0.0034999999999999996,0.0034999999999999996,trial:2,4,False,disabled,0,0,False,raw,0,0.0034999999999999996,0.0034999999999999996,,0,False,disabled,False,raw,0.0034999999999999996,0.0034999999999999996,,,,,,,,False,0,0,0,0,0,0,0.0,0.0,0.8794999999963693,3.257875000002741,4.279957999997919,intervening_contexts,wrong_key_ablation,CRA,wrong_key_ablation,memory_ablation,MockSimulator,43,distractor,between_context_and_decision,2,0,0,internal,0.0034999999999999996,0.0034999999999999996,0.0,0.0,0,False,1,False,-1,1,0.1,0.2,8,8,0,raw,9,False
298,1000.0,8,8,0,8,0,0,6.024041448938413,6.024041448938413,6.024041448938413,0.008089609038040013,0.0,0.01353462062276775,1.0,0.008089609038040013,False,0,0,0,0,0,0.0,0.0,0.0,0.0,0.0,0,0.0,0,0,disabled,disabled,True,wrong_key,1,9,False,raw,0,0.0034999999999999996,0.0034999999999999996,trial:2,4,False,disabled,0,0,False,raw,0,0.0034999999999999996,0.0034999999999999996,,0,False,disabled,False,raw,0.0034999999999999996,0.0034999999999999996,,,,,,,,False,0,0,0,0,0,0,0.0,0.0,1.5532919999969863,3.560874999990915,5.278916999998273,intervening_contexts,wrong_key_ablation,CRA,wrong_key_ablation,memory_ablation,MockSimulator,43,distractor,between_context_and_decision,2,0,0,internal,0.0034999999999999996,0.0034999999999999996,0.0,0.0,0,False,1,False,-1,1,0.1,0.2,8,8,0,raw,9,False
299,1000.0,8,8,0,8,0,0,6.003857686817158,6.003857686817158,6.003857686817158,0.008089609038040013,0.0,0.01333472129781397,1.0,0.008089609038040013,False,0,0,0,0,0,0.0,0.0,0.0,0.0,0.0,0,0.0,0,0,disabled,disabled,True,wrong_key,1,9,False,raw,0,0.0034999999999999996,0.0034999999999999996,trial:2,4,False,disabled,0,0,False,raw,0,0.0034999999999999996,0.0034999999999999996,,0,False,disabled,False,raw,0.0034999999999999996,0.0034999999999999996,,,,,,,,False,0,0,0,0,0,0,0.0,0.0,0.9848750000003292,3.2010000000042282,4.3340420000106405,intervening_contexts,wrong_key_ablation,CRA,wrong_key_ablation,memory_ablation,MockSimulator,43,distractor,between_context_and_decision,2,0,0,internal,0.0034999999999999996,0.0034999999999999996,0.0,0.0,0,False,1,False,-1,1,0.1,0.2,8,8,0,raw,9,False
300,1000.0,8,8,0,8,0,0,5.983774295791354,5.983774295791354,5.983774295791354,-0.008089609038040013,-0.0,0.013137404097609235,1.0,-0.008089609038040013,False,0,0,0,0,0,0.0,0.0,0.0,0.0,0.0,0,0.0,0,0,disabled,disabled,True,wrong_key,1,9,False,raw,0,-0.0034999999999999996,-0.0034999999999999996,trial:2,4,False,disabled,0,0,False,raw,0,-0.0034999999999999996,-0.0034999999999999996,,0,False,disabled,False,raw,-0.0034999999999999996,-0.0034999999999999996,,,,,,,,False,0,0,0,0,0,0,0.0,0.0,0.8511669999933247,3.0518749999970396,4.036041999995632,intervening_contexts,wrong_key_ablation,CRA,wrong_key_ablation,memory_ablation,MockSimulator,43,distractor,between_context_and_decision,2,0,0,internal,-0.0034999999999999996,-0.0034999999999999996,0.0,0.0,0,False,-1,False,-1,1,0.1,0.2,8,8,0,raw,9,False
301,1000.0,8,8,0,8,0,0,5.963790775266948,5.963790775266948,5.963790775266948,0.0,0.0,0.012942645696893565,1.0,0.0,False,0,0,0,0,0,0.0,0.0,0.0,0.0,0.0,0,0.0,0,0,disabled,disabled,True,wrong_key,1,9,False,raw,0,0.0,0.0,trial:-1,4,False,disabled,0,0,False,raw,0,0.0,0.0,,0,False,disabled,False,raw,0.0,0.0,,,,,,,,False,0,0,0,0,0,0,0.0,0.0,0.8434169999986807,3.075000000009709,4.050583999998025,intervening_contexts,wrong_key_ablation,CRA,wrong_key_ablation,memory_ablation,MockSimulator,43,none,none,-1,0,0,internal,0.0,0.0,0.0,0.0,0,False,0,False,-1,1,0.1,0.2,8,8,0,raw,9,False
302,1000.0,8,8,0,8,0,0,5.943906627146614,5.943906627146614,5.943906627146614,0.0,0.0,0.012750422670567476,1.0,0.0,False,0,0,0,0,0,0.0,0.0,0.0,0.0,0.0,0,0.0,0,0,disabled,disabled,True,wrong_key,1,9,False,raw,0,0.0,0.0,trial:-1,4,False,disabled,0,0,False,raw,0,0.0,0.0,,0,False,disabled,False,raw,0.0,0.0,,,,,,,,False,0,0,0,0,0,0,0.0,0.0,0.840707999998358,3.377500000013356,4.350666000007664,intervening_contexts,wrong_key_ablation,CRA,wrong_key_ablation,memory_ablation,MockSimulator,43,none,none,-1,0,0,internal,0.0,0.0,0.0,0.0,0,False,0,False,-1,1,0.1,0.2,8,8,0,raw,9,False
303,1000.0,8,8,0,8,0,0,5.924121355817292,5.924121355817292,5.924121355817292,0.008089609038040013,0.0,0.012560711507015675,1.0,0.008089609038040013,False,0,0,0,0,0,0.0,0.0,0.0,0.0,0.0,0,0.0,0,0,disabled,disabled,True,wrong_key,1,9,False,raw,0,0.0034999999999999996,0.0034999999999999996,trial:2,4,False,disabled,0,0,False,raw,0,0.0034999999999999996,0.0034999999999999996,,0,False,disabled,False,raw,0.0034999999999999996,0.0034999999999999996,,,,,,,,False,0,0,0,0,0,0,0.0,0.0,0.8866250000068021,3.117791999997621,4.156915999999455,intervening_contexts,wrong_key_ablation,CRA,wrong_key_ablation,memory_ablation,MockSimulator,43,distractor,between_context_and_decision,2,0,0,internal,0.0034999999999999996,0.0034999999999999996,0.0,0.0,0,False,1,False,-1,1,0.1,0.2,8,8,0,raw,9,False
304,1000.0,8,8,0,8,0,0,5.9044344681378025,5.9044344681378025,5.9044344681378025,0.0,0.0,0.012373488620937716,1.0,0.0,False,0,0,0,0,0,0.0,0.0,0.0,0.0,0.0,0,0.0,0,0,disabled,disabled,True,wrong_key,1,9,False,raw,0,0.0,0.0,trial:-1,4,False,disabled,0,0,False,raw,0,0.0,0.0,,0,False,disabled,False,raw,0.0,0.0,,,,,,,,False,0,0,0,0,0,0,0.0,0.0,0.8427080000075193,3.114707999998245,4.086416999996345,intervening_contexts,wrong_key_ablation,CRA,wrong_key_ablation,memory_ablation,MockSimulator,43,none,none,-1,0,0,internal,0.0,0.0,0.0,0.0,0,False,0,False,-1,1,0.1,0.2,8,8,0,raw,9,False
305,1000.0,8,8,0,8,0,0,5.884845473426521,5.884845473426521,5.884845473426521,-0.008089609038040013,-0.0,0.012188730365700073,1.0,-0.008089609038040013,False,0,0,0,0,0,0.0,0.0,0.0,0.0,0.0,0,0.0,0,0,disabled,disabled,True,wrong_key,1,9,False,raw,0,-0.0034999999999999996,-0.0034999999999999996,trial:2,4,False,disabled,0,0,False,raw,0,-0.0034999999999999996,-0.0034999999999999996,,0,False,disabled,False,raw,-0.0034999999999999996,-0.0034999999999999996,,,,,,,,False,0,0,0,0,0,0,0.0,0.0,0.8449999999982083,3.127083000009634,4.104333000000793,intervening_contexts,wrong_key_ablation,CRA,wrong_key_ablation,memory_ablation,MockSimulator,43,distractor,between_context_and_decision,2,0,0,internal,-0.0034999999999999996,-0.0034999999999999996,0.0,0.0,0,False,-1,False,-1,1,0.1,0.2,8,8,0,raw,9,False
306,1000.0,8,8,0,8,0,0,5.865353883449106,5.865353883449106,5.865353883449106,-0.008089609038040013,-0.0,0.012006413045223558,1.0,-0.008089609038040013,False,0,0,0,0,0,0.0,0.0,0.0,0.0,0.0,0,0.0,0,0,disabled,disabled,True,wrong_key,1,9,False,raw,0,-0.0034999999999999996,-0.0034999999999999996,trial:2,4,False,disabled,0,0,False,raw,0,-0.0034999999999999996,-0.0034999999999999996,,0,False,disabled,False,raw,-0.0034999999999999996,-0.0034999999999999996,,,,,,,,False,0,0,0,0,0,0,0.0,0.0,0.84783299999458,3.5793340000083163,4.561209000002009,intervening_contexts,wrong_key_ablation,CRA,wrong_key_ablation,memory_ablation,MockSimulator,43,distractor,between_context_and_decision,2,0,0,internal,-0.0034999999999999996,-0.0034999999999999996,0.0,0.0,0,False,-1,False,-1,1,0.1,0.2,8,8,0,raw,9,False
307,1000.0,8,8,0,8,0,0,5.845959212406291,5.845959212406291,5.845959212406291,0.0,0.0,0.011826512925419825,1.0,0.0,False,0,0,0,0,0,0.0,0.0,0.0,0.0,0.0,0,0.0,0,0,disabled,disabled,True,wrong_key,1,9,False,raw,0,0.0,0.0,trial:-1,4,False,disabled,0,0,False,raw,0,0.0,0.0,,0,False,disabled,False,raw,0.0,0.0,,,,,,,,False,0,0,0,0,0,0,0.0,0.0,0.8721250000007785,3.1875000000098908,4.20266700000127,intervening_contexts,wrong_key_ablation,CRA,wrong_key_ablation,memory_ablation,MockSimulator,43,none,none,-1,0,0,internal,0.0,0.0,0.0,0.0,0,False,0,False,-1,1,0.1,0.2,8,8,0,raw,9,False
308,1000.0,8,8,0,8,0,0,5.82666097692175,5.82666097692175,5.82666097692175,0.0,0.0,0.011649006245190151,1.0,0.0,False,0,0,0,0,0,0.0,0.0,0.0,0.0,0.0,0,0.0,0,0,disabled,disabled,True,wrong_key,1,9,False,raw,0,0.0,0.0,trial:-1,4,False,disabled,0,0,False,raw,0,0.0,0.0,,0,False,disabled,False,raw,0.0,0.0,,,,,,,,False,0,0,0,0,0,0,0.0,0.0,0.8422080000087817,3.030249999994794,4.007250000000795,intervening_contexts,wrong_key_ablation,CRA,wrong_key_ablation,memory_ablation,MockSimulator,43,none,none,-1,0,0,internal,0.0,0.0,0.0,0.0,0,False,0,False,-1,1,0.1,0.2,8,8,0,raw,9,False
309,1000.0,8,8,0,8,0,0,5.80745869603,5.80745869603,5.80745869603,-0.008089609038040013,-0.0,0.011473869226999497,1.0,-0.008089609038040013,False,0,0,0,0,0,0.0,0.0,0.0,0.0,0.0,0,0.0,0,0,disabled,disabled,True,wrong_key,1,9,False,raw,0,-0.0034999999999999996,-0.0034999999999999996,trial:2,4,False,disabled,0,0,False,raw,0,-0.0034999999999999996,-0.0034999999999999996,,0,False,disabled,False,raw,-0.0034999999999999996,-0.0034999999999999996,,,,,,,,False,0,0,0,0,0,0,0.0,0.0,0.800291999993874,2.9949999999985266,3.9207920000023933,intervening_contexts,wrong_key_ablation,CRA,wrong_key_ablation,memory_ablation,MockSimulator,43,distractor,between_context_and_decision,2,0,0,internal,-0.0034999999999999996,-0.0034999999999999996,0.0,0.0,0,False,-1,False,-1,1,0.1,0.2,8,8,0,raw,9,False
310,1000.0,8,8,0,8,0,0,5.788351891164387,5.788351891164387,5.788351891164387,-0.008089609038040013,-0.0,0.011301078087038391,1.0,-0.008089609038040013,False,0,0,0,0,0,0.0,0.0,0.0,0.0,0.0,0,0.0,0,0,disabled,disabled,True,wrong_key,1,9,False,raw,0,-0.0034999999999999996,-0.0034999999999999996,trial:2,4,False,disabled,0,0,False,raw,0,-0.0034999999999999996,-0.0034999999999999996,,0,False,disabled,False,raw,-0.0034999999999999996,-0.0034999999999999996,,,,,,,,False,0,0,0,0,0,0,0.0,0.0,0.8263749999883885,3.0657080000082715,4.016875000004916,intervening_contexts,wrong_key_ablation,CRA,wrong_key_ablation,memory_ablation,MockSimulator,43,distractor,between_context_and_decision,2,0,0,internal,-0.0034999999999999996,-0.0034999999999999996,0.0,0.0,0,False,-1,False,-1,1,0.1,0.2,8,8,0,raw,9,False
311,1000.0,8,8,0,8,0,0,5.7693400861451165,5.7693400861451165,5.7693400861451165,0.0,0.0,0.01113060904498493,1.0,0.0,False,0,0,0,0,0,0.0,0.0,0.0,0.0,0.0,0,0.0,0,0,disabled,disabled,True,wrong_key,1,9,False,raw,0,0.0,0.0,trial:-1,4,False,disabled,0,0,False,raw,0,0.0,0.0,,0,False,disabled,False,raw,0.0,0.0,,,,,,,,False,0,0,0,0,0,0,0.0,0.0,0.8563329999873304,3.078500000000872,4.086917000009294,intervening_contexts,wrong_key_ablation,CRA,wrong_key_ablation,memory_ablation,MockSimulator,43,none,none,-1,0,0,internal,0.0,0.0,0.0,0.0,0,False,0,False,-1,1,0.1,0.2,8,8,0,raw,9,False
312,1000.0,8,8,0,8,0,0,5.750422807167349,5.750422807167349,5.750422807167349,-0.02310955767093254,0.22706769948020303,0.010962438333378793,1.0,-0.02310955767093254,True,0,0,0,0,0,0.0,0.0,0.0,0.0,0.0,0,0.0,0,0,disabled,disabled,True,wrong_key,1,9,True,internal_wrong_key_context,-1,-0.01,-0.01,trial:2,4,False,disabled,0,0,False,raw,0,-0.01,-0.01,,0,False,disabled,False,raw,-0.01,-0.01,,,,,,,,False,0,0,0,0,0,0,0.0,0.0,0.8043330000049309,3.0403749999976526,3.9702090000020007,intervening_contexts,wrong_key_ablation,CRA,wrong_key_ablation,memory_ablation,MockSimulator,43,decision,target_decision_after_interference,2,1,-1,internal,-0.01,-0.01,-0.01,-0.01,-1,True,-1,True,312,1,0.1,0.2,8,8,-1,internal_wrong_key_context,9,True
313,1000.0,8,8,0,8,0,0,5.731599582789359,5.731599582789359,5.731599582789359,0.0,0.0,0.011196542206618906,1.0,0.0,False,0,0,0,0,0,0.0,0.0,0.0,0.0,0.0,0,0.0,0,0,disabled,disabled,True,wrong_key,1,9,False,raw,0,0.0,0.0,trial:-1,4,False,disabled,0,0,False,raw,0,0.0,0.0,,0,False,disabled,False,raw,0.0,0.0,,,,,,,,False,0,0,0,0,0,0,0.0,0.0,0.7954579999989164,3.033541999997169,3.954500000006078,intervening_contexts,wrong_key_ablation,CRA,wrong_key_ablation,memory_ablation,MockSimulator,43,none,none,-1,0,0,internal,0.0,0.0,0.0,0.0,0,False,0,False,-1,1,0.1,0.2,8,8,0,raw,9,False
314,1000.0,8,8,0,8,0,0,5.712869943920745,5.712869943920745,5.712869943920745,0.0,0.0,0.011416896949596066,1.0,0.0,False,0,0,0,0,0,0.0,0.0,0.0,0.0,0.0,0,0.0,0,0,disabled,disabled,True,wrong_key,1,9,False,raw,0,0.0,0.0,trial:-1,4,False,disabled,0,0,False,raw,0,0.0,0.0,,0,False,disabled,False,raw,0.0,0.0,,,,,,,,False,0,0,0,0,0,0,0.0,0.0,0.8546250000023292,3.0826659999974027,4.0622920000004115,intervening_contexts,wrong_key_ablation,CRA,wrong_key_ablation,memory_ablation,MockSimulator,43,none,none,-1,0,0,internal,0.0,0.0,0.0,0.0,0,False,0,False,-1,1,0.1,0.2,8,8,0,raw,9,False
315,1000.0,8,8,0,8,0,0,5.694233423810702,5.694233423810702,5.694233423810702,0.0,0.0,0.01162395888597149,1.0,0.0,False,0,0,0,0,0,0.0,0.0,0.0,0.0,0.0,0,0.0,0,0,disabled,disabled,True,wrong_key,1,9,False,raw,0,0.0,0.0,trial:-1,4,False,disabled,0,0,False,raw,0,0.0,0.0,,0,False,disabled,False,raw,0.0,0.0,,,,,,,,False,0,0,0,0,0,0,0.0,0.0,0.8361670000027743,3.129291999997008,4.098667000008049,intervening_contexts,wrong_key_ablation,CRA,wrong_key_ablation,memory_ablation,MockSimulator,43,none,none,-1,0,0,internal,0.0,0.0,0.0,0.0,0,False,0,False,-1,1,0.1,0.2,8,8,0,raw,9,False
316,1000.0,8,8,0,8,0,0,5.675689558036355,5.675689558036355,5.675689558036355,0.0,0.0,0.01181817158611206,1.0,0.0,False,0,0,0,0,0,0.0,0.0,0.0,0.0,0.0,0,0.0,0,0,disabled,disabled,True,wrong_key,1,9,False,raw,0,0.0,0.0,trial:-1,4,False,disabled,0,0,False,raw,0,0.0,0.0,,0,False,disabled,False,raw,0.0,0.0,,,,,,,,False,0,0,0,0,0,0,0.0,0.0,0.8062500000107775,3.047915999999873,3.980499999997278,intervening_contexts,wrong_key_ablation,CRA,wrong_key_ablation,memory_ablation,MockSimulator,43,none,none,-1,0,0,internal,0.0,0.0,0.0,0.0,0,False,0,False,-1,1,0.1,0.2,8,8,0,raw,9,False
317,1000.0,8,8,0,8,0,0,5.657237884491149,5.657237884491149,5.657237884491149,0.0,0.0,0.011999966194692619,1.0,0.0,False,0,0,0,0,0,0.0,0.0,0.0,0.0,0.0,0,0.0,0,0,disabled,disabled,True,wrong_key,1,9,False,raw,0,0.0,0.0,trial:-1,4,False,disabled,0,0,False,raw,0,0.0,0.0,,0,False,disabled,False,raw,0.0,0.0,,,,,,,,False,0,0,0,0,0,0,0.0,0.0,0.8037910000098236,3.0465840000033495,3.9757090000023254,intervening_contexts,wrong_key_ablation,CRA,wrong_key_ablation,memory_ablation,MockSimulator,43,none,none,-1,0,0,internal,0.0,0.0,0.0,0.0,0,False,0,False,-1,1,0.1,0.2,8,8,0,raw,9,False
318,1000.0,8,8,0,8,0,0,5.638877943373292,5.638877943373292,5.638877943373292,0.0,0.0,0.01216976175029551,1.0,0.0,False,0,0,0,0,0,0.0,0.0,0.0,0.0,0.0,0,0.0,0,0,disabled,disabled,True,wrong_key,1,9,False,raw,0,0.0,0.0,trial:-1,4,False,disabled,0,0,False,raw,0,0.0,0.0,,0,False,disabled,False,raw,0.0,0.0,,,,,,,,False,0,0,0,0,0,0,0.0,0.0,0.8019580000109272,3.1641249999978527,4.091500000001247,intervening_contexts,wrong_key_ablation,CRA,wrong_key_ablation,memory_ablation,MockSimulator,43,none,none,-1,0,0,internal,0.0,0.0,0.0,0.0,0,False,0,False,-1,1,0.1,0.2,8,8,0,raw,9,False
319,1000.0,8,8,0,8,0,0,5.620609277174267,5.620609277174267,5.620609277174267,0.0,0.0,0.012327965497196407,1.0,0.0,False,0,0,0,0,0,0.0,0.0,0.0,0.0,0.0,0,0.0,0,0,disabled,disabled,True,wrong_key,1,9,False,raw,0,0.0,0.0,trial:-1,4,False,disabled,0,0,False,raw,0,0.0,0.0,,0,False,disabled,False,raw,0.0,0.0,,,,,,,,False,0,0,0,0,0,0,0.0,0.0,0.8135000000066839,3.088083999998048,4.031916999991836,intervening_contexts,wrong_key_ablation,CRA,wrong_key_ablation,memory_ablation,MockSimulator,43,none,none,-1,0,0,internal,0.0,0.0,0.0,0.0,0,False,0,False,-1,1,0.1,0.2,8,8,0,raw,9,False
320,1000.0,8,8,0,8,0,0,5.602431430667384,5.602431430667384,5.602431430667384,0.0,0.0,0.01247497318952115,1.0,0.0,False,0,0,0,0,0,0.0,0.0,0.0,0.0,0.0,0,0.0,0,0,disabled,disabled,True,wrong_key,1,9,False,raw,0,0.0,0.0,trial:-1,4,False,disabled,0,0,False,raw,0,0.0,0.0,,0,False,disabled,False,raw,0.0,0.0,,,,,,,,False,0,0,0,0,0,0,0.0,0.0,0.8041669999983014,3.0966249999977435,4.025791999993089,intervening_contexts,wrong_key_ablation,CRA,wrong_key_ablation,memory_ablation,MockSimulator,43,none,none,-1,0,0,internal,0.0,0.0,0.0,0.0,0,False,0,False,-1,1,0.1,0.2,8,8,0,raw,9,False
321,1000.0,8,8,0,8,0,0,5.58434395089641,5.58434395089641,5.58434395089641,0.0,0.0,0.012611169387954027,1.0,0.0,False,0,0,0,0,0,0.0,0.0,0.0,0.0,0.0,0,0.0,0,0,disabled,disabled,True,wrong_key,1,9,False,raw,0,0.0,0.0,trial:-1,4,False,disabled,0,0,False,raw,0,0.0,0.0,,0,False,disabled,False,raw,0.0,0.0,,,,,,,,False,0,0,0,0,0,0,0.0,0.0,0.8005419999932428,3.05183300000067,3.977124999991588,intervening_contexts,wrong_key_ablation,CRA,wrong_key_ablation,memory_ablation,MockSimulator,43,none,none,-1,0,0,internal,0.0,0.0,0.0,0.0,0,False,0,False,-1,1,0.1,0.2,8,8,0,raw,9,False
322,1000.0,8,8,0,8,0,0,5.56634638716424,5.56634638716424,5.56634638716424,0.0,0.0,0.012736927749173779,1.0,0.0,False,0,0,0,0,0,0.0,0.0,0.0,0.0,0.0,0,0.0,0,0,disabled,disabled,True,wrong_key,1,9,False,raw,0,0.0,0.0,trial:-1,4,False,disabled,0,0,False,raw,0,0.0,0.0,,0,False,disabled,False,raw,0.0,0.0,,,,,,,,False,0,0,0,0,0,0,0.0,0.0,0.793041000008543,3.2444999999938773,4.161500000009255,intervening_contexts,wrong_key_ablation,CRA,wrong_key_ablation,memory_ablation,MockSimulator,43,none,none,-1,0,0,internal,0.0,0.0,0.0,0.0,0,False,0,False,-1,1,0.1,0.2,8,8,0,raw,9,False
323,1000.0,8,8,0,8,0,0,5.548438291021626,5.548438291021626,5.548438291021626,0.0,0.0,0.01285261130818956,1.0,0.0,False,0,0,0,0,0,0.0,0.0,0.0,0.0,0.0,0,0.0,0,0,disabled,disabled,True,wrong_key,1,9,False,raw,0,0.0,0.0,trial:-1,4,False,disabled,0,0,False,raw,0,0.0,0.0,,0,False,disabled,False,raw,0.0,0.0,,,,,,,,False,0,0,0,0,0,0,0.0,0.0,0.816000000000372,3.109082999998236,4.0535830000010264,intervening_contexts,wrong_key_ablation,CRA,wrong_key_ablation,memory_ablation,MockSimulator,43,none,none,-1,0,0,internal,0.0,0.0,0.0,0.0,0,False,0,False,-1,1,0.1,0.2,8,8,0,raw,9,False
324,1000.0,8,8,0,8,0,0,5.530619216255975,5.530619216255975,5.530619216255975,0.0,0.0,0.01295857275374504,1.0,0.0,False,0,0,0,0,0,0.0,0.0,0.0,0.0,0.0,0,0.0,0,0,disabled,disabled,True,wrong_key,1,9,False,raw,0,0.0,0.0,trial:-1,4,False,disabled,0,0,False,raw,0,0.0,0.0,,0,False,disabled,False,raw,0.0,0.0,,,,,,,,False,0,0,0,0,0,0,0.0,0.0,0.8147499999893171,3.1075000000129194,4.047166999995966,intervening_contexts,wrong_key_ablation,CRA,wrong_key_ablation,memory_ablation,MockSimulator,43,none,none,-1,0,0,internal,0.0,0.0,0.0,0.0,0,False,0,False,-1,1,0.1,0.2,8,8,0,raw,9,False
325,1000.0,8,8,0,8,0,0,5.512888718880185,5.512888718880185,5.512888718880185,0.0,0.0,0.013055154696955024,1.0,0.0,False,0,0,0,0,0,0.0,0.0,0.0,0.0,0.0,0,0.0,0,0,disabled,disabled,True,wrong_key,1,9,False,raw,0,0.0,0.0,trial:-1,4,False,disabled,0,0,False,raw,0,0.0,0.0,,0,False,disabled,False,raw,0.0,0.0,,,,,,,,False,0,0,0,0,0,0,0.0,0.0,0.8048750000000382,3.114332999999192,4.044374999992328,intervening_contexts,wrong_key_ablation,CRA,wrong_key_ablation,memory_ablation,MockSimulator,43,none,none,-1,0,0,internal,0.0,0.0,0.0,0.0,0,False,0,False,-1,1,0.1,0.2,8,8,0,raw,9,False
326,1000.0,8,8,0,8,0,0,5.495246357121549,5.495246357121549,5.495246357121549,0.0,0.0,0.013142689933335111,1.0,0.0,False,0,0,0,0,0,0.0,0.0,0.0,0.0,0.0,0,0.0,0,0,disabled,disabled,True,wrong_key,1,9,False,raw,0,0.0,0.0,trial:-1,4,False,disabled,0,0,False,raw,0,0.0,0.0,,0,False,disabled,False,raw,0.0,0.0,,,,,,,,False,0,0,0,0,0,0,0.0,0.0,0.7970000000057098,3.2741249999901356,4.19525000000931,intervening_contexts,wrong_key_ablation,CRA,wrong_key_ablation,memory_ablation,MockSimulator,43,none,none,-1,0,0,internal,0.0,0.0,0.0,0.0,0,False,0,False,-1,1,0.1,0.2,8,8,0,raw,9,False
327,1000.0,8,8,0,8,0,0,5.477691691410712,5.477691691410712,5.477691691410712,0.0,0.0,0.013221501698381212,1.0,0.0,False,0,0,0,0,0,0.0,0.0,0.0,0.0,0.0,0,0.0,0,0,disabled,disabled,True,wrong_key,1,9,False,raw,0,0.0,0.0,trial:-1,4,False,disabled,0,0,False,raw,0,0.0,0.0,,0,False,disabled,False,raw,0.0,0.0,,,,,,,,False,0,0,0,0,0,0,0.0,0.0,0.8118749999965758,3.1600410000010015,4.100124999993682,intervening_contexts,wrong_key_ablation,CRA,wrong_key_ablation,memory_ablation,MockSimulator,43,none,none,-1,0,0,internal,0.0,0.0,0.0,0.0,0,False,0,False,-1,1,0.1,0.2,8,8,0,raw,9,False
328,1000.0,8,8,0,8,0,0,5.460224284370677,5.460224284370677,5.460224284370677,0.0,0.0,0.013291903916852135,1.0,0.0,False,0,0,0,0,0,0.0,0.0,0.0,0.0,0.0,0,0.0,0,0,disabled,disabled,True,wrong_key,1,9,False,raw,0,0.0,0.0,trial:-1,4,False,disabled,0,0,False,raw,0,0.0,0.0,,0,False,disabled,False,raw,0.0,0.0,,,,,,,,False,0,0,0,0,0,0,0.0,0.0,0.8244590000003882,3.16141599999753,4.113541999998915,intervening_contexts,wrong_key_ablation,CRA,wrong_key_ablation,memory_ablation,MockSimulator,43,none,none,-1,0,0,internal,0.0,0.0,0.0,0.0,0,False,0,False,-1,1,0.1,0.2,8,8,0,raw,9,False
329,1000.0,8,8,0,8,0,0,5.442843700805878,5.442843700805878,5.442843700805878,0.0,0.0,0.01335420144590487,1.0,0.0,False,0,0,0,0,0,0.0,0.0,0.0,0.0,0.0,0,0.0,0,0,disabled,disabled,True,wrong_key,1,9,False,raw,0,0.0,0.0,trial:-1,4,False,disabled,0,0,False,raw,0,0.0,0.0,,0,False,disabled,False,raw,0.0,0.0,,,,,,,,False,0,0,0,0,0,0,0.0,0.0,0.80887500000415,3.1742500000007112,4.109291999995435,intervening_contexts,wrong_key_ablation,CRA,wrong_key_ablation,memory_ablation,MockSimulator,43,none,none,-1,0,0,internal,0.0,0.0,0.0,0.0,0,False,0,False,-1,1,0.1,0.2,8,8,0,raw,9,False
330,1000.0,8,8,0,8,0,0,5.425549507691292,5.425549507691292,5.425549507691292,0.0,0.0,0.013408690312228754,1.0,0.0,False,0,0,0,0,0,0.0,0.0,0.0,0.0,0.0,0,0.0,0,0,disabled,disabled,True,wrong_key,1,9,False,raw,0,0.0,0.0,trial:-1,4,False,disabled,0,0,False,raw,0,0.0,0.0,,0,False,disabled,False,raw,0.0,0.0,,,,,,,,False,0,0,0,0,0,0,0.0,0.0,0.8455830000002607,3.397708999997917,4.37841699999808,intervening_contexts,wrong_key_ablation,CRA,wrong_key_ablation,memory_ablation,MockSimulator,43,none,none,-1,0,0,internal,0.0,0.0,0.0,0.0,0,False,0,False,-1,1,0.1,0.2,8,8,0,raw,9,False
331,1000.0,8,8,0,8,0,0,5.408341274161618,5.408341274161618,5.408341274161618,0.0,0.0,0.013455657943321321,1.0,0.0,False,0,0,0,0,0,0.0,0.0,0.0,0.0,0.0,0,0.0,0,0,disabled,disabled,True,wrong_key,1,9,False,raw,0,0.0,0.0,trial:-1,4,False,disabled,0,0,False,raw,0,0.0,0.0,,0,False,disabled,False,raw,0.0,0.0,,,,,,,,False,0,0,0,0,0,0,0.0,0.0,0.8227079999869602,3.2140840000067783,4.168833000008476,intervening_contexts,wrong_key_ablation,CRA,wrong_key_ablation,memory_ablation,MockSimulator,43,none,none,-1,0,0,internal,0.0,0.0,0.0,0.0,0,False,0,False,-1,1,0.1,0.2,8,8,0,raw,9,False
332,1000.0,8,8,0,8,0,0,5.391218571500504,5.391218571500504,5.391218571500504,0.0,0.0,0.013495383393045294,1.0,0.0,False,0,0,0,0,0,0.0,0.0,0.0,0.0,0.0,0,0.0,0,0,disabled,disabled,True,wrong_key,1,9,False,raw,0,0.0,0.0,trial:-1,4,False,disabled,0,0,False,raw,0,0.0,0.0,,0,False,disabled,False,raw,0.0,0.0,,,,,,,,False,0,0,0,0,0,0,0.0,0.0,0.807167000004938,3.1926249999969514,4.126041999995778,intervening_contexts,wrong_key_ablation,CRA,wrong_key_ablation,memory_ablation,MockSimulator,43,none,none,-1,0,0,internal,0.0,0.0,0.0,0.0,0,False,0,False,-1,1,0.1,0.2,8,8,0,raw,9,False
333,1000.0,8,8,0,8,0,0,5.374180973129831,5.374180973129831,5.374180973129831,0.0,0.0,0.01352813756160298,1.0,0.0,False,0,0,0,0,0,0.0,0.0,0.0,0.0,0.0,0,0.0,0,0,disabled,disabled,True,wrong_key,1,9,False,raw,0,0.0,0.0,trial:-1,4,False,disabled,0,0,False,raw,0,0.0,0.0,,0,False,disabled,False,raw,0.0,0.0,,,,,,,,False,0,0,0,0,0,0,0.0,0.0,0.7975000000044474,3.1601670000043214,4.082083000000125,intervening_contexts,wrong_key_ablation,CRA,wrong_key_ablation,memory_ablation,MockSimulator,43,none,none,-1,0,0,internal,0.0,0.0,0.0,0.0,0,False,0,False,-1,1,0.1,0.2,8,8,0,raw,9,False
334,1000.0,8,8,0,8,0,0,5.3572280545990445,5.3572280545990445,5.3572280545990445,0.0,0.0,0.01355418341006114,1.0,0.0,False,0,0,0,0,0,0.0,0.0,0.0,0.0,0.0,0,0.0,0,0,disabled,disabled,True,wrong_key,1,9,False,raw,0,0.0,0.0,trial:-1,4,False,disabled,0,0,False,raw,0,0.0,0.0,,0,False,disabled,False,raw,0.0,0.0,,,,,,,,False,0,0,0,0,0,0,0.0,0.0,0.8964169999927663,3.282458000001043,4.3038329999944835,intervening_contexts,wrong_key_ablation,CRA,wrong_key_ablation,memory_ablation,MockSimulator,43,none,none,-1,0,0,internal,0.0,0.0,0.0,0.0,0,False,0,False,-1,1,0.1,0.2,8,8,0,raw,9,False
335,1000.0,8,8,0,8,0,0,5.340359393574548,5.340359393574548,5.340359393574548,0.0,0.0,0.013573776169556332,1.0,0.0,False,0,0,0,0,0,0.0,0.0,0.0,0.0,0.0,0,0.0,0,0,disabled,disabled,True,wrong_key,1,9,False,raw,0,0.0,0.0,trial:-1,4,False,disabled,0,0,False,raw,0,0.0,0.0,,0,False,disabled,False,raw,0.0,0.0,,,,,,,,False,0,0,0,0,0,0,0.0,0.0,0.8011249999952952,3.2142090000064627,4.144417000006229,intervening_contexts,wrong_key_ablation,CRA,wrong_key_ablation,memory_ablation,MockSimulator,43,none,none,-1,0,0,internal,0.0,0.0,0.0,0.0,0,False,0,False,-1,1,0.1,0.2,8,8,0,raw,9,False
336,1000.0,8,8,0,8,0,0,5.323574569829143,5.323574569829143,5.323574569829143,0.0,0.0,0.01358716354530769,1.0,0.0,False,0,0,0,0,0,0.0,0.0,0.0,0.0,0.0,0,0.0,0,0,disabled,disabled,True,wrong_key,1,9,False,raw,0,0.0,0.0,trial:-1,4,False,disabled,0,0,False,raw,0,0.0,0.0,,0,False,disabled,False,raw,0.0,0.0,,,,,,,,False,0,0,0,0,0,0,0.0,0.0,0.7973749999905522,3.222542000003159,4.147375000002285,intervening_contexts,wrong_key_ablation,CRA,wrong_key_ablation,memory_ablation,MockSimulator,43,none,none,-1,0,0,internal,0.0,0.0,0.0,0.0,0,False,0,False,-1,1,0.1,0.2,8,8,0,raw,9,False
337,1000.0,8,8,0,8,0,0,5.306873165231519,5.306873165231519,5.306873165231519,0.0,0.0,0.013594585915561173,1.0,0.0,False,0,0,0,0,0,0.0,0.0,0.0,0.0,0.0,0,0.0,0,0,disabled,disabled,True,wrong_key,1,9,False,raw,0,0.0,0.0,trial:-1,4,False,disabled,0,0,False,raw,0,0.0,0.0,,0,False,disabled,False,raw,0.0,0.0,,,,,,,,False,0,0,0,0,0,0,0.0,0.0,0.8013750000088748,3.220791000003942,4.146708000007493,intervening_contexts,wrong_key_ablation,CRA,wrong_key_ablation,memory_ablation,MockSimulator,43,none,none,-1,0,0,internal,0.0,0.0,0.0,0.0,0,False,0,False,-1,1,0.1,0.2,8,8,0,raw,9,False
338,1000.0,8,8,0,8,0,0,5.290254763735807,5.290254763735807,5.290254763735807,0.0,0.0,0.013596276525586393,1.0,0.0,False,0,0,0,0,0,0.0,0.0,0.0,0.0,0.0,0,0.0,0,0,disabled,disabled,True,wrong_key,1,9,False,raw,0,0.0,0.0,trial:-1,4,False,disabled,0,0,False,raw,0,0.0,0.0,,0,False,disabled,False,raw,0.0,0.0,,,,,,,,False,0,0,0,0,0,0,0.0,0.0,0.7992910000069742,3.3876669999983733,4.312499999997499,intervening_contexts,wrong_key_ablation,CRA,wrong_key_ablation,memory_ablation,MockSimulator,43,none,none,-1,0,0,internal,0.0,0.0,0.0,0.0,0,False,0,False,-1,1,0.1,0.2,8,8,0,raw,9,False
339,1000.0,8,8,0,8,0,0,5.273718951371174,5.273718951371174,5.273718951371174,0.0,0.0,0.013592461676844381,1.0,0.0,False,0,0,0,0,0,0.0,0.0,0.0,0.0,0.0,0,0.0,0,0,disabled,disabled,True,wrong_key,1,9,False,raw,0,0.0,0.0,trial:-1,4,False,disabled,0,0,False,raw,0,0.0,0.0,,0,False,disabled,False,raw,0.0,0.0,,,,,,,,False,0,0,0,0,0,0,0.0,0.0,0.8161660000070015,3.2706249999989723,4.219290999998293,intervening_contexts,wrong_key_ablation,CRA,wrong_key_ablation,memory_ablation,MockSimulator,43,none,none,-1,0,0,internal,0.0,0.0,0.0,0.0,0,False,0,False,-1,1,0.1,0.2,8,8,0,raw,9,False
340,1000.0,8,8,0,8,0,0,5.257265316231475,5.257265316231475,5.257265316231475,0.0,0.0,0.013583360911441815,1.0,0.0,False,0,0,0,0,0,0.0,0.0,0.0,0.0,0.0,0,0.0,0,0,disabled,disabled,True,wrong_key,1,9,False,raw,0,0.0,0.0,trial:-1,4,False,disabled,0,0,False,raw,0,0.0,0.0,,0,False,disabled,False,raw,0.0,0.0,,,,,,,,False,0,0,0,0,0,0,0.0,0.0,0.7999590000054013,3.261707999996588,4.187000000001717,intervening_contexts,wrong_key_ablation,CRA,wrong_key_ablation,memory_ablation,MockSimulator,43,none,none,-1,0,0,internal,0.0,0.0,0.0,0.0,0,False,0,False,-1,1,0.1,0.2,8,8,0,raw,9,False
341,1000.0,8,8,0,8,0,0,5.240893448464956,5.240893448464956,5.240893448464956,0.0,0.0,0.013569187191984614,1.0,0.0,False,0,0,0,0,0,0.0,0.0,0.0,0.0,0.0,0,0.0,0,0,disabled,disabled,True,wrong_key,1,9,False,raw,0,0.0,0.0,trial:-1,4,False,disabled,0,0,False,raw,0,0.0,0.0,,0,False,disabled,False,raw,0.0,0.0,,,,,,,,False,0,0,0,0,0,0,0.0,0.0,0.7988750000009759,3.2835000000090986,4.2099580000041215,intervening_contexts,wrong_key_ablation,CRA,wrong_key_ablation,memory_ablation,MockSimulator,43,none,none,-1,0,0,internal,0.0,0.0,0.0,0.0,0,False,0,False,-1,1,0.1,0.2,8,8,0,raw,9,False
342,1000.0,8,8,0,8,0,0,5.224602940264005,5.224602940264005,5.224602940264005,0.0,0.0,0.013550147076941122,1.0,0.0,False,0,0,0,0,0,0.0,0.0,0.0,0.0,0.0,0,0.0,0,0,disabled,disabled,True,wrong_key,1,9,False,raw,0,0.0,0.0,trial:-1,4,False,disabled,0,0,False,raw,0,0.0,0.0,,0,False,disabled,False,raw,0.0,0.0,,,,,,,,False,0,0,0,0,0,0,0.0,0.0,0.8672499999988759,3.3523329999951557,4.3440839999959735,intervening_contexts,wrong_key_ablation,CRA,wrong_key_ablation,memory_ablation,MockSimulator,43,none,none,-1,0,0,internal,0.0,0.0,0.0,0.0,0,False,0,False,-1,1,0.1,0.2,8,8,0,raw,9,False
343,1000.0,8,8,0,8,0,0,5.208393385854961,5.208393385854961,5.208393385854961,0.0,0.0,0.013526440891622579,1.0,0.0,False,0,0,0,0,0,0.0,0.0,0.0,0.0,0.0,0,0.0,0,0,disabled,disabled,True,wrong_key,1,9,False,raw,0,0.0,0.0,trial:-1,4,False,disabled,0,0,False,raw,0,0.0,0.0,,0,False,disabled,False,raw,0.0,0.0,,,,,,,,False,0,0,0,0,0,0,0.0,0.0,0.8037089999959335,3.2718749999958163,4.20479100000648,intervening_contexts,wrong_key_ablation,CRA,wrong_key_ablation,memory_ablation,MockSimulator,43,none,none,-1,0,0,internal,0.0,0.0,0.0,0.0,0,False,0,False,-1,1,0.1,0.2,8,8,0,raw,9,False
344,1000.0,8,8,0,8,0,0,5.192264381487965,5.192264381487965,5.192264381487965,0.0,0.0,0.013498262894885999,1.0,0.0,False,0,0,0,0,0,0.0,0.0,0.0,0.0,0.0,0,0.0,0,0,disabled,disabled,True,wrong_key,1,9,False,raw,0,0.0,0.0,trial:-1,4,False,disabled,0,0,False,raw,0,0.0,0.0,,0,False,disabled,False,raw,0.0,0.0,,,,,,,,False,0,0,0,0,0,0,0.0,0.0,0.7973749999905522,3.275834000007194,4.19820899999479,intervening_contexts,wrong_key_ablation,CRA,wrong_key_ablation,memory_ablation,MockSimulator,43,none,none,-1,0,0,internal,0.0,0.0,0.0,0.0,0,False,0,False,-1,1,0.1,0.2,8,8,0,raw,9,False
345,1000.0,8,8,0,8,0,0,5.176215525426871,5.176215525426871,5.176215525426871,0.0,0.0,0.013465801441662232,1.0,0.0,False,0,0,0,0,0,0.0,0.0,0.0,0.0,0.0,0,0.0,0,0,disabled,disabled,True,wrong_key,1,9,False,raw,0,0.0,0.0,trial:-1,4,False,disabled,0,0,False,raw,0,0.0,0.0,,0,False,disabled,False,raw,0.0,0.0,,,,,,,,False,0,0,0,0,0,0,0.0,0.0,0.7966249999924457,3.3391660000035017,4.260709000007523,intervening_contexts,wrong_key_ablation,CRA,wrong_key_ablation,memory_ablation,MockSimulator,43,none,none,-1,0,0,internal,0.0,0.0,0.0,0.0,0,False,0,False,-1,1,0.1,0.2,8,8,0,raw,9,False
346,1000.0,8,8,0,8,0,0,5.160246417939197,5.160246417939197,5.160246417939197,0.0,0.0,0.013429239141409463,1.0,0.0,False,0,0,0,0,0,0.0,0.0,0.0,0.0,0.0,0,0.0,0,0,disabled,disabled,True,wrong_key,1,9,False,raw,0,0.0,0.0,trial:-1,4,False,disabled,0,0,False,raw,0,0.0,0.0,,0,False,disabled,False,raw,0.0,0.0,,,,,,,,False,0,0,0,0,0,0,0.0,0.0,0.8583329999964917,3.3155830000026754,4.308082999997964,intervening_contexts,wrong_key_ablation,CRA,wrong_key_ablation,memory_ablation,MockSimulator,43,none,none,-1,0,0,internal,0.0,0.0,0.0,0.0,0,False,0,False,-1,1,0.1,0.2,8,8,0,raw,9,False
347,1000.0,8,8,0,8,0,0,5.144356661286138,5.144356661286138,5.144356661286138,0.0,0.0,0.013388753012590139,1.0,0.0,False,0,0,0,0,0,0.0,0.0,0.0,0.0,0.0,0,0.0,0,0,disabled,disabled,True,wrong_key,1,9,False,raw,0,0.0,0.0,trial:-1,4,False,disabled,0,0,False,raw,0,0.0,0.0,,0,False,disabled,False,raw,0.0,0.0,,,,,,,,False,0,0,0,0,0,0,0.0,0.0,0.8020420000036665,3.344416999993882,4.272583000002328,intervening_contexts,wrong_key_ablation,CRA,wrong_key_ablation,memory_ablation,MockSimulator,43,none,none,-1,0,0,internal,0.0,0.0,0.0,0.0,0,False,0,False,-1,1,0.1,0.2,8,8,0,raw,9,False
348,1000.0,8,8,0,8,0,0,5.1285458597126174,5.1285458597126174,5.1285458597126174,0.0,0.0,0.013344514633267024,1.0,0.0,False,0,0,0,0,0,0.0,0.0,0.0,0.0,0.0,0,0.0,0,0,disabled,disabled,True,wrong_key,1,9,False,raw,0,0.0,0.0,trial:-1,4,False,disabled,0,0,False,raw,0,0.0,0.0,,0,False,disabled,False,raw,0.0,0.0,,,,,,,,False,0,0,0,0,0,0,0.0,0.0,0.803707999992298,3.3092090000081953,4.23737500000243,intervening_contexts,wrong_key_ablation,CRA,wrong_key_ablation,memory_ablation,MockSimulator,43,none,none,-1,0,0,internal,0.0,0.0,0.0,0.0,0,False,0,False,-1,1,0.1,0.2,8,8,0,raw,9,False
349,1000.0,8,8,0,8,0,0,5.112813619437396,5.112813619437396,5.112813619437396,0.0,0.0,0.013296690287911798,1.0,0.0,False,0,0,0,0,0,0.0,0.0,0.0,0.0,0.0,0,0.0,0,0,disabled,disabled,True,wrong_key,1,9,False,raw,0,0.0,0.0,trial:-1,4,False,disabled,0,0,False,raw,0,0.0,0.0,,0,False,disabled,False,raw,0.0,0.0,,,,,,,,False,0,0,0,0,0,0,0.0,0.0,0.7944999999978108,3.4691670000057684,4.388124999991305,intervening_contexts,wrong_key_ablation,CRA,wrong_key_ablation,memory_ablation,MockSimulator,43,none,none,-1,0,0,internal,0.0,0.0,0.0,0.0,0,False,0,False,-1,1,0.1,0.2,8,8,0,raw,9,False
350,1000.0,8,8,0,8,0,0,5.097159548643225,5.097159548643225,5.097159548643225,0.0,0.0,0.013245441110517476,1.0,0.0,False,0,0,0,0,0,0.0,0.0,0.0,0.0,0.0,0,0.0,0,0,disabled,disabled,True,wrong_key,1,9,False,raw,0,0.0,0.0,trial:-1,4,False,disabled,0,0,False,raw,0,0.0,0.0,,0,False,disabled,False,raw,0.0,0.0,,,,,,,,False,0,0,0,0,0,0,0.0,0.0,0.8075829999967254,3.3522500000060518,4.286749999991457,intervening_contexts,wrong_key_ablation,CRA,wrong_key_ablation,memory_ablation,MockSimulator,43,none,none,-1,0,0,internal,0.0,0.0,0.0,0.0,0,False,0,False,-1,1,0.1,0.2,8,8,0,raw,9,False
351,1000.0,8,8,0,8,0,0,5.081583257467053,5.081583257467053,5.081583257467053,0.0,0.0,0.01319092322410376,1.0,0.0,False,0,0,0,0,0,0.0,0.0,0.0,0.0,0.0,0,0.0,0,0,disabled,disabled,True,wrong_key,1,9,False,raw,0,0.0,0.0,trial:-1,4,False,disabled,0,0,False,raw,0,0.0,0.0,,0,False,disabled,False,raw,0.0,0.0,,,,,,,,False,0,0,0,0,0,0,0.0,0.0,0.798249999988343,3.3532919999998967,4.27754199999697,intervening_contexts,wrong_key_ablation,CRA,wrong_key_ablation,memory_ablation,MockSimulator,43,none,none,-1,0,0,internal,0.0,0.0,0.0,0.0,0,False,0,False,-1,1,0.1,0.2,8,8,0,raw,9,False
352,1000.0,8,8,0,8,0,0,5.06608435799028,5.06608435799028,5.06608435799028,0.0,0.0,0.013133287876702386,1.0,0.0,False,0,0,0,0,0,0.0,0.0,0.0,0.0,0.0,0,0.0,0,0,disabled,disabled,True,wrong_key,1,9,False,raw,0,0.0,0.0,trial:-1,4,False,disabled,0,0,False,raw,0,0.0,0.0,,0,False,disabled,False,raw,0.0,0.0,,,,,,,,False,0,0,0,0,0,0,0.0,0.0,0.798000000003185,3.412624999995728,4.336584000000698,intervening_contexts,wrong_key_ablation,CRA,wrong_key_ablation,memory_ablation,MockSimulator,43,none,none,-1,0,0,internal,0.0,0.0,0.0,0.0,0,False,0,False,-1,1,0.1,0.2,8,8,0,raw,9,False
353,1000.0,8,8,0,8,0,0,5.050662464229055,5.050662464229055,5.050662464229055,0.0,0.0,0.013072681573907426,1.0,0.0,False,0,0,0,0,0,0.0,0.0,0.0,0.0,0.0,0,0.0,0,0,disabled,disabled,True,wrong_key,1,9,False,raw,0,0.0,0.0,trial:-1,4,False,disabled,0,0,False,raw,0,0.0,0.0,,0,False,disabled,False,raw,0.0,0.0,,,,,,,,False,0,0,0,0,0,0,0.0,0.0,0.8037919999992482,3.5088749999943047,4.441874999997708,intervening_contexts,wrong_key_ablation,CRA,wrong_key_ablation,memory_ablation,MockSimulator,43,none,none,-1,0,0,internal,0.0,0.0,0.0,0.0,0,False,0,False,-1,1,0.1,0.2,8,8,0,raw,9,False
354,1000.0,8,8,0,8,0,0,5.035317192124632,5.035317192124632,5.035317192124632,0.0,0.0,0.013009246208073583,1.0,0.0,False,0,0,0,0,0,0.0,0.0,0.0,0.0,0.0,0,0.0,0,0,disabled,disabled,True,wrong_key,1,9,False,raw,0,0.0,0.0,trial:-1,4,False,disabled,0,0,False,raw,0,0.0,0.0,,0,False,disabled,False,raw,0.0,0.0,,,,,,,,False,0,0,0,0,0,0,0.0,0.0,0.8112090000054195,3.3962079999980688,4.335499999996273,intervening_contexts,wrong_key_ablation,CRA,wrong_key_ablation,memory_ablation,MockSimulator,43,none,none,-1,0,0,internal,0.0,0.0,0.0,0.0,0,False,0,False,-1,1,0.1,0.2,8,8,0,raw,9,False
355,1000.0,8,8,0,8,0,0,5.020048159533762,5.020048159533762,5.020048159533762,0.0,0.0,0.012943119184243531,1.0,0.0,False,0,0,0,0,0,0.0,0.0,0.0,0.0,0.0,0,0.0,0,0,disabled,disabled,True,wrong_key,1,9,False,raw,0,0.0,0.0,trial:-1,4,False,disabled,0,0,False,raw,0,0.0,0.0,,0,False,disabled,False,raw,0.0,0.0,,,,,,,,False,0,0,0,0,0,0,0.0,0.0,0.7972500000050786,3.3724169999942433,4.294666999996366,intervening_contexts,wrong_key_ablation,CRA,wrong_key_ablation,memory_ablation,MockSimulator,43,none,none,-1,0,0,internal,0.0,0.0,0.0,0.0,0,False,0,False,-1,1,0.1,0.2,8,8,0,raw,9,False
356,1000.0,8,8,0,8,0,0,5.004854986219147,5.004854986219147,5.004854986219147,0.0,0.0,0.012874433542883453,1.0,0.0,False,0,0,0,0,0,0.0,0.0,0.0,0.0,0.0,0,0.0,0,0,disabled,disabled,True,wrong_key,1,9,False,raw,0,0.0,0.0,trial:-1,4,False,disabled,0,0,False,raw,0,0.0,0.0,,0,False,disabled,False,raw,0.0,0.0,,,,,,,,False,0,0,0,0,0,0,0.0,0.0,0.8000830000014503,3.4082079999961934,4.332708000006846,intervening_contexts,wrong_key_ablation,CRA,wrong_key_ablation,memory_ablation,MockSimulator,43,none,none,-1,0,0,internal,0.0,0.0,0.0,0.0,0,False,0,False,-1,1,0.1,0.2,8,8,0,raw,9,False
357,1000.0,8,8,0,8,0,0,4.989737293839927,4.989737293839927,4.989737293839927,0.0,0.0,0.012803318079504078,1.0,0.0,False,0,0,0,0,0,0.0,0.0,0.0,0.0,0.0,0,0.0,0,0,disabled,disabled,True,wrong_key,1,9,False,raw,0,0.0,0.0,trial:-1,4,False,disabled,0,0,False,raw,0,0.0,0.0,,0,False,disabled,False,raw,0.0,0.0,,,,,,,,False,0,0,0,0,0,0,0.0,0.0,0.8592920000012327,3.4647500000062337,4.453000000012253,intervening_contexts,wrong_key_ablation,CRA,wrong_key_ablation,memory_ablation,MockSimulator,43,none,none,-1,0,0,internal,0.0,0.0,0.0,0.0,0,False,0,False,-1,1,0.1,0.2,8,8,0,raw,9,False
358,1000.0,8,8,0,8,0,0,4.974694705942228,4.974694705942228,4.974694705942228,0.0,0.0,0.012729897461242725,1.0,0.0,False,0,0,0,0,0,0.0,0.0,0.0,0.0,0.0,0,0.0,0,0,disabled,disabled,True,wrong_key,1,9,False,raw,0,0.0,0.0,trial:-1,4,False,disabled,0,0,False,raw,0,0.0,0.0,,0,False,disabled,False,raw,0.0,0.0,,,,,,,,False,0,0,0,0,0,0,0.0,0.0,0.804790999993088,3.4162500000007867,4.347707999997397,intervening_contexts,wrong_key_ablation,CRA,wrong_key_ablation,memory_ablation,MockSimulator,43,none,none,-1,0,0,internal,0.0,0.0,0.0,0.0,0,False,0,False,-1,1,0.1,0.2,8,8,0,raw,9,False
359,1000.0,8,8,0,8,0,0,4.959726847949743,4.959726847949743,4.959726847949743,0.0,0.0,0.012654292340480024,1.0,0.0,False,0,0,0,0,0,0.0,0.0,0.0,0.0,0.0,0,0.0,0,0,disabled,disabled,True,wrong_key,1,9,False,raw,0,0.0,0.0,trial:-1,4,False,disabled,0,0,False,raw,0,0.0,0.0,,0,False,disabled,False,raw,0.0,0.0,,,,,,,,False,0,0,0,0,0,0,0.0,0.0,0.8000840000050857,3.4509159999913663,4.375457999998389,intervening_contexts,wrong_key_ablation,CRA,wrong_key_ablation,memory_ablation,MockSimulator,43,none,none,-1,0,0,internal,0.0,0.0,0.0,0.0,0,False,0,False,-1,1,0.1,0.2,8,8,0,raw,9,False
360,1000.0,8,8,0,8,0,0,4.944833347154376,4.944833347154376,4.944833347154376,-0.016444941934201283,-0.0,0.012576619465563335,1.0,-0.016444941934201283,False,0,0,0,0,0,0.0,0.0,0.0,0.0,0.0,0,0.0,0,0,disabled,disabled,True,wrong_key,-1,10,False,raw,0,-0.0055000000000000005,-0.0055000000000000005,trial:3,4,False,disabled,0,0,False,raw,0,-0.0055000000000000005,-0.0055000000000000005,,0,False,disabled,False,raw,-0.0055000000000000005,-0.0055000000000000005,,,,,,,,False,0,0,0,0,0,0,0.0,0.0,0.8082499999915171,3.8328330000041433,4.769832999997448,intervening_contexts,wrong_key_ablation,CRA,wrong_key_ablation,memory_ablation,MockSimulator,43,context,target_context,3,-1,0,internal,-0.0055000000000000005,-0.0055000000000000005,0.0,0.0,0,False,-1,False,-1,1,0.1,0.2,8,8,0,raw,10,False
361,1000.0,8,8,0,8,0,0,4.930013832706918,4.930013832706918,4.930013832706918,0.0,0.0,0.012496991788707121,1.0,0.0,False,0,0,0,0,0,0.0,0.0,0.0,0.0,0.0,0,0.0,0,0,disabled,disabled,True,wrong_key,-1,10,False,raw,0,0.0,0.0,trial:-1,4,False,disabled,0,0,False,raw,0,0.0,0.0,,0,False,disabled,False,raw,0.0,0.0,,,,,,,,False,0,0,0,0,0,0,0.0,0.0,0.8349579999986645,3.5353340000057187,4.530790999993428,intervening_contexts,wrong_key_ablation,CRA,wrong_key_ablation,memory_ablation,MockSimulator,43,none,none,-1,0,0,internal,0.0,0.0,0.0,0.0,0,False,0,False,-1,1,0.1,0.2,8,8,0,raw,10,False
362,1000.0,8,8,0,8,0,0,4.915267935607779,4.915267935607779,4.915267935607779,0.010465524458474429,0.0,0.012415518571138932,1.0,0.010465524458474429,False,0,0,0,0,0,0.0,0.0,0.0,0.0,0.0,0,0.0,0,0,disabled,disabled,True,wrong_key,-1,10,False,raw,0,0.0034999999999999996,0.0034999999999999996,trial:3,4,False,disabled,0,0,False,raw,0,0.0034999999999999996,0.0034999999999999996,,0,False,disabled,False,raw,0.0034999999999999996,0.0034999999999999996,,,,,,,,False,0,0,0,0,0,0,0.0,0.0,0.8637090000007674,3.463082999999756,4.45237499999962,intervening_contexts,wrong_key_ablation,CRA,wrong_key_ablation,memory_ablation,MockSimulator,43,distractor,between_context_and_decision,3,0,0,internal,0.0034999999999999996,0.0034999999999999996,0.0,0.0,0,False,1,False,-1,1,0.1,0.2,8,8,0,raw,10,False
363,1000.0,8,8,0,8,0,0,4.90059528869776,4.90059528869776,4.90059528869776,0.0,0.0,0.012332305485557986,1.0,0.0,False,0,0,0,0,0,0.0,0.0,0.0,0.0,0.0,0,0.0,0,0,disabled,disabled,True,wrong_key,-1,10,False,raw,0,0.0,0.0,trial:-1,4,False,disabled,0,0,False,raw,0,0.0,0.0,,0,False,disabled,False,raw,0.0,0.0,,,,,,,,False,0,0,0,0,0,0,0.0,0.0,0.8377500000023019,3.4754170000041995,4.440999999999917,intervening_contexts,wrong_key_ablation,CRA,wrong_key_ablation,memory_ablation,MockSimulator,43,none,none,-1,0,0,internal,0.0,0.0,0.0,0.0,0,False,0,False,-1,1,0.1,0.2,8,8,0,raw,10,False
364,1000.0,8,8,0,8,0,0,4.885995526648877,4.885995526648877,4.885995526648877,0.0,0.0,0.012247454715971823,1.0,0.0,False,0,0,0,0,0,0.0,0.0,0.0,0.0,0.0,0,0.0,0,0,disabled,disabled,True,wrong_key,-1,10,False,raw,0,0.0,0.0,trial:-1,4,False,disabled,0,0,False,raw,0,0.0,0.0,,0,False,disabled,False,raw,0.0,0.0,,,,,,,,False,0,0,0,0,0,0,0.0,0.0,0.7957079999982852,3.9161250000034897,4.837207999997872,intervening_contexts,wrong_key_ablation,CRA,wrong_key_ablation,memory_ablation,MockSimulator,43,none,none,-1,0,0,internal,0.0,0.0,0.0,0.0,0,False,0,False,-1,1,0.1,0.2,8,8,0,raw,10,False
365,1000.0,8,8,0,8,0,0,4.871468285955227,4.871468285955227,4.871468285955227,0.0,0.0,0.012161065054974883,1.0,0.0,False,0,0,0,0,0,0.0,0.0,0.0,0.0,0.0,0,0.0,0,0,disabled,disabled,True,wrong_key,-1,10,False,raw,0,0.0,0.0,trial:-1,4,False,disabled,0,0,False,raw,0,0.0,0.0,,0,False,disabled,False,raw,0.0,0.0,,,,,,,,False,0,0,0,0,0,0,0.0,0.0,0.8435419999983651,3.5277909999962276,4.504500000010125,intervening_contexts,wrong_key_ablation,CRA,wrong_key_ablation,memory_ablation,MockSimulator,43,none,none,-1,0,0,internal,0.0,0.0,0.0,0.0,0,False,0,False,-1,1,0.1,0.2,8,8,0,raw,10,False
366,1000.0,8,8,0,8,0,0,4.857013204923899,4.857013204923899,4.857013204923899,0.0,0.0,0.012073231998531431,1.0,0.0,False,0,0,0,0,0,0.0,0.0,0.0,0.0,0.0,0,0.0,0,0,disabled,disabled,True,wrong_key,-1,10,False,raw,0,0.0,0.0,trial:-1,4,False,disabled,0,0,False,raw,0,0.0,0.0,,0,False,disabled,False,raw,0.0,0.0,,,,,,,,False,0,0,0,0,0,0,0.0,0.0,0.7961670000042886,3.505874999987668,4.427583999998319,intervening_contexts,wrong_key_ablation,CRA,wrong_key_ablation,memory_ablation,MockSimulator,43,none,none,-1,0,0,internal,0.0,0.0,0.0,0.0,0,False,0,False,-1,1,0.1,0.2,8,8,0,raw,10,False
367,1000.0,8,8,0,8,0,0,4.842629923665935,4.842629923665935,4.842629923665935,0.0,0.0,0.01198404783832373,1.0,0.0,False,0,0,0,0,0,0.0,0.0,0.0,0.0,0.0,0,0.0,0,0,disabled,disabled,True,wrong_key,-1,10,False,raw,0,0.0,0.0,trial:-1,4,False,disabled,0,0,False,raw,0,0.0,0.0,,0,False,disabled,False,raw,0.0,0.0,,,,,,,,False,0,0,0,0,0,0,0.0,0.0,0.8137920000024224,3.737499999999727,4.684041999993838,intervening_contexts,wrong_key_ablation,CRA,wrong_key_ablation,memory_ablation,MockSimulator,43,none,none,-1,0,0,internal,0.0,0.0,0.0,0.0,0,False,0,False,-1,1,0.1,0.2,8,8,0,raw,10,False
368,1000.0,8,8,0,8,0,0,4.828318084087328,4.828318084087328,4.828318084087328,0.0,0.0,0.011893601751724922,1.0,0.0,False,0,0,0,0,0,0.0,0.0,0.0,0.0,0.0,0,0.0,0,0,disabled,disabled,True,wrong_key,-1,10,False,raw,0,0.0,0.0,trial:-1,4,False,disabled,0,0,False,raw,0,0.0,0.0,,0,False,disabled,False,raw,0.0,0.0,,,,,,,,False,0,0,0,0,0,0,0.0,0.0,0.8403340000029402,3.6015830000053484,4.591041000011842,intervening_contexts,wrong_key_ablation,CRA,wrong_key_ablation,memory_ablation,MockSimulator,43,none,none,-1,0,0,internal,0.0,0.0,0.0,0.0,0,False,0,False,-1,1,0.1,0.2,8,8,0,raw,10,False
369,1000.0,8,8,0,8,0,0,4.814077329880072,4.814077329880072,4.814077329880072,-0.010465524458474429,-0.0,0.011801979889454738,1.0,-0.010465524458474429,False,0,0,0,0,0,0.0,0.0,0.0,0.0,0.0,0,0.0,0,0,disabled,disabled,True,wrong_key,-1,10,False,raw,0,-0.0034999999999999996,-0.0034999999999999996,trial:3,4,False,disabled,0,0,False,raw,0,-0.0034999999999999996,-0.0034999999999999996,,0,False,disabled,False,raw,-0.0034999999999999996,-0.0034999999999999996,,,,,,,,False,0,0,0,0,0,0,0.0,0.0,0.8118339999896307,3.516500000003475,4.454292000005466,intervening_contexts,wrong_key_ablation,CRA,wrong_key_ablation,memory_ablation,MockSimulator,43,distractor,between_context_and_decision,3,0,0,internal,-0.0034999999999999996,-0.0034999999999999996,0.0,0.0,0,False,-1,False,-1,1,0.1,0.2,8,8,0,raw,10,False
370,1000.0,8,8,0,8,0,0,4.799907306513256,4.799907306513256,4.799907306513256,0.0,0.0,0.011709265460974672,1.0,0.0,False,0,0,0,0,0,0.0,0.0,0.0,0.0,0.0,0,0.0,0,0,disabled,disabled,True,wrong_key,-1,10,False,raw,0,0.0,0.0,trial:-1,4,False,disabled,0,0,False,raw,0,0.0,0.0,,0,False,disabled,False,raw,0.0,0.0,,,,,,,,False,0,0,0,0,0,0,0.0,0.0,0.7970420000020795,3.5562079999920115,4.477583999999979,intervening_contexts,wrong_key_ablation,CRA,wrong_key_ablation,memory_ablation,MockSimulator,43,none,none,-1,0,0,internal,0.0,0.0,0.0,0.0,0,False,0,False,-1,1,0.1,0.2,8,8,0,raw,10,False
371,1000.0,8,8,0,8,0,0,4.785807661224197,4.785807661224197,4.785807661224197,0.0,0.0,0.011615538817678026,1.0,0.0,False,0,0,0,0,0,0.0,0.0,0.0,0.0,0.0,0,0.0,0,0,disabled,disabled,True,wrong_key,-1,10,False,raw,0,0.0,0.0,trial:-1,4,False,disabled,0,0,False,raw,0,0.0,0.0,,0,False,disabled,False,raw,0.0,0.0,,,,,,,,False,0,0,0,0,0,0,0.0,0.0,0.795957999997654,3.6792920000010554,4.601125000007755,intervening_contexts,wrong_key_ablation,CRA,wrong_key_ablation,memory_ablation,MockSimulator,43,none,none,-1,0,0,internal,0.0,0.0,0.0,0.0,0,False,0,False,-1,1,0.1,0.2,8,8,0,raw,10,False
372,1000.0,8,8,0,8,0,0,4.771778043009625,4.771778043009625,4.771778043009625,-0.010465524458474429,-0.0,0.011520877533928855,1.0,-0.010465524458474429,False,0,0,0,0,0,0.0,0.0,0.0,0.0,0.0,0,0.0,0,0,disabled,disabled,True,wrong_key,-1,10,False,raw,0,-0.0034999999999999996,-0.0034999999999999996,trial:3,4,False,disabled,0,0,False,raw,0,-0.0034999999999999996,-0.0034999999999999996,,0,False,disabled,False,raw,-0.0034999999999999996,-0.0034999999999999996,,,,,,,,False,0,0,0,0,0,0,0.0,0.0,0.8110830000020997,3.5899589999957016,4.531583000002115,intervening_contexts,wrong_key_ablation,CRA,wrong_key_ablation,memory_ablation,MockSimulator,43,distractor,between_context_and_decision,3,0,0,internal,-0.0034999999999999996,-0.0034999999999999996,0.0,0.0,0,False,-1,False,-1,1,0.1,0.2,8,8,0,raw,10,False
373,1000.0,8,8,0,8,0,0,4.757818102616904,4.757818102616904,4.757818102616904,-0.010465524458474429,-0.0,0.01142535648600258,1.0,-0.010465524458474429,False,0,0,0,0,0,0.0,0.0,0.0,0.0,0.0,0,0.0,0,0,disabled,disabled,True,wrong_key,-1,10,False,raw,0,-0.0034999999999999996,-0.0034999999999999996,trial:3,4,False,disabled,0,0,False,raw,0,-0.0034999999999999996,-0.0034999999999999996,,0,False,disabled,False,raw,-0.0034999999999999996,-0.0034999999999999996,,,,,,,,False,0,0,0,0,0,0,0.0,0.0,0.8031250000044565,3.5889589999982263,4.519915999992463,intervening_contexts,wrong_key_ablation,CRA,wrong_key_ablation,memory_ablation,MockSimulator,43,distractor,between_context_and_decision,3,0,0,internal,-0.0034999999999999996,-0.0034999999999999996,0.0,0.0,0,False,-1,False,-1,1,0.1,0.2,8,8,0,raw,10,False
374,1000.0,8,8,0,8,0,0,4.743927492535304,4.743927492535304,4.743927492535304,-0.010465524458474429,-0.0,0.011329047928979784,1.0,-0.010465524458474429,False,0,0,0,0,0,0.0,0.0,0.0,0.0,0.0,0,0.0,0,0,disabled,disabled,True,wrong_key,-1,10,False,raw,0,-0.0034999999999999996,-0.0034999999999999996,trial:3,4,False,disabled,0,0,False,raw,0,-0.0034999999999999996,-0.0034999999999999996,,0,False,disabled,False,raw,-0.0034999999999999996,-0.0034999999999999996,,,,,,,,False,0,0,0,0,0,0,0.0,0.0,0.8143339999975296,3.661540999999602,4.601792000002547,intervening_contexts,wrong_key_ablation,CRA,wrong_key_ablation,memory_ablation,MockSimulator,43,distractor,between_context_and_decision,3,0,0,internal,-0.0034999999999999996,-0.0034999999999999996,0.0,0.0,0,False,-1,False,-1,1,0.1,0.2,8,8,0,raw,10,False
375,1000.0,8,8,0,8,0,0,4.730105866987312,4.730105866987312,4.730105866987312,-0.010465524458474429,-0.0,0.011232021571643498,1.0,-0.010465524458474429,False,0,0,0,0,0,0.0,0.0,0.0,0.0,0.0,0,0.0,0,0,disabled,disabled,True,wrong_key,-1,10,False,raw,0,-0.0034999999999999996,-0.0034999999999999996,trial:3,4,False,disabled,0,0,False,raw,0,-0.0034999999999999996,-0.0034999999999999996,,0,False,disabled,False,raw,-0.0034999999999999996,-0.0034999999999999996,,,,,,,,False,0,0,0,0,0,0,0.0,0.0,0.8786249999985785,3.761750000009556,4.790083000003165,intervening_contexts,wrong_key_ablation,CRA,wrong_key_ablation,memory_ablation,MockSimulator,43,distractor,between_context_and_decision,3,0,0,internal,-0.0034999999999999996,-0.0034999999999999996,0.0,0.0,0,False,-1,False,-1,1,0.1,0.2,8,8,0,raw,10,False
376,1000.0,8,8,0,8,0,0,4.716352881919986,4.716352881919986,4.716352881919986,0.01046552445847443,0.0,0.011134344649429074,1.0,0.01046552445847443,False,0,0,0,0,0,0.0,0.0,0.0,0.0,0.0,0,0.0,0,0,disabled,disabled,True,wrong_key,-1,10,False,raw,0,0.0034999999999999996,0.0034999999999999996,trial:3,4,False,disabled,0,0,False,raw,0,0.0034999999999999996,0.0034999999999999996,,0,False,disabled,False,raw,0.0034999999999999996,0.0034999999999999996,,,,,,,,False,0,0,0,0,0,0,0.0,0.0,0.8050830000030373,3.6223339999992277,4.5573750000045266,intervening_contexts,wrong_key_ablation,CRA,wrong_key_ablation,memory_ablation,MockSimulator,43,distractor,between_context_and_decision,3,0,0,internal,0.0034999999999999996,0.0034999999999999996,0.0,0.0,0,False,1,False,-1,1,0.1,0.2,8,8,0,raw,10,False
377,1000.0,8,8,0,8,0,0,4.702668194996354,4.702668194996354,4.702668194996354,0.01046552445847443,0.0,0.011036081995474569,1.0,0.01046552445847443,False,0,0,0,0,0,0.0,0.0,0.0,0.0,0.0,0,0.0,0,0,disabled,disabled,True,wrong_key,-1,10,False,raw,0,0.0034999999999999996,0.0034999999999999996,trial:3,4,False,disabled,0,0,False,raw,0,0.0034999999999999996,0.0034999999999999996,,0,False,disabled,False,raw,0.0034999999999999996,0.0034999999999999996,,,,,,,,False,0,0,0,0,0,0,0.0,0.0,0.8274169999964442,3.5996250000067676,4.5526659999950425,intervening_contexts,wrong_key_ablation,CRA,wrong_key_ablation,memory_ablation,MockSimulator,43,distractor,between_context_and_decision,3,0,0,internal,0.0034999999999999996,0.0034999999999999996,0.0,0.0,0,False,1,False,-1,1,0.1,0.2,8,8,0,raw,10,False
378,1000.0,8,8,0,8,0,0,4.68905146558686,4.68905146558686,4.68905146558686,0.0,0.0,0.010937296109818471,1.0,0.0,False,0,0,0,0,0,0.0,0.0,0.0,0.0,0.0,0,0.0,0,0,disabled,disabled,True,wrong_key,-1,10,False,raw,0,0.0,0.0,trial:-1,4,False,disabled,0,0,False,raw,0,0.0,0.0,,0,False,disabled,False,raw,0.0,0.0,,,,,,,,False,0,0,0,0,0,0,0.0,0.0,0.8054170000093563,3.779207999997425,4.712124999997513,intervening_contexts,wrong_key_ablation,CRA,wrong_key_ablation,memory_ablation,MockSimulator,43,none,none,-1,0,0,internal,0.0,0.0,0.0,0.0,0,False,0,False,-1,1,0.1,0.2,8,8,0,raw,10,False
379,1000.0,8,8,0,8,0,0,4.675502354760841,4.675502354760841,4.675502354760841,0.0,0.0,0.010838047226790428,1.0,0.0,False,0,0,0,0,0,0.0,0.0,0.0,0.0,0.0,0,0.0,0,0,disabled,disabled,True,wrong_key,-1,10,False,raw,0,0.0,0.0,trial:-1,4,False,disabled,0,0,False,raw,0,0.0,0.0,,0,False,disabled,False,raw,0.0,0.0,,,,,,,,False,0,0,0,0,0,0,0.0,0.0,0.8032089999971959,3.618750000001114,4.550084000001675,intervening_contexts,wrong_key_ablation,CRA,wrong_key_ablation,memory_ablation,MockSimulator,43,none,none,-1,0,0,internal,0.0,0.0,0.0,0.0,0,False,0,False,-1,1,0.1,0.2,8,8,0,raw,10,False
380,1000.0,8,8,0,8,0,0,4.66202052527806,4.66202052527806,4.66202052527806,0.010465524458474429,0.0,0.01073839338063958,1.0,0.010465524458474429,False,0,0,0,0,0,0.0,0.0,0.0,0.0,0.0,0,0.0,0,0,disabled,disabled,True,wrong_key,-1,10,False,raw,0,0.0034999999999999996,0.0034999999999999996,trial:3,4,False,disabled,0,0,False,raw,0,0.0034999999999999996,0.0034999999999999996,,0,False,disabled,False,raw,0.0034999999999999996,0.0034999999999999996,,,,,,,,False,0,0,0,0,0,0,0.0,0.0,0.7949590000038143,3.6222909999992225,4.542833000002133,intervening_contexts,wrong_key_ablation,CRA,wrong_key_ablation,memory_ablation,MockSimulator,43,distractor,between_context_and_decision,3,0,0,internal,0.0034999999999999996,0.0034999999999999996,0.0,0.0,0,False,1,False,-1,1,0.1,0.2,8,8,0,raw,10,False
381,1000.0,8,8,0,8,0,0,4.648605641580271,4.648605641580271,4.648605641580271,-0.010465524458474429,-0.0,0.010638390469444049,1.0,-0.010465524458474429,False,0,0,0,0,0,0.0,0.0,0.0,0.0,0.0,0,0.0,0,0,disabled,disabled,True,wrong_key,-1,10,False,raw,0,-0.0034999999999999996,-0.0034999999999999996,trial:3,4,False,disabled,0,0,False,raw,0,-0.0034999999999999996,-0.0034999999999999996,,0,False,disabled,False,raw,-0.0034999999999999996,-0.0034999999999999996,,,,,,,,False,0,0,0,0,0,0,0.0,0.0,0.8175419999929545,3.657875000001809,4.6123750000077735,intervening_contexts,wrong_key_ablation,CRA,wrong_key_ablation,memory_ablation,MockSimulator,43,distractor,between_context_and_decision,3,0,0,internal,-0.0034999999999999996,-0.0034999999999999996,0.0,0.0,0,False,-1,False,-1,1,0.1,0.2,8,8,0,raw,10,False
382,1000.0,8,8,0,8,0,0,4.635257369782831,4.635257369782831,4.635257369782831,0.0,0.0,0.010538092317344084,1.0,0.0,False,0,0,0,0,0,0.0,0.0,0.0,0.0,0.0,0,0.0,0,0,disabled,disabled,True,wrong_key,-1,10,False,raw,0,0.0,0.0,trial:-1,4,False,disabled,0,0,False,raw,0,0.0,0.0,,0,False,disabled,False,raw,0.0,0.0,,,,,,,,False,0,0,0,0,0,0,0.0,0.0,0.8616249999988668,3.6814160000062657,4.688375000000633,intervening_contexts,wrong_key_ablation,CRA,wrong_key_ablation,memory_ablation,MockSimulator,43,none,none,-1,0,0,internal,0.0,0.0,0.0,0.0,0,False,0,False,-1,1,0.1,0.2,8,8,0,raw,10,False
383,1000.0,8,8,0,8,0,0,4.621975377666357,4.621975377666357,4.621975377666357,0.010465524458474429,0.0,0.01043755073514034,1.0,0.010465524458474429,False,0,0,0,0,0,0.0,0.0,0.0,0.0,0.0,0,0.0,0,0,disabled,disabled,True,wrong_key,-1,10,False,raw,0,0.0034999999999999996,0.0034999999999999996,trial:3,4,False,disabled,0,0,False,raw,0,0.0034999999999999996,0.0034999999999999996,,0,False,disabled,False,raw,0.0034999999999999996,0.0034999999999999996,,,,,,,,False,0,0,0,0,0,0,0.0,0.0,0.7965420000033419,3.6745829999915713,4.597125000003643,intervening_contexts,wrong_key_ablation,CRA,wrong_key_ablation,memory_ablation,MockSimulator,43,distractor,between_context_and_decision,3,0,0,internal,0.0034999999999999996,0.0034999999999999996,0.0,0.0,0,False,1,False,-1,1,0.1,0.2,8,8,0,raw,10,False
384,1000.0,8,8,0,8,0,0,4.608759334668412,4.608759334668412,4.608759334668412,0.01495018112284275,0.0,0.010336815579297807,1.0,0.01495018112284275,False,0,0,0,0,0,0.0,0.0,0.0,0.0,0.0,0,0.0,0,0,disabled,disabled,True,wrong_key,1,11,False,raw,0,0.005,0.005,intruder:384,4,False,disabled,0,0,False,raw,0,0.005,0.005,,0,False,disabled,False,raw,0.005,0.005,,,,,,,,False,0,0,0,0,0,0,0.0,0.0,0.7990000000006603,3.6744169999991527,4.598334000007753,intervening_contexts,wrong_key_ablation,CRA,wrong_key_ablation,memory_ablation,MockSimulator,43,context,interfering_context,3,1,0,internal,0.005,0.005,0.0,0.0,0,False,1,False,-1,1,0.1,0.2,8,8,0,raw,11,False
385,1000.0,8,8,0,8,0,0,4.595608911875249,4.595608911875249,4.595608911875249,0.0,0.0,0.010235934809394921,1.0,0.0,False,0,0,0,0,0,0.0,0.0,0.0,0.0,0.0,0,0.0,0,0,disabled,disabled,True,wrong_key,1,11,False,raw,0,0.0,0.0,trial:-1,4,False,disabled,0,0,False,raw,0,0.0,0.0,,0,False,disabled,False,raw,0.0,0.0,,,,,,,,False,0,0,0,0,0,0,0.0,0.0,0.7954579999989164,3.8580420000045024,4.778874999999516,intervening_contexts,wrong_key_ablation,CRA,wrong_key_ablation,memory_ablation,MockSimulator,43,none,none,-1,0,0,internal,0.0,0.0,0.0,0.0,0,False,0,False,-1,1,0.1,0.2,8,8,0,raw,11,False
386,1000.0,8,8,0,8,0,0,4.582523782013583,4.582523782013583,4.582523782013583,0.0,0.0,0.01013495454405643,1.0,0.0,False,0,0,0,0,0,0.0,0.0,0.0,0.0,0.0,0,0.0,0,0,disabled,disabled,True,wrong_key,1,11,False,raw,0,0.0,0.0,trial:-1,4,False,disabled,0,0,False,raw,0,0.0,0.0,,0,False,disabled,False,raw,0.0,0.0,,,,,,,,False,0,0,0,0,0,0,0.0,0.0,0.8241669999904389,3.750500000009538,4.706916999992927,intervening_contexts,wrong_key_ablation,CRA,wrong_key_ablation,memory_ablation,MockSimulator,43,none,none,-1,0,0,internal,0.0,0.0,0.0,0.0,0,False,0,False,-1,1,0.1,0.2,8,8,0,raw,11,False
387,1000.0,8,8,0,8,0,0,4.569503619442412,4.569503619442412,4.569503619442412,0.0,0.0,0.01003391911540772,1.0,0.0,False,0,0,0,0,0,0.0,0.0,0.0,0.0,0.0,0,0.0,0,0,disabled,disabled,True,wrong_key,1,11,False,raw,0,0.0,0.0,trial:-1,4,False,disabled,0,0,False,raw,0,0.0,0.0,,0,False,disabled,False,raw,0.0,0.0,,,,,,,,False,0,0,0,0,0,0,0.0,0.0,0.8042919999979858,3.668958000005773,4.599083999991649,intervening_contexts,wrong_key_ablation,CRA,wrong_key_ablation,memory_ablation,MockSimulator,43,none,none,-1,0,0,internal,0.0,0.0,0.0,0.0,0,False,0,False,-1,1,0.1,0.2,8,8,0,raw,11,False
388,1000.0,8,8,0,8,0,0,4.556548100144876,4.556548100144876,4.556548100144876,0.0,0.0,0.009932871122087336,1.0,0.0,False,0,0,0,0,0,0.0,0.0,0.0,0.0,0.0,0,0.0,0,0,disabled,disabled,True,wrong_key,1,11,False,raw,0,0.0,0.0,trial:-1,4,False,disabled,0,0,False,raw,0,0.0,0.0,,0,False,disabled,False,raw,0.0,0.0,,,,,,,,False,0,0,0,0,0,0,0.0,0.0,0.7980839999959244,3.7180000000063274,4.642541999999139,intervening_contexts,wrong_key_ablation,CRA,wrong_key_ablation,memory_ablation,MockSimulator,43,none,none,-1,0,0,internal,0.0,0.0,0.0,0.0,0,False,0,False,-1,1,0.1,0.2,8,8,0,raw,11,False
389,1000.0,8,8,0,8,0,0,4.543656901720152,4.543656901720152,4.543656901720152,0.0,0.0,0.009831851480853606,1.0,0.0,False,0,0,0,0,0,0.0,0.0,0.0,0.0,0.0,0,0.0,0,0,disabled,disabled,True,wrong_key,1,11,False,raw,0,0.0,0.0,trial:-1,4,False,disabled,0,0,False,raw,0,0.0,0.0,,0,False,disabled,False,raw,0.0,0.0,,,,,,,,False,0,0,0,0,0,0,0.0,0.0,0.8250000000060709,3.751124999993749,4.710208999995302,intervening_contexts,wrong_key_ablation,CRA,wrong_key_ablation,memory_ablation,MockSimulator,43,none,none,-1,0,0,internal,0.0,0.0,0.0,0.0,0,False,0,False,-1,1,0.1,0.2,8,8,0,raw,11,False
390,1000.0,8,8,0,8,0,0,4.530829703375403,4.530829703375403,4.530829703375403,0.0,0.0,0.00973089947682039,1.0,0.0,False,0,0,0,0,0,0.0,0.0,0.0,0.0,0.0,0,0.0,0,0,disabled,disabled,True,wrong_key,1,11,False,raw,0,0.0,0.0,trial:-1,4,False,disabled,0,0,False,raw,0,0.0,0.0,,0,False,disabled,False,raw,0.0,0.0,,,,,,,,False,0,0,0,0,0,0,0.0,0.0,0.7989589999937152,3.681165999992686,4.60658300001171,intervening_contexts,wrong_key_ablation,CRA,wrong_key_ablation,memory_ablation,MockSimulator,43,none,none,-1,0,0,internal,0.0,0.0,0.0,0.0,0,False,0,False,-1,1,0.1,0.2,8,8,0,raw,11,False
391,1000.0,8,8,0,8,0,0,4.518066185917748,4.518066185917748,4.518066185917748,0.0,0.0,0.00963005281235616,1.0,0.0,False,0,0,0,0,0,0.0,0.0,0.0,0.0,0.0,0,0.0,0,0,disabled,disabled,True,wrong_key,1,11,False,raw,0,0.0,0.0,trial:-1,4,False,disabled,0,0,False,raw,0,0.0,0.0,,0,False,disabled,False,raw,0.0,0.0,,,,,,,,False,0,0,0,0,0,0,0.0,0.0,0.800291999993874,3.682957999998848,4.60862500000303,intervening_contexts,wrong_key_ablation,CRA,wrong_key_ablation,memory_ablation,MockSimulator,43,none,none,-1,0,0,internal,0.0,0.0,0.0,0.0,0,False,0,False,-1,1,0.1,0.2,8,8,0,raw,11,False
392,1000.0,8,8,0,8,0,0,4.50536603174629,4.50536603174629,4.50536603174629,0.010465524458474429,0.0,0.009529347654679771,1.0,0.010465524458474429,False,0,0,0,0,0,0.0,0.0,0.0,0.0,0.0,0,0.0,0,0,disabled,disabled,True,wrong_key,1,11,False,raw,0,0.0034999999999999996,0.0034999999999999996,trial:3,4,False,disabled,0,0,False,raw,0,0.0034999999999999996,0.0034999999999999996,,0,False,disabled,False,raw,0.0034999999999999996,0.0034999999999999996,,,,,,,,False,0,0,0,0,0,0,0.0,0.0,0.7970420000020795,3.8920420000039258,4.814374999995152,intervening_contexts,wrong_key_ablation,CRA,wrong_key_ablation,memory_ablation,MockSimulator,43,distractor,between_context_and_decision,3,0,0,internal,0.0034999999999999996,0.0034999999999999996,0.0,0.0,0,False,1,False,-1,1,0.1,0.2,8,8,0,raw,11,False
393,1000.0,8,8,0,8,0,0,4.492728924844168,4.492728924844168,4.492728924844168,0.010465524458474429,0.0,0.009428818682185496,1.0,0.010465524458474429,False,0,0,0,0,0,0.0,0.0,0.0,0.0,0.0,0,0.0,0,0,disabled,disabled,True,wrong_key,1,11,False,raw,0,0.0034999999999999996,0.0034999999999999996,trial:3,4,False,disabled,0,0,False,raw,0,0.0034999999999999996,0.0034999999999999996,,0,False,disabled,False,raw,0.0034999999999999996,0.0034999999999999996,,,,,,,,False,0,0,0,0,0,0,0.0,0.0,0.8159169999970572,3.7824159999928497,4.728207999988854,intervening_contexts,wrong_key_ablation,CRA,wrong_key_ablation,memory_ablation,MockSimulator,43,distractor,between_context_and_decision,3,0,0,internal,0.0034999999999999996,0.0034999999999999996,0.0,0.0,0,False,1,False,-1,1,0.1,0.2,8,8,0,raw,11,False
394,1000.0,8,8,0,8,0,0,4.480154550770667,4.480154550770667,4.480154550770667,-0.010465524458474429,-0.0,0.009328499129529119,1.0,-0.010465524458474429,False,0,0,0,0,0,0.0,0.0,0.0,0.0,0.0,0,0.0,0,0,disabled,disabled,True,wrong_key,1,11,False,raw,0,-0.0034999999999999996,-0.0034999999999999996,trial:3,4,False,disabled,0,0,False,raw,0,-0.0034999999999999996,-0.0034999999999999996,,0,False,disabled,False,raw,-0.0034999999999999996,-0.0034999999999999996,,,,,,,,False,0,0,0,0,0,0,0.0,0.0,0.797833000007131,3.7771669999955293,4.701292000007129,intervening_contexts,wrong_key_ablation,CRA,wrong_key_ablation,memory_ablation,MockSimulator,43,distractor,between_context_and_decision,3,0,0,internal,-0.0034999999999999996,-0.0034999999999999996,0.0,0.0,0,False,-1,False,-1,1,0.1,0.2,8,8,0,raw,11,False
395,1000.0,8,8,0,8,0,0,4.4676425966533495,4.4676425966533495,4.4676425966533495,0.0,0.0,0.009228420831506124,1.0,0.0,False,0,0,0,0,0,0.0,0.0,0.0,0.0,0.0,0,0.0,0,0,disabled,disabled,True,wrong_key,1,11,False,raw,0,0.0,0.0,trial:-1,4,False,disabled,0,0,False,raw,0,0.0,0.0,,0,False,disabled,False,raw,0.0,0.0,,,,,,,,False,0,0,0,0,0,0,0.0,0.0,0.7993749999997135,3.8572079999994457,4.7814590000001544,intervening_contexts,wrong_key_ablation,CRA,wrong_key_ablation,memory_ablation,MockSimulator,43,none,none,-1,0,0,internal,0.0,0.0,0.0,0.0,0,False,0,False,-1,1,0.1,0.2,8,8,0,raw,11,False
396,1000.0,8,8,0,8,0,0,4.455192751180236,4.455192751180236,4.455192751180236,0.0,0.0,0.009128614265752236,1.0,0.0,False,0,0,0,0,0,0.0,0.0,0.0,0.0,0.0,0,0.0,0,0,disabled,disabled,True,wrong_key,1,11,False,raw,0,0.0,0.0,trial:-1,4,False,disabled,0,0,False,raw,0,0.0,0.0,,0,False,disabled,False,raw,0.0,0.0,,,,,,,,False,0,0,0,0,0,0,0.0,0.0,0.8022499999924548,3.7518750000060663,4.683665999991149,intervening_contexts,wrong_key_ablation,CRA,wrong_key_ablation,memory_ablation,MockSimulator,43,none,none,-1,0,0,internal,0.0,0.0,0.0,0.0,0,False,0,False,-1,1,0.1,0.2,8,8,0,raw,11,False
397,1000.0,8,8,0,8,0,0,4.442804704592018,4.442804704592018,4.442804704592018,-0.010465524458474429,-0.0,0.009029108594295902,1.0,-0.010465524458474429,False,0,0,0,0,0,0.0,0.0,0.0,0.0,0.0,0,0.0,0,0,disabled,disabled,True,wrong_key,1,11,False,raw,0,-0.0034999999999999996,-0.0034999999999999996,trial:3,4,False,disabled,0,0,False,raw,0,-0.0034999999999999996,-0.0034999999999999996,,0,False,disabled,False,raw,-0.0034999999999999996,-0.0034999999999999996,,,,,,,,False,0,0,0,0,0,0,0.0,0.0,0.7983749999880274,3.7654170000109843,4.689542000008373,intervening_contexts,wrong_key_ablation,CRA,wrong_key_ablation,memory_ablation,MockSimulator,43,distractor,between_context_and_decision,3,0,0,internal,-0.0034999999999999996,-0.0034999999999999996,0.0,0.0,0,False,-1,False,-1,1,0.1,0.2,8,8,0,raw,11,False
398,1000.0,8,8,0,8,0,0,4.4304781486743225,4.4304781486743225,4.4304781486743225,0.0,0.0,0.00892993170399152,1.0,0.0,False,0,0,0,0,0,0.0,0.0,0.0,0.0,0.0,0,0.0,0,0,disabled,disabled,True,wrong_key,1,11,False,raw,0,0.0,0.0,trial:-1,4,False,disabled,0,0,False,raw,0,0.0,0.0,,0,False,disabled,False,raw,0.0,0.0,,,,,,,,False,0,0,0,0,0,0,0.0,0.0,0.7924159999959102,3.8692920000045206,4.787124999992898,intervening_contexts,wrong_key_ablation,CRA,wrong_key_ablation,memory_ablation,MockSimulator,43,none,none,-1,0,0,internal,0.0,0.0,0.0,0.0,0,False,0,False,-1,1,0.1,0.2,8,8,0,raw,11,False
399,1000.0,8,8,0,8,0,0,4.418212776749999,4.418212776749999,4.418212776749999,-0.010465524458474429,-0.0,0.008831110245861595,1.0,-0.010465524458474429,False,0,0,0,0,0,0.0,0.0,0.0,0.0,0.0,0,0.0,0,0,disabled,disabled,True,wrong_key,1,11,False,raw,0,-0.0034999999999999996,-0.0034999999999999996,trial:3,4,False,disabled,0,0,False,raw,0,-0.0034999999999999996,-0.0034999999999999996,,0,False,disabled,False,raw,-0.0034999999999999996,-0.0034999999999999996,,,,,,,,False,0,0,0,0,0,0,0.0,0.0,0.8101669999973637,3.8431669999994256,4.784834000005844,intervening_contexts,wrong_key_ablation,CRA,wrong_key_ablation,memory_ablation,MockSimulator,43,distractor,between_context_and_decision,3,0,0,internal,-0.0034999999999999996,-0.0034999999999999996,0.0,0.0,0,False,-1,False,-1,1,0.1,0.2,8,8,0,raw,11,False
400,1000.0,8,8,0,8,0,0,4.406008283671457,4.406008283671457,4.406008283671457,0.0,0.0,0.00873266967337527,1.0,0.0,False,0,0,0,0,0,0.0,0.0,0.0,0.0,0.0,0,0.0,0,0,disabled,disabled,True,wrong_key,1,11,False,raw,0,0.0,0.0,trial:-1,4,False,disabled,0,0,False,raw,0,0.0,0.0,,0,False,disabled,False,raw,0.0,0.0,,,,,,,,False,0,0,0,0,0,0,0.0,0.0,0.8087079999938851,3.818250000009016,4.751957999999945,intervening_contexts,wrong_key_ablation,CRA,wrong_key_ablation,memory_ablation,MockSimulator,43,none,none,-1,0,0,internal,0.0,0.0,0.0,0.0,0,False,0,False,-1,1,0.1,0.2,8,8,0,raw,11,False
401,1000.0,8,8,0,8,0,0,4.393864365813034,4.393864365813034,4.393864365813034,0.0,0.0,0.008634634279690055,1.0,0.0,False,0,0,0,0,0,0.0,0.0,0.0,0.0,0.0,0,0.0,0,0,disabled,disabled,True,wrong_key,1,11,False,raw,0,0.0,0.0,trial:-1,4,False,disabled,0,0,False,raw,0,0.0,0.0,,0,False,disabled,False,raw,0.0,0.0,,,,,,,,False,0,0,0,0,0,0,0.0,0.0,0.801583000011874,3.792666999999028,4.719375000007631,intervening_contexts,wrong_key_ablation,CRA,wrong_key_ablation,memory_ablation,MockSimulator,43,none,none,-1,0,0,internal,0.0,0.0,0.0,0.0,0,False,0,False,-1,1,0.1,0.2,8,8,0,raw,11,False
402,1000.0,8,8,0,8,0,0,4.381780721063409,4.381780721063409,4.381780721063409,-0.010465524458474429,-0.0,0.008537027233882897,1.0,-0.010465524458474429,False,0,0,0,0,0,0.0,0.0,0.0,0.0,0.0,0,0.0,0,0,disabled,disabled,True,wrong_key,1,11,False,raw,0,-0.0034999999999999996,-0.0034999999999999996,trial:3,4,False,disabled,0,0,False,raw,0,-0.0034999999999999996,-0.0034999999999999996,,0,False,disabled,False,raw,-0.0034999999999999996,-0.0034999999999999996,,,,,,,,False,0,0,0,0,0,0,0.0,0.0,0.806208000000197,4.0756669999950645,5.006792000003202,intervening_contexts,wrong_key_ablation,CRA,wrong_key_ablation,memory_ablation,MockSimulator,43,distractor,between_context_and_decision,3,0,0,internal,-0.0034999999999999996,-0.0034999999999999996,0.0,0.0,0,False,-1,False,-1,1,0.1,0.2,8,8,0,raw,11,False
403,1000.0,8,8,0,8,0,0,4.369757048818045,4.369757048818045,4.369757048818045,0.0,0.0,0.00843987061619615,1.0,0.0,False,0,0,0,0,0,0.0,0.0,0.0,0.0,0.0,0,0.0,0,0,disabled,disabled,True,wrong_key,1,11,False,raw,0,0.0,0.0,trial:-1,4,False,disabled,0,0,False,raw,0,0.0,0.0,,0,False,disabled,False,raw,0.0,0.0,,,,,,,,False,0,0,0,0,0,0,0.0,0.0,0.8177080000137948,3.8528329999962807,4.80412500000682,intervening_contexts,wrong_key_ablation,CRA,wrong_key_ablation,memory_ablation,MockSimulator,43,none,none,-1,0,0,internal,0.0,0.0,0.0,0.0,0,False,0,False,-1,1,0.1,0.2,8,8,0,raw,11,False
404,1000.0,8,8,0,8,0,0,4.357793049971676,4.357793049971676,4.357793049971676,-0.010465524458474429,-0.0,0.008343185452323319,1.0,-0.010465524458474429,False,0,0,0,0,0,0.0,0.0,0.0,0.0,0.0,0,0.0,0,0,disabled,disabled,True,wrong_key,1,11,False,raw,0,-0.0034999999999999996,-0.0034999999999999996,trial:3,4,False,disabled,0,0,False,raw,0,-0.0034999999999999996,-0.0034999999999999996,,0,False,disabled,False,raw,-0.0034999999999999996,-0.0034999999999999996,,,,,,,,False,0,0,0,0,0,0,0.0,0.0,0.799666999995452,3.8512919999931228,4.7769579999936695,intervening_contexts,wrong_key_ablation,CRA,wrong_key_ablation,memory_ablation,MockSimulator,43,distractor,between_context_and_decision,3,0,0,internal,-0.0034999999999999996,-0.0034999999999999996,0.0,0.0,0,False,-1,False,-1,1,0.1,0.2,8,8,0,raw,11,False
405,1000.0,8,8,0,8,0,0,4.3458884269108315,4.3458884269108315,4.3458884269108315,0.0,0.0,0.008246991746758922,1.0,0.0,False,0,0,0,0,0,0.0,0.0,0.0,0.0,0.0,0,0.0,0,0,disabled,disabled,True,wrong_key,1,11,False,raw,0,0.0,0.0,trial:-1,4,False,disabled,0,0,False,raw,0,0.0,0.0,,0,False,disabled,False,raw,0.0,0.0,,,,,,,,False,0,0,0,0,0,0,0.0,0.0,0.7988750000009759,3.9918749999969805,4.916792000003056,intervening_contexts,wrong_key_ablation,CRA,wrong_key_ablation,memory_ablation,MockSimulator,43,none,none,-1,0,0,internal,0.0,0.0,0.0,0.0,0,False,0,False,-1,1,0.1,0.2,8,8,0,raw,11,False
406,1000.0,8,8,0,8,0,0,4.3340428835063936,4.3340428835063936,4.3340428835063936,0.0,0.0,0.008151308515236173,1.0,0.0,False,0,0,0,0,0,0.0,0.0,0.0,0.0,0.0,0,0.0,0,0,disabled,disabled,True,wrong_key,1,11,False,raw,0,0.0,0.0,trial:-1,4,False,disabled,0,0,False,raw,0,0.0,0.0,,0,False,disabled,False,raw,0.0,0.0,,,,,,,,False,0,0,0,0,0,0,0.0,0.0,0.8125000000092086,3.855332999989969,4.797332999999071,intervening_contexts,wrong_key_ablation,CRA,wrong_key_ablation,memory_ablation,MockSimulator,43,none,none,-1,0,0,internal,0.0,0.0,0.0,0.0,0,False,0,False,-1,1,0.1,0.2,8,8,0,raw,11,False
407,1000.0,8,8,0,8,0,0,4.322256125106192,4.322256125106192,4.322256125106192,0.010465524458474429,0.0,0.00805615381627563,1.0,0.010465524458474429,False,0,0,0,0,0,0.0,0.0,0.0,0.0,0.0,0,0.0,0,0,disabled,disabled,True,wrong_key,1,11,False,raw,0,0.0034999999999999996,0.0034999999999999996,trial:3,4,False,disabled,0,0,False,raw,0,0.0034999999999999996,0.0034999999999999996,,0,False,disabled,False,raw,0.0034999999999999996,0.0034999999999999996,,,,,,,,False,0,0,0,0,0,0,0.0,0.0,0.7990840000076105,3.8511249999970687,4.776333000009458,intervening_contexts,wrong_key_ablation,CRA,wrong_key_ablation,memory_ablation,MockSimulator,43,distractor,between_context_and_decision,3,0,0,internal,0.0034999999999999996,0.0034999999999999996,0.0,0.0,0,False,1,False,-1,1,0.1,0.2,8,8,0,raw,11,False
408,1000.0,8,8,0,8,0,0,4.310527858527643,4.310527858527643,4.310527858527643,-0.014950181122842751,-0.0,0.007961544781867416,1.0,-0.014950181122842751,False,0,0,0,0,0,0.0,0.0,0.0,0.0,0.0,0,0.0,0,0,disabled,disabled,True,wrong_key,-1,12,False,raw,0,-0.005,-0.005,intruder:408,4,False,disabled,0,0,False,raw,0,-0.005,-0.005,,0,False,disabled,False,raw,-0.005,-0.005,,,,,,,,False,0,0,0,0,0,0,0.0,0.0,0.7964590000000271,3.8376659999954654,4.761208000005013,intervening_contexts,wrong_key_ablation,CRA,wrong_key_ablation,memory_ablation,MockSimulator,43,context,interfering_context,3,-1,0,internal,-0.005,-0.005,0.0,0.0,0,False,-1,False,-1,1,0.1,0.2,8,8,0,raw,12,False
409,1000.0,8,8,0,8,0,0,4.2988577920504145,4.2988577920504145,4.2988577920504145,0.0,0.0,0.007867497647309018,1.0,0.0,False,0,0,0,0,0,0.0,0.0,0.0,0.0,0.0,0,0.0,0,0,disabled,disabled,True,wrong_key,-1,12,False,raw,0,0.0,0.0,trial:-1,4,False,disabled,0,0,False,raw,0,0.0,0.0,,0,False,disabled,False,raw,0.0,0.0,,,,,,,,False,0,0,0,0,0,0,0.0,0.0,0.798000000003185,4.047708999991073,4.969791000007717,intervening_contexts,wrong_key_ablation,CRA,wrong_key_ablation,memory_ablation,MockSimulator,43,none,none,-1,0,0,internal,0.0,0.0,0.0,0.0,0,False,0,False,-1,1,0.1,0.2,8,8,0,raw,12,False
410,1000.0,8,8,0,8,0,0,4.287245635409137,4.287245635409137,4.287245635409137,0.0,0.0,0.00777402778022021,1.0,0.0,False,0,0,0,0,0,0.0,0.0,0.0,0.0,0.0,0,0.0,0,0,disabled,disabled,True,wrong_key,-1,12,False,raw,0,0.0,0.0,trial:-1,4,False,disabled,0,0,False,raw,0,0.0,0.0,,0,False,disabled,False,raw,0.0,0.0,,,,,,,,False,0,0,0,0,0,0,0.0,0.0,0.8656250000029786,3.9242090000044527,4.921292000005906,intervening_contexts,wrong_key_ablation,CRA,wrong_key_ablation,memory_ablation,MockSimulator,43,none,none,-1,0,0,internal,0.0,0.0,0.0,0.0,0,False,0,False,-1,1,0.1,0.2,8,8,0,raw,12,False
411,1000.0,8,8,0,8,0,0,4.275691099786145,4.275691099786145,4.275691099786145,0.0,0.0,0.00768114970875603,1.0,0.0,False,0,0,0,0,0,0.0,0.0,0.0,0.0,0.0,0,0.0,0,0,disabled,disabled,True,wrong_key,-1,12,False,raw,0,0.0,0.0,trial:-1,4,False,disabled,0,0,False,raw,0,0.0,0.0,,0,False,disabled,False,raw,0.0,0.0,,,,,,,,False,0,0,0,0,0,0,0.0,0.0,0.7989170000115564,3.9184999999974934,4.84429200000136,intervening_contexts,wrong_key_ablation,CRA,wrong_key_ablation,memory_ablation,MockSimulator,43,none,none,-1,0,0,internal,0.0,0.0,0.0,0.0,0,False,0,False,-1,1,0.1,0.2,8,8,0,raw,12,False
412,1000.0,8,8,0,8,0,0,4.264193897804255,4.264193897804255,4.264193897804255,0.010465524458474429,0.0,0.00758887714903833,1.0,0.010465524458474429,False,0,0,0,0,0,0.0,0.0,0.0,0.0,0.0,0,0.0,0,0,disabled,disabled,True,wrong_key,-1,12,False,raw,0,0.0034999999999999996,0.0034999999999999996,trial:3,4,False,disabled,0,0,False,raw,0,0.0034999999999999996,0.0034999999999999996,,0,False,disabled,False,raw,0.0034999999999999996,0.0034999999999999996,,,,,,,,False,0,0,0,0,0,0,0.0,0.0,0.7972089999981335,4.023875000001453,4.9456250000048385,intervening_contexts,wrong_key_ablation,CRA,wrong_key_ablation,memory_ablation,MockSimulator,43,distractor,between_context_and_decision,3,0,0,internal,0.0034999999999999996,0.0034999999999999996,0.0,0.0,0,False,1,False,-1,1,0.1,0.2,8,8,0,raw,12,False
413,1000.0,8,8,0,8,0,0,4.252753743519585,4.252753743519585,4.252753743519585,-0.010465524458474429,-0.0,0.007497223031825835,1.0,-0.010465524458474429,False,0,0,0,0,0,0.0,0.0,0.0,0.0,0.0,0,0.0,0,0,disabled,disabled,True,wrong_key,-1,12,False,raw,0,-0.0034999999999999996,-0.0034999999999999996,trial:3,4,False,disabled,0,0,False,raw,0,-0.0034999999999999996,-0.0034999999999999996,,0,False,disabled,False,raw,-0.0034999999999999996,-0.0034999999999999996,,,,,,,,False,0,0,0,0,0,0,0.0,0.0,0.8089159999968842,3.9163340000101243,4.853832999998531,intervening_contexts,wrong_key_ablation,CRA,wrong_key_ablation,memory_ablation,MockSimulator,43,distractor,between_context_and_decision,3,0,0,internal,-0.0034999999999999996,-0.0034999999999999996,0.0,0.0,0,False,-1,False,-1,1,0.1,0.2,8,8,0,raw,12,False
414,1000.0,8,8,0,8,0,0,4.241370352414404,4.241370352414404,4.241370352414404,0.010465524458474429,0.0,0.007406199528442225,1.0,0.010465524458474429,False,0,0,0,0,0,0.0,0.0,0.0,0.0,0.0,0,0.0,0,0,disabled,disabled,True,wrong_key,-1,12,False,raw,0,0.0034999999999999996,0.0034999999999999996,trial:3,4,False,disabled,0,0,False,raw,0,0.0034999999999999996,0.0034999999999999996,,0,False,disabled,False,raw,0.0034999999999999996,0.0034999999999999996,,,,,,,,False,0,0,0,0,0,0,0.0,0.0,0.7997910000057118,3.934041999997362,4.860207999996646,intervening_contexts,wrong_key_ablation,CRA,wrong_key_ablation,memory_ablation,MockSimulator,43,distractor,between_context_and_decision,3,0,0,internal,0.0034999999999999996,0.0034999999999999996,0.0,0.0,0,False,1,False,-1,1,0.1,0.2,8,8,0,raw,12,False
415,1000.0,8,8,0,8,0,0,4.230043441390018,4.230043441390018,4.230043441390018,-0.01046552445847443,-0.0,0.007315818075981229,1.0,-0.01046552445847443,False,0,0,0,0,0,0.0,0.0,0.0,0.0,0.0,0,0.0,0,0,disabled,disabled,True,wrong_key,-1,12,False,raw,0,-0.0034999999999999996,-0.0034999999999999996,trial:3,4,False,disabled,0,0,False,raw,0,-0.0034999999999999996,-0.0034999999999999996,,0,False,disabled,False,raw,-0.0034999999999999996,-0.0034999999999999996,,,,,,,,False,0,0,0,0,0,0,0.0,0.0,0.7963329999967073,4.061125000006882,4.987667000008855,intervening_contexts,wrong_key_ablation,CRA,wrong_key_ablation,memory_ablation,MockSimulator,43,distractor,between_context_and_decision,3,0,0,internal,-0.0034999999999999996,-0.0034999999999999996,0.0,0.0,0,False,-1,False,-1,1,0.1,0.2,8,8,0,raw,12,False
416,1000.0,8,8,0,8,0,0,4.218772728759692,4.218772728759692,4.218772728759692,0.0,0.0,0.0072260894018072955,1.0,0.0,False,0,0,0,0,0,0.0,0.0,0.0,0.0,0.0,0,0.0,0,0,disabled,disabled,True,wrong_key,-1,12,False,raw,0,0.0,0.0,trial:-1,4,False,disabled,0,0,False,raw,0,0.0,0.0,,0,False,disabled,False,raw,0.0,0.0,,,,,,,,False,0,0,0,0,0,0,0.0,0.0,0.8081249999918327,3.9500830000065434,4.892458999989913,intervening_contexts,wrong_key_ablation,CRA,wrong_key_ablation,memory_ablation,MockSimulator,43,none,none,-1,0,0,internal,0.0,0.0,0.0,0.0,0,False,0,False,-1,1,0.1,0.2,8,8,0,raw,12,False
417,1000.0,8,8,0,8,0,0,4.2075579342416125,4.2075579342416125,4.2075579342416125,0.0,0.0,0.007137023547369927,1.0,0.0,False,0,0,0,0,0,0.0,0.0,0.0,0.0,0.0,0,0.0,0,0,disabled,disabled,True,wrong_key,-1,12,False,raw,0,0.0,0.0,trial:-1,4,False,disabled,0,0,False,raw,0,0.0,0.0,,0,False,disabled,False,raw,0.0,0.0,,,,,,,,False,0,0,0,0,0,0,0.0,0.0,0.8076249999930951,3.935292000008417,4.868457999990028,intervening_contexts,wrong_key_ablation,CRA,wrong_key_ablation,memory_ablation,MockSimulator,43,none,none,-1,0,0,internal,0.0,0.0,0.0,0.0,0,False,0,False,-1,1,0.1,0.2,8,8,0,raw,12,False
418,1000.0,8,8,0,8,0,0,4.196398778951874,4.196398778951874,4.196398778951874,0.0,0.0,0.00704862989134933,1.0,0.0,False,0,0,0,0,0,0.0,0.0,0.0,0.0,0.0,0,0.0,0,0,disabled,disabled,True,wrong_key,-1,12,False,raw,0,0.0,0.0,trial:-1,4,False,disabled,0,0,False,raw,0,0.0,0.0,,0,False,disabled,False,raw,0.0,0.0,,,,,,,,False,0,0,0,0,0,0,0.0,0.0,0.79362500000002,3.9547079999948664,4.87362500000188,intervening_contexts,wrong_key_ablation,CRA,wrong_key_ablation,memory_ablation,MockSimulator,43,none,none,-1,0,0,internal,0.0,0.0,0.0,0.0,0,False,0,False,-1,1,0.1,0.2,8,8,0,raw,12,False
419,1000.0,8,8,0,8,0,0,4.185294985397511,4.185294985397511,4.185294985397511,0.01046552445847443,0.0,0.006960917172150609,1.0,0.01046552445847443,False,0,0,0,0,0,0.0,0.0,0.0,0.0,0.0,0,0.0,0,0,disabled,disabled,True,wrong_key,-1,12,False,raw,0,0.0034999999999999996,0.0034999999999999996,trial:3,4,False,disabled,0,0,False,raw,0,0.0034999999999999996,0.0034999999999999996,,0,False,disabled,False,raw,0.0034999999999999996,0.0034999999999999996,,,,,,,,False,0,0,0,0,0,0,0.0,0.0,0.802624999991508,4.142749999999751,5.070750000001567,intervening_contexts,wrong_key_ablation,CRA,wrong_key_ablation,memory_ablation,MockSimulator,43,distractor,between_context_and_decision,3,0,0,internal,0.0034999999999999996,0.0034999999999999996,0.0,0.0,0,False,1,False,-1,1,0.1,0.2,8,8,0,raw,12,False
420,1000.0,8,8,0,8,0,0,4.174246277469561,4.174246277469561,4.174246277469561,0.0,0.0,0.006873893509763297,1.0,0.0,False,0,0,0,0,0,0.0,0.0,0.0,0.0,0.0,0,0.0,0,0,disabled,disabled,True,wrong_key,-1,12,False,raw,0,0.0,0.0,trial:-1,4,False,disabled,0,0,False,raw,0,0.0,0.0,,0,False,disabled,False,raw,0.0,0.0,,,,,,,,False,0,0,0,0,0,0,0.0,0.0,0.8069590000019389,4.043291000002114,4.980291999999054,intervening_contexts,wrong_key_ablation,CRA,wrong_key_ablation,memory_ablation,MockSimulator,43,none,none,-1,0,0,internal,0.0,0.0,0.0,0.0,0,False,0,False,-1,1,0.1,0.2,8,8,0,raw,12,False
421,1000.0,8,8,0,8,0,0,4.163252380436158,4.163252380436158,4.163252380436158,0.0,0.0,0.006787566427002618,1.0,0.0,False,0,0,0,0,0,0.0,0.0,0.0,0.0,0.0,0,0.0,0,0,disabled,disabled,True,wrong_key,-1,12,False,raw,0,0.0,0.0,trial:-1,4,False,disabled,0,0,False,raw,0,0.0,0.0,,0,False,disabled,False,raw,0.0,0.0,,,,,,,,False,0,0,0,0,0,0,0.0,0.0,0.7924579999922798,3.9995420000025206,4.917540999997527,intervening_contexts,wrong_key_ablation,CRA,wrong_key_ablation,memory_ablation,MockSimulator,43,none,none,-1,0,0,internal,0.0,0.0,0.0,0.0,0,False,0,False,-1,1,0.1,0.2,8,8,0,raw,12,False
422,1000.0,8,8,0,8,0,0,4.152313020935669,4.152313020935669,4.152313020935669,0.0,0.0,0.00670194287014846,1.0,0.0,False,0,0,0,0,0,0.0,0.0,0.0,0.0,0.0,0,0.0,0,0,disabled,disabled,True,wrong_key,-1,12,False,raw,0,0.0,0.0,trial:-1,4,False,disabled,0,0,False,raw,0,0.0,0.0,,0,False,disabled,False,raw,0.0,0.0,,,,,,,,False,0,0,0,0,0,0,0.0,0.0,0.8009579999992411,4.421082999996884,5.347333000003118,intervening_contexts,wrong_key_ablation,CRA,wrong_key_ablation,memory_ablation,MockSimulator,43,none,none,-1,0,0,internal,0.0,0.0,0.0,0.0,0,False,0,False,-1,1,0.1,0.2,8,8,0,raw,12,False
423,1000.0,8,8,0,8,0,0,4.141427926969856,4.141427926969856,4.141427926969856,-0.010465524458474429,-0.0,0.006617029228997668,1.0,-0.010465524458474429,False,0,0,0,0,0,0.0,0.0,0.0,0.0,0.0,0,0.0,0,0,disabled,disabled,True,wrong_key,-1,12,False,raw,0,-0.0034999999999999996,-0.0034999999999999996,trial:3,4,False,disabled,0,0,False,raw,0,-0.0034999999999999996,-0.0034999999999999996,,0,False,disabled,False,raw,-0.0034999999999999996,-0.0034999999999999996,,,,,,,,False,0,0,0,0,0,0,0.0,0.0,0.8291249999956563,4.082124999996495,5.048999999999637,intervening_contexts,wrong_key_ablation,CRA,wrong_key_ablation,memory_ablation,MockSimulator,43,distractor,between_context_and_decision,3,0,0,internal,-0.0034999999999999996,-0.0034999999999999996,0.0,0.0,0,False,-1,False,-1,1,0.1,0.2,8,8,0,raw,12,False
424,1000.0,8,8,0,8,0,0,4.130596827897079,4.130596827897079,4.130596827897079,0.010465524458474429,0.0,0.006532831356344848,1.0,0.010465524458474429,False,0,0,0,0,0,0.0,0.0,0.0,0.0,0.0,0,0.0,0,0,disabled,disabled,True,wrong_key,-1,12,False,raw,0,0.0034999999999999996,0.0034999999999999996,trial:3,4,False,disabled,0,0,False,raw,0,0.0034999999999999996,0.0034999999999999996,,0,False,disabled,False,raw,0.0034999999999999996,0.0034999999999999996,,,,,,,,False,0,0,0,0,0,0,0.0,0.0,0.7970830000090245,4.018375000001129,4.940458000007197,intervening_contexts,wrong_key_ablation,CRA,wrong_key_ablation,memory_ablation,MockSimulator,43,distractor,between_context_and_decision,3,0,0,internal,0.0034999999999999996,0.0034999999999999996,0.0,0.0,0,False,1,False,-1,1,0.1,0.2,8,8,0,raw,12,False
425,1000.0,8,8,0,8,0,0,4.119819454425526,4.119819454425526,4.119819454425526,0.0,0.0,0.006449354586906542,1.0,0.0,False,0,0,0,0,0,0.0,0.0,0.0,0.0,0.0,0,0.0,0,0,disabled,disabled,True,wrong_key,-1,12,False,raw,0,0.0,0.0,trial:-1,4,False,disabled,0,0,False,raw,0,0.0,0.0,,0,False,disabled,False,raw,0.0,0.0,,,,,,,,False,0,0,0,0,0,0,0.0,0.0,0.795916999990709,4.548499999998512,5.468791999987843,intervening_contexts,wrong_key_ablation,CRA,wrong_key_ablation,memory_ablation,MockSimulator,43,none,none,-1,0,0,internal,0.0,0.0,0.0,0.0,0,False,0,False,-1,1,0.1,0.2,8,8,0,raw,12,False
426,1000.0,8,8,0,8,0,0,4.1090955386064865,4.1090955386064865,4.1090955386064865,0.0,0.0,0.00636660375570323,1.0,0.0,False,0,0,0,0,0,0.0,0.0,0.0,0.0,0.0,0,0.0,0,0,disabled,disabled,True,wrong_key,-1,12,False,raw,0,0.0,0.0,trial:-1,4,False,disabled,0,0,False,raw,0,0.0,0.0,,0,False,disabled,False,raw,0.0,0.0,,,,,,,,False,0,0,0,0,0,0,0.0,0.0,0.8350829999983489,4.160083999991571,5.128624999997555,intervening_contexts,wrong_key_ablation,CRA,wrong_key_ablation,memory_ablation,MockSimulator,43,none,none,-1,0,0,internal,0.0,0.0,0.0,0.0,0,False,0,False,-1,1,0.1,0.2,8,8,0,raw,12,False
427,1000.0,8,8,0,8,0,0,4.098424813827648,4.098424813827648,4.098424813827648,0.0,0.0,0.006284583215913288,1.0,0.0,False,0,0,0,0,0,0.0,0.0,0.0,0.0,0.0,0,0.0,0,0,disabled,disabled,True,wrong_key,-1,12,False,raw,0,0.0,0.0,trial:-1,4,False,disabled,0,0,False,raw,0,0.0,0.0,,0,False,disabled,False,raw,0.0,0.0,,,,,,,,False,0,0,0,0,0,0,0.0,0.0,0.7998340000057169,4.040750000001481,4.965624999996976,intervening_contexts,wrong_key_ablation,CRA,wrong_key_ablation,memory_ablation,MockSimulator,43,none,none,-1,0,0,internal,0.0,0.0,0.0,0.0,0,False,0,False,-1,1,0.1,0.2,8,8,0,raw,12,False
428,1000.0,8,8,0,8,0,0,4.087807014806431,4.087807014806431,4.087807014806431,0.0,0.0,0.006203296856212662,1.0,0.0,False,0,0,0,0,0,0.0,0.0,0.0,0.0,0.0,0,0.0,0,0,disabled,disabled,True,wrong_key,-1,12,False,raw,0,0.0,0.0,trial:-1,4,False,disabled,0,0,False,raw,0,0.0,0.0,,0,False,disabled,False,raw,0.0,0.0,,,,,,,,False,0,0,0,0,0,0,0.0,0.0,0.8058330000011438,4.469749999998385,5.410166000004324,intervening_contexts,wrong_key_ablation,CRA,wrong_key_ablation,memory_ablation,MockSimulator,43,none,none,-1,0,0,internal,0.0,0.0,0.0,0.0,0,False,0,False,-1,1,0.1,0.2,8,8,0,raw,12,False
429,1000.0,8,8,0,8,0,0,4.0772418775833605,4.0772418775833605,4.0772418775833605,0.0,0.0,0.006122748117613696,1.0,0.0,False,0,0,0,0,0,0.0,0.0,0.0,0.0,0.0,0,0.0,0,0,disabled,disabled,True,wrong_key,-1,12,False,raw,0,0.0,0.0,trial:-1,4,False,disabled,0,0,False,raw,0,0.0,0.0,,0,False,disabled,False,raw,0.0,0.0,,,,,,,,False,0,0,0,0,0,0,0.0,0.0,0.9181249999983265,4.291125000008833,5.352290999994125,intervening_contexts,wrong_key_ablation,CRA,wrong_key_ablation,memory_ablation,MockSimulator,43,none,none,-1,0,0,internal,0.0,0.0,0.0,0.0,0,False,0,False,-1,1,0.1,0.2,8,8,0,raw,12,False
430,1000.0,8,8,0,8,0,0,4.066729139515463,4.066729139515463,4.066729139515463,-0.010465524458474429,-0.0,0.006042940009816203,1.0,-0.010465524458474429,False,0,0,0,0,0,0.0,0.0,0.0,0.0,0.0,0,0.0,0,0,disabled,disabled,True,wrong_key,-1,12,False,raw,0,-0.0034999999999999996,-0.0034999999999999996,trial:3,4,False,disabled,0,0,False,raw,0,-0.0034999999999999996,-0.0034999999999999996,,0,False,disabled,False,raw,-0.0034999999999999996,-0.0034999999999999996,,,,,,,,False,0,0,0,0,0,0,0.0,0.0,0.8042080000052465,4.133332999998629,5.0669579999862435,intervening_contexts,wrong_key_ablation,CRA,wrong_key_ablation,memory_ablation,MockSimulator,43,distractor,between_context_and_decision,3,0,0,internal,-0.0034999999999999996,-0.0034999999999999996,0.0,0.0,0,False,-1,False,-1,1,0.1,0.2,8,8,0,raw,12,False
431,1000.0,8,8,0,8,0,0,4.056268539269701,4.056268539269701,4.056268539269701,0.010465524458474429,0.0,0.005963875127083565,1.0,0.010465524458474429,False,0,0,0,0,0,0.0,0.0,0.0,0.0,0.0,0,0.0,0,0,disabled,disabled,True,wrong_key,-1,12,False,raw,0,0.0034999999999999996,0.0034999999999999996,trial:3,4,False,disabled,0,0,False,raw,0,0.0034999999999999996,0.0034999999999999996,,0,False,disabled,False,raw,0.0034999999999999996,0.0034999999999999996,,,,,,,,False,0,0,0,0,0,0,0.0,0.0,0.8145420000005288,4.587333000003468,5.528499999996939,intervening_contexts,wrong_key_ablation,CRA,wrong_key_ablation,memory_ablation,MockSimulator,43,distractor,between_context_and_decision,3,0,0,internal,0.0034999999999999996,0.0034999999999999996,0.0,0.0,0,False,1,False,-1,1,0.1,0.2,8,8,0,raw,12,False
432,1000.0,8,8,0,8,0,0,4.045859816816444,4.045859816816444,4.045859816816444,0.0298936807714065,0.29033934481818446,0.005885555663656305,1.0,0.0298936807714065,True,0,0,0,0,0,0.0,0.0,0.0,0.0,0.0,0,0.0,0,0,disabled,disabled,True,wrong_key,-1,12,True,internal_wrong_key_context,-1,-0.01,0.01,trial:3,4,False,disabled,0,0,False,raw,0,0.01,0.01,,0,False,disabled,False,raw,0.01,0.01,,,,,,,,False,0,0,0,0,0,0,0.0,0.0,0.9296659999904477,4.2985420000007935,5.38391700000318,intervening_contexts,wrong_key_ablation,CRA,wrong_key_ablation,memory_ablation,MockSimulator,43,decision,target_decision_after_interference,3,-1,-1,internal,-0.01,0.01,0.01,0.01,1,True,1,True,432,1,0.1,0.2,8,8,-1,internal_wrong_key_context,12,True
433,1000.0,8,8,0,8,0,0,4.035502713422961,4.035502713422961,4.035502713422961,0.0,0.0,0.006207983428715302,1.0,0.0,False,0,0,0,0,0,0.0,0.0,0.0,0.0,0.0,0,0.0,0,0,disabled,disabled,True,wrong_key,-1,12,False,raw,0,0.0,0.0,trial:-1,4,False,disabled,0,0,False,raw,0,0.0,0.0,,0,False,disabled,False,raw,0.0,0.0,,,,,,,,False,0,0,0,0,0,0,0.0,0.0,0.7986669999979767,4.130665999994676,5.05808299999444,intervening_contexts,wrong_key_ablation,CRA,wrong_key_ablation,memory_ablation,MockSimulator,43,none,none,-1,0,0,internal,0.0,0.0,0.0,0.0,0,False,0,False,-1,1,0.1,0.2,8,8,0,raw,12,False
434,1000.0,8,8,0,8,0,0,4.025196971646957,4.025196971646957,4.025196971646957,0.0,0.0,0.006515159860906477,1.0,0.0,False,0,0,0,0,0,0.0,0.0,0.0,0.0,0.0,0,0.0,0,0,disabled,disabled,True,wrong_key,-1,12,False,raw,0,0.0,0.0,trial:-1,4,False,disabled,0,0,False,raw,0,0.0,0.0,,0,False,disabled,False,raw,0.0,0.0,,,,,,,,False,0,0,0,0,0,0,0.0,0.0,0.8118750000107866,4.463250000000585,5.414041999998176,intervening_contexts,wrong_key_ablation,CRA,wrong_key_ablation,memory_ablation,MockSimulator,43,none,none,-1,0,0,internal,0.0,0.0,0.0,0.0,0,False,0,False,-1,1,0.1,0.2,8,8,0,raw,12,False
435,1000.0,8,8,0,8,0,0,4.014942335330137,4.014942335330137,4.014942335330137,0.0,0.0,0.006807566042438519,1.0,0.0,False,0,0,0,0,0,0.0,0.0,0.0,0.0,0.0,0,0.0,0,0,disabled,disabled,True,wrong_key,-1,12,False,raw,0,0.0,0.0,trial:-1,4,False,disabled,0,0,False,raw,0,0.0,0.0,,0,False,disabled,False,raw,0.0,0.0,,,,,,,,False,0,0,0,0,0,0,0.0,0.0,0.9243749999967577,4.31658399999435,5.392749999998614,intervening_contexts,wrong_key_ablation,CRA,wrong_key_ablation,memory_ablation,MockSimulator,43,none,none,-1,0,0,internal,0.0,0.0,0.0,0.0,0,False,0,False,-1,1,0.1,0.2,8,8,0,raw,12,False
436,1000.0,8,8,0,8,0,0,4.0047385495917975,4.0047385495917975,4.0047385495917975,0.0,0.0,0.007085669912764917,1.0,0.0,False,0,0,0,0,0,0.0,0.0,0.0,0.0,0.0,0,0.0,0,0,disabled,disabled,True,wrong_key,-1,12,False,raw,0,0.0,0.0,trial:-1,4,False,disabled,0,0,False,raw,0,0.0,0.0,,0,False,disabled,False,raw,0.0,0.0,,,,,,,,False,0,0,0,0,0,0,0.0,0.0,0.8041669999983014,4.153292000012243,5.087792000011859,intervening_contexts,wrong_key_ablation,CRA,wrong_key_ablation,memory_ablation,MockSimulator,43,none,none,-1,0,0,internal,0.0,0.0,0.0,0.0,0,False,0,False,-1,1,0.1,0.2,8,8,0,raw,12,False
437,1000.0,8,8,0,8,0,0,3.994585360822462,3.994585360822462,3.994585360822462,0.0,0.0,0.007349926601861284,1.0,0.0,False,0,0,0,0,0,0.0,0.0,0.0,0.0,0.0,0,0.0,0,0,disabled,disabled,True,wrong_key,-1,12,False,raw,0,0.0,0.0,trial:-1,4,False,disabled,0,0,False,raw,0,0.0,0.0,,0,False,disabled,False,raw,0.0,0.0,,,,,,,,False,0,0,0,0,0,0,0.0,0.0,0.8001249999978199,4.377666999999974,5.3069579999913685,intervening_contexts,wrong_key_ablation,CRA,wrong_key_ablation,memory_ablation,MockSimulator,43,none,none,-1,0,0,internal,0.0,0.0,0.0,0.0,0,False,0,False,-1,1,0.1,0.2,8,8,0,raw,12,False
438,1000.0,8,8,0,8,0,0,3.9844825166775317,3.9844825166775317,3.9844825166775317,0.0,0.0,0.00760077875542869,1.0,0.0,False,0,0,0,0,0,0.0,0.0,0.0,0.0,0.0,0,0.0,0,0,disabled,disabled,True,wrong_key,-1,12,False,raw,0,0.0,0.0,trial:-1,4,False,disabled,0,0,False,raw,0,0.0,0.0,,0,False,disabled,False,raw,0.0,0.0,,,,,,,,False,0,0,0,0,0,0,0.0,0.0,0.8757909999985714,4.3204589999987775,5.399042000007626,intervening_contexts,wrong_key_ablation,CRA,wrong_key_ablation,memory_ablation,MockSimulator,43,none,none,-1,0,0,internal,0.0,0.0,0.0,0.0,0,False,0,False,-1,1,0.1,0.2,8,8,0,raw,12,False
439,1000.0,8,8,0,8,0,0,3.9744297660709833,3.9744297660709833,3.9744297660709833,0.0,0.0,0.007838656852212656,1.0,0.0,False,0,0,0,0,0,0.0,0.0,0.0,0.0,0.0,0,0.0,0,0,disabled,disabled,True,wrong_key,-1,12,False,raw,0,0.0,0.0,trial:-1,4,False,disabled,0,0,False,raw,0,0.0,0.0,,0,False,disabled,False,raw,0.0,0.0,,,,,,,,False,0,0,0,0,0,0,0.0,0.0,0.7980419999995547,4.2155830000041306,5.156667000008497,intervening_contexts,wrong_key_ablation,CRA,wrong_key_ablation,memory_ablation,MockSimulator,43,none,none,-1,0,0,internal,0.0,0.0,0.0,0.0,0,False,0,False,-1,1,0.1,0.2,8,8,0,raw,12,False
440,1000.0,8,8,0,8,0,0,3.96442685916909,3.96442685916909,3.96442685916909,0.0,0.0,0.008063979513623091,1.0,0.0,False,0,0,0,0,0,0.0,0.0,0.0,0.0,0.0,0,0.0,0,0,disabled,disabled,True,wrong_key,-1,12,False,raw,0,0.0,0.0,trial:-1,4,False,disabled,0,0,False,raw,0,0.0,0.0,,0,False,disabled,False,raw,0.0,0.0,,,,,,,,False,0,0,0,0,0,0,0.0,0.0,0.7944580000014412,4.250499999997714,5.170374999991623,intervening_contexts,wrong_key_ablation,CRA,wrong_key_ablation,memory_ablation,MockSimulator,43,none,none,-1,0,0,internal,0.0,0.0,0.0,0.0,0,False,0,False,-1,1,0.1,0.2,8,8,0,raw,12,False
441,1000.0,8,8,0,8,0,0,3.9544735473841763,3.9544735473841763,3.9544735473841763,0.0,0.0,0.008277153805836225,1.0,0.0,False,0,0,0,0,0,0.0,0.0,0.0,0.0,0.0,0,0.0,0,0,disabled,disabled,True,wrong_key,-1,12,False,raw,0,0.0,0.0,trial:-1,4,False,disabled,0,0,False,raw,0,0.0,0.0,,0,False,disabled,False,raw,0.0,0.0,,,,,,,,False,0,0,0,0,0,0,0.0,0.0,0.9124580000019478,4.562208999999484,5.6122079999880725,intervening_contexts,wrong_key_ablation,CRA,wrong_key_ablation,memory_ablation,MockSimulator,43,none,none,-1,0,0,internal,0.0,0.0,0.0,0.0,0,False,0,False,-1,1,0.1,0.2,8,8,0,raw,12,False
442,1000.0,8,8,0,8,0,0,3.9445695833684016,3.9445695833684016,3.9445695833684016,0.0,0.0,0.008478575534555383,1.0,0.0,False,0,0,0,0,0,0.0,0.0,0.0,0.0,0.0,0,0.0,0,0,disabled,disabled,True,wrong_key,-1,12,False,raw,0,0.0,0.0,trial:-1,4,False,disabled,0,0,False,raw,0,0.0,0.0,,0,False,disabled,False,raw,0.0,0.0,,,,,,,,False,0,0,0,0,0,0,0.0,0.0,0.8262500000029149,4.228916999991839,5.191124999996077,intervening_contexts,wrong_key_ablation,CRA,wrong_key_ablation,memory_ablation,MockSimulator,43,none,none,-1,0,0,internal,0.0,0.0,0.0,0.0,0,False,0,False,-1,1,0.1,0.2,8,8,0,raw,12,False
443,1000.0,8,8,0,8,0,0,3.934714721007578,3.934714721007578,3.934714721007578,0.0,0.0,0.00866862953260344,1.0,0.0,False,0,0,0,0,0,0.0,0.0,0.0,0.0,0.0,0,0.0,0,0,disabled,disabled,True,wrong_key,-1,12,False,raw,0,0.0,0.0,trial:-1,4,False,disabled,0,0,False,raw,0,0.0,0.0,,0,False,disabled,False,raw,0.0,0.0,,,,,,,,False,0,0,0,0,0,0,0.0,0.0,0.8099590000085755,4.221375000000194,5.157165999989388,intervening_contexts,wrong_key_ablation,CRA,wrong_key_ablation,memory_ablation,MockSimulator,43,none,none,-1,0,0,internal,0.0,0.0,0.0,0.0,0,False,0,False,-1,1,0.1,0.2,8,8,0,raw,12,False
444,1000.0,8,8,0,8,0,0,3.9249087154150173,3.9249087154150173,3.9249087154150173,0.0,0.0,0.008847689940515753,1.0,0.0,False,0,0,0,0,0,0.0,0.0,0.0,0.0,0.0,0,0.0,0,0,disabled,disabled,True,wrong_key,-1,12,False,raw,0,0.0,0.0,trial:-1,4,False,disabled,0,0,False,raw,0,0.0,0.0,,0,False,disabled,False,raw,0.0,0.0,,,,,,,,False,0,0,0,0,0,0,0.0,0.0,1.047291000006112,4.602333999997654,5.78250000000935,intervening_contexts,wrong_key_ablation,CRA,wrong_key_ablation,memory_ablation,MockSimulator,43,none,none,-1,0,0,internal,0.0,0.0,0.0,0.0,0,False,0,False,-1,1,0.1,0.2,8,8,0,raw,12,False
445,1000.0,8,8,0,8,0,0,3.915151322925407,3.915151322925407,3.915151322925407,0.0,0.0,0.00901612048029853,1.0,0.0,False,0,0,0,0,0,0.0,0.0,0.0,0.0,0.0,0,0.0,0,0,disabled,disabled,True,wrong_key,-1,12,False,raw,0,0.0,0.0,trial:-1,4,False,disabled,0,0,False,raw,0,0.0,0.0,,0,False,disabled,False,raw,0.0,0.0,,,,,,,,False,0,0,0,0,0,0,0.0,0.0,0.8317500000032396,4.239167000008592,5.213042000008272,intervening_contexts,wrong_key_ablation,CRA,wrong_key_ablation,memory_ablation,MockSimulator,43,none,none,-1,0,0,internal,0.0,0.0,0.0,0.0,0,False,0,False,-1,1,0.1,0.2,8,8,0,raw,12,False
446,1000.0,8,8,0,8,0,0,3.9054423010887223,3.9054423010887223,3.9054423010887223,0.0,0.0,0.009174274722513791,1.0,0.0,False,0,0,0,0,0,0.0,0.0,0.0,0.0,0.0,0,0.0,0,0,disabled,disabled,True,wrong_key,-1,12,False,raw,0,0.0,0.0,trial:-1,4,False,disabled,0,0,False,raw,0,0.0,0.0,,0,False,disabled,False,raw,0.0,0.0,,,,,,,,False,0,0,0,0,0,0,0.0,0.0,0.7959999999940237,4.3753329999987045,5.295832999991035,intervening_contexts,wrong_key_ablation,CRA,wrong_key_ablation,memory_ablation,MockSimulator,43,none,none,-1,0,0,internal,0.0,0.0,0.0,0.0,0,False,0,False,-1,1,0.1,0.2,8,8,0,raw,12,False
447,1000.0,8,8,0,8,0,0,3.895781408664161,3.895781408664161,3.895781408664161,0.0,0.0,0.009322496346848322,1.0,0.0,False,0,0,0,0,0,0.0,0.0,0.0,0.0,0.0,0,0.0,0,0,disabled,disabled,True,wrong_key,-1,12,False,raw,0,0.0,0.0,trial:-1,4,False,disabled,0,0,False,raw,0,0.0,0.0,,0,False,disabled,False,raw,0.0,0.0,,,,,,,,False,0,0,0,0,0,0,0.0,0.0,0.9313749999932952,4.590125000007106,5.777750000007131,intervening_contexts,wrong_key_ablation,CRA,wrong_key_ablation,memory_ablation,MockSimulator,43,none,none,-1,0,0,internal,0.0,0.0,0.0,0.0,0,False,0,False,-1,1,0.1,0.2,8,8,0,raw,12,False
448,1000.0,8,8,0,8,0,0,3.8861684056141153,3.8861684056141153,3.8861684056141153,0.0,0.0,0.009461119396320467,1.0,0.0,False,0,0,0,0,0,0.0,0.0,0.0,0.0,0.0,0,0.0,0,0,disabled,disabled,True,wrong_key,-1,12,False,raw,0,0.0,0.0,trial:-1,4,False,disabled,0,0,False,raw,0,0.0,0.0,,0,False,disabled,False,raw,0.0,0.0,,,,,,,,False,0,0,0,0,0,0,0.0,0.0,0.8259580000071765,4.252749999992034,5.220249999993598,intervening_contexts,wrong_key_ablation,CRA,wrong_key_ablation,memory_ablation,MockSimulator,43,none,none,-1,0,0,internal,0.0,0.0,0.0,0.0,0,False,0,False,-1,1,0.1,0.2,8,8,0,raw,12,False
449,1000.0,8,8,0,8,0,0,3.8766030530981688,3.8766030530981688,3.8766030530981688,0.0,0.0,0.009590468525274986,1.0,0.0,False,0,0,0,0,0,0.0,0.0,0.0,0.0,0.0,0,0.0,0,0,disabled,disabled,True,wrong_key,-1,12,False,raw,0,0.0,0.0,trial:-1,4,False,disabled,0,0,False,raw,0,0.0,0.0,,0,False,disabled,False,raw,0.0,0.0,,,,,,,,False,0,0,0,0,0,0,0.0,0.0,0.8086249999905704,4.795209000008072,5.729125000002,intervening_contexts,wrong_key_ablation,CRA,wrong_key_ablation,memory_ablation,MockSimulator,43,none,none,-1,0,0,internal,0.0,0.0,0.0,0.0,0,False,0,False,-1,1,0.1,0.2,8,8,0,raw,12,False
450,1000.0,8,8,0,8,0,0,3.8670851134671267,3.8670851134671267,3.8670851134671267,0.0,0.0,0.009710859241312797,1.0,0.0,False,0,0,0,0,0,0.0,0.0,0.0,0.0,0.0,0,0.0,0,0,disabled,disabled,True,wrong_key,-1,12,False,raw,0,0.0,0.0,trial:-1,4,False,disabled,0,0,False,raw,0,0.0,0.0,,0,False,disabled,False,raw,0.0,0.0,,,,,,,,False,0,0,0,0,0,0,0.0,0.0,0.889709000006178,4.36754099999348,5.391833000004453,intervening_contexts,wrong_key_ablation,CRA,wrong_key_ablation,memory_ablation,MockSimulator,43,none,none,-1,0,0,internal,0.0,0.0,0.0,0.0,0,False,0,False,-1,1,0.1,0.2,8,8,0,raw,12,False
451,1000.0,8,8,0,8,0,0,3.8576143502570748,3.8576143502570748,3.8576143502570748,0.0,0.0,0.009822598141298985,1.0,0.0,False,0,0,0,0,0,0.0,0.0,0.0,0.0,0.0,0,0.0,0,0,disabled,disabled,True,wrong_key,-1,12,False,raw,0,0.0,0.0,trial:-1,4,False,disabled,0,0,False,raw,0,0.0,0.0,,0,False,disabled,False,raw,0.0,0.0,,,,,,,,False,0,0,0,0,0,0,0.0,0.0,0.8108749999991005,4.368042000010064,5.303834000002894,intervening_contexts,wrong_key_ablation,CRA,wrong_key_ablation,memory_ablation,MockSimulator,43,none,none,-1,0,0,internal,0.0,0.0,0.0,0.0,0,False,0,False,-1,1,0.1,0.2,8,8,0,raw,12,False
452,1000.0,8,8,0,8,0,0,3.8481905281834665,3.8481905281834665,3.8481905281834665,0.0,0.0,0.0099259831415892,1.0,0.0,False,0,0,0,0,0,0.0,0.0,0.0,0.0,0.0,0,0.0,0,0,disabled,disabled,True,wrong_key,-1,12,False,raw,0,0.0,0.0,trial:-1,4,False,disabled,0,0,False,raw,0,0.0,0.0,,0,False,disabled,False,raw,0.0,0.0,,,,,,,,False,0,0,0,0,0,0,0.0,0.0,0.7970839999984491,4.289500000012936,5.211834000007798,intervening_contexts,wrong_key_ablation,CRA,wrong_key_ablation,memory_ablation,MockSimulator,43,none,none,-1,0,0,internal,0.0,0.0,0.0,0.0,0,False,0,False,-1,1,0.1,0.2,8,8,0,raw,12,False
453,1000.0,8,8,0,8,0,0,3.8388134131352416,3.8388134131352416,3.8388134131352416,0.0,0.0,0.010021303702611287,1.0,0.0,False,0,0,0,0,0,0.0,0.0,0.0,0.0,0.0,0,0.0,0,0,disabled,disabled,True,wrong_key,-1,12,False,raw,0,0.0,0.0,trial:-1,4,False,disabled,0,0,False,raw,0,0.0,0.0,,0,False,disabled,False,raw,0.0,0.0,,,,,,,,False,0,0,0,0,0,0,0.0,0.0,0.9044999999900938,4.509083000002079,5.554040999996346,intervening_contexts,wrong_key_ablation,CRA,wrong_key_ablation,memory_ablation,MockSimulator,43,none,none,-1,0,0,internal,0.0,0.0,0.0,0.0,0,False,0,False,-1,1,0.1,0.2,8,8,0,raw,12,False
454,1000.0,8,8,0,8,0,0,3.829482772168974,3.829482772168974,3.829482772168974,0.0,0.0,0.010108841047935855,1.0,0.0,False,0,0,0,0,0,0.0,0.0,0.0,0.0,0.0,0,0.0,0,0,disabled,disabled,True,wrong_key,-1,12,False,raw,0,0.0,0.0,trial:-1,4,False,disabled,0,0,False,raw,0,0.0,0.0,,0,False,disabled,False,raw,0.0,0.0,,,,,,,,False,0,0,0,0,0,0,0.0,0.0,0.8189999999927977,4.300624999999059,5.25024999998891,intervening_contexts,wrong_key_ablation,CRA,wrong_key_ablation,memory_ablation,MockSimulator,43,none,none,-1,0,0,internal,0.0,0.0,0.0,0.0,0,False,0,False,-1,1,0.1,0.2,8,8,0,raw,12,False
455,1000.0,8,8,0,8,0,0,3.820198373503047,3.820198373503047,3.820198373503047,0.0,0.0,0.010188868377966396,1.0,0.0,False,0,0,0,0,0,0.0,0.0,0.0,0.0,0.0,0,0.0,0,0,disabled,disabled,True,wrong_key,-1,12,False,raw,0,0.0,0.0,trial:-1,4,False,disabled,0,0,False,raw,0,0.0,0.0,,0,False,disabled,False,raw,0.0,0.0,,,,,,,,False,0,0,0,0,0,0,0.0,0.0,0.7995830000027127,4.309207999995124,5.242834000000585,intervening_contexts,wrong_key_ablation,CRA,wrong_key_ablation,memory_ablation,MockSimulator,43,none,none,-1,0,0,internal,0.0,0.0,0.0,0.0,0,False,0,False,-1,1,0.1,0.2,8,8,0,raw,12,False
456,1000.0,8,8,0,8,0,0,3.8109599865118597,3.8109599865118597,3.8109599865118597,0.0,0.0,0.01026165107837654,1.0,0.0,False,0,0,0,0,0,0.0,0.0,0.0,0.0,0.0,0,0.0,0,0,disabled,disabled,True,wrong_key,-1,12,False,raw,0,0.0,0.0,trial:-1,4,False,disabled,0,0,False,raw,0,0.0,0.0,,0,False,disabled,False,raw,0.0,0.0,,,,,,,,False,0,0,0,0,0,0,0.0,0.0,1.0654999999957226,4.610458000001927,5.812458999997716,intervening_contexts,wrong_key_ablation,CRA,wrong_key_ablation,memory_ablation,MockSimulator,43,none,none,-1,0,0,internal,0.0,0.0,0.0,0.0,0,False,0,False,-1,1,0.1,0.2,8,8,0,raw,12,False
457,1000.0,8,8,0,8,0,0,3.8017673817200603,3.8017673817200603,3.8017673817200603,0.0,0.0,0.010327446923419092,1.0,0.0,False,0,0,0,0,0,0.0,0.0,0.0,0.0,0.0,0,0.0,0,0,disabled,disabled,True,wrong_key,-1,12,False,raw,0,0.0,0.0,trial:-1,4,False,disabled,0,0,False,raw,0,0.0,0.0,,0,False,disabled,False,raw,0.0,0.0,,,,,,,,False,0,0,0,0,0,0,0.0,0.0,0.8082920000020977,4.368291999995222,5.308458000001792,intervening_contexts,wrong_key_ablation,CRA,wrong_key_ablation,memory_ablation,MockSimulator,43,none,none,-1,0,0,internal,0.0,0.0,0.0,0.0,0,False,0,False,-1,1,0.1,0.2,8,8,0,raw,12,False
458,1000.0,8,8,0,8,0,0,3.7926203307968103,3.7926203307968103,3.7926203307968103,0.0,0.0,0.010386506274228591,1.0,0.0,False,0,0,0,0,0,0.0,0.0,0.0,0.0,0.0,0,0.0,0,0,disabled,disabled,True,wrong_key,-1,12,False,raw,0,0.0,0.0,trial:-1,4,False,disabled,0,0,False,raw,0,0.0,0.0,,0,False,disabled,False,raw,0.0,0.0,,,,,,,,False,0,0,0,0,0,0,0.0,0.0,0.8503340000061144,4.6456249999948795,5.62270899999362,intervening_contexts,wrong_key_ablation,CRA,wrong_key_ablation,memory_ablation,MockSimulator,43,none,none,-1,0,0,internal,0.0,0.0,0.0,0.0,0,False,0,False,-1,1,0.1,0.2,8,8,0,raw,12,False
459,1000.0,8,8,0,8,0,0,3.7835186065500754,3.7835186065500754,3.7835186065500754,0.0,0.0,0.010439072272236343,1.0,0.0,False,0,0,0,0,0,0.0,0.0,0.0,0.0,0.0,0,0.0,0,0,disabled,disabled,True,wrong_key,-1,12,False,raw,0,0.0,0.0,trial:-1,4,False,disabled,0,0,False,raw,0,0.0,0.0,,0,False,disabled,False,raw,0.0,0.0,,,,,,,,False,0,0,0,0,0,0,0.0,0.0,0.9022499999957745,4.6246670000016366,5.679708999991817,intervening_contexts,wrong_key_ablation,CRA,wrong_key_ablation,memory_ablation,MockSimulator,43,none,none,-1,0,0,internal,0.0,0.0,0.0,0.0,0,False,0,False,-1,1,0.1,0.2,8,8,0,raw,12,False
460,1000.0,8,8,0,8,0,0,3.774461982920947,3.774461982920947,3.774461982920947,0.0,0.0,0.010485381027814093,1.0,0.0,False,0,0,0,0,0,0.0,0.0,0.0,0.0,0.0,0,0.0,0,0,disabled,disabled,True,wrong_key,-1,12,False,raw,0,0.0,0.0,trial:-1,4,False,disabled,0,0,False,raw,0,0.0,0.0,,0,False,disabled,False,raw,0.0,0.0,,,,,,,,False,0,0,0,0,0,0,0.0,0.0,0.8067079999989346,4.410125000006815,5.34808400000486,intervening_contexts,wrong_key_ablation,CRA,wrong_key_ablation,memory_ablation,MockSimulator,43,none,none,-1,0,0,internal,0.0,0.0,0.0,0.0,0,False,0,False,-1,1,0.1,0.2,8,8,0,raw,12,False
461,1000.0,8,8,0,8,0,0,3.765450234977988,3.765450234977988,3.765450234977988,0.0,0.0,0.01052566180425984,1.0,0.0,False,0,0,0,0,0,0.0,0.0,0.0,0.0,0.0,0,0.0,0,0,disabled,disabled,True,wrong_key,-1,12,False,raw,0,0.0,0.0,trial:-1,4,False,disabled,0,0,False,raw,0,0.0,0.0,,0,False,disabled,False,raw,0.0,0.0,,,,,,,,False,0,0,0,0,0,0,0.0,0.0,0.8082919999878868,4.899458000011236,5.832624999996483,intervening_contexts,wrong_key_ablation,CRA,wrong_key_ablation,memory_ablation,MockSimulator,43,none,none,-1,0,0,internal,0.0,0.0,0.0,0.0,0,False,0,False,-1,1,0.1,0.2,8,8,0,raw,12,False
462,1000.0,8,8,0,8,0,0,3.7564831389116136,3.7564831389116136,3.7564831389116136,0.0,0.0,0.01056013719723663,1.0,0.0,False,0,0,0,0,0,0.0,0.0,0.0,0.0,0.0,0,0.0,0,0,disabled,disabled,True,wrong_key,-1,12,False,raw,0,0.0,0.0,trial:-1,4,False,disabled,0,0,False,raw,0,0.0,0.0,,0,False,disabled,False,raw,0.0,0.0,,,,,,,,False,0,0,0,0,0,0,0.0,0.0,0.8874170000012782,4.612124999994194,5.648667000002661,intervening_contexts,wrong_key_ablation,CRA,wrong_key_ablation,memory_ablation,MockSimulator,43,none,none,-1,0,0,internal,0.0,0.0,0.0,0.0,0,False,0,False,-1,1,0.1,0.2,8,8,0,raw,12,False
463,1000.0,8,8,0,8,0,0,3.747560472028491,3.747560472028491,3.747560472028491,0.0,0.0,0.010589023309772646,1.0,0.0,False,0,0,0,0,0,0.0,0.0,0.0,0.0,0.0,0,0.0,0,0,disabled,disabled,True,wrong_key,-1,12,False,raw,0,0.0,0.0,trial:-1,4,False,disabled,0,0,False,raw,0,0.0,0.0,,0,False,disabled,False,raw,0.0,0.0,,,,,,,,False,0,0,0,0,0,0,0.0,0.0,0.79470800000081,4.4187090000065155,5.340334000010216,intervening_contexts,wrong_key_ablation,CRA,wrong_key_ablation,memory_ablation,MockSimulator,43,none,none,-1,0,0,internal,0.0,0.0,0.0,0.0,0,False,0,False,-1,1,0.1,0.2,8,8,0,raw,12,False
464,1000.0,8,8,0,8,0,0,3.738682012745977,3.738682012745977,3.738682012745977,0.0,0.0,0.010612529922928325,1.0,0.0,False,0,0,0,0,0,0.0,0.0,0.0,0.0,0.0,0,0.0,0,0,disabled,disabled,True,wrong_key,-1,12,False,raw,0,0.0,0.0,trial:-1,4,False,disabled,0,0,False,raw,0,0.0,0.0,,0,False,disabled,False,raw,0.0,0.0,,,,,,,,False,0,0,0,0,0,0,0.0,0.0,0.8055839999911996,5.004416000005563,5.934916999990492,intervening_contexts,wrong_key_ablation,CRA,wrong_key_ablation,memory_ablation,MockSimulator,43,none,none,-1,0,0,internal,0.0,0.0,0.0,0.0,0,False,0,False,-1,1,0.1,0.2,8,8,0,raw,12,False
465,1000.0,8,8,0,8,0,0,3.729847540586575,3.729847540586575,3.729847540586575,0.0,0.0,0.010630860662233869,1.0,0.0,False,0,0,0,0,0,0.0,0.0,0.0,0.0,0.0,0,0.0,0,0,disabled,disabled,True,wrong_key,-1,12,False,raw,0,0.0,0.0,trial:-1,4,False,disabled,0,0,False,raw,0,0.0,0.0,,0,False,disabled,False,raw,0.0,0.0,,,,,,,,False,0,0,0,0,0,0,0.0,0.0,0.8341249999972433,4.532374999996591,5.507541999989485,intervening_contexts,wrong_key_ablation,CRA,wrong_key_ablation,memory_ablation,MockSimulator,43,none,none,-1,0,0,internal,0.0,0.0,0.0,0.0,0,False,0,False,-1,1,0.1,0.2,8,8,0,raw,12,False
466,1000.0,8,8,0,8,0,0,3.7210568361724246,3.7210568361724246,3.7210568361724246,0.0,0.0,0.01064421315999802,1.0,0.0,False,0,0,0,0,0,0.0,0.0,0.0,0.0,0.0,0,0.0,0,0,disabled,disabled,True,wrong_key,-1,12,False,raw,0,0.0,0.0,trial:-1,4,False,disabled,0,0,False,raw,0,0.0,0.0,,0,False,disabled,False,raw,0.0,0.0,,,,,,,,False,0,0,0,0,0,0,0.0,0.0,0.800791000003187,4.440958999992972,5.367625000005205,intervening_contexts,wrong_key_ablation,CRA,wrong_key_ablation,memory_ablation,MockSimulator,43,none,none,-1,0,0,internal,0.0,0.0,0.0,0.0,0,False,0,False,-1,1,0.1,0.2,8,8,0,raw,12,False
467,1000.0,8,8,0,8,0,0,3.7123096812198164,3.7123096812198164,3.7123096812198164,0.0,0.0,0.010652779213586712,1.0,0.0,False,0,0,0,0,0,0.0,0.0,0.0,0.0,0.0,0,0.0,0,0,disabled,disabled,True,wrong_key,-1,12,False,raw,0,0.0,0.0,trial:-1,4,False,disabled,0,0,False,raw,0,0.0,0.0,,0,False,disabled,False,raw,0.0,0.0,,,,,,,,False,0,0,0,0,0,0,0.0,0.0,0.7982500000025539,4.920792000007168,5.84437500000945,intervening_contexts,wrong_key_ablation,CRA,wrong_key_ablation,memory_ablation,MockSimulator,43,none,none,-1,0,0,internal,0.0,0.0,0.0,0.0,0,False,0,False,-1,1,0.1,0.2,8,8,0,raw,12,False
468,1000.0,8,8,0,8,0,0,3.703605858533736,3.703605858533736,3.703605858533736,0.0,0.0,0.010656744939767857,1.0,0.0,False,0,0,0,0,0,0.0,0.0,0.0,0.0,0.0,0,0.0,0,0,disabled,disabled,True,wrong_key,-1,12,False,raw,0,0.0,0.0,trial:-1,4,False,disabled,0,0,False,raw,0,0.0,0.0,,0,False,disabled,False,raw,0.0,0.0,,,,,,,,False,0,0,0,0,0,0,0.0,0.0,0.865750000002663,4.579250000006141,5.607459000003701,intervening_contexts,wrong_key_ablation,CRA,wrong_key_ablation,memory_ablation,MockSimulator,43,none,none,-1,0,0,internal,0.0,0.0,0.0,0.0,0,False,0,False,-1,1,0.1,0.2,8,8,0,raw,12,False
469,1000.0,8,8,0,8,0,0,3.694945152002433,3.694945152002433,3.694945152002433,0.0,0.0,0.010656290925216319,1.0,0.0,False,0,0,0,0,0,0.0,0.0,0.0,0.0,0.0,0,0.0,0,0,disabled,disabled,True,wrong_key,-1,12,False,raw,0,0.0,0.0,trial:-1,4,False,disabled,0,0,False,raw,0,0.0,0.0,,0,False,disabled,False,raw,0.0,0.0,,,,,,,,False,0,0,0,0,0,0,0.0,0.0,0.7979169999998703,4.425165999990099,5.349374999994438,intervening_contexts,wrong_key_ablation,CRA,wrong_key_ablation,memory_ablation,MockSimulator,43,none,none,-1,0,0,internal,0.0,0.0,0.0,0.0,0,False,0,False,-1,1,0.1,0.2,8,8,0,raw,12,False
470,1000.0,8,8,0,8,0,0,3.686327346592018,3.686327346592018,3.686327346592018,0.0,0.0,0.010651592373270936,1.0,0.0,False,0,0,0,0,0,0.0,0.0,0.0,0.0,0.0,0,0.0,0,0,disabled,disabled,True,wrong_key,-1,12,False,raw,0,0.0,0.0,trial:-1,4,False,disabled,0,0,False,raw,0,0.0,0.0,,0,False,disabled,False,raw,0.0,0.0,,,,,,,,False,0,0,0,0,0,0,0.0,0.0,0.7957079999982852,4.975541999996835,5.896333999999115,intervening_contexts,wrong_key_ablation,CRA,wrong_key_ablation,memory_ablation,MockSimulator,43,none,none,-1,0,0,internal,0.0,0.0,0.0,0.0,0,False,0,False,-1,1,0.1,0.2,8,8,0,raw,12,False
471,1000.0,8,8,0,8,0,0,3.677752228341089,3.677752228341089,3.677752228341089,0.0,0.0,0.010642819247033282,1.0,0.0,False,0,0,0,0,0,0.0,0.0,0.0,0.0,0.0,0,0.0,0,0,disabled,disabled,True,wrong_key,-1,12,False,raw,0,0.0,0.0,trial:-1,4,False,disabled,0,0,False,raw,0,0.0,0.0,,0,False,disabled,False,raw,0.0,0.0,,,,,,,,False,0,0,0,0,0,0,0.0,0.0,0.832500000001346,4.529540999996584,5.497625000003836,intervening_contexts,wrong_key_ablation,CRA,wrong_key_ablation,memory_ablation,MockSimulator,43,none,none,-1,0,0,internal,0.0,0.0,0.0,0.0,0,False,0,False,-1,1,0.1,0.2,8,8,0,raw,12,False
472,1000.0,8,8,0,8,0,0,3.6692195843553788,3.6692195843553788,3.6692195843553788,0.0,0.0,0.010630136408895827,1.0,0.0,False,0,0,0,0,0,0.0,0.0,0.0,0.0,0.0,0,0.0,0,0,disabled,disabled,True,wrong_key,-1,12,False,raw,0,0.0,0.0,trial:-1,4,False,disabled,0,0,False,raw,0,0.0,0.0,,0,False,disabled,False,raw,0.0,0.0,,,,,,,,False,0,0,0,0,0,0,0.0,0.0,0.8003749999971888,4.486791999994466,5.412541999987752,intervening_contexts,wrong_key_ablation,CRA,wrong_key_ablation,memory_ablation,MockSimulator,43,none,none,-1,0,0,internal,0.0,0.0,0.0,0.0,0,False,0,False,-1,1,0.1,0.2,8,8,0,raw,12,False
473,1000.0,8,8,0,8,0,0,3.660729202802435,3.660729202802435,3.660729202802435,0.0,0.0,0.010613703756585057,1.0,0.0,False,0,0,0,0,0,0.0,0.0,0.0,0.0,0.0,0,0.0,0,0,disabled,disabled,True,wrong_key,-1,12,False,raw,0,0.0,0.0,trial:-1,4,False,disabled,0,0,False,raw,0,0.0,0.0,,0,False,disabled,False,raw,0.0,0.0,,,,,,,,False,0,0,0,0,0,0,0.0,0.0,0.7960829999973384,4.886833000000479,5.8082500000011805,intervening_contexts,wrong_key_ablation,CRA,wrong_key_ablation,memory_ablation,MockSimulator,43,none,none,-1,0,0,internal,0.0,0.0,0.0,0.0,0,False,0,False,-1,1,0.1,0.2,8,8,0,raw,12,False
474,1000.0,8,8,0,8,0,0,3.6522808729063247,3.6522808729063247,3.6522808729063247,0.0,0.0,0.01059367635580316,1.0,0.0,False,0,0,0,0,0,0.0,0.0,0.0,0.0,0.0,0,0.0,0,0,disabled,disabled,True,wrong_key,-1,12,False,raw,0,0.0,0.0,trial:-1,4,False,disabled,0,0,False,raw,0,0.0,0.0,,0,False,disabled,False,raw,0.0,0.0,,,,,,,,False,0,0,0,0,0,0,0.0,0.0,0.8387499999997772,4.557625000003895,5.540667000005328,intervening_contexts,wrong_key_ablation,CRA,wrong_key_ablation,memory_ablation,MockSimulator,43,none,none,-1,0,0,internal,0.0,0.0,0.0,0.0,0,False,0,False,-1,1,0.1,0.2,8,8,0,raw,12,False
475,1000.0,8,8,0,8,0,0,3.643874384942363,3.643874384942363,3.643874384942363,0.0,0.0,0.010570204569549902,1.0,0.0,False,0,0,0,0,0,0.0,0.0,0.0,0.0,0.0,0,0.0,0,0,disabled,disabled,True,wrong_key,-1,12,False,raw,0,0.0,0.0,trial:-1,4,False,disabled,0,0,False,raw,0,0.0,0.0,,0,False,disabled,False,raw,0.0,0.0,,,,,,,,False,0,0,0,0,0,0,0.0,0.0,0.8003330000008191,4.467292000001066,5.393374999997036,intervening_contexts,wrong_key_ablation,CRA,wrong_key_ablation,memory_ablation,MockSimulator,43,none,none,-1,0,0,internal,0.0,0.0,0.0,0.0,0,False,0,False,-1,1,0.1,0.2,8,8,0,raw,12,False
476,1000.0,8,8,0,8,0,0,3.635509530231872,3.635509530231872,3.635509530231872,0.0,0.0,0.010543434184204455,1.0,0.0,False,0,0,0,0,0,0.0,0.0,0.0,0.0,0.0,0,0.0,0,0,disabled,disabled,True,wrong_key,-1,12,False,raw,0,0.0,0.0,trial:-1,4,False,disabled,0,0,False,raw,0,0.0,0.0,,0,False,disabled,False,raw,0.0,0.0,,,,,,,,False,0,0,0,0,0,0,0.0,0.0,0.7979169999998703,5.1691250000089894,6.091374999996901,intervening_contexts,wrong_key_ablation,CRA,wrong_key_ablation,memory_ablation,MockSimulator,43,none,none,-1,0,0,internal,0.0,0.0,0.0,0.0,0,False,0,False,-1,1,0.1,0.2,8,8,0,raw,12,False
477,1000.0,8,8,0,8,0,0,3.6271861011369615,3.6271861011369615,3.6271861011369615,0.0,0.0,0.010513506532445005,1.0,0.0,False,0,0,0,0,0,0.0,0.0,0.0,0.0,0.0,0,0.0,0,0,disabled,disabled,True,wrong_key,-1,12,False,raw,0,0.0,0.0,trial:-1,4,False,disabled,0,0,False,raw,0,0.0,0.0,,0,False,disabled,False,raw,0.0,0.0,,,,,,,,False,0,0,0,0,0,0,0.0,0.0,0.8378750000019863,4.614165999996089,5.588833000004456,intervening_contexts,wrong_key_ablation,CRA,wrong_key_ablation,memory_ablation,MockSimulator,43,none,none,-1,0,0,internal,0.0,0.0,0.0,0.0,0,False,0,False,-1,1,0.1,0.2,8,8,0,raw,12,False
478,1000.0,8,8,0,8,0,0,3.61890389105534,3.61890389105534,3.61890389105534,0.0,0.0,0.010480558613082253,1.0,0.0,False,0,0,0,0,0,0.0,0.0,0.0,0.0,0.0,0,0.0,0,0,disabled,disabled,True,wrong_key,-1,12,False,raw,0,0.0,0.0,trial:-1,4,False,disabled,0,0,False,raw,0,0.0,0.0,,0,False,disabled,False,raw,0.0,0.0,,,,,,,,False,0,0,0,0,0,0,0.0,0.0,0.7963340000003427,4.685582999996996,5.606625000012855,intervening_contexts,wrong_key_ablation,CRA,wrong_key_ablation,memory_ablation,MockSimulator,43,none,none,-1,0,0,internal,0.0,0.0,0.0,0.0,0,False,0,False,-1,1,0.1,0.2,8,8,0,raw,12,False
479,1000.0,8,8,0,8,0,0,3.610662694415149,3.610662694415149,3.610662694415149,0.0,0.0,0.010444723207881031,1.0,0.0,False,0,0,0,0,0,0.0,0.0,0.0,0.0,0.0,0,0.0,0,0,disabled,disabled,True,wrong_key,-1,12,False,raw,0,0.0,0.0,trial:-1,4,False,disabled,0,0,False,raw,0,0.0,0.0,,0,False,disabled,False,raw,0.0,0.0,,,,,,,,False,0,0,0,0,0,0,0.0,0.0,1.048541000002956,5.081583999995587,6.266041000003497,intervening_contexts,wrong_key_ablation,CRA,wrong_key_ablation,memory_ablation,MockSimulator,43,none,none,-1,0,0,internal,0.0,0.0,0.0,0.0,0,False,0,False,-1,1,0.1,0.2,8,8,0,raw,12,False
480,1000.0,8,8,0,8,0,0,3.602462306669824,3.602462306669824,3.602462306669824,0.021217392648790346,0.0,0.010406128995442626,1.0,0.021217392648790346,False,0,0,0,0,0,0.0,0.0,0.0,0.0,0.0,0,0.0,0,0,disabled,disabled,True,wrong_key,1,13,False,raw,0,0.0055000000000000005,0.0055000000000000005,trial:4,4,False,disabled,0,0,False,raw,0,0.0055000000000000005,0.0055000000000000005,,0,False,disabled,False,raw,0.0055000000000000005,0.0055000000000000005,,,,,,,,False,0,0,0,0,0,0,0.0,0.0,0.8276249999994434,4.613166999988039,5.575625000005857,intervening_contexts,wrong_key_ablation,CRA,wrong_key_ablation,memory_ablation,MockSimulator,43,context,target_context,4,1,0,internal,0.0055000000000000005,0.0055000000000000005,0.0,0.0,0,False,1,False,-1,1,0.1,0.2,8,8,0,raw,13,False
481,1000.0,8,8,0,8,0,0,3.594302524292979,3.594302524292979,3.594302524292979,0.013503182989109637,0.0,0.010364900662218604,1.0,0.013503182989109637,False,0,0,0,0,0,0.0,0.0,0.0,0.0,0.0,0,0.0,0,0,disabled,disabled,True,wrong_key,1,13,False,raw,0,0.0034999999999999996,0.0034999999999999996,trial:4,4,False,disabled,0,0,False,raw,0,0.0034999999999999996,0.0034999999999999996,,0,False,disabled,False,raw,0.0034999999999999996,0.0034999999999999996,,,,,,,,False,0,0,0,0,0,0,0.0,0.0,0.8010419999919804,4.9697080000044025,5.897208999996906,intervening_contexts,wrong_key_ablation,CRA,wrong_key_ablation,memory_ablation,MockSimulator,43,distractor,between_context_and_decision,4,0,0,internal,0.0034999999999999996,0.0034999999999999996,0.0,0.0,0,False,1,False,-1,1,0.1,0.2,8,8,0,raw,13,False
482,1000.0,8,8,0,8,0,0,3.586183144773322,3.586183144773322,3.586183144773322,0.0,0.0,0.010321159010725367,1.0,0.0,False,0,0,0,0,0,0.0,0.0,0.0,0.0,0.0,0,0.0,0,0,disabled,disabled,True,wrong_key,1,13,False,raw,0,0.0,0.0,trial:-1,4,False,disabled,0,0,False,raw,0,0.0,0.0,,0,False,disabled,False,raw,0.0,0.0,,,,,,,,False,0,0,0,0,0,0,0.0,0.0,0.8377919999986716,4.674582999996346,5.649457999993501,intervening_contexts,wrong_key_ablation,CRA,wrong_key_ablation,memory_ablation,MockSimulator,43,none,none,-1,0,0,internal,0.0,0.0,0.0,0.0,0,False,0,False,-1,1,0.1,0.2,8,8,0,raw,13,False
483,1000.0,8,8,0,8,0,0,3.5781039666095884,3.5781039666095884,3.5781039666095884,0.0,0.0,0.010275021065026972,1.0,0.0,False,0,0,0,0,0,0.0,0.0,0.0,0.0,0.0,0,0.0,0,0,disabled,disabled,True,wrong_key,1,13,False,raw,0,0.0,0.0,trial:-1,4,False,disabled,0,0,False,raw,0,0.0,0.0,,0,False,disabled,False,raw,0.0,0.0,,,,,,,,False,0,0,0,0,0,0,0.0,0.0,0.7986669999979767,4.6742500000078735,5.598540999997681,intervening_contexts,wrong_key_ablation,CRA,wrong_key_ablation,memory_ablation,MockSimulator,43,none,none,-1,0,0,internal,0.0,0.0,0.0,0.0,0,False,0,False,-1,1,0.1,0.2,8,8,0,raw,13,False
484,1000.0,8,8,0,8,0,0,3.570064789305506,3.570064789305506,3.570064789305506,0.0,0.0,0.010226600173552222,1.0,0.0,False,0,0,0,0,0,0.0,0.0,0.0,0.0,0.0,0,0.0,0,0,disabled,disabled,True,wrong_key,1,13,False,raw,0,0.0,0.0,trial:-1,4,False,disabled,0,0,False,raw,0,0.0,0.0,,0,False,disabled,False,raw,0.0,0.0,,,,,,,,False,0,0,0,0,0,0,0.0,0.0,0.8087499999902548,4.991709000009337,5.92662500000074,intervening_contexts,wrong_key_ablation,CRA,wrong_key_ablation,memory_ablation,MockSimulator,43,none,none,-1,0,0,internal,0.0,0.0,0.0,0.0,0,False,0,False,-1,1,0.1,0.2,8,8,0,raw,13,False
485,1000.0,8,8,0,8,0,0,3.562065413364781,3.562065413364781,3.562065413364781,0.0,0.0,0.010176006109310451,1.0,0.0,False,0,0,0,0,0,0.0,0.0,0.0,0.0,0.0,0,0.0,0,0,disabled,disabled,True,wrong_key,1,13,False,raw,0,0.0,0.0,trial:-1,4,False,disabled,0,0,False,raw,0,0.0,0.0,,0,False,disabled,False,raw,0.0,0.0,,,,,,,,False,0,0,0,0,0,0,0.0,0.0,0.8417500000064138,4.662584000001857,5.648125000007553,intervening_contexts,wrong_key_ablation,CRA,wrong_key_ablation,memory_ablation,MockSimulator,43,none,none,-1,0,0,internal,0.0,0.0,0.0,0.0,0,False,0,False,-1,1,0.1,0.2,8,8,0,raw,13,False
486,1000.0,8,8,0,8,0,0,3.5541056402861115,3.5541056402861115,3.5541056402861115,-0.013503182989109637,-0.0,0.01012334516756893,1.0,-0.013503182989109637,False,0,0,0,0,0,0.0,0.0,0.0,0.0,0.0,0,0.0,0,0,disabled,disabled,True,wrong_key,1,13,False,raw,0,-0.0034999999999999996,-0.0034999999999999996,trial:4,4,False,disabled,0,0,False,raw,0,-0.0034999999999999996,-0.0034999999999999996,,0,False,disabled,False,raw,-0.0034999999999999996,-0.0034999999999999996,,,,,,,,False,0,0,0,0,0,0,0.0,0.0,0.8012499999949796,4.604791000005548,5.531790999995678,intervening_contexts,wrong_key_ablation,CRA,wrong_key_ablation,memory_ablation,MockSimulator,43,distractor,between_context_and_decision,4,0,0,internal,-0.0034999999999999996,-0.0034999999999999996,0.0,0.0,0,False,-1,False,-1,1,0.1,0.2,8,8,0,raw,13,False
487,1000.0,8,8,0,8,0,0,3.546185272558225,3.546185272558225,3.546185272558225,0.013503182989109637,0.0,0.010068720261053347,1.0,0.013503182989109637,False,0,0,0,0,0,0.0,0.0,0.0,0.0,0.0,0,0.0,0,0,disabled,disabled,True,wrong_key,1,13,False,raw,0,0.0034999999999999996,0.0034999999999999996,trial:4,4,False,disabled,0,0,False,raw,0,0.0034999999999999996,0.0034999999999999996,,0,False,disabled,False,raw,0.0034999999999999996,0.0034999999999999996,,,,,,,,False,0,0,0,0,0,0,0.0,0.0,0.8007079999998723,5.140417000006892,6.066916999998284,intervening_contexts,wrong_key_ablation,CRA,wrong_key_ablation,memory_ablation,MockSimulator,43,distractor,between_context_and_decision,4,0,0,internal,0.0034999999999999996,0.0034999999999999996,0.0,0.0,0,False,1,False,-1,1,0.1,0.2,8,8,0,raw,13,False
488,1000.0,8,8,0,8,0,0,3.5383041136549394,3.5383041136549394,3.5383041136549394,0.0,0.0,0.01001223101273136,1.0,0.0,False,0,0,0,0,0,0.0,0.0,0.0,0.0,0.0,0,0.0,0,0,disabled,disabled,True,wrong_key,1,13,False,raw,0,0.0,0.0,trial:-1,4,False,disabled,0,0,False,raw,0,0.0,0.0,,0,False,disabled,False,raw,0.0,0.0,,,,,,,,False,0,0,0,0,0,0,0.0,0.0,0.8368749999903002,4.783292000013262,5.766665999999532,intervening_contexts,wrong_key_ablation,CRA,wrong_key_ablation,memory_ablation,MockSimulator,43,none,none,-1,0,0,internal,0.0,0.0,0.0,0.0,0,False,0,False,-1,1,0.1,0.2,8,8,0,raw,13,False
489,1000.0,8,8,0,8,0,0,3.530461968030252,3.530461968030252,3.530461968030252,0.0,0.0,0.00995397384623783,1.0,0.0,False,0,0,0,0,0,0.0,0.0,0.0,0.0,0.0,0,0.0,0,0,disabled,disabled,True,wrong_key,1,13,False,raw,0,0.0,0.0,trial:-1,4,False,disabled,0,0,False,raw,0,0.0,0.0,,0,False,disabled,False,raw,0.0,0.0,,,,,,,,False,0,0,0,0,0,0,0.0,0.0,0.8029170000014574,4.619457999993415,5.547708999998235,intervening_contexts,wrong_key_ablation,CRA,wrong_key_ablation,memory_ablation,MockSimulator,43,none,none,-1,0,0,internal,0.0,0.0,0.0,0.0,0,False,0,False,-1,1,0.1,0.2,8,8,0,raw,13,False
490,1000.0,8,8,0,8,0,0,3.522658641113449,3.522658641113449,3.522658641113449,0.0,0.0,0.009894042073998948,1.0,0.0,False,0,0,0,0,0,0.0,0.0,0.0,0.0,0.0,0,0.0,0,0,disabled,disabled,True,wrong_key,1,13,False,raw,0,0.0,0.0,trial:-1,4,False,disabled,0,0,False,raw,0,0.0,0.0,,0,False,disabled,False,raw,0.0,0.0,,,,,,,,False,0,0,0,0,0,0,0.0,0.0,0.7972920000014483,5.164707999995244,6.088417000000845,intervening_contexts,wrong_key_ablation,CRA,wrong_key_ablation,memory_ablation,MockSimulator,43,none,none,-1,0,0,internal,0.0,0.0,0.0,0.0,0,False,0,False,-1,1,0.1,0.2,8,8,0,raw,13,False
491,1000.0,8,8,0,8,0,0,3.5148939393042413,3.5148939393042413,3.5148939393042413,0.0,0.0,0.009832525983111127,1.0,0.0,False,0,0,0,0,0,0.0,0.0,0.0,0.0,0.0,0,0.0,0,0,disabled,disabled,True,wrong_key,1,13,False,raw,0,0.0,0.0,trial:-1,4,False,disabled,0,0,False,raw,0,0.0,0.0,,0,False,disabled,False,raw,0.0,0.0,,,,,,,,False,0,0,0,0,0,0,0.0,0.0,0.8297500000082891,4.711958999990884,5.684958999992773,intervening_contexts,wrong_key_ablation,CRA,wrong_key_ablation,memory_ablation,MockSimulator,43,none,none,-1,0,0,internal,0.0,0.0,0.0,0.0,0,False,0,False,-1,1,0.1,0.2,8,8,0,raw,13,False
492,1000.0,8,8,0,8,0,0,3.507167669967926,3.507167669967926,3.507167669967926,0.0,0.0,0.00976951291902922,1.0,0.0,False,0,0,0,0,0,0.0,0.0,0.0,0.0,0.0,0,0.0,0,0,disabled,disabled,True,wrong_key,1,13,False,raw,0,0.0,0.0,trial:-1,4,False,disabled,0,0,False,raw,0,0.0,0.0,,0,False,disabled,False,raw,0.0,0.0,,,,,,,,False,0,0,0,0,0,0,0.0,0.0,0.8044160000082456,4.659291999999482,5.590042000008566,intervening_contexts,wrong_key_ablation,CRA,wrong_key_ablation,memory_ablation,MockSimulator,43,none,none,-1,0,0,internal,0.0,0.0,0.0,0.0,0,False,0,False,-1,1,0.1,0.2,8,8,0,raw,13,False
493,1000.0,8,8,0,8,0,0,3.4994796414305687,3.4994796414305687,3.4994796414305687,0.0,0.0,0.009705087367117345,1.0,0.0,False,0,0,0,0,0,0.0,0.0,0.0,0.0,0.0,0,0.0,0,0,disabled,disabled,True,wrong_key,1,13,False,raw,0,0.0,0.0,trial:-1,4,False,disabled,0,0,False,raw,0,0.0,0.0,,0,False,disabled,False,raw,0.0,0.0,,,,,,,,False,0,0,0,0,0,0,0.0,0.0,0.987874999992755,5.069542000001093,6.182666999990261,intervening_contexts,wrong_key_ablation,CRA,wrong_key_ablation,memory_ablation,MockSimulator,43,none,none,-1,0,0,internal,0.0,0.0,0.0,0.0,0,False,0,False,-1,1,0.1,0.2,8,8,0,raw,13,False
494,1000.0,8,8,0,8,0,0,3.491829662974213,3.491829662974213,3.491829662974213,0.013503182989109637,0.0,0.009639331032114333,1.0,0.013503182989109637,False,0,0,0,0,0,0.0,0.0,0.0,0.0,0.0,0,0.0,0,0,disabled,disabled,True,wrong_key,1,13,False,raw,0,0.0034999999999999996,0.0034999999999999996,trial:4,4,False,disabled,0,0,False,raw,0,0.0034999999999999996,0.0034999999999999996,,0,False,disabled,False,raw,0.0034999999999999996,0.0034999999999999996,,,,,,,,False,0,0,0,0,0,0,0.0,0.0,0.8272080000040205,4.738334000009559,5.701375000001008,intervening_contexts,wrong_key_ablation,CRA,wrong_key_ablation,memory_ablation,MockSimulator,43,distractor,between_context_and_decision,4,0,0,internal,0.0034999999999999996,0.0034999999999999996,0.0,0.0,0,False,1,False,-1,1,0.1,0.2,8,8,0,raw,13,False
495,1000.0,8,8,0,8,0,0,3.484217544832112,3.484217544832112,3.484217544832112,0.0,0.0,0.009572322915564594,1.0,0.0,False,0,0,0,0,0,0.0,0.0,0.0,0.0,0.0,0,0.0,0,0,disabled,disabled,True,wrong_key,1,13,False,raw,0,0.0,0.0,trial:-1,4,False,disabled,0,0,False,raw,0,0.0,0.0,,0,False,disabled,False,raw,0.0,0.0,,,,,,,,False,0,0,0,0,0,0,0.0,0.0,0.8055419999948299,4.931917000007502,5.864040999995268,intervening_contexts,wrong_key_ablation,CRA,wrong_key_ablation,memory_ablation,MockSimulator,43,none,none,-1,0,0,internal,0.0,0.0,0.0,0.0,0,False,0,False,-1,1,0.1,0.2,8,8,0,raw,13,False
496,1000.0,8,8,0,8,0,0,3.4766430981839833,3.4766430981839833,3.4766430981839833,0.0,0.0,0.009504139391263999,1.0,0.0,False,0,0,0,0,0,0.0,0.0,0.0,0.0,0.0,0,0.0,0,0,disabled,disabled,True,wrong_key,1,13,False,raw,0,0.0,0.0,trial:-1,4,False,disabled,0,0,False,raw,0,0.0,0.0,,0,False,disabled,False,raw,0.0,0.0,,,,,,,,False,0,0,0,0,0,0,0.0,0.0,0.8733749999976226,4.842875000008462,5.900750000009225,intervening_contexts,wrong_key_ablation,CRA,wrong_key_ablation,memory_ablation,MockSimulator,43,none,none,-1,0,0,internal,0.0,0.0,0.0,0.0,0,False,0,False,-1,1,0.1,0.2,8,8,0,raw,13,False
497,1000.0,8,8,0,8,0,0,3.469106135151291,3.469106135151291,3.469106135151291,0.0,0.0,0.009434854278769202,1.0,0.0,False,0,0,0,0,0,0.0,0.0,0.0,0.0,0.0,0,0.0,0,0,disabled,disabled,True,wrong_key,1,13,False,raw,0,0.0,0.0,trial:-1,4,False,disabled,0,0,False,raw,0,0.0,0.0,,0,False,disabled,False,raw,0.0,0.0,,,,,,,,False,0,0,0,0,0,0,0.0,0.0,0.804165999994666,4.714708999998152,5.645541000006915,intervening_contexts,wrong_key_ablation,CRA,wrong_key_ablation,memory_ablation,MockSimulator,43,none,none,-1,0,0,internal,0.0,0.0,0.0,0.0,0,False,0,False,-1,1,0.1,0.2,8,8,0,raw,13,False
498,1000.0,8,8,0,8,0,0,3.4616064687925454,3.4616064687925454,3.4616064687925454,0.013503182989109637,0.0,0.00936453891501769,1.0,0.013503182989109637,False,0,0,0,0,0,0.0,0.0,0.0,0.0,0.0,0,0.0,0,0,disabled,disabled,True,wrong_key,1,13,False,raw,0,0.0034999999999999996,0.0034999999999999996,trial:4,4,False,disabled,0,0,False,raw,0,0.0034999999999999996,0.0034999999999999996,,0,False,disabled,False,raw,0.0034999999999999996,0.0034999999999999996,,,,,,,,False,0,0,0,0,0,0,0.0,0.0,0.797333999997818,5.120832999992331,6.044084000009775,intervening_contexts,wrong_key_ablation,CRA,wrong_key_ablation,memory_ablation,MockSimulator,43,distractor,between_context_and_decision,4,0,0,internal,0.0034999999999999996,0.0034999999999999996,0.0,0.0,0,False,1,False,-1,1,0.1,0.2,8,8,0,raw,13,False
499,1000.0,8,8,0,8,0,0,3.4541439130986316,3.4541439130986316,3.4541439130986316,0.0,0.0,0.009293262224104731,1.0,0.0,False,0,0,0,0,0,0.0,0.0,0.0,0.0,0.0,0,0.0,0,0,disabled,disabled,True,wrong_key,1,13,False,raw,0,0.0,0.0,trial:-1,4,False,disabled,0,0,False,raw,0,0.0,0.0,,0,False,disabled,False,raw,0.0,0.0,,,,,,,,False,0,0,0,0,0,0,0.0,0.0,0.8819160000115289,5.027541999993446,6.048792000001413,intervening_contexts,wrong_key_ablation,CRA,wrong_key_ablation,memory_ablation,MockSimulator,43,none,none,-1,0,0,internal,0.0,0.0,0.0,0.0,0,False,0,False,-1,1,0.1,0.2,8,8,0,raw,13,False
500,1000.0,8,8,0,8,0,0,3.446718282988159,3.446718282988159,3.446718282988159,0.0,0.0,0.009221090785262285,1.0,0.0,False,0,0,0,0,0,0.0,0.0,0.0,0.0,0.0,0,0.0,0,0,disabled,disabled,True,wrong_key,1,13,False,raw,0,0.0,0.0,trial:-1,4,False,disabled,0,0,False,raw,0,0.0,0.0,,0,False,disabled,False,raw,0.0,0.0,,,,,,,,False,0,0,0,0,0,0,0.0,0.0,0.8054160000057209,4.783083999996052,5.719541999994249,intervening_contexts,wrong_key_ablation,CRA,wrong_key_ablation,memory_ablation,MockSimulator,43,none,none,-1,0,0,internal,0.0,0.0,0.0,0.0,0,False,0,False,-1,1,0.1,0.2,8,8,0,raw,13,False
501,1000.0,8,8,0,8,0,0,3.439329394302834,3.439329394302834,3.439329394302834,-0.013503182989109637,-0.0,0.009148088899083895,1.0,-0.013503182989109637,False,0,0,0,0,0,0.0,0.0,0.0,0.0,0.0,0,0.0,0,0,disabled,disabled,True,wrong_key,1,13,False,raw,0,-0.0034999999999999996,-0.0034999999999999996,trial:4,4,False,disabled,0,0,False,raw,0,-0.0034999999999999996,-0.0034999999999999996,,0,False,disabled,False,raw,-0.0034999999999999996,-0.0034999999999999996,,,,,,,,False,0,0,0,0,0,0,0.0,0.0,0.8115830000008373,5.305083000010313,6.2418750000006185,intervening_contexts,wrong_key_ablation,CRA,wrong_key_ablation,memory_ablation,MockSimulator,43,distractor,between_context_and_decision,4,0,0,internal,-0.0034999999999999996,-0.0034999999999999996,0.0,0.0,0,False,-1,False,-1,1,0.1,0.2,8,8,0,raw,13,False
502,1000.0,8,8,0,8,0,0,3.431977063802856,3.431977063802856,3.431977063802856,0.013503182989109637,0.0,0.009074318652038534,1.0,0.013503182989109637,False,0,0,0,0,0,0.0,0.0,0.0,0.0,0.0,0,0.0,0,0,disabled,disabled,True,wrong_key,1,13,False,raw,0,0.0034999999999999996,0.0034999999999999996,trial:4,4,False,disabled,0,0,False,raw,0,0.0034999999999999996,0.0034999999999999996,,0,False,disabled,False,raw,0.0034999999999999996,0.0034999999999999996,,,,,,,,False,0,0,0,0,0,0,0.0,0.0,0.8416659999994636,4.826542000003542,5.811292000004187,intervening_contexts,wrong_key_ablation,CRA,wrong_key_ablation,memory_ablation,MockSimulator,43,distractor,between_context_and_decision,4,0,0,internal,0.0034999999999999996,0.0034999999999999996,0.0,0.0,0,False,1,False,-1,1,0.1,0.2,8,8,0,raw,13,False
503,1000.0,8,8,0,8,0,0,3.4246611091623365,3.4246611091623365,3.4246611091623365,0.0,0.0,0.008999839979315354,1.0,0.0,False,0,0,0,0,0,0.0,0.0,0.0,0.0,0.0,0,0.0,0,0,disabled,disabled,True,wrong_key,1,13,False,raw,0,0.0,0.0,trial:-1,4,False,disabled,0,0,False,raw,0,0.0,0.0,,0,False,disabled,False,raw,0.0,0.0,,,,,,,,False,0,0,0,0,0,0,0.0,0.0,0.7998339999915061,4.8018330000019205,5.727000000007365,intervening_contexts,wrong_key_ablation,CRA,wrong_key_ablation,memory_ablation,MockSimulator,43,none,none,-1,0,0,internal,0.0,0.0,0.0,0.0,0,False,0,False,-1,1,0.1,0.2,8,8,0,raw,13,False
504,1000.0,8,8,0,8,0,0,3.417381348964741,3.417381348964741,3.417381348964741,-0.019289041170559136,-0.0,0.008924710726040286,1.0,-0.019289041170559136,False,0,0,0,0,0,0.0,0.0,0.0,0.0,0.0,0,0.0,0,0,disabled,disabled,True,wrong_key,-1,14,False,raw,0,-0.005,-0.005,intruder:504,4,False,disabled,0,0,False,raw,0,-0.005,-0.005,,0,False,disabled,False,raw,-0.005,-0.005,,,,,,,,False,0,0,0,0,0,0,0.0,0.0,0.8417920000027834,5.3909169999997175,6.35779200000286,intervening_contexts,wrong_key_ablation,CRA,wrong_key_ablation,memory_ablation,MockSimulator,43,context,interfering_context,4,-1,0,internal,-0.005,-0.005,0.0,0.0,0,False,-1,False,-1,1,0.1,0.2,8,8,0,raw,14,False
505,1000.0,8,8,0,8,0,0,3.4101376026983523,3.4101376026983523,3.4101376026983523,0.013503182989109637,0.0,0.008848986706904495,1.0,0.013503182989109637,False,0,0,0,0,0,0.0,0.0,0.0,0.0,0.0,0,0.0,0,0,disabled,disabled,True,wrong_key,-1,14,False,raw,0,0.0034999999999999996,0.0034999999999999996,trial:4,4,False,disabled,0,0,False,raw,0,0.0034999999999999996,0.0034999999999999996,,0,False,disabled,False,raw,0.0034999999999999996,0.0034999999999999996,,,,,,,,False,0,0,0,0,0,0,0.0,0.0,0.844000000000733,4.877667000002361,5.857667000000788,intervening_contexts,wrong_key_ablation,CRA,wrong_key_ablation,memory_ablation,MockSimulator,43,distractor,between_context_and_decision,4,0,0,internal,0.0034999999999999996,0.0034999999999999996,0.0,0.0,0,False,1,False,-1,1,0.1,0.2,8,8,0,raw,14,False
506,1000.0,8,8,0,8,0,0,3.402929690751761,3.402929690751761,3.402929690751761,-0.013503182989109637,-0.0,0.00877272176424372,1.0,-0.013503182989109637,False,0,0,0,0,0,0.0,0.0,0.0,0.0,0.0,0,0.0,0,0,disabled,disabled,True,wrong_key,-1,14,False,raw,0,-0.0034999999999999996,-0.0034999999999999996,trial:4,4,False,disabled,0,0,False,raw,0,-0.0034999999999999996,-0.0034999999999999996,,0,False,disabled,False,raw,-0.0034999999999999996,-0.0034999999999999996,,,,,,,,False,0,0,0,0,0,0,0.0,0.0,0.8668749999998226,5.275624999995898,6.3592079999921225,intervening_contexts,wrong_key_ablation,CRA,wrong_key_ablation,memory_ablation,MockSimulator,43,distractor,between_context_and_decision,4,0,0,internal,-0.0034999999999999996,-0.0034999999999999996,0.0,0.0,0,False,-1,False,-1,1,0.1,0.2,8,8,0,raw,14,False
507,1000.0,8,8,0,8,0,0,3.3957574344093717,3.3957574344093717,3.3957574344093717,0.0,0.0,0.008695967824606613,1.0,0.0,False,0,0,0,0,0,0.0,0.0,0.0,0.0,0.0,0,0.0,0,0,disabled,disabled,True,wrong_key,-1,14,False,raw,0,0.0,0.0,trial:-1,4,False,disabled,0,0,False,raw,0,0.0,0.0,,0,False,disabled,False,raw,0.0,0.0,,,,,,,,False,0,0,0,0,0,0,0.0,0.0,0.9480419999903233,5.018583000008903,6.122791999999322,intervening_contexts,wrong_key_ablation,CRA,wrong_key_ablation,memory_ablation,MockSimulator,43,none,none,-1,0,0,internal,0.0,0.0,0.0,0.0,0,False,0,False,-1,1,0.1,0.2,8,8,0,raw,14,False
508,1000.0,8,8,0,8,0,0,3.3886206558469367,3.3886206558469367,3.3886206558469367,-0.013503182989109637,-0.0,0.008618774953849294,1.0,-0.013503182989109637,False,0,0,0,0,0,0.0,0.0,0.0,0.0,0.0,0,0.0,0,0,disabled,disabled,True,wrong_key,-1,14,False,raw,0,-0.0034999999999999996,-0.0034999999999999996,trial:4,4,False,disabled,0,0,False,raw,0,-0.0034999999999999996,-0.0034999999999999996,,0,False,disabled,False,raw,-0.0034999999999999996,-0.0034999999999999996,,,,,,,,False,0,0,0,0,0,0,0.0,0.0,0.8068750000091995,4.840749999999616,5.777041000001759,intervening_contexts,wrong_key_ablation,CRA,wrong_key_ablation,memory_ablation,MockSimulator,43,distractor,between_context_and_decision,4,0,0,internal,-0.0034999999999999996,-0.0034999999999999996,0.0,0.0,0,False,-1,False,-1,1,0.1,0.2,8,8,0,raw,14,False
509,1000.0,8,8,0,8,0,0,3.38151917812711,3.38151917812711,3.38151917812711,0.013503182989109637,0.0,0.008541191410792424,1.0,0.013503182989109637,False,0,0,0,0,0,0.0,0.0,0.0,0.0,0.0,0,0.0,0,0,disabled,disabled,True,wrong_key,-1,14,False,raw,0,0.0034999999999999996,0.0034999999999999996,trial:4,4,False,disabled,0,0,False,raw,0,0.0034999999999999996,0.0034999999999999996,,0,False,disabled,False,raw,0.0034999999999999996,0.0034999999999999996,,,,,,,,False,0,0,0,0,0,0,0.0,0.0,0.8049170000106187,5.494166999994832,6.424041999991914,intervening_contexts,wrong_key_ablation,CRA,wrong_key_ablation,memory_ablation,MockSimulator,43,distractor,between_context_and_decision,4,0,0,internal,0.0034999999999999996,0.0034999999999999996,0.0,0.0,0,False,1,False,-1,1,0.1,0.2,8,8,0,raw,14,False
510,1000.0,8,8,0,8,0,0,3.3744528251950245,3.3744528251950245,3.3744528251950245,0.013503182989109637,0.0,0.00846326369947629,1.0,0.013503182989109637,False,0,0,0,0,0,0.0,0.0,0.0,0.0,0.0,0,0.0,0,0,disabled,disabled,True,wrong_key,-1,14,False,raw,0,0.0034999999999999996,0.0034999999999999996,trial:4,4,False,disabled,0,0,False,raw,0,0.0034999999999999996,0.0034999999999999996,,0,False,disabled,False,raw,0.0034999999999999996,0.0034999999999999996,,,,,,,,False,0,0,0,0,0,0,0.0,0.0,0.8477079999948955,4.978000000008365,5.961916999993377,intervening_contexts,wrong_key_ablation,CRA,wrong_key_ablation,memory_ablation,MockSimulator,43,distractor,between_context_and_decision,4,0,0,internal,0.0034999999999999996,0.0034999999999999996,0.0,0.0,0,False,1,False,-1,1,0.1,0.2,8,8,0,raw,14,False
511,1000.0,8,8,0,8,0,0,3.3674214218738894,3.3674214218738894,3.3674214218738894,0.0,0.0,0.008385036620048483,1.0,0.0,False,0,0,0,0,0,0.0,0.0,0.0,0.0,0.0,0,0.0,0,0,disabled,disabled,True,wrong_key,-1,14,False,raw,0,0.0,0.0,trial:-1,4,False,disabled,0,0,False,raw,0,0.0,0.0,,0,False,disabled,False,raw,0.0,0.0,,,,,,,,False,0,0,0,0,0,0,0.0,0.0,0.8059999999971978,4.915957999998,5.847791999997298,intervening_contexts,wrong_key_ablation,CRA,wrong_key_ablation,memory_ablation,MockSimulator,43,none,none,-1,0,0,internal,0.0,0.0,0.0,0.0,0,False,0,False,-1,1,0.1,0.2,8,8,0,raw,14,False
512,1000.0,8,8,0,8,0,0,3.3604247938606124,3.3604247938606124,3.3604247938606124,0.0,0.0,0.008306553318318,1.0,0.0,False,0,0,0,0,0,0.0,0.0,0.0,0.0,0.0,0,0.0,0,0,disabled,disabled,True,wrong_key,-1,14,False,raw,0,0.0,0.0,trial:-1,4,False,disabled,0,0,False,raw,0,0.0,0.0,,0,False,disabled,False,raw,0.0,0.0,,,,,,,,False,0,0,0,0,0,0,0.0,0.0,0.8391669999952001,5.316832999994858,6.288207999986639,intervening_contexts,wrong_key_ablation,CRA,wrong_key_ablation,memory_ablation,MockSimulator,43,none,none,-1,0,0,internal,0.0,0.0,0.0,0.0,0,False,0,False,-1,1,0.1,0.2,8,8,0,raw,14,False
513,1000.0,8,8,0,8,0,0,3.353462767721441,3.353462767721441,3.353462767721441,0.013503182989109637,0.0,0.008227855334008716,1.0,0.013503182989109637,False,0,0,0,0,0,0.0,0.0,0.0,0.0,0.0,0,0.0,0,0,disabled,disabled,True,wrong_key,-1,14,False,raw,0,0.0034999999999999996,0.0034999999999999996,trial:4,4,False,disabled,0,0,False,raw,0,0.0034999999999999996,0.0034999999999999996,,0,False,disabled,False,raw,0.0034999999999999996,0.0034999999999999996,,,,,,,,False,0,0,0,0,0,0,0.0,0.0,0.8367500000048267,4.96683299999745,5.939458999989711,intervening_contexts,wrong_key_ablation,CRA,wrong_key_ablation,memory_ablation,MockSimulator,43,distractor,between_context_and_decision,4,0,0,internal,0.0034999999999999996,0.0034999999999999996,0.0,0.0,0,False,1,False,-1,1,0.1,0.2,8,8,0,raw,14,False
514,1000.0,8,8,0,8,0,0,3.3465351708876265,3.3465351708876265,3.3465351708876265,0.013503182989109637,0.0,0.008148982647744475,1.0,0.013503182989109637,False,0,0,0,0,0,0.0,0.0,0.0,0.0,0.0,0,0.0,0,0,disabled,disabled,True,wrong_key,-1,14,False,raw,0,0.0034999999999999996,0.0034999999999999996,trial:4,4,False,disabled,0,0,False,raw,0,0.0034999999999999996,0.0034999999999999996,,0,False,disabled,False,raw,0.0034999999999999996,0.0034999999999999996,,,,,,,,False,0,0,0,0,0,0,0.0,0.0,0.822875000011436,5.410416999993117,6.361166000004914,intervening_contexts,wrong_key_ablation,CRA,wrong_key_ablation,memory_ablation,MockSimulator,43,distractor,between_context_and_decision,4,0,0,internal,0.0034999999999999996,0.0034999999999999996,0.0,0.0,0,False,1,False,-1,1,0.1,0.2,8,8,0,raw,14,False
515,1000.0,8,8,0,8,0,0,3.3396418316511105,3.3396418316511105,3.3396418316511105,0.0,0.0,0.0080699737267972,1.0,0.0,False,0,0,0,0,0,0.0,0.0,0.0,0.0,0.0,0,0.0,0,0,disabled,disabled,True,wrong_key,-1,14,False,raw,0,0.0,0.0,trial:-1,4,False,disabled,0,0,False,raw,0,0.0,0.0,,0,False,disabled,False,raw,0.0,0.0,,,,,,,,False,0,0,0,0,0,0,0.0,0.0,0.9017499999970369,5.070542000012779,6.11787500000105,intervening_contexts,wrong_key_ablation,CRA,wrong_key_ablation,memory_ablation,MockSimulator,43,none,none,-1,0,0,internal,0.0,0.0,0.0,0.0,0,False,0,False,-1,1,0.1,0.2,8,8,0,raw,14,False
516,1000.0,8,8,0,8,0,0,3.3327825791602317,3.3327825791602317,3.3327825791602317,0.0,0.0,0.007990865569628719,1.0,0.0,False,0,0,0,0,0,0.0,0.0,0.0,0.0,0.0,0,0.0,0,0,disabled,disabled,True,wrong_key,-1,14,False,raw,0,0.0,0.0,trial:-1,4,False,disabled,0,0,False,raw,0,0.0,0.0,,0,False,disabled,False,raw,0.0,0.0,,,,,,,,False,0,0,0,0,0,0,0.0,0.0,0.797375000004763,4.949207999999317,5.874999999988972,intervening_contexts,wrong_key_ablation,CRA,wrong_key_ablation,memory_ablation,MockSimulator,43,none,none,-1,0,0,internal,0.0,0.0,0.0,0.0,0,False,0,False,-1,1,0.1,0.2,8,8,0,raw,14,False
517,1000.0,8,8,0,8,0,0,3.3259572434154547,3.3259572434154547,3.3259572434154547,0.013503182989109637,0.0,0.007911693749256259,1.0,0.013503182989109637,False,0,0,0,0,0,0.0,0.0,0.0,0.0,0.0,0,0.0,0,0,disabled,disabled,True,wrong_key,-1,14,False,raw,0,0.0034999999999999996,0.0034999999999999996,trial:4,4,False,disabled,0,0,False,raw,0,0.0034999999999999996,0.0034999999999999996,,0,False,disabled,False,raw,0.0034999999999999996,0.0034999999999999996,,,,,,,,False,0,0,0,0,0,0,0.0,0.0,0.8098330000052556,5.536499999990951,6.4716250000032005,intervening_contexts,wrong_key_ablation,CRA,wrong_key_ablation,memory_ablation,MockSimulator,43,distractor,between_context_and_decision,4,0,0,internal,0.0034999999999999996,0.0034999999999999996,0.0,0.0,0,False,1,False,-1,1,0.1,0.2,8,8,0,raw,14,False
518,1000.0,8,8,0,8,0,0,3.3191656552651203,3.3191656552651203,3.3191656552651203,0.0,0.0,0.007832492455470845,1.0,0.0,False,0,0,0,0,0,0.0,0.0,0.0,0.0,0.0,0,0.0,0,0,disabled,disabled,True,wrong_key,-1,14,False,raw,0,0.0,0.0,trial:-1,4,False,disabled,0,0,False,raw,0,0.0,0.0,,0,False,disabled,False,raw,0.0,0.0,,,,,,,,False,0,0,0,0,0,0,0.0,0.0,0.8463750000089476,4.988874999995119,5.973374999996395,intervening_contexts,wrong_key_ablation,CRA,wrong_key_ablation,memory_ablation,MockSimulator,43,none,none,-1,0,0,internal,0.0,0.0,0.0,0.0,0,False,0,False,-1,1,0.1,0.2,8,8,0,raw,14,False
519,1000.0,8,8,0,8,0,0,3.312407646401216,3.312407646401216,3.312407646401216,0.013503182989109637,0.0,0.007753294535937145,1.0,0.013503182989109637,False,0,0,0,0,0,0.0,0.0,0.0,0.0,0.0,0,0.0,0,0,disabled,disabled,True,wrong_key,-1,14,False,raw,0,0.0034999999999999996,0.0034999999999999996,trial:4,4,False,disabled,0,0,False,raw,0,0.0034999999999999996,0.0034999999999999996,,0,False,disabled,False,raw,0.0034999999999999996,0.0034999999999999996,,,,,,,,False,0,0,0,0,0,0,0.0,0.0,0.8015000000085593,4.988541999992435,5.91908399999852,intervening_contexts,wrong_key_ablation,CRA,wrong_key_ablation,memory_ablation,MockSimulator,43,distractor,between_context_and_decision,4,0,0,internal,0.0034999999999999996,0.0034999999999999996,0.0,0.0,0,False,1,False,-1,1,0.1,0.2,8,8,0,raw,14,False
520,1000.0,8,8,0,8,0,0,3.3056830493551694,3.3056830493551694,3.3056830493551694,0.0,0.0,0.007674131536202606,1.0,0.0,False,0,0,0,0,0,0.0,0.0,0.0,0.0,0.0,0,0.0,0,0,disabled,disabled,True,wrong_key,-1,14,False,raw,0,0.0,0.0,trial:-1,4,False,disabled,0,0,False,raw,0,0.0,0.0,,0,False,disabled,False,raw,0.0,0.0,,,,,,,,False,0,0,0,0,0,0,0.0,0.0,1.0120419999992691,5.374500000002058,6.511666999998056,intervening_contexts,wrong_key_ablation,CRA,wrong_key_ablation,memory_ablation,MockSimulator,43,none,none,-1,0,0,internal,0.0,0.0,0.0,0.0,0,False,0,False,-1,1,0.1,0.2,8,8,0,raw,14,False
521,1000.0,8,8,0,8,0,0,3.2989916974936606,3.2989916974936606,3.2989916974936606,0.013503182989109637,0.0,0.007595033738643073,1.0,0.013503182989109637,False,0,0,0,0,0,0.0,0.0,0.0,0.0,0.0,0,0.0,0,0,disabled,disabled,True,wrong_key,-1,14,False,raw,0,0.0034999999999999996,0.0034999999999999996,trial:4,4,False,disabled,0,0,False,raw,0,0.0034999999999999996,0.0034999999999999996,,0,False,disabled,False,raw,0.0034999999999999996,0.0034999999999999996,,,,,,,,False,0,0,0,0,0,0,0.0,0.0,0.8330829999891876,5.027708000000075,5.996833000011748,intervening_contexts,wrong_key_ablation,CRA,wrong_key_ablation,memory_ablation,MockSimulator,43,distractor,between_context_and_decision,4,0,0,internal,0.0034999999999999996,0.0034999999999999996,0.0,0.0,0,False,1,False,-1,1,0.1,0.2,8,8,0,raw,14,False
522,1000.0,8,8,0,8,0,0,3.2923334250144562,3.2923334250144562,3.2923334250144562,-0.013503182989109637,-0.0,0.00751603020037144,1.0,-0.013503182989109637,False,0,0,0,0,0,0.0,0.0,0.0,0.0,0.0,0,0.0,0,0,disabled,disabled,True,wrong_key,-1,14,False,raw,0,-0.0034999999999999996,-0.0034999999999999996,trial:4,4,False,disabled,0,0,False,raw,0,-0.0034999999999999996,-0.0034999999999999996,,0,False,disabled,False,raw,-0.0034999999999999996,-0.0034999999999999996,,,,,,,,False,0,0,0,0,0,0,0.0,0.0,0.8108749999991005,5.5059169999935875,6.442667000001734,intervening_contexts,wrong_key_ablation,CRA,wrong_key_ablation,memory_ablation,MockSimulator,43,distractor,between_context_and_decision,4,0,0,internal,-0.0034999999999999996,-0.0034999999999999996,0.0,0.0,0,False,-1,False,-1,1,0.1,0.2,8,8,0,raw,14,False
523,1000.0,8,8,0,8,0,0,3.285708066942265,3.285708066942265,3.285708066942265,0.013503182989109637,0.0,0.007437148790135215,1.0,0.013503182989109637,False,0,0,0,0,0,0.0,0.0,0.0,0.0,0.0,0,0.0,0,0,disabled,disabled,True,wrong_key,-1,14,False,raw,0,0.0034999999999999996,0.0034999999999999996,trial:4,4,False,disabled,0,0,False,raw,0,0.0034999999999999996,0.0034999999999999996,,0,False,disabled,False,raw,0.0034999999999999996,0.0034999999999999996,,,,,,,,False,0,0,0,0,0,0,0.0,0.0,0.8400419999929909,5.118457999998327,6.09395899999754,intervening_contexts,wrong_key_ablation,CRA,wrong_key_ablation,memory_ablation,MockSimulator,43,distractor,between_context_and_decision,4,0,0,internal,0.0034999999999999996,0.0034999999999999996,0.0,0.0,0,False,1,False,-1,1,0.1,0.2,8,8,0,raw,14,False
524,1000.0,8,8,0,8,0,0,3.2791154591246134,3.2791154591246134,3.2791154591246134,0.0,0.0,0.007358416224228291,1.0,0.0,False,0,0,0,0,0,0.0,0.0,0.0,0.0,0.0,0,0.0,0,0,disabled,disabled,True,wrong_key,-1,14,False,raw,0,0.0,0.0,trial:-1,4,False,disabled,0,0,False,raw,0,0.0,0.0,,0,False,disabled,False,raw,0.0,0.0,,,,,,,,False,0,0,0,0,0,0,0.0,0.0,0.7988330000046062,5.062875000007239,5.987916999998788,intervening_contexts,wrong_key_ablation,CRA,wrong_key_ablation,memory_ablation,MockSimulator,43,none,none,-1,0,0,internal,0.0,0.0,0.0,0.0,0,False,0,False,-1,1,0.1,0.2,8,8,0,raw,14,False
525,1000.0,8,8,0,8,0,0,3.272555438227741,3.272555438227741,3.272555438227741,0.0,0.0,0.00727985810144159,1.0,0.0,False,0,0,0,0,0,0.0,0.0,0.0,0.0,0.0,0,0.0,0,0,disabled,disabled,True,wrong_key,-1,14,False,raw,0,0.0,0.0,trial:-1,4,False,disabled,0,0,False,raw,0,0.0,0.0,,0,False,disabled,False,raw,0.0,0.0,,,,,,,,False,0,0,0,0,0,0,0.0,0.0,0.7999580000017659,5.653834000000302,6.586249999998017,intervening_contexts,wrong_key_ablation,CRA,wrong_key_ablation,memory_ablation,MockSimulator,43,none,none,-1,0,0,internal,0.0,0.0,0.0,0.0,0,False,0,False,-1,1,0.1,0.2,8,8,0,raw,14,False
526,1000.0,8,8,0,8,0,0,3.2660278417325173,3.2660278417325173,3.2660278417325173,0.0,0.0,0.007201498937076665,1.0,0.0,False,0,0,0,0,0,0.0,0.0,0.0,0.0,0.0,0,0.0,0,0,disabled,disabled,True,wrong_key,-1,14,False,raw,0,0.0,0.0,trial:-1,4,False,disabled,0,0,False,raw,0,0.0,0.0,,0,False,disabled,False,raw,0.0,0.0,,,,,,,,False,0,0,0,0,0,0,0.0,0.0,0.8297499999940783,5.071458000003304,6.0369999999920765,intervening_contexts,wrong_key_ablation,CRA,wrong_key_ablation,memory_ablation,MockSimulator,43,none,none,-1,0,0,internal,0.0,0.0,0.0,0.0,0,False,0,False,-1,1,0.1,0.2,8,8,0,raw,14,False
527,1000.0,8,8,0,8,0,0,3.25953250793038,3.25953250793038,3.25953250793038,0.013503182989109637,0.0,0.007123362196045761,1.0,0.013503182989109637,False,0,0,0,0,0,0.0,0.0,0.0,0.0,0.0,0,0.0,0,0,disabled,disabled,True,wrong_key,-1,14,False,raw,0,0.0034999999999999996,0.0034999999999999996,trial:4,4,False,disabled,0,0,False,raw,0,0.0034999999999999996,0.0034999999999999996,,0,False,disabled,False,raw,0.0034999999999999996,0.0034999999999999996,,,,,,,,False,0,0,0,0,0,0,0.0,0.0,0.7983750000022383,5.100957999999878,6.0252500000075315,intervening_contexts,wrong_key_ablation,CRA,wrong_key_ablation,memory_ablation,MockSimulator,43,distractor,between_context_and_decision,4,0,0,internal,0.0034999999999999996,0.0034999999999999996,0.0,0.0,0,False,1,False,-1,1,0.1,0.2,8,8,0,raw,14,False
528,1000.0,8,8,0,8,0,0,3.2530692759192905,3.2530692759192905,3.2530692759192905,0.01928904117055913,0.0,0.007045470325081262,1.0,0.01928904117055913,False,0,0,0,0,0,0.0,0.0,0.0,0.0,0.0,0,0.0,0,0,disabled,disabled,True,wrong_key,1,15,False,raw,0,0.005,0.005,intruder:528,4,False,disabled,0,0,False,raw,0,0.005,0.005,,0,False,disabled,False,raw,0.005,0.005,,,,,,,,False,0,0,0,0,0,0,0.0,0.0,0.9089999999929432,5.378083000010747,6.428041999996026,intervening_contexts,wrong_key_ablation,CRA,wrong_key_ablation,memory_ablation,MockSimulator,43,context,interfering_context,4,1,0,internal,0.005,0.005,0.0,0.0,0,False,1,False,-1,1,0.1,0.2,8,8,0,raw,15,False
529,1000.0,8,8,0,8,0,0,3.246637985599713,3.246637985599713,3.246637985599713,0.0,0.0,0.006967844784076925,1.0,0.0,False,0,0,0,0,0,0.0,0.0,0.0,0.0,0.0,0,0.0,0,0,disabled,disabled,True,wrong_key,1,15,False,raw,0,0.0,0.0,trial:-1,4,False,disabled,0,0,False,raw,0,0.0,0.0,,0,False,disabled,False,raw,0.0,0.0,,,,,,,,False,0,0,0,0,0,0,0.0,0.0,0.8119169999929454,5.1074170000049435,6.051124999999047,intervening_contexts,wrong_key_ablation,CRA,wrong_key_ablation,memory_ablation,MockSimulator,43,none,none,-1,0,0,internal,0.0,0.0,0.0,0.0,0,False,0,False,-1,1,0.1,0.2,8,8,0,raw,15,False
530,1000.0,8,8,0,8,0,0,3.2402384776706112,3.2402384776706112,3.2402384776706112,0.013503182989109637,0.0,0.006890506076582728,1.0,0.013503182989109637,False,0,0,0,0,0,0.0,0.0,0.0,0.0,0.0,0,0.0,0,0,disabled,disabled,True,wrong_key,1,15,False,raw,0,0.0034999999999999996,0.0034999999999999996,trial:4,4,False,disabled,0,0,False,raw,0,0.0034999999999999996,0.0034999999999999996,,0,False,disabled,False,raw,0.0034999999999999996,0.0034999999999999996,,,,,,,,False,0,0,0,0,0,0,0.0,0.0,0.8012920000055601,5.634041999996953,6.562166999998453,intervening_contexts,wrong_key_ablation,CRA,wrong_key_ablation,memory_ablation,MockSimulator,43,distractor,between_context_and_decision,4,0,0,internal,0.0034999999999999996,0.0034999999999999996,0.0,0.0,0,False,1,False,-1,1,0.1,0.2,8,8,0,raw,15,False
531,1000.0,8,8,0,8,0,0,3.233870593625465,3.233870593625465,3.233870593625465,0.0,0.0,0.006813473779474668,1.0,0.0,False,0,0,0,0,0,0.0,0.0,0.0,0.0,0.0,0,0.0,0,0,disabled,disabled,True,wrong_key,1,15,False,raw,0,0.0,0.0,trial:-1,4,False,disabled,0,0,False,raw,0,0.0,0.0,,0,False,disabled,False,raw,0.0,0.0,,,,,,,,False,0,0,0,0,0,0,0.0,0.0,0.8486669999996366,5.241999999995528,6.238332999998875,intervening_contexts,wrong_key_ablation,CRA,wrong_key_ablation,memory_ablation,MockSimulator,43,none,none,-1,0,0,internal,0.0,0.0,0.0,0.0,0,False,0,False,-1,1,0.1,0.2,8,8,0,raw,15,False
532,1000.0,8,8,0,8,0,0,3.2275341757483087,3.2275341757483087,3.2275341757483087,0.0,0.0,0.0067367665718202985,1.0,0.0,False,0,0,0,0,0,0.0,0.0,0.0,0.0,0.0,0,0.0,0,0,disabled,disabled,True,wrong_key,1,15,False,raw,0,0.0,0.0,trial:-1,4,False,disabled,0,0,False,raw,0,0.0,0.0,,0,False,disabled,False,raw,0.0,0.0,,,,,,,,False,0,0,0,0,0,0,0.0,0.0,0.800749999996242,5.056457999998543,5.983791999994992,intervening_contexts,wrong_key_ablation,CRA,wrong_key_ablation,memory_ablation,MockSimulator,43,none,none,-1,0,0,internal,0.0,0.0,0.0,0.0,0,False,0,False,-1,1,0.1,0.2,8,8,0,raw,15,False
533,1000.0,8,8,0,8,0,0,3.221229067109789,3.221229067109789,3.221229067109789,0.013503182989109637,0.0,0.006660402262960313,1.0,0.013503182989109637,False,0,0,0,0,0,0.0,0.0,0.0,0.0,0.0,0,0.0,0,0,disabled,disabled,True,wrong_key,1,15,False,raw,0,0.0034999999999999996,0.0034999999999999996,trial:4,4,False,disabled,0,0,False,raw,0,0.0034999999999999996,0.0034999999999999996,,0,False,disabled,False,raw,0.0034999999999999996,0.0034999999999999996,,,,,,,,False,0,0,0,0,0,0,0.0,0.0,0.8210410000089041,5.565750000002367,6.511625000001686,intervening_contexts,wrong_key_ablation,CRA,wrong_key_ablation,memory_ablation,MockSimulator,43,distractor,between_context_and_decision,4,0,0,internal,0.0034999999999999996,0.0034999999999999996,0.0,0.0,0,False,1,False,-1,1,0.1,0.2,8,8,0,raw,15,False
534,1000.0,8,8,0,8,0,0,3.2149551115632393,3.2149551115632393,3.2149551115632393,0.013503182989109637,0.0,0.006584397819826,1.0,0.013503182989109637,False,0,0,0,0,0,0.0,0.0,0.0,0.0,0.0,0,0.0,0,0,disabled,disabled,True,wrong_key,1,15,False,raw,0,0.0034999999999999996,0.0034999999999999996,trial:4,4,False,disabled,0,0,False,raw,0,0.0034999999999999996,0.0034999999999999996,,0,False,disabled,False,raw,0.0034999999999999996,0.0034999999999999996,,,,,,,,False,0,0,0,0,0,0,0.0,0.0,0.8174590000038506,5.13629099999946,6.089000000002898,intervening_contexts,wrong_key_ablation,CRA,wrong_key_ablation,memory_ablation,MockSimulator,43,distractor,between_context_and_decision,4,0,0,internal,0.0034999999999999996,0.0034999999999999996,0.0,0.0,0,False,1,False,-1,1,0.1,0.2,8,8,0,raw,15,False
535,1000.0,8,8,0,8,0,0,3.208712153740779,3.208712153740779,3.208712153740779,0.0,0.0,0.006508769393511874,1.0,0.0,False,0,0,0,0,0,0.0,0.0,0.0,0.0,0.0,0,0.0,0,0,disabled,disabled,True,wrong_key,1,15,False,raw,0,0.0,0.0,trial:-1,4,False,disabled,0,0,False,raw,0,0.0,0.0,,0,False,disabled,False,raw,0.0,0.0,,,,,,,,False,0,0,0,0,0,0,0.0,0.0,0.7953749999956017,5.937041999999337,6.857875000008562,intervening_contexts,wrong_key_ablation,CRA,wrong_key_ablation,memory_ablation,MockSimulator,43,none,none,-1,0,0,internal,0.0,0.0,0.0,0.0,0,False,0,False,-1,1,0.1,0.2,8,8,0,raw,15,False
536,1000.0,8,8,0,8,0,0,3.202500039049427,3.202500039049427,3.202500039049427,-0.013503182989109637,-0.0,0.006433532345122384,1.0,-0.013503182989109637,False,0,0,0,0,0,0.0,0.0,0.0,0.0,0.0,0,0.0,0,0,disabled,disabled,True,wrong_key,1,15,False,raw,0,-0.0034999999999999996,-0.0034999999999999996,trial:4,4,False,disabled,0,0,False,raw,0,-0.0034999999999999996,-0.0034999999999999996,,0,False,disabled,False,raw,-0.0034999999999999996,-0.0034999999999999996,,,,,,,,False,0,0,0,0,0,0,0.0,0.0,0.93037499999582,5.588500000001773,6.711250000009272,intervening_contexts,wrong_key_ablation,CRA,wrong_key_ablation,memory_ablation,MockSimulator,43,distractor,between_context_and_decision,4,0,0,internal,-0.0034999999999999996,-0.0034999999999999996,0.0,0.0,0,False,-1,False,-1,1,0.1,0.2,8,8,0,raw,15,False
537,1000.0,8,8,0,8,0,0,3.1963186136672372,3.1963186136672372,3.1963186136672372,-0.013503182989109637,-0.0,0.006358701270911069,1.0,-0.013503182989109637,False,0,0,0,0,0,0.0,0.0,0.0,0.0,0.0,0,0.0,0,0,disabled,disabled,True,wrong_key,1,15,False,raw,0,-0.0034999999999999996,-0.0034999999999999996,trial:4,4,False,disabled,0,0,False,raw,0,-0.0034999999999999996,-0.0034999999999999996,,0,False,disabled,False,raw,-0.0034999999999999996,-0.0034999999999999996,,,,,,,,False,0,0,0,0,0,0,0.0,0.0,0.8460420000062641,5.399916999991206,6.3819580000057385,intervening_contexts,wrong_key_ablation,CRA,wrong_key_ablation,memory_ablation,MockSimulator,43,distractor,between_context_and_decision,4,0,0,internal,-0.0034999999999999996,-0.0034999999999999996,0.0,0.0,0,False,-1,False,-1,1,0.1,0.2,8,8,0,raw,15,False
538,1000.0,8,8,0,8,0,0,3.1901677245394535,3.1901677245394535,3.1901677245394535,0.0,0.0,0.006284290026730158,1.0,0.0,False,0,0,0,0,0,0.0,0.0,0.0,0.0,0.0,0,0.0,0,0,disabled,disabled,True,wrong_key,1,15,False,raw,0,0.0,0.0,trial:-1,4,False,disabled,0,0,False,raw,0,0.0,0.0,,0,False,disabled,False,raw,0.0,0.0,,,,,,,,False,0,0,0,0,0,0,0.0,0.0,0.8549169999980677,5.895125000009216,6.8824169999999185,intervening_contexts,wrong_key_ablation,CRA,wrong_key_ablation,memory_ablation,MockSimulator,43,none,none,-1,0,0,internal,0.0,0.0,0.0,0.0,0,False,0,False,-1,1,0.1,0.2,8,8,0,raw,15,False
539,1000.0,8,8,0,8,0,0,3.1840472193746843,3.1840472193746843,3.1840472193746843,0.013503182989109637,0.0,0.006210311751808117,1.0,0.013503182989109637,False,0,0,0,0,0,0.0,0.0,0.0,0.0,0.0,0,0.0,0,0,disabled,disabled,True,wrong_key,1,15,False,raw,0,0.0034999999999999996,0.0034999999999999996,trial:4,4,False,disabled,0,0,False,raw,0,0.0034999999999999996,0.0034999999999999996,,0,False,disabled,False,raw,0.0034999999999999996,0.0034999999999999996,,,,,,,,False,0,0,0,0,0,0,0.0,0.0,0.8615000000133932,5.477540999990538,6.482082999994532,intervening_contexts,wrong_key_ablation,CRA,wrong_key_ablation,memory_ablation,MockSimulator,43,distractor,between_context_and_decision,4,0,0,internal,0.0034999999999999996,0.0034999999999999996,0.0,0.0,0,False,1,False,-1,1,0.1,0.2,8,8,0,raw,15,False
540,1000.0,8,8,0,8,0,0,3.1779569466410935,3.1779569466410935,3.1779569466410935,-0.013503182989109637,-0.0,0.006136778891872267,1.0,-0.013503182989109637,False,0,0,0,0,0,0.0,0.0,0.0,0.0,0.0,0,0.0,0,0,disabled,disabled,True,wrong_key,1,15,False,raw,0,-0.0034999999999999996,-0.0034999999999999996,trial:4,4,False,disabled,0,0,False,raw,0,-0.0034999999999999996,-0.0034999999999999996,,0,False,disabled,False,raw,-0.0034999999999999996,-0.0034999999999999996,,,,,,,,False,0,0,0,0,0,0,0.0,0.0,0.8499169999964806,6.199417000004814,7.18387499999551,intervening_contexts,wrong_key_ablation,CRA,wrong_key_ablation,memory_ablation,MockSimulator,43,distractor,between_context_and_decision,4,0,0,internal,-0.0034999999999999996,-0.0034999999999999996,0.0,0.0,0,False,-1,False,-1,1,0.1,0.2,8,8,0,raw,15,False
541,1000.0,8,8,0,8,0,0,3.171896755562613,3.171896755562613,3.171896755562613,0.0,0.0,0.006063703221633128,1.0,0.0,False,0,0,0,0,0,0.0,0.0,0.0,0.0,0.0,0,0.0,0,0,disabled,disabled,True,wrong_key,1,15,False,raw,0,0.0,0.0,trial:-1,4,False,disabled,0,0,False,raw,0,0.0,0.0,,0,False,disabled,False,raw,0.0,0.0,,,,,,,,False,0,0,0,0,0,0,0.0,0.0,0.862959000002661,5.565957999991156,6.572290999997676,intervening_contexts,wrong_key_ablation,CRA,wrong_key_ablation,memory_ablation,MockSimulator,43,none,none,-1,0,0,internal,0.0,0.0,0.0,0.0,0,False,0,False,-1,1,0.1,0.2,8,8,0,raw,15,False
542,1000.0,8,8,0,8,0,0,3.1658664961151737,3.1658664961151737,3.1658664961151737,0.0,0.0,0.005991095866646805,1.0,0.0,False,0,0,0,0,0,0.0,0.0,0.0,0.0,0.0,0,0.0,0,0,disabled,disabled,True,wrong_key,1,15,False,raw,0,0.0,0.0,trial:-1,4,False,disabled,0,0,False,raw,0,0.0,0.0,,0,False,disabled,False,raw,0.0,0.0,,,,,,,,False,0,0,0,0,0,0,0.0,0.0,0.8546669999986989,5.471833000001425,6.461207999990393,intervening_contexts,wrong_key_ablation,CRA,wrong_key_ablation,memory_ablation,MockSimulator,43,none,none,-1,0,0,internal,0.0,0.0,0.0,0.0,0,False,0,False,-1,1,0.1,0.2,8,8,0,raw,15,False
543,1000.0,8,8,0,8,0,0,3.159866019022953,3.159866019022953,3.159866019022953,-0.013503182989109637,-0.0,0.005918967324571281,1.0,-0.013503182989109637,False,0,0,0,0,0,0.0,0.0,0.0,0.0,0.0,0,0.0,0,0,disabled,disabled,True,wrong_key,1,15,False,raw,0,-0.0034999999999999996,-0.0034999999999999996,trial:4,4,False,disabled,0,0,False,raw,0,-0.0034999999999999996,-0.0034999999999999996,,0,False,disabled,False,raw,-0.0034999999999999996,-0.0034999999999999996,,,,,,,,False,0,0,0,0,0,0,0.0,0.0,1.1077499999885276,5.878209000002244,7.14158399999576,intervening_contexts,wrong_key_ablation,CRA,wrong_key_ablation,memory_ablation,MockSimulator,43,distractor,between_context_and_decision,4,0,0,internal,-0.0034999999999999996,-0.0034999999999999996,0.0,0.0,0,False,-1,False,-1,1,0.1,0.2,8,8,0,raw,15,False
544,1000.0,8,8,0,8,0,0,3.153895175754646,3.153895175754646,3.153895175754646,0.0,0.0,0.00584732748583212,1.0,0.0,False,0,0,0,0,0,0.0,0.0,0.0,0.0,0.0,0,0.0,0,0,disabled,disabled,True,wrong_key,1,15,False,raw,0,0.0,0.0,trial:-1,4,False,disabled,0,0,False,raw,0,0.0,0.0,,0,False,disabled,False,raw,0.0,0.0,,,,,,,,False,0,0,0,0,0,0,0.0,0.0,0.8587920000024951,5.499458000002733,6.498750000005771,intervening_contexts,wrong_key_ablation,CRA,wrong_key_ablation,memory_ablation,MockSimulator,43,none,none,-1,0,0,internal,0.0,0.0,0.0,0.0,0,False,0,False,-1,1,0.1,0.2,8,8,0,raw,15,False
545,1000.0,8,8,0,8,0,0,3.147953818519749,3.147953818519749,3.147953818519749,0.0,0.0,0.0057761856537126965,1.0,0.0,False,0,0,0,0,0,0.0,0.0,0.0,0.0,0.0,0,0.0,0,0,disabled,disabled,True,wrong_key,1,15,False,raw,0,0.0,0.0,trial:-1,4,False,disabled,0,0,False,raw,0,0.0,0.0,,0,False,disabled,False,raw,0.0,0.0,,,,,,,,False,0,0,0,0,0,0,0.0,0.0,0.847374999992212,6.199000000009391,7.181166999998823,intervening_contexts,wrong_key_ablation,CRA,wrong_key_ablation,memory_ablation,MockSimulator,43,none,none,-1,0,0,internal,0.0,0.0,0.0,0.0,0,False,0,False,-1,1,0.1,0.2,8,8,0,raw,15,False
546,1000.0,8,8,0,8,0,0,3.142041800264868,3.142041800264868,3.142041800264868,0.013503182989109637,0.0,0.005705550563883717,1.0,0.013503182989109637,False,0,0,0,0,0,0.0,0.0,0.0,0.0,0.0,0,0.0,0,0,disabled,disabled,True,wrong_key,1,15,False,raw,0,0.0034999999999999996,0.0034999999999999996,trial:4,4,False,disabled,0,0,False,raw,0,0.0034999999999999996,0.0034999999999999996,,0,False,disabled,False,raw,0.0034999999999999996,0.0034999999999999996,,,,,,,,False,0,0,0,0,0,0,0.0,0.0,0.8923749999922848,5.57941700000697,6.621416000001545,intervening_contexts,wrong_key_ablation,CRA,wrong_key_ablation,memory_ablation,MockSimulator,43,distractor,between_context_and_decision,4,0,0,internal,0.0034999999999999996,0.0034999999999999996,0.0,0.0,0,False,1,False,-1,1,0.1,0.2,8,8,0,raw,15,False
547,1000.0,8,8,0,8,0,0,3.136158974670039,3.136158974670039,3.136158974670039,-0.013503182989109637,-0.0,0.005635430403386412,1.0,-0.013503182989109637,False,0,0,0,0,0,0.0,0.0,0.0,0.0,0.0,0,0.0,0,0,disabled,disabled,True,wrong_key,1,15,False,raw,0,-0.0034999999999999996,-0.0034999999999999996,trial:4,4,False,disabled,0,0,False,raw,0,-0.0034999999999999996,-0.0034999999999999996,,0,False,disabled,False,raw,-0.0034999999999999996,-0.0034999999999999996,,,,,,,,False,0,0,0,0,0,0,0.0,0.0,0.8073749999937263,5.818375000004039,6.761874999995143,intervening_contexts,wrong_key_ablation,CRA,wrong_key_ablation,memory_ablation,MockSimulator,43,distractor,between_context_and_decision,4,0,0,internal,-0.0034999999999999996,-0.0034999999999999996,0.0,0.0,0,False,-1,False,-1,1,0.1,0.2,8,8,0,raw,15,False
548,1000.0,8,8,0,8,0,0,3.130305196145072,3.130305196145072,3.130305196145072,0.0,0.0,0.005565832829083446,1.0,0.0,False,0,0,0,0,0,0.0,0.0,0.0,0.0,0.0,0,0.0,0,0,disabled,disabled,True,wrong_key,1,15,False,raw,0,0.0,0.0,trial:-1,4,False,disabled,0,0,False,raw,0,0.0,0.0,,0,False,disabled,False,raw,0.0,0.0,,,,,,,,False,0,0,0,0,0,0,0.0,0.0,0.8336249999985057,5.3977079999896205,6.374000000008095,intervening_contexts,wrong_key_ablation,CRA,wrong_key_ablation,memory_ablation,MockSimulator,43,none,none,-1,0,0,internal,0.0,0.0,0.0,0.0,0,False,0,False,-1,1,0.1,0.2,8,8,0,raw,15,False
549,1000.0,8,8,0,8,0,0,3.1244803198259112,3.1244803198259112,3.1244803198259112,-0.013503182989109637,-0.0,0.005496764985591243,1.0,-0.013503182989109637,False,0,0,0,0,0,0.0,0.0,0.0,0.0,0.0,0,0.0,0,0,disabled,disabled,True,wrong_key,1,15,False,raw,0,-0.0034999999999999996,-0.0034999999999999996,trial:4,4,False,disabled,0,0,False,raw,0,-0.0034999999999999996,-0.0034999999999999996,,0,False,disabled,False,raw,-0.0034999999999999996,-0.0034999999999999996,,,,,,,,False,0,0,0,0,0,0,0.0,0.0,0.7997499999987667,5.229958000001034,6.156625000002691,intervening_contexts,wrong_key_ablation,CRA,wrong_key_ablation,memory_ablation,MockSimulator,43,distractor,between_context_and_decision,4,0,0,internal,-0.0034999999999999996,-0.0034999999999999996,0.0,0.0,0,False,-1,False,-1,1,0.1,0.2,8,8,0,raw,15,False
550,1000.0,8,8,0,8,0,0,3.118684201571013,3.118684201571013,3.118684201571013,0.013503182989109637,0.0,0.005428233522707095,1.0,0.013503182989109637,False,0,0,0,0,0,0.0,0.0,0.0,0.0,0.0,0,0.0,0,0,disabled,disabled,True,wrong_key,1,15,False,raw,0,0.0034999999999999996,0.0034999999999999996,trial:4,4,False,disabled,0,0,False,raw,0,0.0034999999999999996,0.0034999999999999996,,0,False,disabled,False,raw,0.0034999999999999996,0.0034999999999999996,,,,,,,,False,0,0,0,0,0,0,0.0,0.0,0.7982500000025539,5.780291999997189,6.704959000003896,intervening_contexts,wrong_key_ablation,CRA,wrong_key_ablation,memory_ablation,MockSimulator,43,distractor,between_context_and_decision,4,0,0,internal,0.0034999999999999996,0.0034999999999999996,0.0,0.0,0,False,1,False,-1,1,0.1,0.2,8,8,0,raw,15,False
551,1000.0,8,8,0,8,0,0,3.1129166979577416,3.1129166979577416,3.1129166979577416,0.0,0.0,0.005360244612344077,1.0,0.0,False,0,0,0,0,0,0.0,0.0,0.0,0.0,0.0,0,0.0,0,0,disabled,disabled,True,wrong_key,1,15,False,raw,0,0.0,0.0,trial:-1,4,False,disabled,0,0,False,raw,0,0.0,0.0,,0,False,disabled,False,raw,0.0,0.0,,,,,,,,False,0,0,0,0,0,0,0.0,0.0,0.8273339999931295,5.406582999995635,6.369249999991666,intervening_contexts,wrong_key_ablation,CRA,wrong_key_ablation,memory_ablation,MockSimulator,43,none,none,-1,0,0,internal,0.0,0.0,0.0,0.0,0,False,0,False,-1,1,0.1,0.2,8,8,0,raw,15,False
552,1000.0,8,8,0,8,0,0,3.107177666278786,3.107177666278786,3.107177666278786,0.03856373404406946,0.36759313656502396,0.005292803964986496,1.0,0.03856373404406946,True,0,0,0,0,0,0.0,0.0,0.0,0.0,0.0,0,0.0,0,0,disabled,disabled,True,wrong_key,1,15,True,internal_wrong_key_context,1,0.01,0.01,trial:4,4,False,disabled,0,0,False,raw,0,0.01,0.01,,0,False,disabled,False,raw,0.01,0.01,,,,,,,,False,0,0,0,0,0,0,0.0,0.0,0.8050830000030373,5.909833999993452,6.840624999995271,intervening_contexts,wrong_key_ablation,CRA,wrong_key_ablation,memory_ablation,MockSimulator,43,decision,target_decision_after_interference,4,1,1,internal,0.01,0.01,0.01,0.01,1,True,1,True,552,1,0.1,0.2,8,8,1,internal_wrong_key_context,15,True
553,1000.0,8,8,0,8,0,0,3.1014669645385893,3.1014669645385893,3.1014669645385893,0.0,0.0,0.005625916845678282,1.0,0.0,False,0,0,0,0,0,0.0,0.0,0.0,0.0,0.0,0,0.0,0,0,disabled,disabled,True,wrong_key,1,15,False,raw,0,0.0,0.0,trial:-1,4,False,disabled,0,0,False,raw,0,0.0,0.0,,0,False,disabled,False,raw,0.0,0.0,,,,,,,,False,0,0,0,0,0,0,0.0,0.0,0.8272089999934451,5.39704100000904,6.361458000000653,intervening_contexts,wrong_key_ablation,CRA,wrong_key_ablation,memory_ablation,MockSimulator,43,none,none,-1,0,0,internal,0.0,0.0,0.0,0.0,0,False,0,False,-1,1,0.1,0.2,8,8,0,raw,15,False
554,1000.0,8,8,0,8,0,0,3.0957844514498007,3.0957844514498007,3.0957844514498007,0.0,0.0,0.005943588089556401,1.0,0.0,False,0,0,0,0,0,0.0,0.0,0.0,0.0,0.0,0,0.0,0,0,disabled,disabled,True,wrong_key,1,15,False,raw,0,0.0,0.0,trial:-1,4,False,disabled,0,0,False,raw,0,0.0,0.0,,0,False,disabled,False,raw,0.0,0.0,,,,,,,,False,0,0,0,0,0,0,0.0,0.0,0.8541669999999613,5.268291999996677,6.248916999993526,intervening_contexts,wrong_key_ablation,CRA,wrong_key_ablation,memory_ablation,MockSimulator,43,none,none,-1,0,0,internal,0.0,0.0,0.0,0.0,0,False,0,False,-1,1,0.1,0.2,8,8,0,raw,15,False
555,1000.0,8,8,0,8,0,0,3.0901299864297425,3.0901299864297425,3.0901299864297425,0.0,0.0,0.006246302116941124,1.0,0.0,False,0,0,0,0,0,0.0,0.0,0.0,0.0,0.0,0,0.0,0,0,disabled,disabled,True,wrong_key,1,15,False,raw,0,0.0,0.0,trial:-1,4,False,disabled,0,0,False,raw,0,0.0,0.0,,0,False,disabled,False,raw,0.0,0.0,,,,,,,,False,0,0,0,0,0,0,0.0,0.0,0.7997499999987667,5.907542000002763,6.832958000003941,intervening_contexts,wrong_key_ablation,CRA,wrong_key_ablation,memory_ablation,MockSimulator,43,none,none,-1,0,0,internal,0.0,0.0,0.0,0.0,0,False,0,False,-1,1,0.1,0.2,8,8,0,raw,15,False
556,1000.0,8,8,0,8,0,0,3.0845034295968956,3.0845034295968956,3.0845034295968956,0.0,0.0,0.006534530147994636,1.0,0.0,False,0,0,0,0,0,0.0,0.0,0.0,0.0,0.0,0,0.0,0,0,disabled,disabled,True,wrong_key,1,15,False,raw,0,0.0,0.0,trial:-1,4,False,disabled,0,0,False,raw,0,0.0,0.0,,0,False,disabled,False,raw,0.0,0.0,,,,,,,,False,0,0,0,0,0,0,0.0,0.0,0.8236669999917012,5.411375000008434,6.371583000003511,intervening_contexts,wrong_key_ablation,CRA,wrong_key_ablation,memory_ablation,MockSimulator,43,none,none,-1,0,0,internal,0.0,0.0,0.0,0.0,0,False,0,False,-1,1,0.1,0.2,8,8,0,raw,15,False
557,1000.0,8,8,0,8,0,0,3.0789046417674024,3.0789046417674024,3.0789046417674024,0.0,0.0,0.00680873053695923,1.0,0.0,False,0,0,0,0,0,0.0,0.0,0.0,0.0,0.0,0,0.0,0,0,disabled,disabled,True,wrong_key,1,15,False,raw,0,0.0,0.0,trial:-1,4,False,disabled,0,0,False,raw,0,0.0,0.0,,0,False,disabled,False,raw,0.0,0.0,,,,,,,,False,0,0,0,0,0,0,0.0,0.0,0.807457999997041,5.75620799999399,6.689333000011288,intervening_contexts,wrong_key_ablation,CRA,wrong_key_ablation,memory_ablation,MockSimulator,43,none,none,-1,0,0,internal,0.0,0.0,0.0,0.0,0,False,0,False,-1,1,0.1,0.2,8,8,0,raw,15,False
558,1000.0,8,8,0,8,0,0,3.073333484451589,3.073333484451589,3.073333484451589,0.0,0.0,0.007069349098306043,1.0,0.0,False,0,0,0,0,0,0.0,0.0,0.0,0.0,0.0,0,0.0,0,0,disabled,disabled,True,wrong_key,1,15,False,raw,0,0.0,0.0,trial:-1,4,False,disabled,0,0,False,raw,0,0.0,0.0,,0,False,disabled,False,raw,0.0,0.0,,,,,,,,False,0,0,0,0,0,0,0.0,0.0,0.9048329999927773,5.4897920000058775,6.5417080000003125,intervening_contexts,wrong_key_ablation,CRA,wrong_key_ablation,memory_ablation,MockSimulator,43,none,none,-1,0,0,internal,0.0,0.0,0.0,0.0,0,False,0,False,-1,1,0.1,0.2,8,8,0,raw,15,False
559,1000.0,8,8,0,8,0,0,3.0677898198504994,3.0677898198504994,3.0677898198504994,0.0,0.0,0.0073168194249842,1.0,0.0,False,0,0,0,0,0,0.0,0.0,0.0,0.0,0.0,0,0.0,0,0,disabled,disabled,True,wrong_key,1,15,False,raw,0,0.0,0.0,trial:-1,4,False,disabled,0,0,False,raw,0,0.0,0.0,,0,False,disabled,False,raw,0.0,0.0,,,,,,,,False,0,0,0,0,0,0,0.0,0.0,0.8024159999990843,5.335999999999785,6.267374999993081,intervening_contexts,wrong_key_ablation,CRA,wrong_key_ablation,memory_ablation,MockSimulator,43,none,none,-1,0,0,internal,0.0,0.0,0.0,0.0,0,False,0,False,-1,1,0.1,0.2,8,8,0,raw,15,False
560,1000.0,8,8,0,8,0,0,3.0622735108524535,3.0622735108524535,3.0622735108524535,0.0,0.0,0.007551563198955908,1.0,0.0,False,0,0,0,0,0,0.0,0.0,0.0,0.0,0.0,0,0.0,0,0,disabled,disabled,True,wrong_key,1,15,False,raw,0,0.0,0.0,trial:-1,4,False,disabled,0,0,False,raw,0,0.0,0.0,,0,False,disabled,False,raw,0.0,0.0,,,,,,,,False,0,0,0,0,0,0,0.0,0.0,0.8115830000008373,5.809083000002602,6.7476660000096444,intervening_contexts,wrong_key_ablation,CRA,wrong_key_ablation,memory_ablation,MockSimulator,43,none,none,-1,0,0,internal,0.0,0.0,0.0,0.0,0,False,0,False,-1,1,0.1,0.2,8,8,0,raw,15,False
561,1000.0,8,8,0,8,0,0,3.056784421029618,3.056784421029618,3.056784421029618,0.0,0.0,0.0077739904941987546,1.0,0.0,False,0,0,0,0,0,0.0,0.0,0.0,0.0,0.0,0,0.0,0,0,disabled,disabled,True,wrong_key,1,15,False,raw,0,0.0,0.0,trial:-1,4,False,disabled,0,0,False,raw,0,0.0,0.0,,0,False,disabled,False,raw,0.0,0.0,,,,,,,,False,0,0,0,0,0,0,0.0,0.0,0.8284999999972342,5.461500000009778,6.4259159999977555,intervening_contexts,wrong_key_ablation,CRA,wrong_key_ablation,memory_ablation,MockSimulator,43,none,none,-1,0,0,internal,0.0,0.0,0.0,0.0,0,False,0,False,-1,1,0.1,0.2,8,8,0,raw,15,False
562,1000.0,8,8,0,8,0,0,3.0513224146345963,3.0513224146345963,3.0513224146345963,0.0,0.0,0.007984500072352305,1.0,0.0,False,0,0,0,0,0,0.0,0.0,0.0,0.0,0.0,0,0.0,0,0,disabled,disabled,True,wrong_key,1,15,False,raw,0,0.0,0.0,trial:-1,4,False,disabled,0,0,False,raw,0,0.0,0.0,,0,False,disabled,False,raw,0.0,0.0,,,,,,,,False,0,0,0,0,0,0,0.0,0.0,0.8116249999972069,5.78670800000225,6.7280840000023545,intervening_contexts,wrong_key_ablation,CRA,wrong_key_ablation,memory_ablation,MockSimulator,43,none,none,-1,0,0,internal,0.0,0.0,0.0,0.0,0,False,0,False,-1,1,0.1,0.2,8,8,0,raw,15,False
563,1000.0,8,8,0,8,0,0,3.045887356597034,3.045887356597034,3.045887356597034,0.0,0.0,0.008183479671182034,1.0,0.0,False,0,0,0,0,0,0.0,0.0,0.0,0.0,0.0,0,0.0,0,0,disabled,disabled,True,wrong_key,1,15,False,raw,0,0.0,0.0,trial:-1,4,False,disabled,0,0,False,raw,0,0.0,0.0,,0,False,disabled,False,raw,0.0,0.0,,,,,,,,False,0,0,0,0,0,0,0.0,0.0,0.9116669999968963,5.576707999992436,6.633875000005673,intervening_contexts,wrong_key_ablation,CRA,wrong_key_ablation,memory_ablation,MockSimulator,43,none,none,-1,0,0,internal,0.0,0.0,0.0,0.0,0,False,0,False,-1,1,0.1,0.2,8,8,0,raw,15,False
564,1000.0,8,8,0,8,0,0,3.0404791125202437,3.0404791125202437,3.0404791125202437,0.0,0.0,0.008371306286029633,1.0,0.0,False,0,0,0,0,0,0.0,0.0,0.0,0.0,0.0,0,0.0,0,0,disabled,disabled,True,wrong_key,1,15,False,raw,0,0.0,0.0,trial:-1,4,False,disabled,0,0,False,raw,0,0.0,0.0,,0,False,disabled,False,raw,0.0,0.0,,,,,,,,False,0,0,0,0,0,0,0.0,0.0,0.7994169999960832,5.406833000009215,6.335042000003455,intervening_contexts,wrong_key_ablation,CRA,wrong_key_ablation,memory_ablation,MockSimulator,43,none,none,-1,0,0,internal,0.0,0.0,0.0,0.0,0,False,0,False,-1,1,0.1,0.2,8,8,0,raw,15,False
565,1000.0,8,8,0,8,0,0,3.035097548677842,3.035097548677842,3.035097548677842,0.0,0.0,0.008548346444414856,1.0,0.0,False,0,0,0,0,0,0.0,0.0,0.0,0.0,0.0,0,0.0,0,0,disabled,disabled,True,wrong_key,1,15,False,raw,0,0.0,0.0,trial:-1,4,False,disabled,0,0,False,raw,0,0.0,0.0,,0,False,disabled,False,raw,0.0,0.0,,,,,,,,False,0,0,0,0,0,0,0.0,0.0,0.7924169999995456,5.922000000012417,6.841292000004273,intervening_contexts,wrong_key_ablation,CRA,wrong_key_ablation,memory_ablation,MockSimulator,43,none,none,-1,0,0,internal,0.0,0.0,0.0,0.0,0,False,0,False,-1,1,0.1,0.2,8,8,0,raw,15,False
566,1000.0,8,8,0,8,0,0,3.029742532010411,3.029742532010411,3.029742532010411,0.0,0.0,0.008714956473950257,1.0,0.0,False,0,0,0,0,0,0.0,0.0,0.0,0.0,0.0,0,0.0,0,0,disabled,disabled,True,wrong_key,1,15,False,raw,0,0.0,0.0,trial:-1,4,False,disabled,0,0,False,raw,0,0.0,0.0,,0,False,disabled,False,raw,0.0,0.0,,,,,,,,False,0,0,0,0,0,0,0.0,0.0,0.8340830000008737,5.517209000004186,6.494875000001343,intervening_contexts,wrong_key_ablation,CRA,wrong_key_ablation,memory_ablation,MockSimulator,43,none,none,-1,0,0,internal,0.0,0.0,0.0,0.0,0,False,0,False,-1,1,0.1,0.2,8,8,0,raw,15,False
567,1000.0,8,8,0,8,0,0,3.024413930122167,3.024413930122167,3.024413930122167,0.0,0.0,0.008871482763726476,1.0,0.0,False,0,0,0,0,0,0.0,0.0,0.0,0.0,0.0,0,0.0,0,0,disabled,disabled,True,wrong_key,1,15,False,raw,0,0.0,0.0,trial:-1,4,False,disabled,0,0,False,raw,0,0.0,0.0,,0,False,disabled,False,raw,0.0,0.0,,,,,,,,False,0,0,0,0,0,0,0.0,0.0,0.7978339999965556,5.9837080000022524,6.907249999997589,intervening_contexts,wrong_key_ablation,CRA,wrong_key_ablation,memory_ablation,MockSimulator,43,none,none,-1,0,0,internal,0.0,0.0,0.0,0.0,0,False,0,False,-1,1,0.1,0.2,8,8,0,raw,15,False
568,1000.0,8,8,0,8,0,0,3.019111611277653,3.019111611277653,3.019111611277653,0.0,0.0,0.009018262019322067,1.0,0.0,False,0,0,0,0,0,0.0,0.0,0.0,0.0,0.0,0,0.0,0,0,disabled,disabled,True,wrong_key,1,15,False,raw,0,0.0,0.0,trial:-1,4,False,disabled,0,0,False,raw,0,0.0,0.0,,0,False,disabled,False,raw,0.0,0.0,,,,,,,,False,0,0,0,0,0,0,0.0,0.0,0.8527499999928523,5.546292000005337,6.537000000008675,intervening_contexts,wrong_key_ablation,CRA,wrong_key_ablation,memory_ablation,MockSimulator,43,none,none,-1,0,0,internal,0.0,0.0,0.0,0.0,0,False,0,False,-1,1,0.1,0.2,8,8,0,raw,15,False
569,1000.0,8,8,0,8,0,0,3.0138354443984468,3.0138354443984468,3.0138354443984468,0.0,0.0,0.009155621511588344,1.0,0.0,False,0,0,0,0,0,0.0,0.0,0.0,0.0,0.0,0,0.0,0,0,disabled,disabled,True,wrong_key,1,15,False,raw,0,0.0,0.0,trial:-1,4,False,disabled,0,0,False,raw,0,0.0,0.0,,0,False,disabled,False,raw,0.0,0.0,,,,,,,,False,0,0,0,0,0,0,0.0,0.0,0.804500000000985,5.470541999997636,6.401582999998823,intervening_contexts,wrong_key_ablation,CRA,wrong_key_ablation,memory_ablation,MockSimulator,43,none,none,-1,0,0,internal,0.0,0.0,0.0,0.0,0,False,0,False,-1,1,0.1,0.2,8,8,0,raw,15,False
570,1000.0,8,8,0,8,0,0,3.00858529905988,3.00858529905988,3.00858529905988,0.0,0.0,0.00928387931935624,1.0,0.0,False,0,0,0,0,0,0.0,0.0,0.0,0.0,0.0,0,0.0,0,0,disabled,disabled,True,wrong_key,1,15,False,raw,0,0.0,0.0,trial:-1,4,False,disabled,0,0,False,raw,0,0.0,0.0,,0,False,disabled,False,raw,0.0,0.0,,,,,,,,False,0,0,0,0,0,0,0.0,0.0,0.8164590000063754,5.909915999993132,6.853082999995763,intervening_contexts,wrong_key_ablation,CRA,wrong_key_ablation,memory_ablation,MockSimulator,43,none,none,-1,0,0,internal,0.0,0.0,0.0,0.0,0,False,0,False,-1,1,0.1,0.2,8,8,0,raw,15,False
571,1000.0,8,8,0,8,0,0,3.003361045487782,3.003361045487782,3.003361045487782,0.0,0.0,0.009403344566208784,1.0,0.0,False,0,0,0,0,0,0.0,0.0,0.0,0.0,0.0,0,0.0,0,0,disabled,disabled,True,wrong_key,1,15,False,raw,0,0.0,0.0,trial:-1,4,False,disabled,0,0,False,raw,0,0.0,0.0,,0,False,disabled,False,raw,0.0,0.0,,,,,,,,False,0,0,0,0,0,0,0.0,0.0,0.8371670000002496,5.545624999996335,6.519959000002018,intervening_contexts,wrong_key_ablation,CRA,wrong_key_ablation,memory_ablation,MockSimulator,43,none,none,-1,0,0,internal,0.0,0.0,0.0,0.0,0,False,0,False,-1,1,0.1,0.2,8,8,0,raw,15,False
572,1000.0,8,8,0,8,0,0,2.998162554555231,2.998162554555231,2.998162554555231,0.0,0.0,0.009514317651459483,1.0,0.0,False,0,0,0,0,0,0.0,0.0,0.0,0.0,0.0,0,0.0,0,0,disabled,disabled,True,wrong_key,1,15,False,raw,0,0.0,0.0,trial:-1,4,False,disabled,0,0,False,raw,0,0.0,0.0,,0,False,disabled,False,raw,0.0,0.0,,,,,,,,False,0,0,0,0,0,0,0.0,0.0,0.8110830000020997,6.095208999994384,7.041125000000648,intervening_contexts,wrong_key_ablation,CRA,wrong_key_ablation,memory_ablation,MockSimulator,43,none,none,-1,0,0,internal,0.0,0.0,0.0,0.0,0,False,0,False,-1,1,0.1,0.2,8,8,0,raw,15,False
573,1000.0,8,8,0,8,0,0,2.992989697779329,2.992989697779329,2.992989697779329,0.0,0.0,0.00961709047547367,1.0,0.0,False,0,0,0,0,0,0.0,0.0,0.0,0.0,0.0,0,0.0,0,0,disabled,disabled,True,wrong_key,1,15,False,raw,0,0.0,0.0,trial:-1,4,False,disabled,0,0,False,raw,0,0.0,0.0,,0,False,disabled,False,raw,0.0,0.0,,,,,,,,False,0,0,0,0,0,0,0.0,0.0,0.8446659999918893,5.595542000008891,6.582917000002908,intervening_contexts,wrong_key_ablation,CRA,wrong_key_ablation,memory_ablation,MockSimulator,43,none,none,-1,0,0,internal,0.0,0.0,0.0,0.0,0,False,0,False,-1,1,0.1,0.2,8,8,0,raw,15,False
574,1000.0,8,8,0,8,0,0,2.98784234731799,2.98784234731799,2.98784234731799,0.0,0.0,0.009711946659466708,1.0,0.0,False,0,0,0,0,0,0.0,0.0,0.0,0.0,0.0,0,0.0,0,0,disabled,disabled,True,wrong_key,1,15,False,raw,0,0.0,0.0,trial:-1,4,False,disabled,0,0,False,raw,0,0.0,0.0,,0,False,disabled,False,raw,0.0,0.0,,,,,,,,False,0,0,0,0,0,0,0.0,0.0,0.805583000001775,5.577375000001439,6.509667000003105,intervening_contexts,wrong_key_ablation,CRA,wrong_key_ablation,memory_ablation,MockSimulator,43,none,none,-1,0,0,internal,0.0,0.0,0.0,0.0,0,False,0,False,-1,1,0.1,0.2,8,8,0,raw,15,False
575,1000.0,8,8,0,8,0,0,2.9827203759667418,2.9827203759667418,2.9827203759667418,0.0,0.0,0.009799161759909835,1.0,0.0,False,0,0,0,0,0,0.0,0.0,0.0,0.0,0.0,0,0.0,0,0,disabled,disabled,True,wrong_key,1,15,False,raw,0,0.0,0.0,trial:-1,4,False,disabled,0,0,False,raw,0,0.0,0.0,,0,False,disabled,False,raw,0.0,0.0,,,,,,,,False,0,0,0,0,0,0,0.0,0.0,1.1203749999992851,5.7636670000107415,7.017958999995244,intervening_contexts,wrong_key_ablation,CRA,wrong_key_ablation,memory_ablation,MockSimulator,43,none,none,-1,0,0,internal,0.0,0.0,0.0,0.0,0,False,0,False,-1,1,0.1,0.2,8,8,0,raw,15,False
576,1000.0,8,8,0,8,0,0,2.9776236571555463,2.9776236571555463,2.9776236571555463,0.0,0.0,0.00987900347767145,1.0,0.0,False,0,0,0,0,0,0.0,0.0,0.0,0.0,0.0,0,0.0,0,0,disabled,disabled,True,wrong_key,1,15,False,raw,0,0.0,0.0,trial:-1,4,False,disabled,0,0,False,raw,0,0.0,0.0,,0,False,disabled,False,raw,0.0,0.0,,,,,,,,False,0,0,0,0,0,0,0.0,0.0,0.8014170000052445,5.5457079999996495,6.477625000002263,intervening_contexts,wrong_key_ablation,CRA,wrong_key_ablation,memory_ablation,MockSimulator,43,none,none,-1,0,0,internal,0.0,0.0,0.0,0.0,0,False,0,False,-1,1,0.1,0.2,8,8,0,raw,15,False
577,1000.0,8,8,0,8,0,0,2.9725520649456367,2.9725520649456367,2.9725520649456367,0.0,0.0,0.009951731862018635,1.0,0.0,False,0,0,0,0,0,0.0,0.0,0.0,0.0,0.0,0,0.0,0,0,disabled,disabled,True,wrong_key,1,15,False,raw,0,0.0,0.0,trial:-1,4,False,disabled,0,0,False,raw,0,0.0,0.0,,0,False,disabled,False,raw,0.0,0.0,,,,,,,,False,0,0,0,0,0,0,0.0,0.0,0.8287080000002334,6.136250000011501,7.090125000004832,intervening_contexts,wrong_key_ablation,CRA,wrong_key_ablation,memory_ablation,MockSimulator,43,none,none,-1,0,0,internal,0.0,0.0,0.0,0.0,0,False,0,False,-1,1,0.1,0.2,8,8,0,raw,15,False
578,1000.0,8,8,0,8,0,0,2.9675054740263684,2.9675054740263684,2.9675054740263684,0.0,0.0,0.010017599509600867,1.0,0.0,False,0,0,0,0,0,0.0,0.0,0.0,0.0,0.0,0,0.0,0,0,disabled,disabled,True,wrong_key,1,15,False,raw,0,0.0,0.0,trial:-1,4,False,disabled,0,0,False,raw,0,0.0,0.0,,0,False,disabled,False,raw,0.0,0.0,,,,,,,,False,0,0,0,0,0,0,0.0,0.0,0.8293750000092359,5.622916999996619,6.590083000006075,intervening_contexts,wrong_key_ablation,CRA,wrong_key_ablation,memory_ablation,MockSimulator,43,none,none,-1,0,0,internal,0.0,0.0,0.0,0.0,0,False,0,False,-1,1,0.1,0.2,8,8,0,raw,15,False
579,1000.0,8,8,0,8,0,0,2.9624837597120854,2.9624837597120854,2.9624837597120854,0.0,0.0,0.010076851758535,1.0,0.0,False,0,0,0,0,0,0.0,0.0,0.0,0.0,0.0,0,0.0,0,0,disabled,disabled,True,wrong_key,1,15,False,raw,0,0.0,0.0,trial:-1,4,False,disabled,0,0,False,raw,0,0.0,0.0,,0,False,disabled,False,raw,0.0,0.0,,,,,,,,False,0,0,0,0,0,0,0.0,0.0,0.8058330000011438,5.947832999993352,6.880666999990126,intervening_contexts,wrong_key_ablation,CRA,wrong_key_ablation,memory_ablation,MockSimulator,43,none,none,-1,0,0,internal,0.0,0.0,0.0,0.0,0,False,0,False,-1,1,0.1,0.2,8,8,0,raw,15,False
580,1000.0,8,8,0,8,0,0,2.9574867979390036,2.9574867979390036,2.9574867979390036,0.0,0.0,0.01012972687770793,1.0,0.0,False,0,0,0,0,0,0.0,0.0,0.0,0.0,0.0,0,0.0,0,0,disabled,disabled,True,wrong_key,1,15,False,raw,0,0.0,0.0,trial:-1,4,False,disabled,0,0,False,raw,0,0.0,0.0,,0,False,disabled,False,raw,0.0,0.0,,,,,,,,False,0,0,0,0,0,0,0.0,0.0,0.9251249999948641,5.7378329999977495,6.821500000000924,intervening_contexts,wrong_key_ablation,CRA,wrong_key_ablation,memory_ablation,MockSimulator,43,none,none,-1,0,0,internal,0.0,0.0,0.0,0.0,0,False,0,False,-1,1,0.1,0.2,8,8,0,raw,15,False
581,1000.0,8,8,0,8,0,0,2.95251446526211,2.95251446526211,2.95251446526211,0.0,0.0,0.010176456251410525,1.0,0.0,False,0,0,0,0,0,0.0,0.0,0.0,0.0,0.0,0,0.0,0,0,disabled,disabled,True,wrong_key,1,15,False,raw,0,0.0,0.0,trial:-1,4,False,disabled,0,0,False,raw,0,0.0,0.0,,0,False,disabled,False,raw,0.0,0.0,,,,,,,,False,0,0,0,0,0,0,0.0,0.0,0.8025409999987687,5.625417000004518,6.557749999998919,intervening_contexts,wrong_key_ablation,CRA,wrong_key_ablation,memory_ablation,MockSimulator,43,none,none,-1,0,0,internal,0.0,0.0,0.0,0.0,0,False,0,False,-1,1,0.1,0.2,8,8,0,raw,15,False
582,1000.0,8,8,0,8,0,0,2.9475666388520754,2.9475666388520754,2.9475666388520754,0.0,0.0,0.010217264559413934,1.0,0.0,False,0,0,0,0,0,0.0,0.0,0.0,0.0,0.0,0,0.0,0,0,disabled,disabled,True,wrong_key,1,15,False,raw,0,0.0,0.0,trial:-1,4,False,disabled,0,0,False,raw,0,0.0,0.0,,0,False,disabled,False,raw,0.0,0.0,,,,,,,,False,0,0,0,0,0,0,0.0,0.0,0.8409590000013623,6.19162499999959,7.158125000003679,intervening_contexts,wrong_key_ablation,CRA,wrong_key_ablation,memory_ablation,MockSimulator,43,none,none,-1,0,0,internal,0.0,0.0,0.0,0.0,0,False,0,False,-1,1,0.1,0.2,8,8,0,raw,15,False
583,1000.0,8,8,0,8,0,0,2.942643196492184,2.942643196492184,2.942643196492184,0.0,0.0,0.010252369952596643,1.0,0.0,False,0,0,0,0,0,0.0,0.0,0.0,0.0,0.0,0,0.0,0,0,disabled,disabled,True,wrong_key,1,15,False,raw,0,0.0,0.0,trial:-1,4,False,disabled,0,0,False,raw,0,0.0,0.0,,0,False,disabled,False,raw,0.0,0.0,,,,,,,,False,0,0,0,0,0,0,0.0,0.0,0.8400000000108321,5.771416999991175,6.7465830000088545,intervening_contexts,wrong_key_ablation,CRA,wrong_key_ablation,memory_ablation,MockSimulator,43,none,none,-1,0,0,internal,0.0,0.0,0.0,0.0,0,False,0,False,-1,1,0.1,0.2,8,8,0,raw,15,False
584,1000.0,8,8,0,8,0,0,2.937744016575279,2.937744016575279,2.937744016575279,0.0,0.0,0.010281984224228278,1.0,0.0,False,0,0,0,0,0,0.0,0.0,0.0,0.0,0.0,0,0.0,0,0,disabled,disabled,True,wrong_key,1,15,False,raw,0,0.0,0.0,trial:-1,4,False,disabled,0,0,False,raw,0,0.0,0.0,,0,False,disabled,False,raw,0.0,0.0,,,,,,,,False,0,0,0,0,0,0,0.0,0.0,0.7982089999956088,6.164874999996073,7.10570900000107,intervening_contexts,wrong_key_ablation,CRA,wrong_key_ablation,memory_ablation,MockSimulator,43,none,none,-1,0,0,internal,0.0,0.0,0.0,0.0,0,False,0,False,-1,1,0.1,0.2,8,8,0,raw,15,False
585,1000.0,8,8,0,8,0,0,2.9328689781007204,2.9328689781007204,2.9328689781007204,0.0,0.0,0.010306312977013609,1.0,0.0,False,0,0,0,0,0,0.0,0.0,0.0,0.0,0.0,0,0.0,0,0,disabled,disabled,True,wrong_key,1,15,False,raw,0,0.0,0.0,trial:-1,4,False,disabled,0,0,False,raw,0,0.0,0.0,,0,False,disabled,False,raw,0.0,0.0,,,,,,,,False,0,0,0,0,0,0,0.0,0.0,0.8683749999960355,5.690375000000358,6.698749999998199,intervening_contexts,wrong_key_ablation,CRA,wrong_key_ablation,memory_ablation,MockSimulator,43,none,none,-1,0,0,internal,0.0,0.0,0.0,0.0,0,False,0,False,-1,1,0.1,0.2,8,8,0,raw,15,False
586,1000.0,8,8,0,8,0,0,2.928017960671362,2.928017960671362,2.928017960671362,0.0,0.0,0.010325555785997836,1.0,0.0,False,0,0,0,0,0,0.0,0.0,0.0,0.0,0.0,0,0.0,0,0,disabled,disabled,True,wrong_key,1,15,False,raw,0,0.0,0.0,trial:-1,4,False,disabled,0,0,False,raw,0,0.0,0.0,,0,False,disabled,False,raw,0.0,0.0,,,,,,,,False,0,0,0,0,0,0,0.0,0.0,0.8009579999992411,5.735458000003746,6.662333999997827,intervening_contexts,wrong_key_ablation,CRA,wrong_key_ablation,memory_ablation,MockSimulator,43,none,none,-1,0,0,internal,0.0,0.0,0.0,0.0,0,False,0,False,-1,1,0.1,0.2,8,8,0,raw,15,False
587,1000.0,8,8,0,8,0,0,2.923190844490541,2.923190844490541,2.923190844490541,0.0,0.0,0.010339906357431887,1.0,0.0,False,0,0,0,0,0,0.0,0.0,0.0,0.0,0.0,0,0.0,0,0,disabled,disabled,True,wrong_key,1,15,False,raw,0,0.0,0.0,trial:-1,4,False,disabled,0,0,False,raw,0,0.0,0.0,,0,False,disabled,False,raw,0.0,0.0,,,,,,,,False,0,0,0,0,0,0,0.0,0.0,0.9497089999968011,5.856082999997625,6.9548339999983,intervening_contexts,wrong_key_ablation,CRA,wrong_key_ablation,memory_ablation,MockSimulator,43,none,none,-1,0,0,internal,0.0,0.0,0.0,0.0,0,False,0,False,-1,1,0.1,0.2,8,8,0,raw,15,False
588,1000.0,8,8,0,8,0,0,2.9183875103590813,2.9183875103590813,2.9183875103590813,0.0,0.0,0.010349552683694177,1.0,0.0,False,0,0,0,0,0,0.0,0.0,0.0,0.0,0.0,0,0.0,0,0,disabled,disabled,True,wrong_key,1,15,False,raw,0,0.0,0.0,trial:-1,4,False,disabled,0,0,False,raw,0,0.0,0.0,,0,False,disabled,False,raw,0.0,0.0,,,,,,,,False,0,0,0,0,0,0,0.0,0.0,0.7996660000060274,5.730374999998844,6.661166000000662,intervening_contexts,wrong_key_ablation,CRA,wrong_key_ablation,memory_ablation,MockSimulator,43,none,none,-1,0,0,internal,0.0,0.0,0.0,0.0,0,False,0,False,-1,1,0.1,0.2,8,8,0,raw,15,False
589,1000.0,8,8,0,8,0,0,2.913607839672316,2.913607839672316,2.913607839672316,0.0,0.0,0.010354677194363004,1.0,0.0,False,0,0,0,0,0,0.0,0.0,0.0,0.0,0.0,0,0.0,0,0,disabled,disabled,True,wrong_key,1,15,False,raw,0,0.0,0.0,trial:-1,4,False,disabled,0,0,False,raw,0,0.0,0.0,,0,False,disabled,False,raw,0.0,0.0,,,,,,,,False,0,0,0,0,0,0,0.0,0.0,0.9348330000022997,5.867542000004278,6.928500000000781,intervening_contexts,wrong_key_ablation,CRA,wrong_key_ablation,memory_ablation,MockSimulator,43,none,none,-1,0,0,internal,0.0,0.0,0.0,0.0,0,False,0,False,-1,1,0.1,0.2,8,8,0,raw,15,False
590,1000.0,8,8,0,8,0,0,2.9088517144171204,2.9088517144171204,2.9088517144171204,0.0,0.0,0.010355456903531601,1.0,0.0,False,0,0,0,0,0,0.0,0.0,0.0,0.0,0.0,0,0.0,0,0,disabled,disabled,True,wrong_key,1,15,False,raw,0,0.0,0.0,trial:-1,4,False,disabled,0,0,False,raw,0,0.0,0.0,,0,False,disabled,False,raw,0.0,0.0,,,,,,,,False,0,0,0,0,0,0,0.0,0.0,0.8072920000046224,5.685165999992137,6.624625000000606,intervening_contexts,wrong_key_ablation,CRA,wrong_key_ablation,memory_ablation,MockSimulator,43,none,none,-1,0,0,internal,0.0,0.0,0.0,0.0,0,False,0,False,-1,1,0.1,0.2,8,8,0,raw,15,False
591,1000.0,8,8,0,8,0,0,2.9041190171689637,2.9041190171689637,2.9041190171689637,0.0,0.0,0.010352063553455708,1.0,0.0,False,0,0,0,0,0,0.0,0.0,0.0,0.0,0.0,0,0.0,0,0,disabled,disabled,True,wrong_key,1,15,False,raw,0,0.0,0.0,trial:-1,4,False,disabled,0,0,False,raw,0,0.0,0.0,,0,False,disabled,False,raw,0.0,0.0,,,,,,,,False,0,0,0,0,0,0,0.0,0.0,0.7955409999880203,5.990375000010317,6.912958000000913,intervening_contexts,wrong_key_ablation,CRA,wrong_key_ablation,memory_ablation,MockSimulator,43,none,none,-1,0,0,internal,0.0,0.0,0.0,0.0,0,False,0,False,-1,1,0.1,0.2,8,8,0,raw,15,False
592,1000.0,8,8,0,8,0,0,2.8994096310889703,2.8994096310889703,2.8994096310889703,0.0,0.0,0.010344663754621437,1.0,0.0,False,0,0,0,0,0,0.0,0.0,0.0,0.0,0.0,0,0.0,0,0,disabled,disabled,True,wrong_key,1,15,False,raw,0,0.0,0.0,trial:-1,4,False,disabled,0,0,False,raw,0,0.0,0.0,,0,False,disabled,False,raw,0.0,0.0,,,,,,,,False,0,0,0,0,0,0,0.0,0.0,0.8317909999959738,5.765709000002062,6.744041000004586,intervening_contexts,wrong_key_ablation,CRA,wrong_key_ablation,memory_ablation,MockSimulator,43,none,none,-1,0,0,internal,0.0,0.0,0.0,0.0,0,False,0,False,-1,1,0.1,0.2,8,8,0,raw,15,False
593,1000.0,8,8,0,8,0,0,2.8947234399210027,2.8947234399210027,2.8947234399210027,0.0,0.0,0.010333419122319155,1.0,0.0,False,0,0,0,0,0,0.0,0.0,0.0,0.0,0.0,0,0.0,0,0,disabled,disabled,True,wrong_key,1,15,False,raw,0,0.0,0.0,trial:-1,4,False,disabled,0,0,False,raw,0,0.0,0.0,,0,False,disabled,False,raw,0.0,0.0,,,,,,,,False,0,0,0,0,0,0,0.0,0.0,0.8027500000054033,5.935249999993175,6.863707999997359,intervening_contexts,wrong_key_ablation,CRA,wrong_key_ablation,memory_ablation,MockSimulator,43,none,none,-1,0,0,internal,0.0,0.0,0.0,0.0,0,False,0,False,-1,1,0.1,0.2,8,8,0,raw,15,False
594,1000.0,8,8,0,8,0,0,2.8900603279887513,2.8900603279887513,2.8900603279887513,0.0,0.0,0.010318486409807115,1.0,0.0,False,0,0,0,0,0,0.0,0.0,0.0,0.0,0.0,0,0.0,0,0,disabled,disabled,True,wrong_key,1,15,False,raw,0,0.0,0.0,trial:-1,4,False,disabled,0,0,False,raw,0,0.0,0.0,,0,False,disabled,False,raw,0.0,0.0,,,,,,,,False,0,0,0,0,0,0,0.0,0.0,0.8094579999919915,5.708917000006863,6.649209000002543,intervening_contexts,wrong_key_ablation,CRA,wrong_key_ablation,memory_ablation,MockSimulator,43,none,none,-1,0,0,internal,0.0,0.0,0.0,0.0,0,False,0,False,-1,1,0.1,0.2,8,8,0,raw,15,False
595,1000.0,8,8,0,8,0,0,2.885420180192845,2.885420180192845,2.885420180192845,0.0,0.0,0.010300017638146631,1.0,0.0,False,0,0,0,0,0,0.0,0.0,0.0,0.0,0.0,0,0.0,0,0,disabled,disabled,True,wrong_key,1,15,False,raw,0,0.0,0.0,trial:-1,4,False,disabled,0,0,False,raw,0,0.0,0.0,,0,False,disabled,False,raw,0.0,0.0,,,,,,,,False,0,0,0,0,0,0,0.0,0.0,0.8081250000060436,5.657624999997779,6.590957999989655,intervening_contexts,wrong_key_ablation,CRA,wrong_key_ablation,memory_ablation,MockSimulator,43,none,none,-1,0,0,internal,0.0,0.0,0.0,0.0,0,False,0,False,-1,1,0.1,0.2,8,8,0,raw,15,False
596,1000.0,8,8,0,8,0,0,2.880802882007973,2.880802882007973,2.880802882007973,0.0,0.0,0.010278160222788641,1.0,0.0,False,0,0,0,0,0,0.0,0.0,0.0,0.0,0.0,0,0.0,0,0,disabled,disabled,True,wrong_key,1,15,False,raw,0,0.0,0.0,trial:-1,4,False,disabled,0,0,False,raw,0,0.0,0.0,,0,False,disabled,False,raw,0.0,0.0,,,,,,,,False,0,0,0,0,0,0,0.0,0.0,0.8022500000066657,5.863457999993216,6.791667000001667,intervening_contexts,wrong_key_ablation,CRA,wrong_key_ablation,memory_ablation,MockSimulator,43,none,none,-1,0,0,internal,0.0,0.0,0.0,0.0,0,False,0,False,-1,1,0.1,0.2,8,8,0,raw,15,False
597,1000.0,8,8,0,8,0,0,2.876208319480022,2.876208319480022,2.876208319480022,0.0,0.0,0.010253057096989714,1.0,0.0,False,0,0,0,0,0,0.0,0.0,0.0,0.0,0.0,0,0.0,0,0,disabled,disabled,True,wrong_key,1,15,False,raw,0,0.0,0.0,trial:-1,4,False,disabled,0,0,False,raw,0,0.0,0.0,,0,False,disabled,False,raw,0.0,0.0,,,,,,,,False,0,0,0,0,0,0,0.0,0.0,0.8118340000038415,5.831415999992373,6.774707999994689,intervening_contexts,wrong_key_ablation,CRA,wrong_key_ablation,memory_ablation,MockSimulator,43,none,none,-1,0,0,internal,0.0,0.0,0.0,0.0,0,False,0,False,-1,1,0.1,0.2,8,8,0,raw,15,False
598,1000.0,8,8,0,8,0,0,2.8716363792232262,2.8716363792232262,2.8716363792232262,0.0,0.0,0.010224846832133629,1.0,0.0,False,0,0,0,0,0,0.0,0.0,0.0,0.0,0.0,0,0.0,0,0,disabled,disabled,True,wrong_key,1,15,False,raw,0,0.0,0.0,trial:-1,4,False,disabled,0,0,False,raw,0,0.0,0.0,,0,False,disabled,False,raw,0.0,0.0,,,,,,,,False,0,0,0,0,0,0,0.0,0.0,0.8010419999919804,5.802583000004802,6.73324999999636,intervening_contexts,wrong_key_ablation,CRA,wrong_key_ablation,memory_ablation,MockSimulator,43,none,none,-1,0,0,internal,0.0,0.0,0.0,0.0,0,False,0,False,-1,1,0.1,0.2,8,8,0,raw,15,False
599,1000.0,8,8,0,8,0,0,2.8670869484173336,2.8670869484173336,2.8670869484173336,0.0,0.0,0.01019366375503299,1.0,0.0,False,0,0,0,0,0,0.0,0.0,0.0,0.0,0.0,0,0.0,0,0,disabled,disabled,True,wrong_key,1,15,False,raw,0,0.0,0.0,trial:-1,4,False,disabled,0,0,False,raw,0,0.0,0.0,,0,False,disabled,False,raw,0.0,0.0,,,,,,,,False,0,0,0,0,0,0,0.0,0.0,0.8397499999972524,5.861791999990373,6.868041999993579,intervening_contexts,wrong_key_ablation,CRA,wrong_key_ablation,memory_ablation,MockSimulator,43,none,none,-1,0,0,internal,0.0,0.0,0.0,0.0,0,False,0,False,-1,1,0.1,0.2,8,8,0,raw,15,False
600,1000.0,8,8,0,8,0,0,2.862559914804785,2.862559914804785,2.862559914804785,-0.027257889736928324,-0.0,0.010159638062283524,1.0,-0.027257889736928324,False,0,0,0,0,0,0.0,0.0,0.0,0.0,0.0,0,0.0,0,0,disabled,disabled,True,wrong_key,-1,16,False,raw,0,-0.0055000000000000005,-0.0055000000000000005,trial:5,4,False,disabled,0,0,False,raw,0,-0.0055000000000000005,-0.0055000000000000005,,0,False,disabled,False,raw,-0.0055000000000000005,-0.0055000000000000005,,,,,,,,False,0,0,0,0,0,0,0.0,0.0,0.8002499999975043,5.703374999995958,6.631041999995091,intervening_contexts,wrong_key_ablation,CRA,wrong_key_ablation,memory_ablation,MockSimulator,43,context,target_context,5,-1,0,internal,-0.0055000000000000005,-0.0055000000000000005,0.0,0.0,0,False,-1,False,-1,1,0.1,0.2,8,8,0,raw,16,False
601,1000.0,8,8,0,8,0,0,2.858055166687908,2.858055166687908,2.858055166687908,-0.01734848694189644,-0.0,0.010122895931742024,1.0,-0.01734848694189644,False,0,0,0,0,0,0.0,0.0,0.0,0.0,0.0,0,0.0,0,0,disabled,disabled,True,wrong_key,-1,16,False,raw,0,-0.0034999999999999996,-0.0034999999999999996,trial:5,4,False,disabled,0,0,False,raw,0,-0.0034999999999999996,-0.0034999999999999996,,0,False,disabled,False,raw,-0.0034999999999999996,-0.0034999999999999996,,,,,,,,False,0,0,0,0,0,0,0.0,0.0,0.798583999994662,5.934666000001698,6.8575830000128235,intervening_contexts,wrong_key_ablation,CRA,wrong_key_ablation,memory_ablation,MockSimulator,43,distractor,between_context_and_decision,5,0,0,internal,-0.0034999999999999996,-0.0034999999999999996,0.0,0.0,0,False,-1,False,-1,1,0.1,0.2,8,8,0,raw,16,False
602,1000.0,8,8,0,8,0,0,2.8535725929261258,2.8535725929261258,2.8535725929261258,-0.01734848694189644,-0.0,0.010083559631197269,1.0,-0.01734848694189644,False,0,0,0,0,0,0.0,0.0,0.0,0.0,0.0,0,0.0,0,0,disabled,disabled,True,wrong_key,-1,16,False,raw,0,-0.0034999999999999996,-0.0034999999999999996,trial:5,4,False,disabled,0,0,False,raw,0,-0.0034999999999999996,-0.0034999999999999996,,0,False,disabled,False,raw,-0.0034999999999999996,-0.0034999999999999996,,,,,,,,False,0,0,0,0,0,0,0.0,0.0,0.8583750000070722,5.795457999994369,6.786292000001026,intervening_contexts,wrong_key_ablation,CRA,wrong_key_ablation,memory_ablation,MockSimulator,43,distractor,between_context_and_decision,5,0,0,internal,-0.0034999999999999996,-0.0034999999999999996,0.0,0.0,0,False,-1,False,-1,1,0.1,0.2,8,8,0,raw,16,False
603,1000.0,8,8,0,8,0,0,2.849112082933175,2.849112082933175,2.849112082933175,0.0,0.0,0.010041747624301609,1.0,0.0,False,0,0,0,0,0,0.0,0.0,0.0,0.0,0.0,0,0.0,0,0,disabled,disabled,True,wrong_key,-1,16,False,raw,0,0.0,0.0,trial:-1,4,False,disabled,0,0,False,raw,0,0.0,0.0,,0,False,disabled,False,raw,0.0,0.0,,,,,,,,False,0,0,0,0,0,0,0.0,0.0,0.7989169999973456,5.9922499999913725,6.918333999990978,intervening_contexts,wrong_key_ablation,CRA,wrong_key_ablation,memory_ablation,MockSimulator,43,none,none,-1,0,0,internal,0.0,0.0,0.0,0.0,0,False,0,False,-1,1,0.1,0.2,8,8,0,raw,16,False
604,1000.0,8,8,0,8,0,0,2.8446735266743444,2.8446735266743444,2.8446735266743444,-0.01734848694189644,-0.0,0.009997574673829295,1.0,-0.01734848694189644,False,0,0,0,0,0,0.0,0.0,0.0,0.0,0.0,0,0.0,0,0,disabled,disabled,True,wrong_key,-1,16,False,raw,0,-0.0034999999999999996,-0.0034999999999999996,trial:5,4,False,disabled,0,0,False,raw,0,-0.0034999999999999996,-0.0034999999999999996,,0,False,disabled,False,raw,-0.0034999999999999996,-0.0034999999999999996,,,,,,,,False,0,0,0,0,0,0,0.0,0.0,0.8113340000051039,5.833957999996642,6.773709000000849,intervening_contexts,wrong_key_ablation,CRA,wrong_key_ablation,memory_ablation,MockSimulator,43,distractor,between_context_and_decision,5,0,0,internal,-0.0034999999999999996,-0.0034999999999999996,0.0,0.0,0,False,-1,False,-1,1,0.1,0.2,8,8,0,raw,16,False
605,1000.0,8,8,0,8,0,0,2.8402568146637233,2.8402568146637233,2.8402568146637233,0.01734848694189644,0.0,0.009951151942326153,1.0,0.01734848694189644,False,0,0,0,0,0,0.0,0.0,0.0,0.0,0.0,0,0.0,0,0,disabled,disabled,True,wrong_key,-1,16,False,raw,0,0.0034999999999999996,0.0034999999999999996,trial:5,4,False,disabled,0,0,False,raw,0,0.0034999999999999996,0.0034999999999999996,,0,False,disabled,False,raw,0.0034999999999999996,0.0034999999999999996,,,,,,,,False,0,0,0,0,0,0,0.0,0.0,0.8016660000009779,5.751000000003614,6.676583000000846,intervening_contexts,wrong_key_ablation,CRA,wrong_key_ablation,memory_ablation,MockSimulator,43,distractor,between_context_and_decision,5,0,0,internal,0.0034999999999999996,0.0034999999999999996,0.0,0.0,0,False,1,False,-1,1,0.1,0.2,8,8,0,raw,16,False
606,1000.0,8,8,0,8,0,0,2.835861837961463,2.835861837961463,2.835861837961463,0.0,0.0,0.009902587090213607,1.0,0.0,False,0,0,0,0,0,0.0,0.0,0.0,0.0,0.0,0,0.0,0,0,disabled,disabled,True,wrong_key,-1,16,False,raw,0,0.0,0.0,trial:-1,4,False,disabled,0,0,False,raw,0,0.0,0.0,,0,False,disabled,False,raw,0.0,0.0,,,,,,,,False,0,0,0,0,0,0,0.0,0.0,0.7984169999986079,5.907792000002132,6.830874999991465,intervening_contexts,wrong_key_ablation,CRA,wrong_key_ablation,memory_ablation,MockSimulator,43,none,none,-1,0,0,internal,0.0,0.0,0.0,0.0,0,False,0,False,-1,1,0.1,0.2,8,8,0,raw,16,False
607,1000.0,8,8,0,8,0,0,2.831488488171055,2.831488488171055,2.831488488171055,0.0,0.0,0.00985198437140863,1.0,0.0,False,0,0,0,0,0,0.0,0.0,0.0,0.0,0.0,0,0.0,0,0,disabled,disabled,True,wrong_key,-1,16,False,raw,0,0.0,0.0,trial:-1,4,False,disabled,0,0,False,raw,0,0.0,0.0,,0,False,disabled,False,raw,0.0,0.0,,,,,,,,False,0,0,0,0,0,0,0.0,0.0,0.8181250000092177,5.860624999996844,6.8102919999972755,intervening_contexts,wrong_key_ablation,CRA,wrong_key_ablation,memory_ablation,MockSimulator,43,none,none,-1,0,0,internal,0.0,0.0,0.0,0.0,0,False,0,False,-1,1,0.1,0.2,8,8,0,raw,16,False
608,1000.0,8,8,0,8,0,0,2.8271366574366206,2.8271366574366206,2.8271366574366206,-0.01734848694189644,-0.0,0.009799444726519767,1.0,-0.01734848694189644,False,0,0,0,0,0,0.0,0.0,0.0,0.0,0.0,0,0.0,0,0,disabled,disabled,True,wrong_key,-1,16,False,raw,0,-0.0034999999999999996,-0.0034999999999999996,trial:5,4,False,disabled,0,0,False,raw,0,-0.0034999999999999996,-0.0034999999999999996,,0,False,disabled,False,raw,-0.0034999999999999996,-0.0034999999999999996,,,,,,,,False,0,0,0,0,0,0,0.0,0.0,0.7998749999984511,6.060625000003483,6.985874999998032,intervening_contexts,wrong_key_ablation,CRA,wrong_key_ablation,memory_ablation,MockSimulator,43,distractor,between_context_and_decision,5,0,0,internal,-0.0034999999999999996,-0.0034999999999999996,0.0,0.0,0,False,-1,False,-1,1,0.1,0.2,8,8,0,raw,16,False
609,1000.0,8,8,0,8,0,0,2.8228062384402137,2.8228062384402137,2.8228062384402137,0.0,0.0,0.009745065873677896,1.0,0.0,False,0,0,0,0,0,0.0,0.0,0.0,0.0,0.0,0,0.0,0,0,disabled,disabled,True,wrong_key,-1,16,False,raw,0,0.0,0.0,trial:-1,4,False,disabled,0,0,False,raw,0,0.0,0.0,,0,False,disabled,False,raw,0.0,0.0,,,,,,,,False,0,0,0,0,0,0,0.0,0.0,0.8146670000002132,5.923791000000733,6.869542000004003,intervening_contexts,wrong_key_ablation,CRA,wrong_key_ablation,memory_ablation,MockSimulator,43,none,none,-1,0,0,internal,0.0,0.0,0.0,0.0,0,False,0,False,-1,1,0.1,0.2,8,8,0,raw,16,False
610,1000.0,8,8,0,8,0,0,2.8184971243991384,2.8184971243991384,2.8184971243991384,0.01734848694189644,0.0,0.009688942397059091,1.0,0.01734848694189644,False,0,0,0,0,0,0.0,0.0,0.0,0.0,0.0,0,0.0,0,0,disabled,disabled,True,wrong_key,-1,16,False,raw,0,0.0034999999999999996,0.0034999999999999996,trial:5,4,False,disabled,0,0,False,raw,0,0.0034999999999999996,0.0034999999999999996,,0,False,disabled,False,raw,0.0034999999999999996,0.0034999999999999996,,,,,,,,False,0,0,0,0,0,0,0.0,0.0,0.8007079999998723,5.839459000000602,6.767624999994837,intervening_contexts,wrong_key_ablation,CRA,wrong_key_ablation,memory_ablation,MockSimulator,43,distractor,between_context_and_decision,5,0,0,internal,0.0034999999999999996,0.0034999999999999996,0.0,0.0,0,False,1,False,-1,1,0.1,0.2,8,8,0,raw,16,False
611,1000.0,8,8,0,8,0,0,2.8142092090632795,2.8142092090632795,2.8142092090632795,-0.01734848694189644,-0.0,0.00963116583315557,1.0,-0.01734848694189644,False,0,0,0,0,0,0.0,0.0,0.0,0.0,0.0,0,0.0,0,0,disabled,disabled,True,wrong_key,-1,16,False,raw,0,-0.0034999999999999996,-0.0034999999999999996,trial:5,4,False,disabled,0,0,False,raw,0,-0.0034999999999999996,-0.0034999999999999996,,0,False,disabled,False,raw,-0.0034999999999999996,-0.0034999999999999996,,,,,,,,False,0,0,0,0,0,0,0.0,0.0,0.8204169999999067,5.89641700000243,6.851832999998919,intervening_contexts,wrong_key_ablation,CRA,wrong_key_ablation,memory_ablation,MockSimulator,43,distractor,between_context_and_decision,5,0,0,internal,-0.0034999999999999996,-0.0034999999999999996,0.0,0.0,0,False,-1,False,-1,1,0.1,0.2,8,8,0,raw,16,False
612,1000.0,8,8,0,8,0,0,2.809942386712447,2.809942386712447,2.809942386712447,0.0,0.0,0.009571824754849363,1.0,0.0,False,0,0,0,0,0,0.0,0.0,0.0,0.0,0.0,0,0.0,0,0,disabled,disabled,True,wrong_key,-1,16,False,raw,0,0.0,0.0,trial:-1,4,False,disabled,0,0,False,raw,0,0.0,0.0,,0,False,disabled,False,raw,0.0,0.0,,,,,,,,False,0,0,0,0,0,0,0.0,0.0,0.7952089999889722,5.820500000012885,6.741584000010903,intervening_contexts,wrong_key_ablation,CRA,wrong_key_ablation,memory_ablation,MockSimulator,43,none,none,-1,0,0,internal,0.0,0.0,0.0,0.0,0,False,0,False,-1,1,0.1,0.2,8,8,0,raw,16,False
613,1000.0,8,8,0,8,0,0,2.8056965521537314,2.8056965521537314,2.8056965521537314,-0.01734848694189644,-0.0,0.009511004853342143,1.0,-0.01734848694189644,False,0,0,0,0,0,0.0,0.0,0.0,0.0,0.0,0,0.0,0,0,disabled,disabled,True,wrong_key,-1,16,False,raw,0,-0.0034999999999999996,-0.0034999999999999996,trial:5,4,False,disabled,0,0,False,raw,0,-0.0034999999999999996,-0.0034999999999999996,,0,False,disabled,False,raw,-0.0034999999999999996,-0.0034999999999999996,,,,,,,,False,0,0,0,0,0,0,0.0,0.0,0.7988340000082417,6.298790999991866,7.222292000008679,intervening_contexts,wrong_key_ablation,CRA,wrong_key_ablation,memory_ablation,MockSimulator,43,distractor,between_context_and_decision,5,0,0,internal,-0.0034999999999999996,-0.0034999999999999996,0.0,0.0,0,False,-1,False,-1,1,0.1,0.2,8,8,0,raw,16,False
614,1000.0,8,8,0,8,0,0,2.801471600718875,2.801471600718875,2.801471600718875,0.01734848694189644,0.0,0.009448789017993271,1.0,0.01734848694189644,False,0,0,0,0,0,0.0,0.0,0.0,0.0,0.0,0,0.0,0,0,disabled,disabled,True,wrong_key,-1,16,False,raw,0,0.0034999999999999996,0.0034999999999999996,trial:5,4,False,disabled,0,0,False,raw,0,0.0034999999999999996,0.0034999999999999996,,0,False,disabled,False,raw,0.0034999999999999996,0.0034999999999999996,,,,,,,,False,0,0,0,0,0,0,0.0,0.0,0.8133750000069995,5.934416000002329,6.881417000002443,intervening_contexts,wrong_key_ablation,CRA,wrong_key_ablation,memory_ablation,MockSimulator,43,distractor,between_context_and_decision,5,0,0,internal,0.0034999999999999996,0.0034999999999999996,0.0,0.0,0,False,1,False,-1,1,0.1,0.2,8,8,0,raw,16,False
615,1000.0,8,8,0,8,0,0,2.7972674282616548,2.7972674282616548,2.7972674282616548,0.01734848694189644,0.0,0.009385257414117018,1.0,0.01734848694189644,False,0,0,0,0,0,0.0,0.0,0.0,0.0,0.0,0,0.0,0,0,disabled,disabled,True,wrong_key,-1,16,False,raw,0,0.0034999999999999996,0.0034999999999999996,trial:5,4,False,disabled,0,0,False,raw,0,0.0034999999999999996,0.0034999999999999996,,0,False,disabled,False,raw,0.0034999999999999996,0.0034999999999999996,,,,,,,,False,0,0,0,0,0,0,0.0,0.0,0.8215830000040114,6.311541999991732,7.260416000008263,intervening_contexts,wrong_key_ablation,CRA,wrong_key_ablation,memory_ablation,MockSimulator,43,distractor,between_context_and_decision,5,0,0,internal,0.0034999999999999996,0.0034999999999999996,0.0,0.0,0,False,1,False,-1,1,0.1,0.2,8,8,0,raw,16,False
616,1000.0,8,8,0,8,0,0,2.7930839311552793,2.7930839311552793,2.7930839311552793,-0.01734848694189644,-0.0,0.009320487558788617,1.0,-0.01734848694189644,False,0,0,0,0,0,0.0,0.0,0.0,0.0,0.0,0,0.0,0,0,disabled,disabled,True,wrong_key,-1,16,False,raw,0,-0.0034999999999999996,-0.0034999999999999996,trial:5,4,False,disabled,0,0,False,raw,0,-0.0034999999999999996,-0.0034999999999999996,,0,False,disabled,False,raw,-0.0034999999999999996,-0.0034999999999999996,,,,,,,,False,0,0,0,0,0,0,0.0,0.0,0.8226249999978563,5.913374999991561,6.870667000001163,intervening_contexts,wrong_key_ablation,CRA,wrong_key_ablation,memory_ablation,MockSimulator,43,distractor,between_context_and_decision,5,0,0,internal,-0.0034999999999999996,-0.0034999999999999996,0.0,0.0,0,False,-1,False,-1,1,0.1,0.2,8,8,0,raw,16,False
617,1000.0,8,8,0,8,0,0,2.7889210062897973,2.7889210062897973,2.7889210062897973,0.0,0.0,0.009254554394707706,1.0,0.0,False,0,0,0,0,0,0.0,0.0,0.0,0.0,0.0,0,0.0,0,0,disabled,disabled,True,wrong_key,-1,16,False,raw,0,0.0,0.0,trial:-1,4,False,disabled,0,0,False,raw,0,0.0,0.0,,0,False,disabled,False,raw,0.0,0.0,,,,,,,,False,0,0,0,0,0,0,0.0,0.0,0.8030419999869309,6.24383300001341,7.17204200000765,intervening_contexts,wrong_key_ablation,CRA,wrong_key_ablation,memory_ablation,MockSimulator,43,none,none,-1,0,0,internal,0.0,0.0,0.0,0.0,0,False,0,False,-1,1,0.1,0.2,8,8,0,raw,16,False
618,1000.0,8,8,0,8,0,0,2.784778551069521,2.784778551069521,2.784778551069521,0.01734848694189644,0.0,0.009187530362166517,1.0,0.01734848694189644,False,0,0,0,0,0,0.0,0.0,0.0,0.0,0.0,0,0.0,0,0,disabled,disabled,True,wrong_key,-1,16,False,raw,0,0.0034999999999999996,0.0034999999999999996,trial:5,4,False,disabled,0,0,False,raw,0,0.0034999999999999996,0.0034999999999999996,,0,False,disabled,False,raw,0.0034999999999999996,0.0034999999999999996,,,,,,,,False,0,0,0,0,0,0,0.0,0.0,0.8398750000111477,5.989708000001315,6.964999999993893,intervening_contexts,wrong_key_ablation,CRA,wrong_key_ablation,memory_ablation,MockSimulator,43,distractor,between_context_and_decision,5,0,0,internal,0.0034999999999999996,0.0034999999999999996,0.0,0.0,0,False,1,False,-1,1,0.1,0.2,8,8,0,raw,16,False
619,1000.0,8,8,0,8,0,0,2.7806564634104585,2.7806564634104585,2.7806564634104585,0.0,0.0,0.00911948546916909,1.0,0.0,False,0,0,0,0,0,0.0,0.0,0.0,0.0,0.0,0,0.0,0,0,disabled,disabled,True,wrong_key,-1,16,False,raw,0,0.0,0.0,trial:-1,4,False,disabled,0,0,False,raw,0,0.0,0.0,,0,False,disabled,False,raw,0.0,0.0,,,,,,,,False,0,0,0,0,0,0,0.0,0.0,0.8054160000057209,6.059084000000325,6.989665999995509,intervening_contexts,wrong_key_ablation,CRA,wrong_key_ablation,memory_ablation,MockSimulator,43,none,none,-1,0,0,internal,0.0,0.0,0.0,0.0,0,False,0,False,-1,1,0.1,0.2,8,8,0,raw,16,False
620,1000.0,8,8,0,8,0,0,2.776554641737766,2.776554641737766,2.776554641737766,0.01734848694189644,0.0,0.009050487359746695,1.0,0.01734848694189644,False,0,0,0,0,0,0.0,0.0,0.0,0.0,0.0,0,0.0,0,0,disabled,disabled,True,wrong_key,-1,16,False,raw,0,0.0034999999999999996,0.0034999999999999996,trial:5,4,False,disabled,0,0,False,raw,0,0.0034999999999999996,0.0034999999999999996,,0,False,disabled,False,raw,0.0034999999999999996,0.0034999999999999996,,,,,,,,False,0,0,0,0,0,0,0.0,0.0,0.8690410000014026,5.948583999995094,6.970583000011743,intervening_contexts,wrong_key_ablation,CRA,wrong_key_ablation,memory_ablation,MockSimulator,43,distractor,between_context_and_decision,5,0,0,internal,0.0034999999999999996,0.0034999999999999996,0.0,0.0,0,False,1,False,-1,1,0.1,0.2,8,8,0,raw,16,False
621,1000.0,8,8,0,8,0,0,2.7724729849832053,2.7724729849832053,2.7724729849832053,0.0,0.0,0.008980601380513528,1.0,0.0,False,0,0,0,0,0,0.0,0.0,0.0,0.0,0.0,0,0.0,0,0,disabled,disabled,True,wrong_key,-1,16,False,raw,0,0.0,0.0,trial:-1,4,False,disabled,0,0,False,raw,0,0.0,0.0,,0,False,disabled,False,raw,0.0,0.0,,,,,,,,False,0,0,0,0,0,0,0.0,0.0,0.7982079999919733,5.9476670000009335,6.872458999993114,intervening_contexts,wrong_key_ablation,CRA,wrong_key_ablation,memory_ablation,MockSimulator,43,none,none,-1,0,0,internal,0.0,0.0,0.0,0.0,0,False,0,False,-1,1,0.1,0.2,8,8,0,raw,16,False
622,1000.0,8,8,0,8,0,0,2.7684113925826175,2.7684113925826175,2.7684113925826175,0.0,0.0,0.00890989064550579,1.0,0.0,False,0,0,0,0,0,0.0,0.0,0.0,0.0,0.0,0,0.0,0,0,disabled,disabled,True,wrong_key,-1,16,False,raw,0,0.0,0.0,trial:-1,4,False,disabled,0,0,False,raw,0,0.0,0.0,,0,False,disabled,False,raw,0.0,0.0,,,,,,,,False,0,0,0,0,0,0,0.0,0.0,0.7971250000053942,6.070542000003343,6.992999999994254,intervening_contexts,wrong_key_ablation,CRA,wrong_key_ablation,memory_ablation,MockSimulator,43,none,none,-1,0,0,internal,0.0,0.0,0.0,0.0,0,False,0,False,-1,1,0.1,0.2,8,8,0,raw,16,False
623,1000.0,8,8,0,8,0,0,2.7643697644734093,2.7643697644734093,2.7643697644734093,0.0,0.0,0.008838416099346155,1.0,0.0,False,0,0,0,0,0,0.0,0.0,0.0,0.0,0.0,0,0.0,0,0,disabled,disabled,True,wrong_key,-1,16,False,raw,0,0.0,0.0,trial:-1,4,False,disabled,0,0,False,raw,0,0.0,0.0,,0,False,disabled,False,raw,0.0,0.0,,,,,,,,False,0,0,0,0,0,0,0.0,0.0,0.8145420000005288,5.9510829999993575,6.897957999996152,intervening_contexts,wrong_key_ablation,CRA,wrong_key_ablation,memory_ablation,MockSimulator,43,none,none,-1,0,0,internal,0.0,0.0,0.0,0.0,0,False,0,False,-1,1,0.1,0.2,8,8,0,raw,16,False
624,1000.0,8,8,0,8,0,0,2.7603480010920523,2.7603480010920523,2.7603480010920523,0.02478096508955737,0.0,0.008766236578774702,1.0,0.02478096508955737,False,0,0,0,0,0,0.0,0.0,0.0,0.0,0.0,0,0.0,0,0,disabled,disabled,True,wrong_key,1,17,False,raw,0,0.005,0.005,intruder:624,4,False,disabled,0,0,False,raw,0,0.005,0.005,,0,False,disabled,False,raw,0.005,0.005,,,,,,,,False,0,0,0,0,0,0,0.0,0.0,0.7966670000030263,6.172332999994978,7.094749999993155,intervening_contexts,wrong_key_ablation,CRA,wrong_key_ablation,memory_ablation,MockSimulator,43,context,interfering_context,5,1,0,internal,0.005,0.005,0.0,0.0,0,False,1,False,-1,1,0.1,0.2,8,8,0,raw,17,False
625,1000.0,8,8,0,8,0,0,2.7563460033715916,2.7563460033715916,2.7563460033715916,0.0,0.0,0.008693408872586371,1.0,0.0,False,0,0,0,0,0,0.0,0.0,0.0,0.0,0.0,0,0.0,0,0,disabled,disabled,True,wrong_key,1,17,False,raw,0,0.0,0.0,trial:-1,4,False,disabled,0,0,False,raw,0,0.0,0.0,,0,False,disabled,False,raw,0.0,0.0,,,,,,,,False,0,0,0,0,0,0,0.0,0.0,0.8032499999899301,6.006709000004662,6.937374999992585,intervening_contexts,wrong_key_ablation,CRA,wrong_key_ablation,memory_ablation,MockSimulator,43,none,none,-1,0,0,internal,0.0,0.0,0.0,0.0,0,False,0,False,-1,1,0.1,0.2,8,8,0,raw,17,False
626,1000.0,8,8,0,8,0,0,2.7523636727391714,2.7523636727391714,2.7523636727391714,0.0,0.0,0.008619987780014063,1.0,0.0,False,0,0,0,0,0,0.0,0.0,0.0,0.0,0.0,0,0.0,0,0,disabled,disabled,True,wrong_key,1,17,False,raw,0,0.0,0.0,trial:-1,4,False,disabled,0,0,False,raw,0,0.0,0.0,,0,False,disabled,False,raw,0.0,0.0,,,,,,,,False,0,0,0,0,0,0,0.0,0.0,0.7987919999976612,6.037000000006287,6.9612089999964155,intervening_contexts,wrong_key_ablation,CRA,wrong_key_ablation,memory_ablation,MockSimulator,43,none,none,-1,0,0,internal,0.0,0.0,0.0,0.0,0,False,0,False,-1,1,0.1,0.2,8,8,0,raw,17,False
627,1000.0,8,8,0,8,0,0,2.748400911113569,2.748400911113569,2.748400911113569,0.0,0.0,0.008546026167595611,1.0,0.0,False,0,0,0,0,0,0.0,0.0,0.0,0.0,0.0,0,0.0,0,0,disabled,disabled,True,wrong_key,1,17,False,raw,0,0.0,0.0,trial:-1,4,False,disabled,0,0,False,raw,0,0.0,0.0,,0,False,disabled,False,raw,0.0,0.0,,,,,,,,False,0,0,0,0,0,0,0.0,0.0,0.8360420000030899,6.214749999998048,7.176375000000235,intervening_contexts,wrong_key_ablation,CRA,wrong_key_ablation,memory_ablation,MockSimulator,43,none,none,-1,0,0,internal,0.0,0.0,0.0,0.0,0,False,0,False,-1,1,0.1,0.2,8,8,0,raw,17,False
628,1000.0,8,8,0,8,0,0,2.744457620902746,2.744457620902746,2.744457620902746,0.0,0.0,0.008471575024561893,1.0,0.0,False,0,0,0,0,0,0.0,0.0,0.0,0.0,0.0,0,0.0,0,0,disabled,disabled,True,wrong_key,1,17,False,raw,0,0.0,0.0,trial:-1,4,False,disabled,0,0,False,raw,0,0.0,0.0,,0,False,disabled,False,raw,0.0,0.0,,,,,,,,False,0,0,0,0,0,0,0.0,0.0,0.8051669999957767,6.015541000010671,6.947917000005077,intervening_contexts,wrong_key_ablation,CRA,wrong_key_ablation,memory_ablation,MockSimulator,43,none,none,-1,0,0,internal,0.0,0.0,0.0,0.0,0,False,0,False,-1,1,0.1,0.2,8,8,0,raw,17,False
629,1000.0,8,8,0,8,0,0,2.7405337050014023,2.7405337050014023,2.7405337050014023,0.01734848694189644,0.0,0.008396683516782485,1.0,0.01734848694189644,False,0,0,0,0,0,0.0,0.0,0.0,0.0,0.0,0,0.0,0,0,disabled,disabled,True,wrong_key,1,17,False,raw,0,0.0034999999999999996,0.0034999999999999996,trial:5,4,False,disabled,0,0,False,raw,0,0.0034999999999999996,0.0034999999999999996,,0,False,disabled,False,raw,0.0034999999999999996,0.0034999999999999996,,,,,,,,False,0,0,0,0,0,0,0.0,0.0,0.798707999990711,6.234375000005343,7.158790999994835,intervening_contexts,wrong_key_ablation,CRA,wrong_key_ablation,memory_ablation,MockSimulator,43,distractor,between_context_and_decision,5,0,0,internal,0.0034999999999999996,0.0034999999999999996,0.0,0.0,0,False,1,False,-1,1,0.1,0.2,8,8,0,raw,17,False
630,1000.0,8,8,0,8,0,0,2.7366290667885553,2.7366290667885553,2.7366290667885553,0.01734848694189644,0.0,0.008321399039304428,1.0,0.01734848694189644,False,0,0,0,0,0,0.0,0.0,0.0,0.0,0.0,0,0.0,0,0,disabled,disabled,True,wrong_key,1,17,False,raw,0,0.0034999999999999996,0.0034999999999999996,trial:5,4,False,disabled,0,0,False,raw,0,0.0034999999999999996,0.0034999999999999996,,0,False,disabled,False,raw,0.0034999999999999996,0.0034999999999999996,,,,,,,,False,0,0,0,0,0,0,0.0,0.0,0.8150419999992664,6.1385420000021895,7.085165999995979,intervening_contexts,wrong_key_ablation,CRA,wrong_key_ablation,memory_ablation,MockSimulator,43,distractor,between_context_and_decision,5,0,0,internal,0.0034999999999999996,0.0034999999999999996,0.0,0.0,0,False,1,False,-1,1,0.1,0.2,8,8,0,raw,17,False
631,1000.0,8,8,0,8,0,0,2.7327436101251203,2.7327436101251203,2.7327436101251203,0.01734848694189644,0.0,0.00824576726751878,1.0,0.01734848694189644,False,0,0,0,0,0,0.0,0.0,0.0,0.0,0.0,0,0.0,0,0,disabled,disabled,True,wrong_key,1,17,False,raw,0,0.0034999999999999996,0.0034999999999999996,trial:5,4,False,disabled,0,0,False,raw,0,0.0034999999999999996,0.0034999999999999996,,0,False,disabled,False,raw,0.0034999999999999996,0.0034999999999999996,,,,,,,,False,0,0,0,0,0,0,0.0,0.0,0.7997499999987667,6.084375000000364,7.014999999995553,intervening_contexts,wrong_key_ablation,CRA,wrong_key_ablation,memory_ablation,MockSimulator,43,distractor,between_context_and_decision,5,0,0,internal,0.0034999999999999996,0.0034999999999999996,0.0,0.0,0,False,1,False,-1,1,0.1,0.2,8,8,0,raw,17,False
632,1000.0,8,8,0,8,0,0,2.7288772393515073,2.7288772393515073,2.7288772393515073,0.0,0.0,0.008169832206988838,1.0,0.0,False,0,0,0,0,0,0.0,0.0,0.0,0.0,0.0,0,0.0,0,0,disabled,disabled,True,wrong_key,1,17,False,raw,0,0.0,0.0,trial:-1,4,False,disabled,0,0,False,raw,0,0.0,0.0,,0,False,disabled,False,raw,0.0,0.0,,,,,,,,False,0,0,0,0,0,0,0.0,0.0,0.8584159999998064,6.04416700001309,7.037292000006801,intervening_contexts,wrong_key_ablation,CRA,wrong_key_ablation,memory_ablation,MockSimulator,43,none,none,-1,0,0,internal,0.0,0.0,0.0,0.0,0,False,0,False,-1,1,0.1,0.2,8,8,0,raw,17,False
633,1000.0,8,8,0,8,0,0,2.725029859285231,2.725029859285231,2.725029859285231,0.0,0.0,0.008093636241973083,1.0,0.0,False,0,0,0,0,0,0.0,0.0,0.0,0.0,0.0,0,0.0,0,0,disabled,disabled,True,wrong_key,1,17,False,raw,0,0.0,0.0,trial:-1,4,False,disabled,0,0,False,raw,0,0.0,0.0,,0,False,disabled,False,raw,0.0,0.0,,,,,,,,False,0,0,0,0,0,0,0.0,0.0,0.7971660000123393,6.062083999992751,6.98524999999961,intervening_contexts,wrong_key_ablation,CRA,wrong_key_ablation,memory_ablation,MockSimulator,43,none,none,-1,0,0,internal,0.0,0.0,0.0,0.0,0,False,0,False,-1,1,0.1,0.2,8,8,0,raw,17,False
634,1000.0,8,8,0,8,0,0,2.7212013752185307,2.7212013752185307,2.7212013752185307,0.0,0.0,0.008017220182675165,1.0,0.0,False,0,0,0,0,0,0.0,0.0,0.0,0.0,0.0,0,0.0,0,0,disabled,disabled,True,wrong_key,1,17,False,raw,0,0.0,0.0,trial:-1,4,False,disabled,0,0,False,raw,0,0.0,0.0,,0,False,disabled,False,raw,0.0,0.0,,,,,,,,False,0,0,0,0,0,0,0.0,0.0,0.794083000002388,6.277874999994992,7.197290999997108,intervening_contexts,wrong_key_ablation,CRA,wrong_key_ablation,memory_ablation,MockSimulator,43,none,none,-1,0,0,internal,0.0,0.0,0.0,0.0,0,False,0,False,-1,1,0.1,0.2,8,8,0,raw,17,False
635,1000.0,8,8,0,8,0,0,2.717391692916002,2.717391692916002,2.717391692916002,0.01734848694189644,0.0,0.007940623311252375,1.0,0.01734848694189644,False,0,0,0,0,0,0.0,0.0,0.0,0.0,0.0,0,0.0,0,0,disabled,disabled,True,wrong_key,1,17,False,raw,0,0.0034999999999999996,0.0034999999999999996,trial:5,4,False,disabled,0,0,False,raw,0,0.0034999999999999996,0.0034999999999999996,,0,False,disabled,False,raw,0.0034999999999999996,0.0034999999999999996,,,,,,,,False,0,0,0,0,0,0,0.0,0.0,0.8132910000000493,6.201167000000396,7.145374999993237,intervening_contexts,wrong_key_ablation,CRA,wrong_key_ablation,memory_ablation,MockSimulator,43,distractor,between_context_and_decision,5,0,0,internal,0.0034999999999999996,0.0034999999999999996,0.0,0.0,0,False,1,False,-1,1,0.1,0.2,8,8,0,raw,17,False
636,1000.0,8,8,0,8,0,0,2.7136007186122413,2.7136007186122413,2.7136007186122413,0.01734848694189644,0.0,0.007863883426613425,1.0,0.01734848694189644,False,0,0,0,0,0,0.0,0.0,0.0,0.0,0.0,0,0.0,0,0,disabled,disabled,True,wrong_key,1,17,False,raw,0,0.0034999999999999996,0.0034999999999999996,trial:5,4,False,disabled,0,0,False,raw,0,0.0034999999999999996,0.0034999999999999996,,0,False,disabled,False,raw,0.0034999999999999996,0.0034999999999999996,,,,,,,,False,0,0,0,0,0,0,0.0,0.0,0.8140000000054215,6.225540999992063,7.174957999993126,intervening_contexts,wrong_key_ablation,CRA,wrong_key_ablation,memory_ablation,MockSimulator,43,distractor,between_context_and_decision,5,0,0,internal,0.0034999999999999996,0.0034999999999999996,0.0,0.0,0,False,1,False,-1,1,0.1,0.2,8,8,0,raw,17,False
637,1000.0,8,8,0,8,0,0,2.709828359009501,2.709828359009501,2.709828359009501,-0.01734848694189644,-0.0,0.007787036888035533,1.0,-0.01734848694189644,False,0,0,0,0,0,0.0,0.0,0.0,0.0,0.0,0,0.0,0,0,disabled,disabled,True,wrong_key,1,17,False,raw,0,-0.0034999999999999996,-0.0034999999999999996,trial:5,4,False,disabled,0,0,False,raw,0,-0.0034999999999999996,-0.0034999999999999996,,0,False,disabled,False,raw,-0.0034999999999999996,-0.0034999999999999996,,,,,,,,False,0,0,0,0,0,0,0.0,0.0,0.8078329999960943,6.128083000007223,7.064041999996107,intervening_contexts,wrong_key_ablation,CRA,wrong_key_ablation,memory_ablation,MockSimulator,43,distractor,between_context_and_decision,5,0,0,internal,-0.0034999999999999996,-0.0034999999999999996,0.0,0.0,0,False,-1,False,-1,1,0.1,0.2,8,8,0,raw,17,False
638,1000.0,8,8,0,8,0,0,2.706074521275359,2.706074521275359,2.706074521275359,0.01734848694189644,0.0,0.007710118657630111,1.0,0.01734848694189644,False,0,0,0,0,0,0.0,0.0,0.0,0.0,0.0,0,0.0,0,0,disabled,disabled,True,wrong_key,1,17,False,raw,0,0.0034999999999999996,0.0034999999999999996,trial:5,4,False,disabled,0,0,False,raw,0,0.0034999999999999996,0.0034999999999999996,,0,False,disabled,False,raw,0.0034999999999999996,0.0034999999999999996,,,,,,,,False,0,0,0,0,0,0,0.0,0.0,0.8033750000038253,6.2917919999989635,7.221916999995415,intervening_contexts,wrong_key_ablation,CRA,wrong_key_ablation,memory_ablation,MockSimulator,43,distractor,between_context_and_decision,5,0,0,internal,0.0034999999999999996,0.0034999999999999996,0.0,0.0,0,False,1,False,-1,1,0.1,0.2,8,8,0,raw,17,False
639,1000.0,8,8,0,8,0,0,2.7023391130403955,2.7023391130403955,2.7023391130403955,0.0,0.0,0.007633162341685692,1.0,0.0,False,0,0,0,0,0,0.0,0.0,0.0,0.0,0.0,0,0.0,0,0,disabled,disabled,True,wrong_key,1,17,False,raw,0,0.0,0.0,trial:-1,4,False,disabled,0,0,False,raw,0,0.0,0.0,,0,False,disabled,False,raw,0.0,0.0,,,,,,,,False,0,0,0,0,0,0,0.0,0.0,0.810541999996417,6.190875000001483,7.131083000004423,intervening_contexts,wrong_key_ablation,CRA,wrong_key_ablation,memory_ablation,MockSimulator,43,none,none,-1,0,0,internal,0.0,0.0,0.0,0.0,0,False,0,False,-1,1,0.1,0.2,8,8,0,raw,17,False
640,1000.0,8,8,0,8,0,0,2.6986220423958853,2.6986220423958853,2.6986220423958853,0.0,0.0,0.007556200230915997,1.0,0.0,False,0,0,0,0,0,0.0,0.0,0.0,0.0,0.0,0,0.0,0,0,disabled,disabled,True,wrong_key,1,17,False,raw,0,0.0,0.0,trial:-1,4,False,disabled,0,0,False,raw,0,0.0,0.0,,0,False,disabled,False,raw,0.0,0.0,,,,,,,,False,0,0,0,0,0,0,0.0,0.0,0.8019580000109272,6.307542000001831,7.234000000011065,intervening_contexts,wrong_key_ablation,CRA,wrong_key_ablation,memory_ablation,MockSimulator,43,none,none,-1,0,0,internal,0.0,0.0,0.0,0.0,0,False,0,False,-1,1,0.1,0.2,8,8,0,raw,17,False
641,1000.0,8,8,0,8,0,0,2.6949232178914997,2.6949232178914997,2.6949232178914997,0.0,0.0,0.0074792633396404155,1.0,0.0,False,0,0,0,0,0,0.0,0.0,0.0,0.0,0.0,0,0.0,0,0,disabled,disabled,True,wrong_key,1,17,False,raw,0,0.0,0.0,trial:-1,4,False,disabled,0,0,False,raw,0,0.0,0.0,,0,False,disabled,False,raw,0.0,0.0,,,,,,,,False,0,0,0,0,0,0,0.0,0.0,0.8194580000093765,6.155958999997324,7.113999999987186,intervening_contexts,wrong_key_ablation,CRA,wrong_key_ablation,memory_ablation,MockSimulator,43,none,none,-1,0,0,internal,0.0,0.0,0.0,0.0,0,False,0,False,-1,1,0.1,0.2,8,8,0,raw,17,False
642,1000.0,8,8,0,8,0,0,2.69124254853302,2.69124254853302,2.69124254853302,0.0,0.0,0.007402381443923491,1.0,0.0,False,0,0,0,0,0,0.0,0.0,0.0,0.0,0.0,0,0.0,0,0,disabled,disabled,True,wrong_key,1,17,False,raw,0,0.0,0.0,trial:-1,4,False,disabled,0,0,False,raw,0,0.0,0.0,,0,False,disabled,False,raw,0.0,0.0,,,,,,,,False,0,0,0,0,0,0,0.0,0.0,0.8053749999987758,6.095040999994694,7.025957999999832,intervening_contexts,wrong_key_ablation,CRA,wrong_key_ablation,memory_ablation,MockSimulator,43,none,none,-1,0,0,internal,0.0,0.0,0.0,0.0,0,False,0,False,-1,1,0.1,0.2,8,8,0,raw,17,False
643,1000.0,8,8,0,8,0,0,2.687579943780062,2.687579943780062,2.687579943780062,-0.01734848694189644,-0.0,0.007325583118699387,1.0,-0.01734848694189644,False,0,0,0,0,0,0.0,0.0,0.0,0.0,0.0,0,0.0,0,0,disabled,disabled,True,wrong_key,1,17,False,raw,0,-0.0034999999999999996,-0.0034999999999999996,trial:5,4,False,disabled,0,0,False,raw,0,-0.0034999999999999996,-0.0034999999999999996,,0,False,disabled,False,raw,-0.0034999999999999996,-0.0034999999999999996,,,,,,,,False,0,0,0,0,0,0,0.0,0.0,0.7964999999927613,6.255542000005221,7.175833000005127,intervening_contexts,wrong_key_ablation,CRA,wrong_key_ablation,memory_ablation,MockSimulator,43,distractor,between_context_and_decision,5,0,0,internal,-0.0034999999999999996,-0.0034999999999999996,0.0,0.0,0,False,-1,False,-1,1,0.1,0.2,8,8,0,raw,17,False
644,1000.0,8,8,0,8,0,0,2.6839353135438153,2.6839353135438153,2.6839353135438153,-0.01734848694189644,-0.0,0.007248895773906679,1.0,-0.01734848694189644,False,0,0,0,0,0,0.0,0.0,0.0,0.0,0.0,0,0.0,0,0,disabled,disabled,True,wrong_key,1,17,False,raw,0,-0.0034999999999999996,-0.0034999999999999996,trial:5,4,False,disabled,0,0,False,raw,0,-0.0034999999999999996,-0.0034999999999999996,,0,False,disabled,False,raw,-0.0034999999999999996,-0.0034999999999999996,,,,,,,,False,0,0,0,0,0,0,0.0,0.0,0.8078329999960943,6.221792000005166,7.160416999994368,intervening_contexts,wrong_key_ablation,CRA,wrong_key_ablation,memory_ablation,MockSimulator,43,distractor,between_context_and_decision,5,0,0,internal,-0.0034999999999999996,-0.0034999999999999996,0.0,0.0,0,False,-1,False,-1,1,0.1,0.2,8,8,0,raw,17,False
645,1000.0,8,8,0,8,0,0,2.680308568184787,2.680308568184787,2.680308568184787,0.01734848694189644,0.0,0.0071723456896582,1.0,0.01734848694189644,False,0,0,0,0,0,0.0,0.0,0.0,0.0,0.0,0,0.0,0,0,disabled,disabled,True,wrong_key,1,17,False,raw,0,0.0034999999999999996,0.0034999999999999996,trial:5,4,False,disabled,0,0,False,raw,0,0.0034999999999999996,0.0034999999999999996,,0,False,disabled,False,raw,0.0034999999999999996,0.0034999999999999996,,,,,,,,False,0,0,0,0,0,0,0.0,0.0,0.7947910000041247,6.570249999995781,7.49212499999885,intervening_contexts,wrong_key_ablation,CRA,wrong_key_ablation,memory_ablation,MockSimulator,43,distractor,between_context_and_decision,5,0,0,internal,0.0034999999999999996,0.0034999999999999996,0.0,0.0,0,False,1,False,-1,1,0.1,0.2,8,8,0,raw,17,False
646,1000.0,8,8,0,8,0,0,2.676699618510564,2.676699618510564,2.676699618510564,0.0,0.0,0.007095958050470096,1.0,0.0,False,0,0,0,0,0,0.0,0.0,0.0,0.0,0.0,0,0.0,0,0,disabled,disabled,True,wrong_key,1,17,False,raw,0,0.0,0.0,trial:-1,4,False,disabled,0,0,False,raw,0,0.0,0.0,,0,False,disabled,False,raw,0.0,0.0,,,,,,,,False,0,0,0,0,0,0,0.0,0.0,0.8219999999994343,6.303457999990769,7.260625000000687,intervening_contexts,wrong_key_ablation,CRA,wrong_key_ablation,memory_ablation,MockSimulator,43,none,none,-1,0,0,internal,0.0,0.0,0.0,0.0,0,False,0,False,-1,1,0.1,0.2,8,8,0,raw,17,False
647,1000.0,8,8,0,8,0,0,2.6731083757735807,2.6731083757735807,2.6731083757735807,0.01734848694189644,0.0,0.007019756978573654,1.0,0.01734848694189644,False,0,0,0,0,0,0.0,0.0,0.0,0.0,0.0,0,0.0,0,0,disabled,disabled,True,wrong_key,1,17,False,raw,0,0.0034999999999999996,0.0034999999999999996,trial:5,4,False,disabled,0,0,False,raw,0,0.0034999999999999996,0.0034999999999999996,,0,False,disabled,False,raw,0.0034999999999999996,0.0034999999999999996,,,,,,,,False,0,0,0,0,0,0,0.0,0.0,0.8043750000013006,6.296542000001182,7.227833999991162,intervening_contexts,wrong_key_ablation,CRA,wrong_key_ablation,memory_ablation,MockSimulator,43,distractor,between_context_and_decision,5,0,0,internal,0.0034999999999999996,0.0034999999999999996,0.0,0.0,0,False,1,False,-1,1,0.1,0.2,8,8,0,raw,17,False
648,1000.0,8,8,0,8,0,0,2.6695347516689036,2.6695347516689036,2.6695347516689036,0.02478096508955737,0.0,0.006943765566332881,1.0,0.02478096508955737,False,0,0,0,0,0,0.0,0.0,0.0,0.0,0.0,0,0.0,0,0,disabled,disabled,True,wrong_key,1,18,False,raw,0,0.005,0.005,intruder:648,4,False,disabled,0,0,False,raw,0,0.005,0.005,,0,False,disabled,False,raw,0.005,0.005,,,,,,,,False,0,0,0,0,0,0,0.0,0.0,0.8115840000044727,6.256707999995115,7.208667000000446,intervening_contexts,wrong_key_ablation,CRA,wrong_key_ablation,memory_ablation,MockSimulator,43,context,interfering_context,5,1,0,internal,0.005,0.005,0.0,0.0,0,False,1,False,-1,1,0.1,0.2,8,8,0,raw,18,False
649,1000.0,8,8,0,8,0,0,2.6659786583320204,2.6659786583320204,2.6659786583320204,-0.01734848694189644,-0.0,0.006868005907790309,1.0,-0.01734848694189644,False,0,0,0,0,0,0.0,0.0,0.0,0.0,0.0,0,0.0,0,0,disabled,disabled,True,wrong_key,1,18,False,raw,0,-0.0034999999999999996,-0.0034999999999999996,trial:5,4,False,disabled,0,0,False,raw,0,-0.0034999999999999996,-0.0034999999999999996,,0,False,disabled,False,raw,-0.0034999999999999996,-0.0034999999999999996,,,,,,,,False,0,0,0,0,0,0,0.0,0.0,0.8036659999959284,6.205459000000246,7.134791000012797,intervening_contexts,wrong_key_ablation,CRA,wrong_key_ablation,memory_ablation,MockSimulator,43,distractor,between_context_and_decision,5,0,0,internal,-0.0034999999999999996,-0.0034999999999999996,0.0,0.0,0,False,-1,False,-1,1,0.1,0.2,8,8,0,raw,18,False
650,1000.0,8,8,0,8,0,0,2.6624400083366435,2.6624400083366435,2.6624400083366435,0.0,0.0,0.006792499129362908,1.0,0.0,False,0,0,0,0,0,0.0,0.0,0.0,0.0,0.0,0,0.0,0,0,disabled,disabled,True,wrong_key,1,18,False,raw,0,0.0,0.0,trial:-1,4,False,disabled,0,0,False,raw,0,0.0,0.0,,0,False,disabled,False,raw,0.0,0.0,,,,,,,,False,0,0,0,0,0,0,0.0,0.0,0.8522910000010597,6.48150000000669,7.458041000006688,intervening_contexts,wrong_key_ablation,CRA,wrong_key_ablation,memory_ablation,MockSimulator,43,none,none,-1,0,0,internal,0.0,0.0,0.0,0.0,0,False,0,False,-1,1,0.1,0.2,8,8,0,raw,18,False
651,1000.0,8,8,0,8,0,0,2.6589187146925277,2.6589187146925277,2.6589187146925277,0.0,0.0,0.006717265419709486,1.0,0.0,False,0,0,0,0,0,0.0,0.0,0.0,0.0,0.0,0,0.0,0,0,disabled,disabled,True,wrong_key,1,18,False,raw,0,0.0,0.0,trial:-1,4,False,disabled,0,0,False,raw,0,0.0,0.0,,0,False,disabled,False,raw,0.0,0.0,,,,,,,,False,0,0,0,0,0,0,0.0,0.0,0.8306670000024496,6.344083000001888,7.308958999999504,intervening_contexts,wrong_key_ablation,CRA,wrong_key_ablation,memory_ablation,MockSimulator,43,none,none,-1,0,0,internal,0.0,0.0,0.0,0.0,0,False,0,False,-1,1,0.1,0.2,8,8,0,raw,18,False
652,1000.0,8,8,0,8,0,0,2.6554146908432914,2.6554146908432914,2.6554146908432914,0.0,0.0,0.006642324058790456,1.0,0.0,False,0,0,0,0,0,0.0,0.0,0.0,0.0,0.0,0,0.0,0,0,disabled,disabled,True,wrong_key,1,18,False,raw,0,0.0,0.0,trial:-1,4,False,disabled,0,0,False,raw,0,0.0,0.0,,0,False,disabled,False,raw,0.0,0.0,,,,,,,,False,0,0,0,0,0,0,0.0,0.0,0.8003330000008191,6.503417000004674,7.4304580000017495,intervening_contexts,wrong_key_ablation,CRA,wrong_key_ablation,memory_ablation,MockSimulator,43,none,none,-1,0,0,internal,0.0,0.0,0.0,0.0,0,False,0,False,-1,1,0.1,0.2,8,8,0,raw,18,False
653,1000.0,8,8,0,8,0,0,2.6519278506642556,2.6519278506642556,2.6519278506642556,-0.01734848694189644,-0.0,0.006567693446140303,1.0,-0.01734848694189644,False,0,0,0,0,0,0.0,0.0,0.0,0.0,0.0,0,0.0,0,0,disabled,disabled,True,wrong_key,1,18,False,raw,0,-0.0034999999999999996,-0.0034999999999999996,trial:5,4,False,disabled,0,0,False,raw,0,-0.0034999999999999996,-0.0034999999999999996,,0,False,disabled,False,raw,-0.0034999999999999996,-0.0034999999999999996,,,,,,,,False,0,0,0,0,0,0,0.0,0.0,0.8111249999984693,6.28062500000226,7.224375000006944,intervening_contexts,wrong_key_ablation,CRA,wrong_key_ablation,memory_ablation,MockSimulator,43,distractor,between_context_and_decision,5,0,0,internal,-0.0034999999999999996,-0.0034999999999999996,0.0,0.0,0,False,-1,False,-1,1,0.1,0.2,8,8,0,raw,18,False
654,1000.0,8,8,0,8,0,0,2.6484581084602894,2.6484581084602894,2.6484581084602894,0.01734848694189644,0.0,0.00649339112837264,1.0,0.01734848694189644,False,0,0,0,0,0,0.0,0.0,0.0,0.0,0.0,0,0.0,0,0,disabled,disabled,True,wrong_key,1,18,False,raw,0,0.0034999999999999996,0.0034999999999999996,trial:5,4,False,disabled,0,0,False,raw,0,0.0034999999999999996,0.0034999999999999996,,0,False,disabled,False,raw,0.0034999999999999996,0.0034999999999999996,,,,,,,,False,0,0,0,0,0,0,0.0,0.0,0.8250409999988051,6.572208999997997,7.5230829999952675,intervening_contexts,wrong_key_ablation,CRA,wrong_key_ablation,memory_ablation,MockSimulator,43,distractor,between_context_and_decision,5,0,0,internal,0.0034999999999999996,0.0034999999999999996,0.0,0.0,0,False,1,False,-1,1,0.1,0.2,8,8,0,raw,18,False
655,1000.0,8,8,0,8,0,0,2.645005378963668,2.645005378963668,2.645005378963668,-0.01734848694189644,-0.0,0.006419433825937227,1.0,-0.01734848694189644,False,0,0,0,0,0,0.0,0.0,0.0,0.0,0.0,0,0.0,0,0,disabled,disabled,True,wrong_key,1,18,False,raw,0,-0.0034999999999999996,-0.0034999999999999996,trial:5,4,False,disabled,0,0,False,raw,0,-0.0034999999999999996,-0.0034999999999999996,,0,False,disabled,False,raw,-0.0034999999999999996,-0.0034999999999999996,,,,,,,,False,0,0,0,0,0,0,0.0,0.0,0.8233329999995931,6.380875000004949,7.340499999997974,intervening_contexts,wrong_key_ablation,CRA,wrong_key_ablation,memory_ablation,MockSimulator,43,distractor,between_context_and_decision,5,0,0,internal,-0.0034999999999999996,-0.0034999999999999996,0.0,0.0,0,False,-1,False,-1,1,0.1,0.2,8,8,0,raw,18,False
656,1000.0,8,8,0,8,0,0,2.6415695773319396,2.6415695773319396,2.6415695773319396,0.01734848694189644,0.0,0.006345837459147882,1.0,0.01734848694189644,False,0,0,0,0,0,0.0,0.0,0.0,0.0,0.0,0,0.0,0,0,disabled,disabled,True,wrong_key,1,18,False,raw,0,0.0034999999999999996,0.0034999999999999996,trial:5,4,False,disabled,0,0,False,raw,0,0.0034999999999999996,0.0034999999999999996,,0,False,disabled,False,raw,0.0034999999999999996,0.0034999999999999996,,,,,,,,False,0,0,0,0,0,0,0.0,0.0,0.7963750000072878,6.586415999990436,7.510082999999668,intervening_contexts,wrong_key_ablation,CRA,wrong_key_ablation,memory_ablation,MockSimulator,43,distractor,between_context_and_decision,5,0,0,internal,0.0034999999999999996,0.0034999999999999996,0.0,0.0,0,False,1,False,-1,1,0.1,0.2,8,8,0,raw,18,False
657,1000.0,8,8,0,8,0,0,2.6381506191458075,2.6381506191458075,2.6381506191458075,0.0,0.0,0.006272617173499737,1.0,0.0,False,0,0,0,0,0,0.0,0.0,0.0,0.0,0.0,0,0.0,0,0,disabled,disabled,True,wrong_key,1,18,False,raw,0,0.0,0.0,trial:-1,4,False,disabled,0,0,False,raw,0,0.0,0.0,,0,False,disabled,False,raw,0.0,0.0,,,,,,,,False,0,0,0,0,0,0,0.0,0.0,0.8044590000082508,6.280207999992626,7.214334000011036,intervening_contexts,wrong_key_ablation,CRA,wrong_key_ablation,memory_ablation,MockSimulator,43,none,none,-1,0,0,internal,0.0,0.0,0.0,0.0,0,False,0,False,-1,1,0.1,0.2,8,8,0,raw,18,False
658,1000.0,8,8,0,8,0,0,2.634748420407017,2.634748420407017,2.634748420407017,0.0,0.0,0.006199787364293857,1.0,0.0,False,0,0,0,0,0,0.0,0.0,0.0,0.0,0.0,0,0.0,0,0,disabled,disabled,True,wrong_key,1,18,False,raw,0,0.0,0.0,trial:-1,4,False,disabled,0,0,False,raw,0,0.0,0.0,,0,False,disabled,False,raw,0.0,0.0,,,,,,,,False,0,0,0,0,0,0,0.0,0.0,0.8006249999965576,6.331916999997134,7.259083000008104,intervening_contexts,wrong_key_ablation,CRA,wrong_key_ablation,memory_ablation,MockSimulator,43,none,none,-1,0,0,internal,0.0,0.0,0.0,0.0,0,False,0,False,-1,1,0.1,0.2,8,8,0,raw,18,False
659,1000.0,8,8,0,8,0,0,2.6313628975362553,2.6313628975362553,2.6313628975362553,0.0,0.0,0.006127361700586813,1.0,0.0,False,0,0,0,0,0,0.0,0.0,0.0,0.0,0.0,0,0.0,0,0,disabled,disabled,True,wrong_key,1,18,False,raw,0,0.0,0.0,trial:-1,4,False,disabled,0,0,False,raw,0,0.0,0.0,,0,False,disabled,False,raw,0.0,0.0,,,,,,,,False,0,0,0,0,0,0,0.0,0.0,0.8619170000088161,6.457582999999545,7.445208000007142,intervening_contexts,wrong_key_ablation,CRA,wrong_key_ablation,memory_ablation,MockSimulator,43,none,none,-1,0,0,internal,0.0,0.0,0.0,0.0,0,False,0,False,-1,1,0.1,0.2,8,8,0,raw,18,False
660,1000.0,8,8,0,8,0,0,2.6279939673710646,2.6279939673710646,2.6279939673710646,-0.01734848694189644,-0.0,0.0060553531484823335,1.0,-0.01734848694189644,False,0,0,0,0,0,0.0,0.0,0.0,0.0,0.0,0,0.0,0,0,disabled,disabled,True,wrong_key,1,18,False,raw,0,-0.0034999999999999996,-0.0034999999999999996,trial:5,4,False,disabled,0,0,False,raw,0,-0.0034999999999999996,-0.0034999999999999996,,0,False,disabled,False,raw,-0.0034999999999999996,-0.0034999999999999996,,,,,,,,False,0,0,0,0,0,0,0.0,0.0,0.8350829999983489,6.599750000006566,7.570707999988713,intervening_contexts,wrong_key_ablation,CRA,wrong_key_ablation,memory_ablation,MockSimulator,43,distractor,between_context_and_decision,5,0,0,internal,-0.0034999999999999996,-0.0034999999999999996,0.0,0.0,0,False,-1,False,-1,1,0.1,0.2,8,8,0,raw,18,False
661,1000.0,8,8,0,8,0,0,2.6246415471637596,2.6246415471637596,2.6246415471637596,0.01734848694189644,0.0,0.0059837739937817986,1.0,0.01734848694189644,False,0,0,0,0,0,0.0,0.0,0.0,0.0,0.0,0,0.0,0,0,disabled,disabled,True,wrong_key,1,18,False,raw,0,0.0034999999999999996,0.0034999999999999996,trial:5,4,False,disabled,0,0,False,raw,0,0.0034999999999999996,0.0034999999999999996,,0,False,disabled,False,raw,0.0034999999999999996,0.0034999999999999996,,,,,,,,False,0,0,0,0,0,0,0.0,0.0,0.8347090000029311,7.073375000004489,8.043958000001794,intervening_contexts,wrong_key_ablation,CRA,wrong_key_ablation,memory_ablation,MockSimulator,43,distractor,between_context_and_decision,5,0,0,internal,0.0034999999999999996,0.0034999999999999996,0.0,0.0,0,False,1,False,-1,1,0.1,0.2,8,8,0,raw,18,False
662,1000.0,8,8,0,8,0,0,2.621305554579362,2.621305554579362,2.621305554579362,0.0,0.0,0.005912635864009892,1.0,0.0,False,0,0,0,0,0,0.0,0.0,0.0,0.0,0.0,0,0.0,0,0,disabled,disabled,True,wrong_key,1,18,False,raw,0,0.0,0.0,trial:-1,4,False,disabled,0,0,False,raw,0,0.0,0.0,,0,False,disabled,False,raw,0.0,0.0,,,,,,,,False,0,0,0,0,0,0,0.0,0.0,0.8533750000054852,6.680875000000697,7.674916999988568,intervening_contexts,wrong_key_ablation,CRA,wrong_key_ablation,memory_ablation,MockSimulator,43,none,none,-1,0,0,internal,0.0,0.0,0.0,0.0,0,False,0,False,-1,1,0.1,0.2,8,8,0,raw,18,False
663,1000.0,8,8,0,8,0,0,2.61798590769354,2.61798590769354,2.61798590769354,0.0,0.0,0.005841949749831348,1.0,0.0,False,0,0,0,0,0,0.0,0.0,0.0,0.0,0.0,0,0.0,0,0,disabled,disabled,True,wrong_key,1,18,False,raw,0,0.0,0.0,trial:-1,4,False,disabled,0,0,False,raw,0,0.0,0.0,,0,False,disabled,False,raw,0.0,0.0,,,,,,,,False,0,0,0,0,0,0,0.0,0.0,0.8397909999899866,6.681624999998803,7.655415999991533,intervening_contexts,wrong_key_ablation,CRA,wrong_key_ablation,memory_ablation,MockSimulator,43,none,none,-1,0,0,internal,0.0,0.0,0.0,0.0,0,False,0,False,-1,1,0.1,0.2,8,8,0,raw,18,False
664,1000.0,8,8,0,8,0,0,2.6146825249905605,2.6146825249905605,2.6146825249905605,0.0,0.0,0.005771726025874342,1.0,0.0,False,0,0,0,0,0,0.0,0.0,0.0,0.0,0.0,0,0.0,0,0,disabled,disabled,True,wrong_key,1,18,False,raw,0,0.0,0.0,trial:-1,4,False,disabled,0,0,False,raw,0,0.0,0.0,,0,False,disabled,False,raw,0.0,0.0,,,,,,,,False,0,0,0,0,0,0,0.0,0.0,0.8108330000027308,6.41737499999806,7.361457999991217,intervening_contexts,wrong_key_ablation,CRA,wrong_key_ablation,memory_ablation,MockSimulator,43,none,none,-1,0,0,internal,0.0,0.0,0.0,0.0,0,False,0,False,-1,1,0.1,0.2,8,8,0,raw,18,False
665,1000.0,8,8,0,8,0,0,2.611395325361252,2.611395325361252,2.611395325361252,0.0,0.0,0.005701974470975684,1.0,0.0,False,0,0,0,0,0,0.0,0.0,0.0,0.0,0.0,0,0.0,0,0,disabled,disabled,True,wrong_key,1,18,False,raw,0,0.0,0.0,trial:-1,4,False,disabled,0,0,False,raw,0,0.0,0.0,,0,False,disabled,False,raw,0.0,0.0,,,,,,,,False,0,0,0,0,0,0,0.0,0.0,0.799541000006343,6.562833999993245,7.487875000009581,intervening_contexts,wrong_key_ablation,CRA,wrong_key_ablation,memory_ablation,MockSimulator,43,none,none,-1,0,0,internal,0.0,0.0,0.0,0.0,0,False,0,False,-1,1,0.1,0.2,8,8,0,raw,18,False
666,1000.0,8,8,0,8,0,0,2.608124228100977,2.608124228100977,2.608124228100977,0.0,0.0,0.005632704287862623,1.0,0.0,False,0,0,0,0,0,0.0,0.0,0.0,0.0,0.0,0,0.0,0,0,disabled,disabled,True,wrong_key,1,18,False,raw,0,0.0,0.0,trial:-1,4,False,disabled,0,0,False,raw,0,0.0,0.0,,0,False,disabled,False,raw,0.0,0.0,,,,,,,,False,0,0,0,0,0,0,0.0,0.0,0.8100419999976793,6.460040999996863,7.399832999993805,intervening_contexts,wrong_key_ablation,CRA,wrong_key_ablation,memory_ablation,MockSimulator,43,none,none,-1,0,0,internal,0.0,0.0,0.0,0.0,0,False,0,False,-1,1,0.1,0.2,8,8,0,raw,18,False
667,1000.0,8,8,0,8,0,0,2.6048691529076122,2.6048691529076122,2.6048691529076122,0.01734848694189644,0.0,0.005563924122285694,1.0,0.01734848694189644,False,0,0,0,0,0,0.0,0.0,0.0,0.0,0.0,0,0.0,0,0,disabled,disabled,True,wrong_key,1,18,False,raw,0,0.0034999999999999996,0.0034999999999999996,trial:5,4,False,disabled,0,0,False,raw,0,0.0034999999999999996,0.0034999999999999996,,0,False,disabled,False,raw,0.0034999999999999996,0.0034999999999999996,,,,,,,,False,0,0,0,0,0,0,0.0,0.0,0.8100000000013097,6.648749999996539,7.584249999993631,intervening_contexts,wrong_key_ablation,CRA,wrong_key_ablation,memory_ablation,MockSimulator,43,distractor,between_context_and_decision,5,0,0,internal,0.0034999999999999996,0.0034999999999999996,0.0,0.0,0,False,1,False,-1,1,0.1,0.2,8,8,0,raw,18,False
668,1000.0,8,8,0,8,0,0,2.601630019879544,2.601630019879544,2.601630019879544,-0.01734848694189644,-0.0,0.005495642081616697,1.0,-0.01734848694189644,False,0,0,0,0,0,0.0,0.0,0.0,0.0,0.0,0,0.0,0,0,disabled,disabled,True,wrong_key,1,18,False,raw,0,-0.0034999999999999996,-0.0034999999999999996,trial:5,4,False,disabled,0,0,False,raw,0,-0.0034999999999999996,-0.0034999999999999996,,0,False,disabled,False,raw,-0.0034999999999999996,-0.0034999999999999996,,,,,,,,False,0,0,0,0,0,0,0.0,0.0,0.820709000009856,6.472875000000045,7.42370799999037,intervening_contexts,wrong_key_ablation,CRA,wrong_key_ablation,memory_ablation,MockSimulator,43,distractor,between_context_and_decision,5,0,0,internal,-0.0034999999999999996,-0.0034999999999999996,0.0,0.0,0,False,-1,False,-1,1,0.1,0.2,8,8,0,raw,18,False
669,1000.0,8,8,0,8,0,0,2.5984067495136687,2.5984067495136687,2.5984067495136687,0.0,0.0,0.005427865752925545,1.0,0.0,False,0,0,0,0,0,0.0,0.0,0.0,0.0,0.0,0,0.0,0,0,disabled,disabled,True,wrong_key,1,18,False,raw,0,0.0,0.0,trial:-1,4,False,disabled,0,0,False,raw,0,0.0,0.0,,0,False,disabled,False,raw,0.0,0.0,,,,,,,,False,0,0,0,0,0,0,0.0,0.0,0.8020000000072969,6.585916999995334,7.514291000006779,intervening_contexts,wrong_key_ablation,CRA,wrong_key_ablation,memory_ablation,MockSimulator,43,none,none,-1,0,0,internal,0.0,0.0,0.0,0.0,0,False,0,False,-1,1,0.1,0.2,8,8,0,raw,18,False
670,1000.0,8,8,0,8,0,0,2.5951992627034057,2.5951992627034057,2.5951992627034057,0.0,0.0,0.005360602220549393,1.0,0.0,False,0,0,0,0,0,0.0,0.0,0.0,0.0,0.0,0,0.0,0,0,disabled,disabled,True,wrong_key,1,18,False,raw,0,0.0,0.0,trial:-1,4,False,disabled,0,0,False,raw,0,0.0,0.0,,0,False,disabled,False,raw,0.0,0.0,,,,,,,,False,0,0,0,0,0,0,0.0,0.0,0.8055840000054104,6.443832999991628,7.379207999989035,intervening_contexts,wrong_key_ablation,CRA,wrong_key_ablation,memory_ablation,MockSimulator,43,none,none,-1,0,0,internal,0.0,0.0,0.0,0.0,0,False,0,False,-1,1,0.1,0.2,8,8,0,raw,18,False
671,1000.0,8,8,0,8,0,0,2.592007480736721,2.592007480736721,2.592007480736721,0.0,0.0,0.005293858083167117,1.0,0.0,False,0,0,0,0,0,0.0,0.0,0.0,0.0,0.0,0,0.0,0,0,disabled,disabled,True,wrong_key,1,18,False,raw,0,0.0,0.0,trial:-1,4,False,disabled,0,0,False,raw,0,0.0,0.0,,0,False,disabled,False,raw,0.0,0.0,,,,,,,,False,0,0,0,0,0,0,0.0,0.0,0.8003330000008191,6.515583999998853,7.441541000005714,intervening_contexts,wrong_key_ablation,CRA,wrong_key_ablation,memory_ablation,MockSimulator,43,none,none,-1,0,0,internal,0.0,0.0,0.0,0.0,0,False,0,False,-1,1,0.1,0.2,8,8,0,raw,18,False
672,1000.0,8,8,0,8,0,0,2.588831325294157,2.588831325294157,2.588831325294157,0.04953151306363803,-0.45842478555154126,0.005227639470391912,1.0,0.04953151306363803,False,0,0,0,0,0,0.0,0.0,0.0,0.0,0.0,0,0.0,0,0,disabled,disabled,True,wrong_key,1,18,True,internal_wrong_key_context,1,0.01,0.01,trial:5,4,False,disabled,0,0,False,raw,0,0.01,0.01,,0,False,disabled,False,raw,0.01,0.01,,,,,,,,False,0,0,0,0,0,0,0.0,0.0,0.8669169999961923,6.639875000004736,7.631250000002865,intervening_contexts,wrong_key_ablation,CRA,wrong_key_ablation,memory_ablation,MockSimulator,43,decision,target_decision_after_interference,5,-1,1,internal,0.01,0.01,-0.01,-0.01,-1,True,1,False,672,1,0.1,0.2,8,8,1,internal_wrong_key_context,18,True
673,1000.0,8,8,0,8,0,0,2.5856707184468752,2.5856707184468752,2.5856707184468752,0.0,0.0,0.005161952058894448,1.0,0.0,False,0,0,0,0,0,0.0,0.0,0.0,0.0,0.0,0,0.0,0,0,disabled,disabled,True,wrong_key,1,18,False,raw,0,0.0,0.0,trial:-1,4,False,disabled,0,0,False,raw,0,0.0,0.0,,0,False,disabled,False,raw,0.0,0.0,,,,,,,,False,0,0,0,0,0,0,0.0,0.0,0.8070829999979878,6.49004199999581,7.426624999993692,intervening_contexts,wrong_key_ablation,CRA,wrong_key_ablation,memory_ablation,MockSimulator,43,none,none,-1,0,0,internal,0.0,0.0,0.0,0.0,0,False,0,False,-1,1,0.1,0.2,8,8,0,raw,18,False
674,1000.0,8,8,0,8,0,0,2.582525582654711,2.582525582654711,2.582525582654711,0.0,0.0,0.0050968010880687266,1.0,0.0,False,0,0,0,0,0,0.0,0.0,0.0,0.0,0.0,0,0.0,0,0,disabled,disabled,True,wrong_key,1,18,False,raw,0,0.0,0.0,trial:-1,4,False,disabled,0,0,False,raw,0,0.0,0.0,,0,False,disabled,False,raw,0.0,0.0,,,,,,,,False,0,0,0,0,0,0,0.0,0.0,0.7985419999982923,6.649667000004911,7.573958000008929,intervening_contexts,wrong_key_ablation,CRA,wrong_key_ablation,memory_ablation,MockSimulator,43,none,none,-1,0,0,internal,0.0,0.0,0.0,0.0,0,False,0,False,-1,1,0.1,0.2,8,8,0,raw,18,False
675,1000.0,8,8,0,8,0,0,2.5793958407642306,2.5793958407642306,2.5793958407642306,0.0,0.0,0.005032191375252476,1.0,0.0,False,0,0,0,0,0,0.0,0.0,0.0,0.0,0.0,0,0.0,0,0,disabled,disabled,True,wrong_key,1,18,False,raw,0,0.0,0.0,trial:-1,4,False,disabled,0,0,False,raw,0,0.0,0.0,,0,False,disabled,False,raw,0.0,0.0,,,,,,,,False,0,0,0,0,0,0,0.0,0.0,0.8283749999975498,6.519624999995699,7.478292000001829,intervening_contexts,wrong_key_ablation,CRA,wrong_key_ablation,memory_ablation,MockSimulator,43,none,none,-1,0,0,internal,0.0,0.0,0.0,0.0,0,False,0,False,-1,1,0.1,0.2,8,8,0,raw,18,False
676,1000.0,8,8,0,8,0,0,2.576281416006805,2.576281416006805,2.576281416006805,0.0,0.0,0.004968127330513648,1.0,0.0,False,0,0,0,0,0,0.0,0.0,0.0,0.0,0.0,0,0.0,0,0,disabled,disabled,True,wrong_key,1,18,False,raw,0,0.0,0.0,trial:-1,4,False,disabled,0,0,False,raw,0,0.0,0.0,,0,False,disabled,False,raw,0.0,0.0,,,,,,,,False,0,0,0,0,0,0,0.0,0.0,0.796999999991499,6.6782080000109545,7.604208000003609,intervening_contexts,wrong_key_ablation,CRA,wrong_key_ablation,memory_ablation,MockSimulator,43,none,none,-1,0,0,internal,0.0,0.0,0.0,0.0,0,False,0,False,-1,1,0.1,0.2,8,8,0,raw,18,False
677,1000.0,8,8,0,8,0,0,2.5731822319966895,2.5731822319966895,2.5731822319966895,0.0,0.0,0.004904612971014272,1.0,0.0,False,0,0,0,0,0,0.0,0.0,0.0,0.0,0.0,0,0.0,0,0,disabled,disabled,True,wrong_key,1,18,False,raw,0,0.0,0.0,trial:-1,4,False,disabled,0,0,False,raw,0,0.0,0.0,,0,False,disabled,False,raw,0.0,0.0,,,,,,,,False,0,0,0,0,0,0,0.0,0.0,0.8187500000076398,6.593416000001184,7.5425410000065085,intervening_contexts,wrong_key_ablation,CRA,wrong_key_ablation,memory_ablation,MockSimulator,43,none,none,-1,0,0,internal,0.0,0.0,0.0,0.0,0,False,0,False,-1,1,0.1,0.2,8,8,0,raw,18,False
678,1000.0,8,8,0,8,0,0,2.5700982127291154,2.5700982127291154,2.5700982127291154,0.0,0.0,0.004841651934962665,1.0,0.0,False,0,0,0,0,0,0.0,0.0,0.0,0.0,0.0,0,0.0,0,0,disabled,disabled,True,wrong_key,1,18,False,raw,0,0.0,0.0,trial:-1,4,False,disabled,0,0,False,raw,0,0.0,0.0,,0,False,disabled,False,raw,0.0,0.0,,,,,,,,False,0,0,0,0,0,0,0.0,0.0,0.8182920000052718,6.678790999998796,7.624832999994169,intervening_contexts,wrong_key_ablation,CRA,wrong_key_ablation,memory_ablation,MockSimulator,43,none,none,-1,0,0,internal,0.0,0.0,0.0,0.0,0,False,0,False,-1,1,0.1,0.2,8,8,0,raw,18,False
679,1000.0,8,8,0,8,0,0,2.567029282578389,2.567029282578389,2.567029282578389,0.0,0.0,0.004779247495164718,1.0,0.0,False,0,0,0,0,0,0.0,0.0,0.0,0.0,0.0,0,0.0,0,0,disabled,disabled,True,wrong_key,1,18,False,raw,0,0.0,0.0,trial:-1,4,False,disabled,0,0,False,raw,0,0.0,0.0,,0,False,disabled,False,raw,0.0,0.0,,,,,,,,False,0,0,0,0,0,0,0.0,0.0,0.8130420000043159,6.526166000000444,7.471791000000394,intervening_contexts,wrong_key_ablation,CRA,wrong_key_ablation,memory_ablation,MockSimulator,43,none,none,-1,0,0,internal,0.0,0.0,0.0,0.0,0,False,0,False,-1,1,0.1,0.2,8,8,0,raw,18,False
680,1000.0,8,8,0,8,0,0,2.5639753662960003,2.5639753662960003,2.5639753662960003,0.0,0.0,0.004717402572184703,1.0,0.0,False,0,0,0,0,0,0.0,0.0,0.0,0.0,0.0,0,0.0,0,0,disabled,disabled,True,wrong_key,1,18,False,raw,0,0.0,0.0,trial:-1,4,False,disabled,0,0,False,raw,0,0.0,0.0,,0,False,disabled,False,raw,0.0,0.0,,,,,,,,False,0,0,0,0,0,0,0.0,0.0,0.7982090000098196,6.91462499999318,7.838667000001465,intervening_contexts,wrong_key_ablation,CRA,wrong_key_ablation,memory_ablation,MockSimulator,43,none,none,-1,0,0,internal,0.0,0.0,0.0,0.0,0,False,0,False,-1,1,0.1,0.2,8,8,0,raw,18,False
681,1000.0,8,8,0,8,0,0,2.5609363890087438,2.5609363890087438,2.5609363890087438,0.0,0.0,0.004656119747125823,1.0,0.0,False,0,0,0,0,0,0.0,0.0,0.0,0.0,0.0,0,0.0,0,0,disabled,disabled,True,wrong_key,1,18,False,raw,0,0.0,0.0,trial:-1,4,False,disabled,0,0,False,raw,0,0.0,0.0,,0,False,disabled,False,raw,0.0,0.0,,,,,,,,False,0,0,0,0,0,0,0.0,0.0,0.8244999999931224,6.6719579999983125,7.630582999993862,intervening_contexts,wrong_key_ablation,CRA,wrong_key_ablation,memory_ablation,MockSimulator,43,none,none,-1,0,0,internal,0.0,0.0,0.0,0.0,0,False,0,False,-1,1,0.1,0.2,8,8,0,raw,18,False
682,1000.0,8,8,0,8,0,0,2.5579122762168445,2.5579122762168445,2.5579122762168445,0.0,0.0,0.004595401274040425,1.0,0.0,False,0,0,0,0,0,0.0,0.0,0.0,0.0,0.0,0,0.0,0,0,disabled,disabled,True,wrong_key,1,18,False,raw,0,0.0,0.0,trial:-1,4,False,disabled,0,0,False,raw,0,0.0,0.0,,0,False,disabled,False,raw,0.0,0.0,,,,,,,,False,0,0,0,0,0,0,0.0,0.0,0.8002090000047701,7.008208000002014,7.935416999998779,intervening_contexts,wrong_key_ablation,CRA,wrong_key_ablation,memory_ablation,MockSimulator,43,none,none,-1,0,0,internal,0.0,0.0,0.0,0.0,0,False,0,False,-1,1,0.1,0.2,8,8,0,raw,18,False
683,1000.0,8,8,0,8,0,0,2.5549029537920966,2.5549029537920966,2.5549029537920966,0.0,0.0,0.004535249091979591,1.0,0.0,False,0,0,0,0,0,0.0,0.0,0.0,0.0,0.0,0,0.0,0,0,disabled,disabled,True,wrong_key,1,18,False,raw,0,0.0,0.0,trial:-1,4,False,disabled,0,0,False,raw,0,0.0,0.0,,0,False,disabled,False,raw,0.0,0.0,,,,,,,,False,0,0,0,0,0,0,0.0,0.0,0.8358750000070359,6.685832999991703,7.659124999989331,intervening_contexts,wrong_key_ablation,CRA,wrong_key_ablation,memory_ablation,MockSimulator,43,none,none,-1,0,0,internal,0.0,0.0,0.0,0.0,0,False,0,False,-1,1,0.1,0.2,8,8,0,raw,18,False
684,1000.0,8,8,0,8,0,0,2.55190834797601,2.55190834797601,2.55190834797601,0.0,0.0,0.004475664836691575,1.0,0.0,False,0,0,0,0,0,0.0,0.0,0.0,0.0,0.0,0,0.0,0,0,disabled,disabled,True,wrong_key,1,18,False,raw,0,0.0,0.0,trial:-1,4,False,disabled,0,0,False,raw,0,0.0,0.0,,0,False,disabled,False,raw,0.0,0.0,,,,,,,,False,0,0,0,0,0,0,0.0,0.0,0.8039169999989326,6.795874999994567,7.7265409999967005,intervening_contexts,wrong_key_ablation,CRA,wrong_key_ablation,memory_ablation,MockSimulator,43,none,none,-1,0,0,internal,0.0,0.0,0.0,0.0,0,False,0,False,-1,1,0.1,0.2,8,8,0,raw,18,False
685,1000.0,8,8,0,8,0,0,2.5489283853779656,2.5489283853779656,2.5489283853779656,0.0,0.0,0.004416649851978288,1.0,0.0,False,0,0,0,0,0,0.0,0.0,0.0,0.0,0.0,0,0.0,0,0,disabled,disabled,True,wrong_key,1,18,False,raw,0,0.0,0.0,trial:-1,4,False,disabled,0,0,False,raw,0,0.0,0.0,,0,False,disabled,False,raw,0.0,0.0,,,,,,,,False,0,0,0,0,0,0,0.0,0.0,0.9190839999888567,6.795916000001512,7.8541670000049635,intervening_contexts,wrong_key_ablation,CRA,wrong_key_ablation,memory_ablation,MockSimulator,43,none,none,-1,0,0,internal,0.0,0.0,0.0,0.0,0,False,0,False,-1,1,0.1,0.2,8,8,0,raw,18,False
686,1000.0,8,8,0,8,0,0,2.545962992973382,2.545962992973382,2.545962992973382,0.0,0.0,0.004358205200718856,1.0,0.0,False,0,0,0,0,0,0.0,0.0,0.0,0.0,0.0,0,0.0,0,0,disabled,disabled,True,wrong_key,1,18,False,raw,0,0.0,0.0,trial:-1,4,False,disabled,0,0,False,raw,0,0.0,0.0,,0,False,disabled,False,raw,0.0,0.0,,,,,,,,False,0,0,0,0,0,0,0.0,0.0,0.8006250000107684,6.593915999999922,7.523083000009478,intervening_contexts,wrong_key_ablation,CRA,wrong_key_ablation,memory_ablation,MockSimulator,43,none,none,-1,0,0,internal,0.0,0.0,0.0,0.0,0,False,0,False,-1,1,0.1,0.2,8,8,0,raw,18,False
687,1000.0,8,8,0,8,0,0,2.5430120981018898,2.5430120981018898,2.5430120981018898,0.0,0.0,0.00430033167556901,1.0,0.0,False,0,0,0,0,0,0.0,0.0,0.0,0.0,0.0,0,0.0,0,0,disabled,disabled,True,wrong_key,1,18,False,raw,0,0.0,0.0,trial:-1,4,False,disabled,0,0,False,raw,0,0.0,0.0,,0,False,disabled,False,raw,0.0,0.0,,,,,,,,False,0,0,0,0,0,0,0.0,0.0,0.8729580000021997,6.742625000001112,7.742417000002888,intervening_contexts,wrong_key_ablation,CRA,wrong_key_ablation,memory_ablation,MockSimulator,43,none,none,-1,0,0,internal,0.0,0.0,0.0,0.0,0,False,0,False,-1,1,0.1,0.2,8,8,0,raw,18,False
688,1000.0,8,8,0,8,0,0,2.5400756284655133,2.5400756284655133,2.5400756284655133,0.0,0.0,0.0042430298093448695,1.0,0.0,False,0,0,0,0,0,0.0,0.0,0.0,0.0,0.0,0,0.0,0,0,disabled,disabled,True,wrong_key,1,18,False,raw,0,0.0,0.0,trial:-1,4,False,disabled,0,0,False,raw,0,0.0,0.0,,0,False,disabled,False,raw,0.0,0.0,,,,,,,,False,0,0,0,0,0,0,0.0,0.0,0.8002499999975043,6.64766700000996,7.576542000009567,intervening_contexts,wrong_key_ablation,CRA,wrong_key_ablation,memory_ablation,MockSimulator,43,none,none,-1,0,0,internal,0.0,0.0,0.0,0.0,0,False,0,False,-1,1,0.1,0.2,8,8,0,raw,18,False
689,1000.0,8,8,0,8,0,0,2.537153512126865,2.537153512126865,2.537153512126865,0.0,0.0,0.004186299885099467,1.0,0.0,False,0,0,0,0,0,0.0,0.0,0.0,0.0,0.0,0,0.0,0,0,disabled,disabled,True,wrong_key,1,18,False,raw,0,0.0,0.0,trial:-1,4,False,disabled,0,0,False,raw,0,0.0,0.0,,0,False,disabled,False,raw,0.0,0.0,,,,,,,,False,0,0,0,0,0,0,0.0,0.0,0.8000830000014503,6.708041999999637,7.633832999999868,intervening_contexts,wrong_key_ablation,CRA,wrong_key_ablation,memory_ablation,MockSimulator,43,none,none,-1,0,0,internal,0.0,0.0,0.0,0.0,0,False,0,False,-1,1,0.1,0.2,8,8,0,raw,18,False
690,1000.0,8,8,0,8,0,0,2.5342456775073456,2.5342456775073456,2.5342456775073456,0.0,0.0,0.0041301419459001424,1.0,0.0,False,0,0,0,0,0,0.0,0.0,0.0,0.0,0.0,0,0.0,0,0,disabled,disabled,True,wrong_key,1,18,False,raw,0,0.0,0.0,trial:-1,4,False,disabled,0,0,False,raw,0,0.0,0.0,,0,False,disabled,False,raw,0.0,0.0,,,,,,,,False,0,0,0,0,0,0,0.0,0.0,0.816000000000372,6.671417000006841,7.619832999992582,intervening_contexts,wrong_key_ablation,CRA,wrong_key_ablation,memory_ablation,MockSimulator,43,none,none,-1,0,0,internal,0.0,0.0,0.0,0.0,0,False,0,False,-1,1,0.1,0.2,8,8,0,raw,18,False
691,1000.0,8,8,0,8,0,0,2.531352053385356,2.531352053385356,2.531352053385356,0.0,0.0,0.004074555804314752,1.0,0.0,False,0,0,0,0,0,0.0,0.0,0.0,0.0,0.0,0,0.0,0,0,disabled,disabled,True,wrong_key,1,18,False,raw,0,0.0,0.0,trial:-1,4,False,disabled,0,0,False,raw,0,0.0,0.0,,0,False,disabled,False,raw,0.0,0.0,,,,,,,,False,0,0,0,0,0,0,0.0,0.0,0.7980410000101301,6.822999999997137,7.747499999993579,intervening_contexts,wrong_key_ablation,CRA,wrong_key_ablation,memory_ablation,MockSimulator,43,none,none,-1,0,0,internal,0.0,0.0,0.0,0.0,0,False,0,False,-1,1,0.1,0.2,8,8,0,raw,18,False
692,1000.0,8,8,0,8,0,0,2.5284725688945158,2.5284725688945158,2.5284725688945158,0.0,0.0,0.004019541051614416,1.0,0.0,False,0,0,0,0,0,0.0,0.0,0.0,0.0,0.0,0,0.0,0,0,disabled,disabled,True,wrong_key,1,18,False,raw,0,0.0,0.0,trial:-1,4,False,disabled,0,0,False,raw,0,0.0,0.0,,0,False,disabled,False,raw,0.0,0.0,,,,,,,,False,0,0,0,0,0,0,0.0,0.0,0.8111249999984693,6.718915999996966,7.660250000000701,intervening_contexts,wrong_key_ablation,CRA,wrong_key_ablation,memory_ablation,MockSimulator,43,none,none,-1,0,0,internal,0.0,0.0,0.0,0.0,0,False,0,False,-1,1,0.1,0.2,8,8,0,raw,18,False
693,1000.0,8,8,0,8,0,0,2.525607153521891,2.525607153521891,2.525607153521891,0.0,0.0,0.003965097066700367,1.0,0.0,False,0,0,0,0,0,0.0,0.0,0.0,0.0,0.0,0,0.0,0,0,disabled,disabled,True,wrong_key,1,18,False,raw,0,0.0,0.0,trial:-1,4,False,disabled,0,0,False,raw,0,0.0,0.0,,0,False,disabled,False,raw,0.0,0.0,,,,,,,,False,0,0,0,0,0,0,0.0,0.0,0.7970420000020795,6.889291999996772,7.8126660000066295,intervening_contexts,wrong_key_ablation,CRA,wrong_key_ablation,memory_ablation,MockSimulator,43,none,none,-1,0,0,internal,0.0,0.0,0.0,0.0,0,False,0,False,-1,1,0.1,0.2,8,8,0,raw,18,False
694,1000.0,8,8,0,8,0,0,2.522755737106234,2.522755737106234,2.522755737106234,0.0,0.0,0.003911223024762236,1.0,0.0,False,0,0,0,0,0,0.0,0.0,0.0,0.0,0.0,0,0.0,0,0,disabled,disabled,True,wrong_key,1,18,False,raw,0,0.0,0.0,trial:-1,4,False,disabled,0,0,False,raw,0,0.0,0.0,,0,False,disabled,False,raw,0.0,0.0,,,,,,,,False,0,0,0,0,0,0,0.0,0.0,0.8109590000060507,6.698124999999777,7.640875000006986,intervening_contexts,wrong_key_ablation,CRA,wrong_key_ablation,memory_ablation,MockSimulator,43,none,none,-1,0,0,internal,0.0,0.0,0.0,0.0,0,False,0,False,-1,1,0.1,0.2,8,8,0,raw,18,False
695,1000.0,8,8,0,8,0,0,2.519918249836226,2.519918249836226,2.519918249836226,0.0,0.0,0.0038579179056749493,1.0,0.0,False,0,0,0,0,0,0.0,0.0,0.0,0.0,0.0,0,0.0,0,0,disabled,disabled,True,wrong_key,1,18,False,raw,0,0.0,0.0,trial:-1,4,False,disabled,0,0,False,raw,0,0.0,0.0,,0,False,disabled,False,raw,0.0,0.0,,,,,,,,False,0,0,0,0,0,0,0.0,0.0,0.8033329999932448,6.826125000003458,7.755375000002118,intervening_contexts,wrong_key_ablation,CRA,wrong_key_ablation,memory_ablation,MockSimulator,43,none,none,-1,0,0,internal,0.0,0.0,0.0,0.0,0,False,0,False,-1,1,0.1,0.2,8,8,0,raw,18,False
696,1000.0,8,8,0,8,0,0,2.517094622248734,2.517094622248734,2.517094622248734,0.0,0.0,0.0038051805021412496,1.0,0.0,False,0,0,0,0,0,0.0,0.0,0.0,0.0,0.0,0,0.0,0,0,disabled,disabled,True,wrong_key,1,18,False,raw,0,0.0,0.0,trial:-1,4,False,disabled,0,0,False,raw,0,0.0,0.0,,0,False,disabled,False,raw,0.0,0.0,,,,,,,,False,0,0,0,0,0,0,0.0,0.0,0.8112919999945234,6.75950000000114,7.701624999995715,intervening_contexts,wrong_key_ablation,CRA,wrong_key_ablation,memory_ablation,MockSimulator,43,none,none,-1,0,0,internal,0.0,0.0,0.0,0.0,0,False,0,False,-1,1,0.1,0.2,8,8,0,raw,18,False
697,1000.0,8,8,0,8,0,0,2.5142847852270735,2.5142847852270735,2.5142847852270735,0.0,0.0,0.003753009427586628,1.0,0.0,False,0,0,0,0,0,0.0,0.0,0.0,0.0,0.0,0,0.0,0,0,disabled,disabled,True,wrong_key,1,18,False,raw,0,0.0,0.0,trial:-1,4,False,disabled,0,0,False,raw,0,0.0,0.0,,0,False,disabled,False,raw,0.0,0.0,,,,,,,,False,0,0,0,0,0,0,0.0,0.0,0.8121670000065251,6.987874999992982,7.932917000005091,intervening_contexts,wrong_key_ablation,CRA,wrong_key_ablation,memory_ablation,MockSimulator,43,none,none,-1,0,0,internal,0.0,0.0,0.0,0.0,0,False,0,False,-1,1,0.1,0.2,8,8,0,raw,18,False
698,1000.0,8,8,0,8,0,0,2.51148866999928,2.51148866999928,2.51148866999928,0.0,0.0,0.0037014031238133344,1.0,0.0,False,0,0,0,0,0,0.0,0.0,0.0,0.0,0.0,0,0.0,0,0,disabled,disabled,True,wrong_key,1,18,False,raw,0,0.0,0.0,trial:-1,4,False,disabled,0,0,False,raw,0,0.0,0.0,,0,False,disabled,False,raw,0.0,0.0,,,,,,,,False,0,0,0,0,0,0,0.0,0.0,0.8798329999990528,6.832541999997943,7.844916000010471,intervening_contexts,wrong_key_ablation,CRA,wrong_key_ablation,memory_ablation,MockSimulator,43,none,none,-1,0,0,internal,0.0,0.0,0.0,0.0,0,False,0,False,-1,1,0.1,0.2,8,8,0,raw,18,False
699,1000.0,8,8,0,8,0,0,2.5087062081363913,2.5087062081363913,2.5087062081363913,0.0,0.0,0.003650359868419938,1.0,0.0,False,0,0,0,0,0,0.0,0.0,0.0,0.0,0.0,0,0.0,0,0,disabled,disabled,True,wrong_key,1,18,False,raw,0,0.0,0.0,trial:-1,4,False,disabled,0,0,False,raw,0,0.0,0.0,,0,False,disabled,False,raw,0.0,0.0,,,,,,,,False,0,0,0,0,0,0,0.0,0.0,0.7980840000101352,6.874040999989006,7.797624999994923,intervening_contexts,wrong_key_ablation,CRA,wrong_key_ablation,memory_ablation,MockSimulator,43,none,none,-1,0,0,internal,0.0,0.0,0.0,0.0,0,False,0,False,-1,1,0.1,0.2,8,8,0,raw,18,False
700,1000.0,8,8,0,8,0,0,2.505937331550735,2.505937331550735,2.505937331550735,0.0,0.0,0.003599877781992752,1.0,0.0,False,0,0,0,0,0,0.0,0.0,0.0,0.0,0.0,0,0.0,0,0,disabled,disabled,True,wrong_key,1,18,False,raw,0,0.0,0.0,trial:-1,4,False,disabled,0,0,False,raw,0,0.0,0.0,,0,False,disabled,False,raw,0.0,0.0,,,,,,,,False,0,0,0,0,0,0,0.0,0.0,0.8066670000062004,6.744624999996063,7.685291999990795,intervening_contexts,wrong_key_ablation,CRA,wrong_key_ablation,memory_ablation,MockSimulator,43,none,none,-1,0,0,internal,0.0,0.0,0.0,0.0,0,False,0,False,-1,1,0.1,0.2,8,8,0,raw,18,False
701,1000.0,8,8,0,8,0,0,2.5031819724942284,2.5031819724942284,2.5031819724942284,0.0,0.0,0.003549954835075285,1.0,0.0,False,0,0,0,0,0,0.0,0.0,0.0,0.0,0.0,0,0.0,0,0,disabled,disabled,True,wrong_key,1,18,False,raw,0,0.0,0.0,trial:-1,4,False,disabled,0,0,False,raw,0,0.0,0.0,,0,False,disabled,False,raw,0.0,0.0,,,,,,,,False,0,0,0,0,0,0,0.0,0.0,0.8085000000050968,6.897416999990469,7.83104100000287,intervening_contexts,wrong_key_ablation,CRA,wrong_key_ablation,memory_ablation,MockSimulator,43,none,none,-1,0,0,internal,0.0,0.0,0.0,0.0,0,False,0,False,-1,1,0.1,0.2,8,8,0,raw,18,False
702,1000.0,8,8,0,8,0,0,2.500440063556681,2.500440063556681,2.500440063556681,0.0,0.0,0.00350058885492172,1.0,0.0,False,0,0,0,0,0,0.0,0.0,0.0,0.0,0.0,0,0.0,0,0,disabled,disabled,True,wrong_key,1,18,False,raw,0,0.0,0.0,trial:-1,4,False,disabled,0,0,False,raw,0,0.0,0.0,,0,False,disabled,False,raw,0.0,0.0,,,,,,,,False,0,0,0,0,0,0,0.0,0.0,0.8107920000099966,6.792082999993454,7.733292000011716,intervening_contexts,wrong_key_ablation,CRA,wrong_key_ablation,memory_ablation,MockSimulator,43,none,none,-1,0,0,internal,0.0,0.0,0.0,0.0,0,False,0,False,-1,1,0.1,0.2,8,8,0,raw,18,False
703,1000.0,8,8,0,8,0,0,2.497711537664115,2.497711537664115,2.497711537664115,0.0,0.0,0.0034517775320402674,1.0,0.0,False,0,0,0,0,0,0.0,0.0,0.0,0.0,0.0,0,0.0,0,0,disabled,disabled,True,wrong_key,1,18,False,raw,0,0.0,0.0,trial:-1,4,False,disabled,0,0,False,raw,0,0.0,0.0,,0,False,disabled,False,raw,0.0,0.0,,,,,,,,False,0,0,0,0,0,0,0.0,0.0,0.7977499999896054,6.990041999998198,7.91341699999748,intervening_contexts,wrong_key_ablation,CRA,wrong_key_ablation,memory_ablation,MockSimulator,43,none,none,-1,0,0,internal,0.0,0.0,0.0,0.0,0,False,0,False,-1,1,0.1,0.2,8,8,0,raw,18,False
704,1000.0,8,8,0,8,0,0,2.4949963280770824,2.4949963280770824,2.4949963280770824,0.0,0.0,0.0034035184265321042,1.0,0.0,False,0,0,0,0,0,0.0,0.0,0.0,0.0,0.0,0,0.0,0,0,disabled,disabled,True,wrong_key,1,18,False,raw,0,0.0,0.0,trial:-1,4,False,disabled,0,0,False,raw,0,0.0,0.0,,0,False,disabled,False,raw,0.0,0.0,,,,,,,,False,0,0,0,0,0,0,0.0,0.0,0.8266669999983378,6.727582999999981,7.683165999992525,intervening_contexts,wrong_key_ablation,CRA,wrong_key_ablation,memory_ablation,MockSimulator,43,none,none,-1,0,0,internal,0.0,0.0,0.0,0.0,0,False,0,False,-1,1,0.1,0.2,8,8,0,raw,18,False
705,1000.0,8,8,0,8,0,0,2.4922943683890013,2.4922943683890013,2.4922943683890013,0.0,0.0,0.0033558089742314516,1.0,0.0,False,0,0,0,0,0,0.0,0.0,0.0,0.0,0.0,0,0.0,0,0,disabled,disabled,True,wrong_key,1,18,False,raw,0,0.0,0.0,trial:-1,4,False,disabled,0,0,False,raw,0,0.0,0.0,,0,False,disabled,False,raw,0.0,0.0,,,,,,,,False,0,0,0,0,0,0,0.0,0.0,0.8010410000025558,6.773292000005426,7.700499999998556,intervening_contexts,wrong_key_ablation,CRA,wrong_key_ablation,memory_ablation,MockSimulator,43,none,none,-1,0,0,internal,0.0,0.0,0.0,0.0,0,False,0,False,-1,1,0.1,0.2,8,8,0,raw,18,False
706,1000.0,8,8,0,8,0,0,2.4896055925244926,2.4896055925244926,2.4896055925244926,0.0,0.0,0.003308646492652212,1.0,0.0,False,0,0,0,0,0,0.0,0.0,0.0,0.0,0.0,0,0.0,0,0,disabled,disabled,True,wrong_key,1,18,False,raw,0,0.0,0.0,trial:-1,4,False,disabled,0,0,False,raw,0,0.0,0.0,,0,False,disabled,False,raw,0.0,0.0,,,,,,,,False,0,0,0,0,0,0,0.0,0.0,0.8333330000027672,7.254416999998625,8.212999999997805,intervening_contexts,wrong_key_ablation,CRA,wrong_key_ablation,memory_ablation,MockSimulator,43,none,none,-1,0,0,internal,0.0,0.0,0.0,0.0,0,False,0,False,-1,1,0.1,0.2,8,8,0,raw,18,False
707,1000.0,8,8,0,8,0,0,2.4869299347377294,2.4869299347377294,2.4869299347377294,0.0,0.0,0.00326202818674645,1.0,0.0,False,0,0,0,0,0,0.0,0.0,0.0,0.0,0.0,0,0.0,0,0,disabled,disabled,True,wrong_key,1,18,False,raw,0,0.0,0.0,trial:-1,4,False,disabled,0,0,False,raw,0,0.0,0.0,,0,False,disabled,False,raw,0.0,0.0,,,,,,,,False,0,0,0,0,0,0,0.0,0.0,0.8500840000067456,7.421540999999365,8.409624999998755,intervening_contexts,wrong_key_ablation,CRA,wrong_key_ablation,memory_ablation,MockSimulator,43,none,none,-1,0,0,internal,0.0,0.0,0.0,0.0,0,False,0,False,-1,1,0.1,0.2,8,8,0,raw,18,False
708,1000.0,8,8,0,8,0,0,2.484267329610794,2.484267329610794,2.484267329610794,0.0,0.0,0.003215951154479857,1.0,0.0,False,0,0,0,0,0,0.0,0.0,0.0,0.0,0.0,0,0.0,0,0,disabled,disabled,True,wrong_key,1,18,False,raw,0,0.0,0.0,trial:-1,4,False,disabled,0,0,False,raw,0,0.0,0.0,,0,False,disabled,False,raw,0.0,0.0,,,,,,,,False,0,0,0,0,0,0,0.0,0.0,0.9082919999912065,7.389333000006104,8.43575000000385,intervening_contexts,wrong_key_ablation,CRA,wrong_key_ablation,memory_ablation,MockSimulator,43,none,none,-1,0,0,internal,0.0,0.0,0.0,0.0,0,False,0,False,-1,1,0.1,0.2,8,8,0,raw,18,False
709,1000.0,8,8,0,8,0,0,2.481617712052041,2.481617712052041,2.481617712052041,0.0,0.0,0.0031704123922292296,1.0,0.0,False,0,0,0,0,0,0.0,0.0,0.0,0.0,0.0,0,0.0,0,0,disabled,disabled,True,wrong_key,1,18,False,raw,0,0.0,0.0,trial:-1,4,False,disabled,0,0,False,raw,0,0.0,0.0,,0,False,disabled,False,raw,0.0,0.0,,,,,,,,False,0,0,0,0,0,0,0.0,0.0,0.8378750000019863,8.005874999994944,8.982041999999524,intervening_contexts,wrong_key_ablation,CRA,wrong_key_ablation,memory_ablation,MockSimulator,43,none,none,-1,0,0,internal,0.0,0.0,0.0,0.0,0,False,0,False,-1,1,0.1,0.2,8,8,0,raw,18,False
710,1000.0,8,8,0,8,0,0,2.4789810172944704,2.4789810172944704,2.4789810172944704,0.0,0.0,0.003125408800006835,1.0,0.0,False,0,0,0,0,0,0.0,0.0,0.0,0.0,0.0,0,0.0,0,0,disabled,disabled,True,wrong_key,1,18,False,raw,0,0.0,0.0,trial:-1,4,False,disabled,0,0,False,raw,0,0.0,0.0,,0,False,disabled,False,raw,0.0,0.0,,,,,,,,False,0,0,0,0,0,0,0.0,0.0,1.4627500000017335,7.2834169999964615,8.895624999993856,intervening_contexts,wrong_key_ablation,CRA,wrong_key_ablation,memory_ablation,MockSimulator,43,none,none,-1,0,0,internal,0.0,0.0,0.0,0.0,0,False,0,False,-1,1,0.1,0.2,8,8,0,raw,18,False
711,1000.0,8,8,0,8,0,0,2.476357180894109,2.476357180894109,2.476357180894109,0.0,0.0,0.0030809371865164444,1.0,0.0,False,0,0,0,0,0,0.0,0.0,0.0,0.0,0.0,0,0.0,0,0,disabled,disabled,True,wrong_key,1,18,False,raw,0,0.0,0.0,trial:-1,4,False,disabled,0,0,False,raw,0,0.0,0.0,,0,False,disabled,False,raw,0.0,0.0,,,,,,,,False,0,0,0,0,0,0,0.0,0.0,0.8459170000065797,7.23491600000159,8.21979100000192,intervening_contexts,wrong_key_ablation,CRA,wrong_key_ablation,memory_ablation,MockSimulator,43,none,none,-1,0,0,internal,0.0,0.0,0.0,0.0,0,False,0,False,-1,1,0.1,0.2,8,8,0,raw,18,False
712,1000.0,8,8,0,8,0,0,2.4737461387283997,2.4737461387283997,2.4737461387283997,0.0,0.0,0.003036994274045667,1.0,0.0,False,0,0,0,0,0,0.0,0.0,0.0,0.0,0.0,0,0.0,0,0,disabled,disabled,True,wrong_key,1,18,False,raw,0,0.0,0.0,trial:-1,4,False,disabled,0,0,False,raw,0,0.0,0.0,,0,False,disabled,False,raw,0.0,0.0,,,,,,,,False,0,0,0,0,0,0,0.0,0.0,0.8459170000065797,7.03833299999701,8.020708000003651,intervening_contexts,wrong_key_ablation,CRA,wrong_key_ablation,memory_ablation,MockSimulator,43,none,none,-1,0,0,internal,0.0,0.0,0.0,0.0,0,False,0,False,-1,1,0.1,0.2,8,8,0,raw,18,False
713,1000.0,8,8,0,8,0,0,2.4711478269945966,2.4711478269945966,2.4711478269945966,0.0,0.0,0.002993576703199114,1.0,0.0,False,0,0,0,0,0,0.0,0.0,0.0,0.0,0.0,0,0.0,0,0,disabled,disabled,True,wrong_key,1,18,False,raw,0,0.0,0.0,trial:-1,4,False,disabled,0,0,False,raw,0,0.0,0.0,,0,False,disabled,False,raw,0.0,0.0,,,,,,,,False,0,0,0,0,0,0,0.0,0.0,0.8103330000039932,7.449792000002731,8.38799999999651,intervening_contexts,wrong_key_ablation,CRA,wrong_key_ablation,memory_ablation,MockSimulator,43,none,none,-1,0,0,internal,0.0,0.0,0.0,0.0,0,False,0,False,-1,1,0.1,0.2,8,8,0,raw,18,False
714,1000.0,8,8,0,8,0,0,2.4685621822081716,2.4685621822081716,2.4685621822081716,0.0,0.0,0.0029506810374768048,1.0,0.0,False,0,0,0,0,0,0.0,0.0,0.0,0.0,0.0,0,0.0,0,0,disabled,disabled,True,wrong_key,1,18,False,raw,0,0.0,0.0,trial:-1,4,False,disabled,0,0,False,raw,0,0.0,0.0,,0,False,disabled,False,raw,0.0,0.0,,,,,,,,False,0,0,0,0,0,0,0.0,0.0,0.878165999992575,7.586959000008164,8.61483299999577,intervening_contexts,wrong_key_ablation,CRA,wrong_key_ablation,memory_ablation,MockSimulator,43,none,none,-1,0,0,internal,0.0,0.0,0.0,0.0,0,False,0,False,-1,1,0.1,0.2,8,8,0,raw,18,False
715,1000.0,8,8,0,8,0,0,2.4659891412012263,2.4659891412012263,2.4659891412012263,0.0,0.0,0.0029083037677021086,1.0,0.0,False,0,0,0,0,0,0.0,0.0,0.0,0.0,0.0,0,0.0,0,0,disabled,disabled,True,wrong_key,1,18,False,raw,0,0.0,0.0,trial:-1,4,False,disabled,0,0,False,raw,0,0.0,0.0,,0,False,disabled,False,raw,0.0,0.0,,,,,,,,False,0,0,0,0,0,0,0.0,0.0,0.865292000000295,7.9215000000090185,8.944915999990144,intervening_contexts,wrong_key_ablation,CRA,wrong_key_ablation,memory_ablation,MockSimulator,43,none,none,-1,0,0,internal,0.0,0.0,0.0,0.0,0,False,0,False,-1,1,0.1,0.2,8,8,0,raw,18,False
716,1000.0,8,8,0,8,0,0,2.463428641120914,2.463428641120914,2.463428641120914,0.0,0.0,0.002866441316303409,1.0,0.0,False,0,0,0,0,0,0.0,0.0,0.0,0.0,0.0,0,0.0,0,0,disabled,disabled,True,wrong_key,1,18,False,raw,0,0.0,0.0,trial:-1,4,False,disabled,0,0,False,raw,0,0.0,0.0,,0,False,disabled,False,raw,0.0,0.0,,,,,,,,False,0,0,0,0,0,0,0.0,0.0,0.8390420000097265,7.3194579999977805,8.298334000002683,intervening_contexts,wrong_key_ablation,CRA,wrong_key_ablation,memory_ablation,MockSimulator,43,none,none,-1,0,0,internal,0.0,0.0,0.0,0.0,0,False,0,False,-1,1,0.1,0.2,8,8,0,raw,18,False
717,1000.0,8,8,0,8,0,0,2.4608806194278676,2.4608806194278676,2.4608806194278676,0.0,0.0,0.0028250900414535773,1.0,0.0,False,0,0,0,0,0,0.0,0.0,0.0,0.0,0.0,0,0.0,0,0,disabled,disabled,True,wrong_key,1,18,False,raw,0,0.0,0.0,trial:-1,4,False,disabled,0,0,False,raw,0,0.0,0.0,,0,False,disabled,False,raw,0.0,0.0,,,,,,,,False,0,0,0,0,0,0,0.0,0.0,0.8460410000026286,7.459874999995009,8.459833000003414,intervening_contexts,wrong_key_ablation,CRA,wrong_key_ablation,memory_ablation,MockSimulator,43,none,none,-1,0,0,internal,0.0,0.0,0.0,0.0,0,False,0,False,-1,1,0.1,0.2,8,8,0,raw,18,False
718,1000.0,8,8,0,8,0,0,2.4583450138946352,2.4583450138946352,2.4583450138946352,0.0,0.0,0.002784246241071217,1.0,0.0,False,0,0,0,0,0,0.0,0.0,0.0,0.0,0.0,0,0.0,0,0,disabled,disabled,True,wrong_key,1,18,False,raw,0,0.0,0.0,trial:-1,4,False,disabled,0,0,False,raw,0,0.0,0.0,,0,False,disabled,False,raw,0.0,0.0,,,,,,,,False,0,0,0,0,0,0,0.0,0.0,0.8530420000028016,7.306999999997288,8.301875000000791,intervening_contexts,wrong_key_ablation,CRA,wrong_key_ablation,memory_ablation,MockSimulator,43,none,none,-1,0,0,internal,0.0,0.0,0.0,0.0,0,False,0,False,-1,1,0.1,0.2,8,8,0,raw,18,False
719,1000.0,8,8,0,8,0,0,2.4558217626041263,2.4558217626041263,2.4558217626041263,0.0,0.0,0.0027439061566875696,1.0,0.0,False,0,0,0,0,0,0.0,0.0,0.0,0.0,0.0,0,0.0,0,0,disabled,disabled,True,wrong_key,1,18,False,raw,0,0.0,0.0,trial:-1,4,False,disabled,0,0,False,raw,0,0.0,0.0,,0,False,disabled,False,raw,0.0,0.0,,,,,,,,False,0,0,0,0,0,0,0.0,0.0,0.8722500000004629,7.804292000002988,8.816874999993729,intervening_contexts,wrong_key_ablation,CRA,wrong_key_ablation,memory_ablation,MockSimulator,43,none,none,-1,0,0,internal,0.0,0.0,0.0,0.0,0,False,0,False,-1,1,0.1,0.2,8,8,0,raw,18,False
