task,model,model_family,backend,seed,step,sensory_return_1m,target_return_1m,target_signal_horizon,target_signal_sign,target_signal_nonzero,colony_prediction,prediction_sign,strict_direction_correct,feedback_due_step,run_length_steps,base_model
sensor_control,online_perceptron__perceptron_lr_0p05_perceptron_margin_0,linear,numpy_online,45,0,-0.00991134155327728,0.0,0.01,1,True,0.0,0,False,3,1500,online_perceptron
sensor_control,online_perceptron__perceptron_lr_0p05_perceptron_margin_0,linear,numpy_online,45,1,0.0,0.0,0.0,0,False,0.0,0,False,-1,1500,online_perceptron
sensor_control,online_perceptron__perceptron_lr_0p05_perceptron_margin_0,linear,numpy_online,45,2,0.0,0.0,0.0,0,False,0.0,0,False,-1,1500,online_perceptron
sensor_control,online_perceptron__perceptron_lr_0p05_perceptron_margin_0,linear,numpy_online,45,3,0.0,0.01,0.0,0,False,0.0,0,False,-1,1500,online_perceptron
sensor_control,online_perceptron__perceptron_lr_0p05_perceptron_margin_0,linear,numpy_online,45,4,0.0,0.0,0.0,0,False,0.05,1,False,-1,1500,online_perceptron
sensor_control,online_perceptron__perceptron_lr_0p05_perceptron_margin_0,linear,numpy_online,45,5,0.0,0.0,0.0,0,False,0.05,1,False,-1,1500,online_perceptron
sensor_control,online_perceptron__perceptron_lr_0p05_perceptron_margin_0,linear,numpy_online,45,6,-0.010617692746599298,0.0,0.01,1,True,0.20523557931930037,1,True,9,1500,online_perceptron
sensor_control,online_perceptron__perceptron_lr_0p05_perceptron_margin_0,linear,numpy_online,45,7,0.0,0.0,0.0,0,False,0.05,1,False,-1,1500,online_perceptron
sensor_control,online_perceptron__perceptron_lr_0p05_perceptron_margin_0,linear,numpy_online,45,8,0.0,0.0,0.0,0,False,0.05,1,False,-1,1500,online_perceptron
sensor_control,online_perceptron__perceptron_lr_0p05_perceptron_margin_0,linear,numpy_online,45,9,0.0,0.01,0.0,0,False,0.05,1,False,-1,1500,online_perceptron
sensor_control,online_perceptron__perceptron_lr_0p05_perceptron_margin_0,linear,numpy_online,45,10,0.0,0.0,0.0,0,False,0.05,1,False,-1,1500,online_perceptron
sensor_control,online_perceptron__perceptron_lr_0p05_perceptron_margin_0,linear,numpy_online,45,11,0.0,0.0,0.0,0,False,0.05,1,False,-1,1500,online_perceptron
sensor_control,online_perceptron__perceptron_lr_0p05_perceptron_margin_0,linear,numpy_online,45,12,-0.009616240702013614,0.0,0.01,1,True,0.1953098460561838,1,True,15,1500,online_perceptron
sensor_control,online_perceptron__perceptron_lr_0p05_perceptron_margin_0,linear,numpy_online,45,13,0.0,0.0,0.0,0,False,0.05,1,False,-1,1500,online_perceptron
sensor_control,online_perceptron__perceptron_lr_0p05_perceptron_margin_0,linear,numpy_online,45,14,0.0,0.0,0.0,0,False,0.05,1,False,-1,1500,online_perceptron
sensor_control,online_perceptron__perceptron_lr_0p05_perceptron_margin_0,linear,numpy_online,45,15,0.0,0.01,0.0,0,False,0.05,1,False,-1,1500,online_perceptron
sensor_control,online_perceptron__perceptron_lr_0p05_perceptron_margin_0,linear,numpy_online,45,16,0.0,0.0,0.0,0,False,0.05,1,False,-1,1500,online_perceptron
sensor_control,online_perceptron__perceptron_lr_0p05_perceptron_margin_0,linear,numpy_online,45,17,0.0,0.0,0.0,0,False,0.05,1,False,-1,1500,online_perceptron
sensor_control,online_perceptron__perceptron_lr_0p05_perceptron_margin_0,linear,numpy_online,45,18,-0.009335535248256394,0.0,0.01,1,True,0.19252767842812835,1,True,21,1500,online_perceptron
sensor_control,online_perceptron__perceptron_lr_0p05_perceptron_margin_0,linear,numpy_online,45,19,0.0,0.0,0.0,0,False,0.05,1,False,-1,1500,online_perceptron
sensor_control,online_perceptron__perceptron_lr_0p05_perceptron_margin_0,linear,numpy_online,45,20,0.0,0.0,0.0,0,False,0.05,1,False,-1,1500,online_perceptron
sensor_control,online_perceptron__perceptron_lr_0p05_perceptron_margin_0,linear,numpy_online,45,21,0.0,0.01,0.0,0,False,0.05,1,False,-1,1500,online_perceptron
sensor_control,online_perceptron__perceptron_lr_0p05_perceptron_margin_0,linear,numpy_online,45,22,0.0,0.0,0.0,0,False,0.05,1,False,-1,1500,online_perceptron
sensor_control,online_perceptron__perceptron_lr_0p05_perceptron_margin_0,linear,numpy_online,45,23,0.0,0.0,0.0,0,False,0.05,1,False,-1,1500,online_perceptron
sensor_control,online_perceptron__perceptron_lr_0p05_perceptron_margin_0,linear,numpy_online,45,24,-0.009740213936936647,0.0,0.01,1,True,0.19653858713097067,1,True,27,1500,online_perceptron
sensor_control,online_perceptron__perceptron_lr_0p05_perceptron_margin_0,linear,numpy_online,45,25,0.0,0.0,0.0,0,False,0.05,1,False,-1,1500,online_perceptron
sensor_control,online_perceptron__perceptron_lr_0p05_perceptron_margin_0,linear,numpy_online,45,26,0.0,0.0,0.0,0,False,0.05,1,False,-1,1500,online_perceptron
sensor_control,online_perceptron__perceptron_lr_0p05_perceptron_margin_0,linear,numpy_online,45,27,0.0,0.01,0.0,0,False,0.05,1,False,-1,1500,online_perceptron
sensor_control,online_perceptron__perceptron_lr_0p05_perceptron_margin_0,linear,numpy_online,45,28,0.0,0.0,0.0,0,False,0.05,1,False,-1,1500,online_perceptron
sensor_control,online_perceptron__perceptron_lr_0p05_perceptron_margin_0,linear,numpy_online,45,29,0.0,0.0,0.0,0,False,0.05,1,False,-1,1500,online_perceptron
sensor_control,online_perceptron__perceptron_lr_0p05_perceptron_margin_0,linear,numpy_online,45,30,-0.009545248398555731,0.0,0.01,1,True,0.1946062170889588,1,True,33,1500,online_perceptron
sensor_control,online_perceptron__perceptron_lr_0p05_perceptron_margin_0,linear,numpy_online,45,31,0.0,0.0,0.0,0,False,0.05,1,False,-1,1500,online_perceptron
sensor_control,online_perceptron__perceptron_lr_0p05_perceptron_margin_0,linear,numpy_online,45,32,0.0,0.0,0.0,0,False,0.05,1,False,-1,1500,online_perceptron
sensor_control,online_perceptron__perceptron_lr_0p05_perceptron_margin_0,linear,numpy_online,45,33,0.0,0.01,0.0,0,False,0.05,1,False,-1,1500,online_perceptron
sensor_control,online_perceptron__perceptron_lr_0p05_perceptron_margin_0,linear,numpy_online,45,34,0.0,0.0,0.0,0,False,0.05,1,False,-1,1500,online_perceptron
sensor_control,online_perceptron__perceptron_lr_0p05_perceptron_margin_0,linear,numpy_online,45,35,0.0,0.0,0.0,0,False,0.05,1,False,-1,1500,online_perceptron
sensor_control,online_perceptron__perceptron_lr_0p05_perceptron_margin_0,linear,numpy_online,45,36,-0.009557827086721277,0.0,0.01,1,True,0.19473088876365974,1,True,39,1500,online_perceptron
sensor_control,online_perceptron__perceptron_lr_0p05_perceptron_margin_0,linear,numpy_online,45,37,0.0,0.0,0.0,0,False,0.05,1,False,-1,1500,online_perceptron
sensor_control,online_perceptron__perceptron_lr_0p05_perceptron_margin_0,linear,numpy_online,45,38,0.0,0.0,0.0,0,False,0.05,1,False,-1,1500,online_perceptron
sensor_control,online_perceptron__perceptron_lr_0p05_perceptron_margin_0,linear,numpy_online,45,39,0.0,0.01,0.0,0,False,0.05,1,False,-1,1500,online_perceptron
sensor_control,online_perceptron__perceptron_lr_0p05_perceptron_margin_0,linear,numpy_online,45,40,0.0,0.0,0.0,0,False,0.05,1,False,-1,1500,online_perceptron
sensor_control,online_perceptron__perceptron_lr_0p05_perceptron_margin_0,linear,numpy_online,45,41,0.0,0.0,0.0,0,False,0.05,1,False,-1,1500,online_perceptron
sensor_control,online_perceptron__perceptron_lr_0p05_perceptron_margin_0,linear,numpy_online,45,42,0.010102144029796777,0.0,-0.01,-1,True,0.0,0,False,45,1500,online_perceptron
sensor_control,online_perceptron__perceptron_lr_0p05_perceptron_margin_0,linear,numpy_online,45,43,0.0,0.0,0.0,0,False,0.05,1,False,-1,1500,online_perceptron
sensor_control,online_perceptron__perceptron_lr_0p05_perceptron_margin_0,linear,numpy_online,45,44,0.0,0.0,0.0,0,False,0.05,1,False,-1,1500,online_perceptron
sensor_control,online_perceptron__perceptron_lr_0p05_perceptron_margin_0,linear,numpy_online,45,45,0.0,-0.01,0.0,0,False,0.05,1,False,-1,1500,online_perceptron
sensor_control,online_perceptron__perceptron_lr_0p05_perceptron_margin_0,linear,numpy_online,45,46,0.0,0.0,0.0,0,False,0.0,0,False,-1,1500,online_perceptron
sensor_control,online_perceptron__perceptron_lr_0p05_perceptron_margin_0,linear,numpy_online,45,47,0.0,0.0,0.0,0,False,0.0,0,False,-1,1500,online_perceptron
sensor_control,online_perceptron__perceptron_lr_0p05_perceptron_margin_0,linear,numpy_online,45,48,-0.010271672251581033,0.0,0.01,1,True,0.2018060520087403,1,True,51,1500,online_perceptron
sensor_control,online_perceptron__perceptron_lr_0p05_perceptron_margin_0,linear,numpy_online,45,49,0.0,0.0,0.0,0,False,0.0,0,False,-1,1500,online_perceptron
sensor_control,online_perceptron__perceptron_lr_0p05_perceptron_margin_0,linear,numpy_online,45,50,0.0,0.0,0.0,0,False,0.0,0,False,-1,1500,online_perceptron
sensor_control,online_perceptron__perceptron_lr_0p05_perceptron_margin_0,linear,numpy_online,45,51,0.0,0.01,0.0,0,False,0.0,0,False,-1,1500,online_perceptron
sensor_control,online_perceptron__perceptron_lr_0p05_perceptron_margin_0,linear,numpy_online,45,52,0.0,0.0,0.0,0,False,0.0,0,False,-1,1500,online_perceptron
sensor_control,online_perceptron__perceptron_lr_0p05_perceptron_margin_0,linear,numpy_online,45,53,0.0,0.0,0.0,0,False,0.0,0,False,-1,1500,online_perceptron
sensor_control,online_perceptron__perceptron_lr_0p05_perceptron_margin_0,linear,numpy_online,45,54,-0.009545923530384515,0.0,0.01,1,True,0.1946129085511074,1,True,57,1500,online_perceptron
sensor_control,online_perceptron__perceptron_lr_0p05_perceptron_margin_0,linear,numpy_online,45,55,0.0,0.0,0.0,0,False,0.0,0,False,-1,1500,online_perceptron
sensor_control,online_perceptron__perceptron_lr_0p05_perceptron_margin_0,linear,numpy_online,45,56,0.0,0.0,0.0,0,False,0.0,0,False,-1,1500,online_perceptron
sensor_control,online_perceptron__perceptron_lr_0p05_perceptron_margin_0,linear,numpy_online,45,57,0.0,0.01,0.0,0,False,0.0,0,False,-1,1500,online_perceptron
sensor_control,online_perceptron__perceptron_lr_0p05_perceptron_margin_0,linear,numpy_online,45,58,0.0,0.0,0.0,0,False,0.0,0,False,-1,1500,online_perceptron
sensor_control,online_perceptron__perceptron_lr_0p05_perceptron_margin_0,linear,numpy_online,45,59,0.0,0.0,0.0,0,False,0.0,0,False,-1,1500,online_perceptron
sensor_control,online_perceptron__perceptron_lr_0p05_perceptron_margin_0,linear,numpy_online,45,60,-0.009699067826012667,0.0,0.01,1,True,0.1961307739720141,1,True,63,1500,online_perceptron
sensor_control,online_perceptron__perceptron_lr_0p05_perceptron_margin_0,linear,numpy_online,45,61,0.0,0.0,0.0,0,False,0.0,0,False,-1,1500,online_perceptron
sensor_control,online_perceptron__perceptron_lr_0p05_perceptron_margin_0,linear,numpy_online,45,62,0.0,0.0,0.0,0,False,0.0,0,False,-1,1500,online_perceptron
sensor_control,online_perceptron__perceptron_lr_0p05_perceptron_margin_0,linear,numpy_online,45,63,0.0,0.01,0.0,0,False,0.0,0,False,-1,1500,online_perceptron
sensor_control,online_perceptron__perceptron_lr_0p05_perceptron_margin_0,linear,numpy_online,45,64,0.0,0.0,0.0,0,False,0.0,0,False,-1,1500,online_perceptron
sensor_control,online_perceptron__perceptron_lr_0p05_perceptron_margin_0,linear,numpy_online,45,65,0.0,0.0,0.0,0,False,0.0,0,False,-1,1500,online_perceptron
sensor_control,online_perceptron__perceptron_lr_0p05_perceptron_margin_0,linear,numpy_online,45,66,0.01090310877828501,0.0,-0.01,-1,True,-0.21014477525077674,-1,True,69,1500,online_perceptron
sensor_control,online_perceptron__perceptron_lr_0p05_perceptron_margin_0,linear,numpy_online,45,67,0.0,0.0,0.0,0,False,0.0,0,False,-1,1500,online_perceptron
sensor_control,online_perceptron__perceptron_lr_0p05_perceptron_margin_0,linear,numpy_online,45,68,0.0,0.0,0.0,0,False,0.0,0,False,-1,1500,online_perceptron
sensor_control,online_perceptron__perceptron_lr_0p05_perceptron_margin_0,linear,numpy_online,45,69,0.0,-0.01,0.0,0,False,0.0,0,False,-1,1500,online_perceptron
sensor_control,online_perceptron__perceptron_lr_0p05_perceptron_margin_0,linear,numpy_online,45,70,0.0,0.0,0.0,0,False,0.0,0,False,-1,1500,online_perceptron
sensor_control,online_perceptron__perceptron_lr_0p05_perceptron_margin_0,linear,numpy_online,45,71,0.0,0.0,0.0,0,False,0.0,0,False,-1,1500,online_perceptron
sensor_control,online_perceptron__perceptron_lr_0p05_perceptron_margin_0,linear,numpy_online,45,72,0.009971246024244068,0.0,-0.01,-1,True,-0.20073096349345207,-1,True,75,1500,online_perceptron
sensor_control,online_perceptron__perceptron_lr_0p05_perceptron_margin_0,linear,numpy_online,45,73,0.0,0.0,0.0,0,False,0.0,0,False,-1,1500,online_perceptron
sensor_control,online_perceptron__perceptron_lr_0p05_perceptron_margin_0,linear,numpy_online,45,74,0.0,0.0,0.0,0,False,0.0,0,False,-1,1500,online_perceptron
sensor_control,online_perceptron__perceptron_lr_0p05_perceptron_margin_0,linear,numpy_online,45,75,0.0,-0.01,0.0,0,False,0.0,0,False,-1,1500,online_perceptron
sensor_control,online_perceptron__perceptron_lr_0p05_perceptron_margin_0,linear,numpy_online,45,76,0.0,0.0,0.0,0,False,0.0,0,False,-1,1500,online_perceptron
sensor_control,online_perceptron__perceptron_lr_0p05_perceptron_margin_0,linear,numpy_online,45,77,0.0,0.0,0.0,0,False,0.0,0,False,-1,1500,online_perceptron
sensor_control,online_perceptron__perceptron_lr_0p05_perceptron_margin_0,linear,numpy_online,45,78,0.009617367111501221,0.0,-0.01,-1,True,-0.19715602774781593,-1,True,81,1500,online_perceptron
sensor_control,online_perceptron__perceptron_lr_0p05_perceptron_margin_0,linear,numpy_online,45,79,0.0,0.0,0.0,0,False,0.0,0,False,-1,1500,online_perceptron
sensor_control,online_perceptron__perceptron_lr_0p05_perceptron_margin_0,linear,numpy_online,45,80,0.0,0.0,0.0,0,False,0.0,0,False,-1,1500,online_perceptron
sensor_control,online_perceptron__perceptron_lr_0p05_perceptron_margin_0,linear,numpy_online,45,81,0.0,-0.01,0.0,0,False,0.0,0,False,-1,1500,online_perceptron
sensor_control,online_perceptron__perceptron_lr_0p05_perceptron_margin_0,linear,numpy_online,45,82,0.0,0.0,0.0,0,False,0.0,0,False,-1,1500,online_perceptron
sensor_control,online_perceptron__perceptron_lr_0p05_perceptron_margin_0,linear,numpy_online,45,83,0.0,0.0,0.0,0,False,0.0,0,False,-1,1500,online_perceptron
sensor_control,online_perceptron__perceptron_lr_0p05_perceptron_margin_0,linear,numpy_online,45,84,-0.010451404151200154,0.0,0.01,1,True,0.20358743625388476,1,True,87,1500,online_perceptron
sensor_control,online_perceptron__perceptron_lr_0p05_perceptron_margin_0,linear,numpy_online,45,85,0.0,0.0,0.0,0,False,0.0,0,False,-1,1500,online_perceptron
sensor_control,online_perceptron__perceptron_lr_0p05_perceptron_margin_0,linear,numpy_online,45,86,0.0,0.0,0.0,0,False,0.0,0,False,-1,1500,online_perceptron
sensor_control,online_perceptron__perceptron_lr_0p05_perceptron_margin_0,linear,numpy_online,45,87,0.0,0.01,0.0,0,False,0.0,0,False,-1,1500,online_perceptron
sensor_control,online_perceptron__perceptron_lr_0p05_perceptron_margin_0,linear,numpy_online,45,88,0.0,0.0,0.0,0,False,0.0,0,False,-1,1500,online_perceptron
sensor_control,online_perceptron__perceptron_lr_0p05_perceptron_margin_0,linear,numpy_online,45,89,0.0,0.0,0.0,0,False,0.0,0,False,-1,1500,online_perceptron
sensor_control,online_perceptron__perceptron_lr_0p05_perceptron_margin_0,linear,numpy_online,45,90,-0.009819079560424094,0.0,0.01,1,True,0.19732025126216696,1,True,93,1500,online_perceptron
sensor_control,online_perceptron__perceptron_lr_0p05_perceptron_margin_0,linear,numpy_online,45,91,0.0,0.0,0.0,0,False,0.0,0,False,-1,1500,online_perceptron
sensor_control,online_perceptron__perceptron_lr_0p05_perceptron_margin_0,linear,numpy_online,45,92,0.0,0.0,0.0,0,False,0.0,0,False,-1,1500,online_perceptron
sensor_control,online_perceptron__perceptron_lr_0p05_perceptron_margin_0,linear,numpy_online,45,93,0.0,0.01,0.0,0,False,0.0,0,False,-1,1500,online_perceptron
sensor_control,online_perceptron__perceptron_lr_0p05_perceptron_margin_0,linear,numpy_online,45,94,0.0,0.0,0.0,0,False,0.0,0,False,-1,1500,online_perceptron
sensor_control,online_perceptron__perceptron_lr_0p05_perceptron_margin_0,linear,numpy_online,45,95,0.0,0.0,0.0,0,False,0.0,0,False,-1,1500,online_perceptron
sensor_control,online_perceptron__perceptron_lr_0p05_perceptron_margin_0,linear,numpy_online,45,96,-0.010617646050249894,0.0,0.01,1,True,0.20523511649583218,1,True,99,1500,online_perceptron
sensor_control,online_perceptron__perceptron_lr_0p05_perceptron_margin_0,linear,numpy_online,45,97,0.0,0.0,0.0,0,False,0.0,0,False,-1,1500,online_perceptron
sensor_control,online_perceptron__perceptron_lr_0p05_perceptron_margin_0,linear,numpy_online,45,98,0.0,0.0,0.0,0,False,0.0,0,False,-1,1500,online_perceptron
sensor_control,online_perceptron__perceptron_lr_0p05_perceptron_margin_0,linear,numpy_online,45,99,0.0,0.01,0.0,0,False,0.0,0,False,-1,1500,online_perceptron
sensor_control,online_perceptron__perceptron_lr_0p05_perceptron_margin_0,linear,numpy_online,45,100,0.0,0.0,0.0,0,False,0.0,0,False,-1,1500,online_perceptron
sensor_control,online_perceptron__perceptron_lr_0p05_perceptron_margin_0,linear,numpy_online,45,101,0.0,0.0,0.0,0,False,0.0,0,False,-1,1500,online_perceptron
sensor_control,online_perceptron__perceptron_lr_0p05_perceptron_margin_0,linear,numpy_online,45,102,-0.010324374729598804,0.0,0.01,1,True,0.20232840426907853,1,True,105,1500,online_perceptron
sensor_control,online_perceptron__perceptron_lr_0p05_perceptron_margin_0,linear,numpy_online,45,103,0.0,0.0,0.0,0,False,0.0,0,False,-1,1500,online_perceptron
sensor_control,online_perceptron__perceptron_lr_0p05_perceptron_margin_0,linear,numpy_online,45,104,0.0,0.0,0.0,0,False,0.0,0,False,-1,1500,online_perceptron
sensor_control,online_perceptron__perceptron_lr_0p05_perceptron_margin_0,linear,numpy_online,45,105,0.0,0.01,0.0,0,False,0.0,0,False,-1,1500,online_perceptron
sensor_control,online_perceptron__perceptron_lr_0p05_perceptron_margin_0,linear,numpy_online,45,106,0.0,0.0,0.0,0,False,0.0,0,False,-1,1500,online_perceptron
sensor_control,online_perceptron__perceptron_lr_0p05_perceptron_margin_0,linear,numpy_online,45,107,0.0,0.0,0.0,0,False,0.0,0,False,-1,1500,online_perceptron
sensor_control,online_perceptron__perceptron_lr_0p05_perceptron_margin_0,linear,numpy_online,45,108,-0.009405454662039006,0.0,0.01,1,True,0.19322067361933273,1,True,111,1500,online_perceptron
sensor_control,online_perceptron__perceptron_lr_0p05_perceptron_margin_0,linear,numpy_online,45,109,0.0,0.0,0.0,0,False,0.0,0,False,-1,1500,online_perceptron
sensor_control,online_perceptron__perceptron_lr_0p05_perceptron_margin_0,linear,numpy_online,45,110,0.0,0.0,0.0,0,False,0.0,0,False,-1,1500,online_perceptron
sensor_control,online_perceptron__perceptron_lr_0p05_perceptron_margin_0,linear,numpy_online,45,111,0.0,0.01,0.0,0,False,0.0,0,False,-1,1500,online_perceptron
sensor_control,online_perceptron__perceptron_lr_0p05_perceptron_margin_0,linear,numpy_online,45,112,0.0,0.0,0.0,0,False,0.0,0,False,-1,1500,online_perceptron
sensor_control,online_perceptron__perceptron_lr_0p05_perceptron_margin_0,linear,numpy_online,45,113,0.0,0.0,0.0,0,False,0.0,0,False,-1,1500,online_perceptron
sensor_control,online_perceptron__perceptron_lr_0p05_perceptron_margin_0,linear,numpy_online,45,114,0.00929503979007725,0.0,-0.01,-1,True,-0.19389983072205239,-1,True,117,1500,online_perceptron
sensor_control,online_perceptron__perceptron_lr_0p05_perceptron_margin_0,linear,numpy_online,45,115,0.0,0.0,0.0,0,False,0.0,0,False,-1,1500,online_perceptron
sensor_control,online_perceptron__perceptron_lr_0p05_perceptron_margin_0,linear,numpy_online,45,116,0.0,0.0,0.0,0,False,0.0,0,False,-1,1500,online_perceptron
sensor_control,online_perceptron__perceptron_lr_0p05_perceptron_margin_0,linear,numpy_online,45,117,0.0,-0.01,0.0,0,False,0.0,0,False,-1,1500,online_perceptron
sensor_control,online_perceptron__perceptron_lr_0p05_perceptron_margin_0,linear,numpy_online,45,118,0.0,0.0,0.0,0,False,0.0,0,False,-1,1500,online_perceptron
sensor_control,online_perceptron__perceptron_lr_0p05_perceptron_margin_0,linear,numpy_online,45,119,0.0,0.0,0.0,0,False,0.0,0,False,-1,1500,online_perceptron
sensor_control,online_perceptron__perceptron_lr_0p05_perceptron_margin_0,linear,numpy_online,45,120,0.010305008570072627,0.0,-0.01,-1,True,-0.2041026808031638,-1,True,123,1500,online_perceptron
sensor_control,online_perceptron__perceptron_lr_0p05_perceptron_margin_0,linear,numpy_online,45,121,0.0,0.0,0.0,0,False,0.0,0,False,-1,1500,online_perceptron
sensor_control,online_perceptron__perceptron_lr_0p05_perceptron_margin_0,linear,numpy_online,45,122,0.0,0.0,0.0,0,False,0.0,0,False,-1,1500,online_perceptron
sensor_control,online_perceptron__perceptron_lr_0p05_perceptron_margin_0,linear,numpy_online,45,123,0.0,-0.01,0.0,0,False,0.0,0,False,-1,1500,online_perceptron
sensor_control,online_perceptron__perceptron_lr_0p05_perceptron_margin_0,linear,numpy_online,45,124,0.0,0.0,0.0,0,False,0.0,0,False,-1,1500,online_perceptron
sensor_control,online_perceptron__perceptron_lr_0p05_perceptron_margin_0,linear,numpy_online,45,125,0.0,0.0,0.0,0,False,0.0,0,False,-1,1500,online_perceptron
sensor_control,online_perceptron__perceptron_lr_0p05_perceptron_margin_0,linear,numpy_online,45,126,0.010098405326588008,0.0,-0.01,-1,True,-0.202015545080459,-1,True,129,1500,online_perceptron
sensor_control,online_perceptron__perceptron_lr_0p05_perceptron_margin_0,linear,numpy_online,45,127,0.0,0.0,0.0,0,False,0.0,0,False,-1,1500,online_perceptron
sensor_control,online_perceptron__perceptron_lr_0p05_perceptron_margin_0,linear,numpy_online,45,128,0.0,0.0,0.0,0,False,0.0,0,False,-1,1500,online_perceptron
sensor_control,online_perceptron__perceptron_lr_0p05_perceptron_margin_0,linear,numpy_online,45,129,0.0,-0.01,0.0,0,False,0.0,0,False,-1,1500,online_perceptron
sensor_control,online_perceptron__perceptron_lr_0p05_perceptron_margin_0,linear,numpy_online,45,130,0.0,0.0,0.0,0,False,0.0,0,False,-1,1500,online_perceptron
sensor_control,online_perceptron__perceptron_lr_0p05_perceptron_margin_0,linear,numpy_online,45,131,0.0,0.0,0.0,0,False,0.0,0,False,-1,1500,online_perceptron
sensor_control,online_perceptron__perceptron_lr_0p05_perceptron_margin_0,linear,numpy_online,45,132,-0.009792842482365527,0.0,0.01,1,True,0.1970602066201685,1,True,135,1500,online_perceptron
sensor_control,online_perceptron__perceptron_lr_0p05_perceptron_margin_0,linear,numpy_online,45,133,0.0,0.0,0.0,0,False,0.0,0,False,-1,1500,online_perceptron
sensor_control,online_perceptron__perceptron_lr_0p05_perceptron_margin_0,linear,numpy_online,45,134,0.0,0.0,0.0,0,False,0.0,0,False,-1,1500,online_perceptron
sensor_control,online_perceptron__perceptron_lr_0p05_perceptron_margin_0,linear,numpy_online,45,135,0.0,0.01,0.0,0,False,0.0,0,False,-1,1500,online_perceptron
sensor_control,online_perceptron__perceptron_lr_0p05_perceptron_margin_0,linear,numpy_online,45,136,0.0,0.0,0.0,0,False,0.0,0,False,-1,1500,online_perceptron
sensor_control,online_perceptron__perceptron_lr_0p05_perceptron_margin_0,linear,numpy_online,45,137,0.0,0.0,0.0,0,False,0.0,0,False,-1,1500,online_perceptron
sensor_control,online_perceptron__perceptron_lr_0p05_perceptron_margin_0,linear,numpy_online,45,138,-0.01068498480058372,0.0,0.01,1,True,0.2059025338501616,1,True,141,1500,online_perceptron
sensor_control,online_perceptron__perceptron_lr_0p05_perceptron_margin_0,linear,numpy_online,45,139,0.0,0.0,0.0,0,False,0.0,0,False,-1,1500,online_perceptron
sensor_control,online_perceptron__perceptron_lr_0p05_perceptron_margin_0,linear,numpy_online,45,140,0.0,0.0,0.0,0,False,0.0,0,False,-1,1500,online_perceptron
sensor_control,online_perceptron__perceptron_lr_0p05_perceptron_margin_0,linear,numpy_online,45,141,0.0,0.01,0.0,0,False,0.0,0,False,-1,1500,online_perceptron
sensor_control,online_perceptron__perceptron_lr_0p05_perceptron_margin_0,linear,numpy_online,45,142,0.0,0.0,0.0,0,False,0.0,0,False,-1,1500,online_perceptron
sensor_control,online_perceptron__perceptron_lr_0p05_perceptron_margin_0,linear,numpy_online,45,143,0.0,0.0,0.0,0,False,0.0,0,False,-1,1500,online_perceptron
sensor_control,online_perceptron__perceptron_lr_0p05_perceptron_margin_0,linear,numpy_online,45,144,0.009284800653506566,0.0,-0.01,-1,True,-0.1937963934896746,-1,True,147,1500,online_perceptron
sensor_control,online_perceptron__perceptron_lr_0p05_perceptron_margin_0,linear,numpy_online,45,145,0.0,0.0,0.0,0,False,0.0,0,False,-1,1500,online_perceptron
sensor_control,online_perceptron__perceptron_lr_0p05_perceptron_margin_0,linear,numpy_online,45,146,0.0,0.0,0.0,0,False,0.0,0,False,-1,1500,online_perceptron
sensor_control,online_perceptron__perceptron_lr_0p05_perceptron_margin_0,linear,numpy_online,45,147,0.0,-0.01,0.0,0,False,0.0,0,False,-1,1500,online_perceptron
sensor_control,online_perceptron__perceptron_lr_0p05_perceptron_margin_0,linear,numpy_online,45,148,0.0,0.0,0.0,0,False,0.0,0,False,-1,1500,online_perceptron
sensor_control,online_perceptron__perceptron_lr_0p05_perceptron_margin_0,linear,numpy_online,45,149,0.0,0.0,0.0,0,False,0.0,0,False,-1,1500,online_perceptron
sensor_control,online_perceptron__perceptron_lr_0p05_perceptron_margin_0,linear,numpy_online,45,150,0.009511785111843994,0.0,-0.01,-1,True,-0.19608942318032468,-1,True,153,1500,online_perceptron
sensor_control,online_perceptron__perceptron_lr_0p05_perceptron_margin_0,linear,numpy_online,45,151,0.0,0.0,0.0,0,False,0.0,0,False,-1,1500,online_perceptron
sensor_control,online_perceptron__perceptron_lr_0p05_perceptron_margin_0,linear,numpy_online,45,152,0.0,0.0,0.0,0,False,0.0,0,False,-1,1500,online_perceptron
sensor_control,online_perceptron__perceptron_lr_0p05_perceptron_margin_0,linear,numpy_online,45,153,0.0,-0.01,0.0,0,False,0.0,0,False,-1,1500,online_perceptron
sensor_control,online_perceptron__perceptron_lr_0p05_perceptron_margin_0,linear,numpy_online,45,154,0.0,0.0,0.0,0,False,0.0,0,False,-1,1500,online_perceptron
sensor_control,online_perceptron__perceptron_lr_0p05_perceptron_margin_0,linear,numpy_online,45,155,0.0,0.0,0.0,0,False,0.0,0,False,-1,1500,online_perceptron
sensor_control,online_perceptron__perceptron_lr_0p05_perceptron_margin_0,linear,numpy_online,45,156,0.009849528984255273,0.0,-0.01,-1,True,-0.1995013604246047,-1,True,159,1500,online_perceptron
sensor_control,online_perceptron__perceptron_lr_0p05_perceptron_margin_0,linear,numpy_online,45,157,0.0,0.0,0.0,0,False,0.0,0,False,-1,1500,online_perceptron
sensor_control,online_perceptron__perceptron_lr_0p05_perceptron_margin_0,linear,numpy_online,45,158,0.0,0.0,0.0,0,False,0.0,0,False,-1,1500,online_perceptron
sensor_control,online_perceptron__perceptron_lr_0p05_perceptron_margin_0,linear,numpy_online,45,159,0.0,-0.01,0.0,0,False,0.0,0,False,-1,1500,online_perceptron
sensor_control,online_perceptron__perceptron_lr_0p05_perceptron_margin_0,linear,numpy_online,45,160,0.0,0.0,0.0,0,False,0.0,0,False,-1,1500,online_perceptron
sensor_control,online_perceptron__perceptron_lr_0p05_perceptron_margin_0,linear,numpy_online,45,161,0.0,0.0,0.0,0,False,0.0,0,False,-1,1500,online_perceptron
sensor_control,online_perceptron__perceptron_lr_0p05_perceptron_margin_0,linear,numpy_online,45,162,0.009693849895681872,0.0,-0.01,-1,True,-0.19792866784940874,-1,True,165,1500,online_perceptron
sensor_control,online_perceptron__perceptron_lr_0p05_perceptron_margin_0,linear,numpy_online,45,163,0.0,0.0,0.0,0,False,0.0,0,False,-1,1500,online_perceptron
sensor_control,online_perceptron__perceptron_lr_0p05_perceptron_margin_0,linear,numpy_online,45,164,0.0,0.0,0.0,0,False,0.0,0,False,-1,1500,online_perceptron
sensor_control,online_perceptron__perceptron_lr_0p05_perceptron_margin_0,linear,numpy_online,45,165,0.0,-0.01,0.0,0,False,0.0,0,False,-1,1500,online_perceptron
sensor_control,online_perceptron__perceptron_lr_0p05_perceptron_margin_0,linear,numpy_online,45,166,0.0,0.0,0.0,0,False,0.0,0,False,-1,1500,online_perceptron
sensor_control,online_perceptron__perceptron_lr_0p05_perceptron_margin_0,linear,numpy_online,45,167,0.0,0.0,0.0,0,False,0.0,0,False,-1,1500,online_perceptron
sensor_control,online_perceptron__perceptron_lr_0p05_perceptron_margin_0,linear,numpy_online,45,168,-0.009240445585172652,0.0,0.01,1,True,0.19158521229911932,1,True,171,1500,online_perceptron
sensor_control,online_perceptron__perceptron_lr_0p05_perceptron_margin_0,linear,numpy_online,45,169,0.0,0.0,0.0,0,False,0.0,0,False,-1,1500,online_perceptron
sensor_control,online_perceptron__perceptron_lr_0p05_perceptron_margin_0,linear,numpy_online,45,170,0.0,0.0,0.0,0,False,0.0,0,False,-1,1500,online_perceptron
sensor_control,online_perceptron__perceptron_lr_0p05_perceptron_margin_0,linear,numpy_online,45,171,0.0,0.01,0.0,0,False,0.0,0,False,-1,1500,online_perceptron
sensor_control,online_perceptron__perceptron_lr_0p05_perceptron_margin_0,linear,numpy_online,45,172,0.0,0.0,0.0,0,False,0.0,0,False,-1,1500,online_perceptron
sensor_control,online_perceptron__perceptron_lr_0p05_perceptron_margin_0,linear,numpy_online,45,173,0.0,0.0,0.0,0,False,0.0,0,False,-1,1500,online_perceptron
sensor_control,online_perceptron__perceptron_lr_0p05_perceptron_margin_0,linear,numpy_online,45,174,-0.009611929514881306,0.0,0.01,1,True,0.19526711640801542,1,True,177,1500,online_perceptron
sensor_control,online_perceptron__perceptron_lr_0p05_perceptron_margin_0,linear,numpy_online,45,175,0.0,0.0,0.0,0,False,0.0,0,False,-1,1500,online_perceptron
sensor_control,online_perceptron__perceptron_lr_0p05_perceptron_margin_0,linear,numpy_online,45,176,0.0,0.0,0.0,0,False,0.0,0,False,-1,1500,online_perceptron
sensor_control,online_perceptron__perceptron_lr_0p05_perceptron_margin_0,linear,numpy_online,45,177,0.0,0.01,0.0,0,False,0.0,0,False,-1,1500,online_perceptron
sensor_control,online_perceptron__perceptron_lr_0p05_perceptron_margin_0,linear,numpy_online,45,178,0.0,0.0,0.0,0,False,0.0,0,False,-1,1500,online_perceptron
sensor_control,online_perceptron__perceptron_lr_0p05_perceptron_margin_0,linear,numpy_online,45,179,0.0,0.0,0.0,0,False,0.0,0,False,-1,1500,online_perceptron
sensor_control,online_perceptron__perceptron_lr_0p05_perceptron_margin_0,linear,numpy_online,45,180,0.010306149878396011,0.0,-0.01,-1,True,-0.20411421046422906,-1,True,183,1500,online_perceptron
sensor_control,online_perceptron__perceptron_lr_0p05_perceptron_margin_0,linear,numpy_online,45,181,0.0,0.0,0.0,0,False,0.0,0,False,-1,1500,online_perceptron
sensor_control,online_perceptron__perceptron_lr_0p05_perceptron_margin_0,linear,numpy_online,45,182,0.0,0.0,0.0,0,False,0.0,0,False,-1,1500,online_perceptron
sensor_control,online_perceptron__perceptron_lr_0p05_perceptron_margin_0,linear,numpy_online,45,183,0.0,-0.01,0.0,0,False,0.0,0,False,-1,1500,online_perceptron
sensor_control,online_perceptron__perceptron_lr_0p05_perceptron_margin_0,linear,numpy_online,45,184,0.0,0.0,0.0,0,False,0.0,0,False,-1,1500,online_perceptron
sensor_control,online_perceptron__perceptron_lr_0p05_perceptron_margin_0,linear,numpy_online,45,185,0.0,0.0,0.0,0,False,0.0,0,False,-1,1500,online_perceptron
sensor_control,online_perceptron__perceptron_lr_0p05_perceptron_margin_0,linear,numpy_online,45,186,0.010488881807669648,0.0,-0.01,-1,True,-0.20596019473259397,-1,True,189,1500,online_perceptron
sensor_control,online_perceptron__perceptron_lr_0p05_perceptron_margin_0,linear,numpy_online,45,187,0.0,0.0,0.0,0,False,0.0,0,False,-1,1500,online_perceptron
sensor_control,online_perceptron__perceptron_lr_0p05_perceptron_margin_0,linear,numpy_online,45,188,0.0,0.0,0.0,0,False,0.0,0,False,-1,1500,online_perceptron
sensor_control,online_perceptron__perceptron_lr_0p05_perceptron_margin_0,linear,numpy_online,45,189,0.0,-0.01,0.0,0,False,0.0,0,False,-1,1500,online_perceptron
sensor_control,online_perceptron__perceptron_lr_0p05_perceptron_margin_0,linear,numpy_online,45,190,0.0,0.0,0.0,0,False,0.0,0,False,-1,1500,online_perceptron
sensor_control,online_perceptron__perceptron_lr_0p05_perceptron_margin_0,linear,numpy_online,45,191,0.0,0.0,0.0,0,False,0.0,0,False,-1,1500,online_perceptron
sensor_control,online_perceptron__perceptron_lr_0p05_perceptron_margin_0,linear,numpy_online,45,192,0.010141163297433881,0.0,-0.01,-1,True,-0.2024474922603659,-1,True,195,1500,online_perceptron
sensor_control,online_perceptron__perceptron_lr_0p05_perceptron_margin_0,linear,numpy_online,45,193,0.0,0.0,0.0,0,False,0.0,0,False,-1,1500,online_perceptron
sensor_control,online_perceptron__perceptron_lr_0p05_perceptron_margin_0,linear,numpy_online,45,194,0.0,0.0,0.0,0,False,0.0,0,False,-1,1500,online_perceptron
sensor_control,online_perceptron__perceptron_lr_0p05_perceptron_margin_0,linear,numpy_online,45,195,0.0,-0.01,0.0,0,False,0.0,0,False,-1,1500,online_perceptron
sensor_control,online_perceptron__perceptron_lr_0p05_perceptron_margin_0,linear,numpy_online,45,196,0.0,0.0,0.0,0,False,0.0,0,False,-1,1500,online_perceptron
sensor_control,online_perceptron__perceptron_lr_0p05_perceptron_margin_0,linear,numpy_online,45,197,0.0,0.0,0.0,0,False,0.0,0,False,-1,1500,online_perceptron
sensor_control,online_perceptron__perceptron_lr_0p05_perceptron_margin_0,linear,numpy_online,45,198,0.009930910703758952,0.0,-0.01,-1,True,-0.2003234902764234,-1,True,201,1500,online_perceptron
sensor_control,online_perceptron__perceptron_lr_0p05_perceptron_margin_0,linear,numpy_online,45,199,0.0,0.0,0.0,0,False,0.0,0,False,-1,1500,online_perceptron
sensor_control,online_perceptron__perceptron_lr_0p05_perceptron_margin_0,linear,numpy_online,45,200,0.0,0.0,0.0,0,False,0.0,0,False,-1,1500,online_perceptron
sensor_control,online_perceptron__perceptron_lr_0p05_perceptron_margin_0,linear,numpy_online,45,201,0.0,-0.01,0.0,0,False,0.0,0,False,-1,1500,online_perceptron
sensor_control,online_perceptron__perceptron_lr_0p05_perceptron_margin_0,linear,numpy_online,45,202,0.0,0.0,0.0,0,False,0.0,0,False,-1,1500,online_perceptron
sensor_control,online_perceptron__perceptron_lr_0p05_perceptron_margin_0,linear,numpy_online,45,203,0.0,0.0,0.0,0,False,0.0,0,False,-1,1500,online_perceptron
sensor_control,online_perceptron__perceptron_lr_0p05_perceptron_margin_0,linear,numpy_online,45,204,0.010646974707230524,0.0,-0.01,-1,True,-0.2075572719740461,-1,True,207,1500,online_perceptron
sensor_control,online_perceptron__perceptron_lr_0p05_perceptron_margin_0,linear,numpy_online,45,205,0.0,0.0,0.0,0,False,0.0,0,False,-1,1500,online_perceptron
sensor_control,online_perceptron__perceptron_lr_0p05_perceptron_margin_0,linear,numpy_online,45,206,0.0,0.0,0.0,0,False,0.0,0,False,-1,1500,online_perceptron
sensor_control,online_perceptron__perceptron_lr_0p05_perceptron_margin_0,linear,numpy_online,45,207,0.0,-0.01,0.0,0,False,0.0,0,False,-1,1500,online_perceptron
sensor_control,online_perceptron__perceptron_lr_0p05_perceptron_margin_0,linear,numpy_online,45,208,0.0,0.0,0.0,0,False,0.0,0,False,-1,1500,online_perceptron
sensor_control,online_perceptron__perceptron_lr_0p05_perceptron_margin_0,linear,numpy_online,45,209,0.0,0.0,0.0,0,False,0.0,0,False,-1,1500,online_perceptron
sensor_control,online_perceptron__perceptron_lr_0p05_perceptron_margin_0,linear,numpy_online,45,210,0.009471735507764138,0.0,-0.01,-1,True,-0.19568483631157363,-1,True,213,1500,online_perceptron
sensor_control,online_perceptron__perceptron_lr_0p05_perceptron_margin_0,linear,numpy_online,45,211,0.0,0.0,0.0,0,False,0.0,0,False,-1,1500,online_perceptron
sensor_control,online_perceptron__perceptron_lr_0p05_perceptron_margin_0,linear,numpy_online,45,212,0.0,0.0,0.0,0,False,0.0,0,False,-1,1500,online_perceptron
sensor_control,online_perceptron__perceptron_lr_0p05_perceptron_margin_0,linear,numpy_online,45,213,0.0,-0.01,0.0,0,False,0.0,0,False,-1,1500,online_perceptron
sensor_control,online_perceptron__perceptron_lr_0p05_perceptron_margin_0,linear,numpy_online,45,214,0.0,0.0,0.0,0,False,0.0,0,False,-1,1500,online_perceptron
sensor_control,online_perceptron__perceptron_lr_0p05_perceptron_margin_0,linear,numpy_online,45,215,0.0,0.0,0.0,0,False,0.0,0,False,-1,1500,online_perceptron
sensor_control,online_perceptron__perceptron_lr_0p05_perceptron_margin_0,linear,numpy_online,45,216,0.010893416552279106,0.0,-0.01,-1,True,-0.21004686298769576,-1,True,219,1500,online_perceptron
sensor_control,online_perceptron__perceptron_lr_0p05_perceptron_margin_0,linear,numpy_online,45,217,0.0,0.0,0.0,0,False,0.0,0,False,-1,1500,online_perceptron
sensor_control,online_perceptron__perceptron_lr_0p05_perceptron_margin_0,linear,numpy_online,45,218,0.0,0.0,0.0,0,False,0.0,0,False,-1,1500,online_perceptron
sensor_control,online_perceptron__perceptron_lr_0p05_perceptron_margin_0,linear,numpy_online,45,219,0.0,-0.01,0.0,0,False,0.0,0,False,-1,1500,online_perceptron
sensor_control,online_perceptron__perceptron_lr_0p05_perceptron_margin_0,linear,numpy_online,45,220,0.0,0.0,0.0,0,False,0.0,0,False,-1,1500,online_perceptron
sensor_control,online_perceptron__perceptron_lr_0p05_perceptron_margin_0,linear,numpy_online,45,221,0.0,0.0,0.0,0,False,0.0,0,False,-1,1500,online_perceptron
sensor_control,online_perceptron__perceptron_lr_0p05_perceptron_margin_0,linear,numpy_online,45,222,-0.009983913353794178,0.0,0.01,1,True,0.1989539752877802,1,True,225,1500,online_perceptron
sensor_control,online_perceptron__perceptron_lr_0p05_perceptron_margin_0,linear,numpy_online,45,223,0.0,0.0,0.0,0,False,0.0,0,False,-1,1500,online_perceptron
sensor_control,online_perceptron__perceptron_lr_0p05_perceptron_margin_0,linear,numpy_online,45,224,0.0,0.0,0.0,0,False,0.0,0,False,-1,1500,online_perceptron
sensor_control,online_perceptron__perceptron_lr_0p05_perceptron_margin_0,linear,numpy_online,45,225,0.0,0.01,0.0,0,False,0.0,0,False,-1,1500,online_perceptron
sensor_control,online_perceptron__perceptron_lr_0p05_perceptron_margin_0,linear,numpy_online,45,226,0.0,0.0,0.0,0,False,0.0,0,False,-1,1500,online_perceptron
sensor_control,online_perceptron__perceptron_lr_0p05_perceptron_margin_0,linear,numpy_online,45,227,0.0,0.0,0.0,0,False,0.0,0,False,-1,1500,online_perceptron
sensor_control,online_perceptron__perceptron_lr_0p05_perceptron_margin_0,linear,numpy_online,45,228,-0.010658734346689614,0.0,0.01,1,True,0.20564235663568856,1,True,231,1500,online_perceptron
sensor_control,online_perceptron__perceptron_lr_0p05_perceptron_margin_0,linear,numpy_online,45,229,0.0,0.0,0.0,0,False,0.0,0,False,-1,1500,online_perceptron
sensor_control,online_perceptron__perceptron_lr_0p05_perceptron_margin_0,linear,numpy_online,45,230,0.0,0.0,0.0,0,False,0.0,0,False,-1,1500,online_perceptron
sensor_control,online_perceptron__perceptron_lr_0p05_perceptron_margin_0,linear,numpy_online,45,231,0.0,0.01,0.0,0,False,0.0,0,False,-1,1500,online_perceptron
sensor_control,online_perceptron__perceptron_lr_0p05_perceptron_margin_0,linear,numpy_online,45,232,0.0,0.0,0.0,0,False,0.0,0,False,-1,1500,online_perceptron
sensor_control,online_perceptron__perceptron_lr_0p05_perceptron_margin_0,linear,numpy_online,45,233,0.0,0.0,0.0,0,False,0.0,0,False,-1,1500,online_perceptron
sensor_control,online_perceptron__perceptron_lr_0p05_perceptron_margin_0,linear,numpy_online,45,234,-0.009474281216059076,0.0,0.01,1,True,0.19390283710416073,1,True,237,1500,online_perceptron
sensor_control,online_perceptron__perceptron_lr_0p05_perceptron_margin_0,linear,numpy_online,45,235,0.0,0.0,0.0,0,False,0.0,0,False,-1,1500,online_perceptron
sensor_control,online_perceptron__perceptron_lr_0p05_perceptron_margin_0,linear,numpy_online,45,236,0.0,0.0,0.0,0,False,0.0,0,False,-1,1500,online_perceptron
sensor_control,online_perceptron__perceptron_lr_0p05_perceptron_margin_0,linear,numpy_online,45,237,0.0,0.01,0.0,0,False,0.0,0,False,-1,1500,online_perceptron
sensor_control,online_perceptron__perceptron_lr_0p05_perceptron_margin_0,linear,numpy_online,45,238,0.0,0.0,0.0,0,False,0.0,0,False,-1,1500,online_perceptron
sensor_control,online_perceptron__perceptron_lr_0p05_perceptron_margin_0,linear,numpy_online,45,239,0.0,0.0,0.0,0,False,0.0,0,False,-1,1500,online_perceptron
sensor_control,online_perceptron__perceptron_lr_0p05_perceptron_margin_0,linear,numpy_online,45,240,-0.009496104206549219,0.0,0.01,1,True,0.19411913221662247,1,True,243,1500,online_perceptron
sensor_control,online_perceptron__perceptron_lr_0p05_perceptron_margin_0,linear,numpy_online,45,241,0.0,0.0,0.0,0,False,0.0,0,False,-1,1500,online_perceptron
sensor_control,online_perceptron__perceptron_lr_0p05_perceptron_margin_0,linear,numpy_online,45,242,0.0,0.0,0.0,0,False,0.0,0,False,-1,1500,online_perceptron
sensor_control,online_perceptron__perceptron_lr_0p05_perceptron_margin_0,linear,numpy_online,45,243,0.0,0.01,0.0,0,False,0.0,0,False,-1,1500,online_perceptron
sensor_control,online_perceptron__perceptron_lr_0p05_perceptron_margin_0,linear,numpy_online,45,244,0.0,0.0,0.0,0,False,0.0,0,False,-1,1500,online_perceptron
sensor_control,online_perceptron__perceptron_lr_0p05_perceptron_margin_0,linear,numpy_online,45,245,0.0,0.0,0.0,0,False,0.0,0,False,-1,1500,online_perceptron
sensor_control,online_perceptron__perceptron_lr_0p05_perceptron_margin_0,linear,numpy_online,45,246,-0.010516886678771273,0.0,0.01,1,True,0.20423645595041404,1,True,249,1500,online_perceptron
sensor_control,online_perceptron__perceptron_lr_0p05_perceptron_margin_0,linear,numpy_online,45,247,0.0,0.0,0.0,0,False,0.0,0,False,-1,1500,online_perceptron
sensor_control,online_perceptron__perceptron_lr_0p05_perceptron_margin_0,linear,numpy_online,45,248,0.0,0.0,0.0,0,False,0.0,0,False,-1,1500,online_perceptron
sensor_control,online_perceptron__perceptron_lr_0p05_perceptron_margin_0,linear,numpy_online,45,249,0.0,0.01,0.0,0,False,0.0,0,False,-1,1500,online_perceptron
sensor_control,online_perceptron__perceptron_lr_0p05_perceptron_margin_0,linear,numpy_online,45,250,0.0,0.0,0.0,0,False,0.0,0,False,-1,1500,online_perceptron
sensor_control,online_perceptron__perceptron_lr_0p05_perceptron_margin_0,linear,numpy_online,45,251,0.0,0.0,0.0,0,False,0.0,0,False,-1,1500,online_perceptron
sensor_control,online_perceptron__perceptron_lr_0p05_perceptron_margin_0,linear,numpy_online,45,252,-0.009058766872939671,0.0,0.01,1,True,0.18978453252921867,1,True,255,1500,online_perceptron
sensor_control,online_perceptron__perceptron_lr_0p05_perceptron_margin_0,linear,numpy_online,45,253,0.0,0.0,0.0,0,False,0.0,0,False,-1,1500,online_perceptron
sensor_control,online_perceptron__perceptron_lr_0p05_perceptron_margin_0,linear,numpy_online,45,254,0.0,0.0,0.0,0,False,0.0,0,False,-1,1500,online_perceptron
sensor_control,online_perceptron__perceptron_lr_0p05_perceptron_margin_0,linear,numpy_online,45,255,0.0,0.01,0.0,0,False,0.0,0,False,-1,1500,online_perceptron
sensor_control,online_perceptron__perceptron_lr_0p05_perceptron_margin_0,linear,numpy_online,45,256,0.0,0.0,0.0,0,False,0.0,0,False,-1,1500,online_perceptron
sensor_control,online_perceptron__perceptron_lr_0p05_perceptron_margin_0,linear,numpy_online,45,257,0.0,0.0,0.0,0,False,0.0,0,False,-1,1500,online_perceptron
sensor_control,online_perceptron__perceptron_lr_0p05_perceptron_margin_0,linear,numpy_online,45,258,-0.010494238015854139,0.0,0.01,1,True,0.20401197731651727,1,True,261,1500,online_perceptron
sensor_control,online_perceptron__perceptron_lr_0p05_perceptron_margin_0,linear,numpy_online,45,259,0.0,0.0,0.0,0,False,0.0,0,False,-1,1500,online_perceptron
sensor_control,online_perceptron__perceptron_lr_0p05_perceptron_margin_0,linear,numpy_online,45,260,0.0,0.0,0.0,0,False,0.0,0,False,-1,1500,online_perceptron
sensor_control,online_perceptron__perceptron_lr_0p05_perceptron_margin_0,linear,numpy_online,45,261,0.0,0.01,0.0,0,False,0.0,0,False,-1,1500,online_perceptron
sensor_control,online_perceptron__perceptron_lr_0p05_perceptron_margin_0,linear,numpy_online,45,262,0.0,0.0,0.0,0,False,0.0,0,False,-1,1500,online_perceptron
sensor_control,online_perceptron__perceptron_lr_0p05_perceptron_margin_0,linear,numpy_online,45,263,0.0,0.0,0.0,0,False,0.0,0,False,-1,1500,online_perceptron
sensor_control,online_perceptron__perceptron_lr_0p05_perceptron_margin_0,linear,numpy_online,45,264,-0.00891406696515057,0.0,0.01,1,True,0.18835036232039315,1,True,267,1500,online_perceptron
sensor_control,online_perceptron__perceptron_lr_0p05_perceptron_margin_0,linear,numpy_online,45,265,0.0,0.0,0.0,0,False,0.0,0,False,-1,1500,online_perceptron
sensor_control,online_perceptron__perceptron_lr_0p05_perceptron_margin_0,linear,numpy_online,45,266,0.0,0.0,0.0,0,False,0.0,0,False,-1,1500,online_perceptron
sensor_control,online_perceptron__perceptron_lr_0p05_perceptron_margin_0,linear,numpy_online,45,267,0.0,0.01,0.0,0,False,0.0,0,False,-1,1500,online_perceptron
sensor_control,online_perceptron__perceptron_lr_0p05_perceptron_margin_0,linear,numpy_online,45,268,0.0,0.0,0.0,0,False,0.0,0,False,-1,1500,online_perceptron
sensor_control,online_perceptron__perceptron_lr_0p05_perceptron_margin_0,linear,numpy_online,45,269,0.0,0.0,0.0,0,False,0.0,0,False,-1,1500,online_perceptron
sensor_control,online_perceptron__perceptron_lr_0p05_perceptron_margin_0,linear,numpy_online,45,270,-0.010836093043537946,0.0,0.01,1,True,0.2074002192575965,1,True,273,1500,online_perceptron
sensor_control,online_perceptron__perceptron_lr_0p05_perceptron_margin_0,linear,numpy_online,45,271,0.0,0.0,0.0,0,False,0.0,0,False,-1,1500,online_perceptron
sensor_control,online_perceptron__perceptron_lr_0p05_perceptron_margin_0,linear,numpy_online,45,272,0.0,0.0,0.0,0,False,0.0,0,False,-1,1500,online_perceptron
sensor_control,online_perceptron__perceptron_lr_0p05_perceptron_margin_0,linear,numpy_online,45,273,0.0,0.01,0.0,0,False,0.0,0,False,-1,1500,online_perceptron
sensor_control,online_perceptron__perceptron_lr_0p05_perceptron_margin_0,linear,numpy_online,45,274,0.0,0.0,0.0,0,False,0.0,0,False,-1,1500,online_perceptron
sensor_control,online_perceptron__perceptron_lr_0p05_perceptron_margin_0,linear,numpy_online,45,275,0.0,0.0,0.0,0,False,0.0,0,False,-1,1500,online_perceptron
sensor_control,online_perceptron__perceptron_lr_0p05_perceptron_margin_0,linear,numpy_online,45,276,0.01132803513993381,0.0,-0.01,-1,True,-0.21443744255821046,-1,True,279,1500,online_perceptron
sensor_control,online_perceptron__perceptron_lr_0p05_perceptron_margin_0,linear,numpy_online,45,277,0.0,0.0,0.0,0,False,0.0,0,False,-1,1500,online_perceptron
sensor_control,online_perceptron__perceptron_lr_0p05_perceptron_margin_0,linear,numpy_online,45,278,0.0,0.0,0.0,0,False,0.0,0,False,-1,1500,online_perceptron
sensor_control,online_perceptron__perceptron_lr_0p05_perceptron_margin_0,linear,numpy_online,45,279,0.0,-0.01,0.0,0,False,0.0,0,False,-1,1500,online_perceptron
sensor_control,online_perceptron__perceptron_lr_0p05_perceptron_margin_0,linear,numpy_online,45,280,0.0,0.0,0.0,0,False,0.0,0,False,-1,1500,online_perceptron
sensor_control,online_perceptron__perceptron_lr_0p05_perceptron_margin_0,linear,numpy_online,45,281,0.0,0.0,0.0,0,False,0.0,0,False,-1,1500,online_perceptron
sensor_control,online_perceptron__perceptron_lr_0p05_perceptron_margin_0,linear,numpy_online,45,282,-0.010254913625544282,0.0,0.01,1,True,0.20163995154212644,1,True,285,1500,online_perceptron
sensor_control,online_perceptron__perceptron_lr_0p05_perceptron_margin_0,linear,numpy_online,45,283,0.0,0.0,0.0,0,False,0.0,0,False,-1,1500,online_perceptron
sensor_control,online_perceptron__perceptron_lr_0p05_perceptron_margin_0,linear,numpy_online,45,284,0.0,0.0,0.0,0,False,0.0,0,False,-1,1500,online_perceptron
sensor_control,online_perceptron__perceptron_lr_0p05_perceptron_margin_0,linear,numpy_online,45,285,0.0,0.01,0.0,0,False,0.0,0,False,-1,1500,online_perceptron
sensor_control,online_perceptron__perceptron_lr_0p05_perceptron_margin_0,linear,numpy_online,45,286,0.0,0.0,0.0,0,False,0.0,0,False,-1,1500,online_perceptron
sensor_control,online_perceptron__perceptron_lr_0p05_perceptron_margin_0,linear,numpy_online,45,287,0.0,0.0,0.0,0,False,0.0,0,False,-1,1500,online_perceptron
sensor_control,online_perceptron__perceptron_lr_0p05_perceptron_margin_0,linear,numpy_online,45,288,-0.010644287360841222,0.0,0.01,1,True,0.2054991676245298,1,True,291,1500,online_perceptron
sensor_control,online_perceptron__perceptron_lr_0p05_perceptron_margin_0,linear,numpy_online,45,289,0.0,0.0,0.0,0,False,0.0,0,False,-1,1500,online_perceptron
sensor_control,online_perceptron__perceptron_lr_0p05_perceptron_margin_0,linear,numpy_online,45,290,0.0,0.0,0.0,0,False,0.0,0,False,-1,1500,online_perceptron
sensor_control,online_perceptron__perceptron_lr_0p05_perceptron_margin_0,linear,numpy_online,45,291,0.0,0.01,0.0,0,False,0.0,0,False,-1,1500,online_perceptron
sensor_control,online_perceptron__perceptron_lr_0p05_perceptron_margin_0,linear,numpy_online,45,292,0.0,0.0,0.0,0,False,0.0,0,False,-1,1500,online_perceptron
sensor_control,online_perceptron__perceptron_lr_0p05_perceptron_margin_0,linear,numpy_online,45,293,0.0,0.0,0.0,0,False,0.0,0,False,-1,1500,online_perceptron
sensor_control,online_perceptron__perceptron_lr_0p05_perceptron_margin_0,linear,numpy_online,45,294,0.010385520304077737,0.0,-0.01,-1,True,-0.20491602193617214,-1,True,297,1500,online_perceptron
sensor_control,online_perceptron__perceptron_lr_0p05_perceptron_margin_0,linear,numpy_online,45,295,0.0,0.0,0.0,0,False,0.0,0,False,-1,1500,online_perceptron
sensor_control,online_perceptron__perceptron_lr_0p05_perceptron_margin_0,linear,numpy_online,45,296,0.0,0.0,0.0,0,False,0.0,0,False,-1,1500,online_perceptron
sensor_control,online_perceptron__perceptron_lr_0p05_perceptron_margin_0,linear,numpy_online,45,297,0.0,-0.01,0.0,0,False,0.0,0,False,-1,1500,online_perceptron
sensor_control,online_perceptron__perceptron_lr_0p05_perceptron_margin_0,linear,numpy_online,45,298,0.0,0.0,0.0,0,False,0.0,0,False,-1,1500,online_perceptron
sensor_control,online_perceptron__perceptron_lr_0p05_perceptron_margin_0,linear,numpy_online,45,299,0.0,0.0,0.0,0,False,0.0,0,False,-1,1500,online_perceptron
sensor_control,online_perceptron__perceptron_lr_0p05_perceptron_margin_0,linear,numpy_online,45,300,0.010338165242341678,0.0,-0.01,-1,True,-0.20443763428197453,-1,True,303,1500,online_perceptron
sensor_control,online_perceptron__perceptron_lr_0p05_perceptron_margin_0,linear,numpy_online,45,301,0.0,0.0,0.0,0,False,0.0,0,False,-1,1500,online_perceptron
sensor_control,online_perceptron__perceptron_lr_0p05_perceptron_margin_0,linear,numpy_online,45,302,0.0,0.0,0.0,0,False,0.0,0,False,-1,1500,online_perceptron
sensor_control,online_perceptron__perceptron_lr_0p05_perceptron_margin_0,linear,numpy_online,45,303,0.0,-0.01,0.0,0,False,0.0,0,False,-1,1500,online_perceptron
sensor_control,online_perceptron__perceptron_lr_0p05_perceptron_margin_0,linear,numpy_online,45,304,0.0,0.0,0.0,0,False,0.0,0,False,-1,1500,online_perceptron
sensor_control,online_perceptron__perceptron_lr_0p05_perceptron_margin_0,linear,numpy_online,45,305,0.0,0.0,0.0,0,False,0.0,0,False,-1,1500,online_perceptron
sensor_control,online_perceptron__perceptron_lr_0p05_perceptron_margin_0,linear,numpy_online,45,306,0.009638377391251866,0.0,-0.01,-1,True,-0.19736827661996326,-1,True,309,1500,online_perceptron
sensor_control,online_perceptron__perceptron_lr_0p05_perceptron_margin_0,linear,numpy_online,45,307,0.0,0.0,0.0,0,False,0.0,0,False,-1,1500,online_perceptron
sensor_control,online_perceptron__perceptron_lr_0p05_perceptron_margin_0,linear,numpy_online,45,308,0.0,0.0,0.0,0,False,0.0,0,False,-1,1500,online_perceptron
sensor_control,online_perceptron__perceptron_lr_0p05_perceptron_margin_0,linear,numpy_online,45,309,0.0,-0.01,0.0,0,False,0.0,0,False,-1,1500,online_perceptron
sensor_control,online_perceptron__perceptron_lr_0p05_perceptron_margin_0,linear,numpy_online,45,310,0.0,0.0,0.0,0,False,0.0,0,False,-1,1500,online_perceptron
sensor_control,online_perceptron__perceptron_lr_0p05_perceptron_margin_0,linear,numpy_online,45,311,0.0,0.0,0.0,0,False,0.0,0,False,-1,1500,online_perceptron
sensor_control,online_perceptron__perceptron_lr_0p05_perceptron_margin_0,linear,numpy_online,45,312,0.010675430140017306,0.0,-0.01,-1,True,-0.2078447328544884,-1,True,315,1500,online_perceptron
sensor_control,online_perceptron__perceptron_lr_0p05_perceptron_margin_0,linear,numpy_online,45,313,0.0,0.0,0.0,0,False,0.0,0,False,-1,1500,online_perceptron
sensor_control,online_perceptron__perceptron_lr_0p05_perceptron_margin_0,linear,numpy_online,45,314,0.0,0.0,0.0,0,False,0.0,0,False,-1,1500,online_perceptron
sensor_control,online_perceptron__perceptron_lr_0p05_perceptron_margin_0,linear,numpy_online,45,315,0.0,-0.01,0.0,0,False,0.0,0,False,-1,1500,online_perceptron
sensor_control,online_perceptron__perceptron_lr_0p05_perceptron_margin_0,linear,numpy_online,45,316,0.0,0.0,0.0,0,False,0.0,0,False,-1,1500,online_perceptron
sensor_control,online_perceptron__perceptron_lr_0p05_perceptron_margin_0,linear,numpy_online,45,317,0.0,0.0,0.0,0,False,0.0,0,False,-1,1500,online_perceptron
sensor_control,online_perceptron__perceptron_lr_0p05_perceptron_margin_0,linear,numpy_online,45,318,0.009663613579786153,0.0,-0.01,-1,True,-0.19762321623129975,-1,True,321,1500,online_perceptron
sensor_control,online_perceptron__perceptron_lr_0p05_perceptron_margin_0,linear,numpy_online,45,319,0.0,0.0,0.0,0,False,0.0,0,False,-1,1500,online_perceptron
sensor_control,online_perceptron__perceptron_lr_0p05_perceptron_margin_0,linear,numpy_online,45,320,0.0,0.0,0.0,0,False,0.0,0,False,-1,1500,online_perceptron
sensor_control,online_perceptron__perceptron_lr_0p05_perceptron_margin_0,linear,numpy_online,45,321,0.0,-0.01,0.0,0,False,0.0,0,False,-1,1500,online_perceptron
sensor_control,online_perceptron__perceptron_lr_0p05_perceptron_margin_0,linear,numpy_online,45,322,0.0,0.0,0.0,0,False,0.0,0,False,-1,1500,online_perceptron
sensor_control,online_perceptron__perceptron_lr_0p05_perceptron_margin_0,linear,numpy_online,45,323,0.0,0.0,0.0,0,False,0.0,0,False,-1,1500,online_perceptron
sensor_control,online_perceptron__perceptron_lr_0p05_perceptron_margin_0,linear,numpy_online,45,324,0.009499106225230007,0.0,-0.01,-1,True,-0.19596133924161271,-1,True,327,1500,online_perceptron
sensor_control,online_perceptron__perceptron_lr_0p05_perceptron_margin_0,linear,numpy_online,45,325,0.0,0.0,0.0,0,False,0.0,0,False,-1,1500,online_perceptron
sensor_control,online_perceptron__perceptron_lr_0p05_perceptron_margin_0,linear,numpy_online,45,326,0.0,0.0,0.0,0,False,0.0,0,False,-1,1500,online_perceptron
sensor_control,online_perceptron__perceptron_lr_0p05_perceptron_margin_0,linear,numpy_online,45,327,0.0,-0.01,0.0,0,False,0.0,0,False,-1,1500,online_perceptron
sensor_control,online_perceptron__perceptron_lr_0p05_perceptron_margin_0,linear,numpy_online,45,328,0.0,0.0,0.0,0,False,0.0,0,False,-1,1500,online_perceptron
sensor_control,online_perceptron__perceptron_lr_0p05_perceptron_margin_0,linear,numpy_online,45,329,0.0,0.0,0.0,0,False,0.0,0,False,-1,1500,online_perceptron
sensor_control,online_perceptron__perceptron_lr_0p05_perceptron_margin_0,linear,numpy_online,45,330,-0.00971855960055494,0.0,0.01,1,True,0.19632396360698204,1,True,333,1500,online_perceptron
sensor_control,online_perceptron__perceptron_lr_0p05_perceptron_margin_0,linear,numpy_online,45,331,0.0,0.0,0.0,0,False,0.0,0,False,-1,1500,online_perceptron
sensor_control,online_perceptron__perceptron_lr_0p05_perceptron_margin_0,linear,numpy_online,45,332,0.0,0.0,0.0,0,False,0.0,0,False,-1,1500,online_perceptron
sensor_control,online_perceptron__perceptron_lr_0p05_perceptron_margin_0,linear,numpy_online,45,333,0.0,0.01,0.0,0,False,0.0,0,False,-1,1500,online_perceptron
sensor_control,online_perceptron__perceptron_lr_0p05_perceptron_margin_0,linear,numpy_online,45,334,0.0,0.0,0.0,0,False,0.0,0,False,-1,1500,online_perceptron
sensor_control,online_perceptron__perceptron_lr_0p05_perceptron_margin_0,linear,numpy_online,45,335,0.0,0.0,0.0,0,False,0.0,0,False,-1,1500,online_perceptron
sensor_control,online_perceptron__perceptron_lr_0p05_perceptron_margin_0,linear,numpy_online,45,336,-0.010171749905941547,0.0,0.01,1,True,0.20081568751230275,1,True,339,1500,online_perceptron
sensor_control,online_perceptron__perceptron_lr_0p05_perceptron_margin_0,linear,numpy_online,45,337,0.0,0.0,0.0,0,False,0.0,0,False,-1,1500,online_perceptron
sensor_control,online_perceptron__perceptron_lr_0p05_perceptron_margin_0,linear,numpy_online,45,338,0.0,0.0,0.0,0,False,0.0,0,False,-1,1500,online_perceptron
sensor_control,online_perceptron__perceptron_lr_0p05_perceptron_margin_0,linear,numpy_online,45,339,0.0,0.01,0.0,0,False,0.0,0,False,-1,1500,online_perceptron
sensor_control,online_perceptron__perceptron_lr_0p05_perceptron_margin_0,linear,numpy_online,45,340,0.0,0.0,0.0,0,False,0.0,0,False,-1,1500,online_perceptron
sensor_control,online_perceptron__perceptron_lr_0p05_perceptron_margin_0,linear,numpy_online,45,341,0.0,0.0,0.0,0,False,0.0,0,False,-1,1500,online_perceptron
sensor_control,online_perceptron__perceptron_lr_0p05_perceptron_margin_0,linear,numpy_online,45,342,0.010277537612812455,0.0,-0.01,-1,True,-0.20382516523628516,-1,True,345,1500,online_perceptron
sensor_control,online_perceptron__perceptron_lr_0p05_perceptron_margin_0,linear,numpy_online,45,343,0.0,0.0,0.0,0,False,0.0,0,False,-1,1500,online_perceptron
sensor_control,online_perceptron__perceptron_lr_0p05_perceptron_margin_0,linear,numpy_online,45,344,0.0,0.0,0.0,0,False,0.0,0,False,-1,1500,online_perceptron
sensor_control,online_perceptron__perceptron_lr_0p05_perceptron_margin_0,linear,numpy_online,45,345,0.0,-0.01,0.0,0,False,0.0,0,False,-1,1500,online_perceptron
sensor_control,online_perceptron__perceptron_lr_0p05_perceptron_margin_0,linear,numpy_online,45,346,0.0,0.0,0.0,0,False,0.0,0,False,-1,1500,online_perceptron
sensor_control,online_perceptron__perceptron_lr_0p05_perceptron_margin_0,linear,numpy_online,45,347,0.0,0.0,0.0,0,False,0.0,0,False,-1,1500,online_perceptron
sensor_control,online_perceptron__perceptron_lr_0p05_perceptron_margin_0,linear,numpy_online,45,348,0.009856925053914016,0.0,-0.01,-1,True,-0.19957607658555176,-1,True,351,1500,online_perceptron
sensor_control,online_perceptron__perceptron_lr_0p05_perceptron_margin_0,linear,numpy_online,45,349,0.0,0.0,0.0,0,False,0.0,0,False,-1,1500,online_perceptron
sensor_control,online_perceptron__perceptron_lr_0p05_perceptron_margin_0,linear,numpy_online,45,350,0.0,0.0,0.0,0,False,0.0,0,False,-1,1500,online_perceptron
sensor_control,online_perceptron__perceptron_lr_0p05_perceptron_margin_0,linear,numpy_online,45,351,0.0,-0.01,0.0,0,False,0.0,0,False,-1,1500,online_perceptron
sensor_control,online_perceptron__perceptron_lr_0p05_perceptron_margin_0,linear,numpy_online,45,352,0.0,0.0,0.0,0,False,0.0,0,False,-1,1500,online_perceptron
sensor_control,online_perceptron__perceptron_lr_0p05_perceptron_margin_0,linear,numpy_online,45,353,0.0,0.0,0.0,0,False,0.0,0,False,-1,1500,online_perceptron
sensor_control,online_perceptron__perceptron_lr_0p05_perceptron_margin_0,linear,numpy_online,45,354,0.010198988512220486,0.0,-0.01,-1,True,-0.2030316509086941,-1,True,357,1500,online_perceptron
sensor_control,online_perceptron__perceptron_lr_0p05_perceptron_margin_0,linear,numpy_online,45,355,0.0,0.0,0.0,0,False,0.0,0,False,-1,1500,online_perceptron
sensor_control,online_perceptron__perceptron_lr_0p05_perceptron_margin_0,linear,numpy_online,45,356,0.0,0.0,0.0,0,False,0.0,0,False,-1,1500,online_perceptron
sensor_control,online_perceptron__perceptron_lr_0p05_perceptron_margin_0,linear,numpy_online,45,357,0.0,-0.01,0.0,0,False,0.0,0,False,-1,1500,online_perceptron
sensor_control,online_perceptron__perceptron_lr_0p05_perceptron_margin_0,linear,numpy_online,45,358,0.0,0.0,0.0,0,False,0.0,0,False,-1,1500,online_perceptron
sensor_control,online_perceptron__perceptron_lr_0p05_perceptron_margin_0,linear,numpy_online,45,359,0.0,0.0,0.0,0,False,0.0,0,False,-1,1500,online_perceptron
sensor_control,online_perceptron__perceptron_lr_0p05_perceptron_margin_0,linear,numpy_online,45,360,0.010149428577106238,0.0,-0.01,-1,True,-0.20253098930606261,-1,True,363,1500,online_perceptron
sensor_control,online_perceptron__perceptron_lr_0p05_perceptron_margin_0,linear,numpy_online,45,361,0.0,0.0,0.0,0,False,0.0,0,False,-1,1500,online_perceptron
sensor_control,online_perceptron__perceptron_lr_0p05_perceptron_margin_0,linear,numpy_online,45,362,0.0,0.0,0.0,0,False,0.0,0,False,-1,1500,online_perceptron
sensor_control,online_perceptron__perceptron_lr_0p05_perceptron_margin_0,linear,numpy_online,45,363,0.0,-0.01,0.0,0,False,0.0,0,False,-1,1500,online_perceptron
sensor_control,online_perceptron__perceptron_lr_0p05_perceptron_margin_0,linear,numpy_online,45,364,0.0,0.0,0.0,0,False,0.0,0,False,-1,1500,online_perceptron
sensor_control,online_perceptron__perceptron_lr_0p05_perceptron_margin_0,linear,numpy_online,45,365,0.0,0.0,0.0,0,False,0.0,0,False,-1,1500,online_perceptron
sensor_control,online_perceptron__perceptron_lr_0p05_perceptron_margin_0,linear,numpy_online,45,366,0.010141151752043482,0.0,-0.01,-1,True,-0.2024473756271692,-1,True,369,1500,online_perceptron
sensor_control,online_perceptron__perceptron_lr_0p05_perceptron_margin_0,linear,numpy_online,45,367,0.0,0.0,0.0,0,False,0.0,0,False,-1,1500,online_perceptron
sensor_control,online_perceptron__perceptron_lr_0p05_perceptron_margin_0,linear,numpy_online,45,368,0.0,0.0,0.0,0,False,0.0,0,False,-1,1500,online_perceptron
sensor_control,online_perceptron__perceptron_lr_0p05_perceptron_margin_0,linear,numpy_online,45,369,0.0,-0.01,0.0,0,False,0.0,0,False,-1,1500,online_perceptron
sensor_control,online_perceptron__perceptron_lr_0p05_perceptron_margin_0,linear,numpy_online,45,370,0.0,0.0,0.0,0,False,0.0,0,False,-1,1500,online_perceptron
sensor_control,online_perceptron__perceptron_lr_0p05_perceptron_margin_0,linear,numpy_online,45,371,0.0,0.0,0.0,0,False,0.0,0,False,-1,1500,online_perceptron
sensor_control,online_perceptron__perceptron_lr_0p05_perceptron_margin_0,linear,numpy_online,45,372,0.01009149363602283,0.0,-0.01,-1,True,-0.20194572218688023,-1,True,375,1500,online_perceptron
sensor_control,online_perceptron__perceptron_lr_0p05_perceptron_margin_0,linear,numpy_online,45,373,0.0,0.0,0.0,0,False,0.0,0,False,-1,1500,online_perceptron
sensor_control,online_perceptron__perceptron_lr_0p05_perceptron_margin_0,linear,numpy_online,45,374,0.0,0.0,0.0,0,False,0.0,0,False,-1,1500,online_perceptron
sensor_control,online_perceptron__perceptron_lr_0p05_perceptron_margin_0,linear,numpy_online,45,375,0.0,-0.01,0.0,0,False,0.0,0,False,-1,1500,online_perceptron
sensor_control,online_perceptron__perceptron_lr_0p05_perceptron_margin_0,linear,numpy_online,45,376,0.0,0.0,0.0,0,False,0.0,0,False,-1,1500,online_perceptron
sensor_control,online_perceptron__perceptron_lr_0p05_perceptron_margin_0,linear,numpy_online,45,377,0.0,0.0,0.0,0,False,0.0,0,False,-1,1500,online_perceptron
sensor_control,online_perceptron__perceptron_lr_0p05_perceptron_margin_0,linear,numpy_online,45,378,0.01039118654836106,0.0,-0.01,-1,True,-0.20497326315203027,-1,True,381,1500,online_perceptron
sensor_control,online_perceptron__perceptron_lr_0p05_perceptron_margin_0,linear,numpy_online,45,379,0.0,0.0,0.0,0,False,0.0,0,False,-1,1500,online_perceptron
sensor_control,online_perceptron__perceptron_lr_0p05_perceptron_margin_0,linear,numpy_online,45,380,0.0,0.0,0.0,0,False,0.0,0,False,-1,1500,online_perceptron
sensor_control,online_perceptron__perceptron_lr_0p05_perceptron_margin_0,linear,numpy_online,45,381,0.0,-0.01,0.0,0,False,0.0,0,False,-1,1500,online_perceptron
sensor_control,online_perceptron__perceptron_lr_0p05_perceptron_margin_0,linear,numpy_online,45,382,0.0,0.0,0.0,0,False,0.0,0,False,-1,1500,online_perceptron
sensor_control,online_perceptron__perceptron_lr_0p05_perceptron_margin_0,linear,numpy_online,45,383,0.0,0.0,0.0,0,False,0.0,0,False,-1,1500,online_perceptron
sensor_control,online_perceptron__perceptron_lr_0p05_perceptron_margin_0,linear,numpy_online,45,384,0.009684207610503601,0.0,-0.01,-1,True,-0.19783126009576146,-1,True,387,1500,online_perceptron
sensor_control,online_perceptron__perceptron_lr_0p05_perceptron_margin_0,linear,numpy_online,45,385,0.0,0.0,0.0,0,False,0.0,0,False,-1,1500,online_perceptron
sensor_control,online_perceptron__perceptron_lr_0p05_perceptron_margin_0,linear,numpy_online,45,386,0.0,0.0,0.0,0,False,0.0,0,False,-1,1500,online_perceptron
sensor_control,online_perceptron__perceptron_lr_0p05_perceptron_margin_0,linear,numpy_online,45,387,0.0,-0.01,0.0,0,False,0.0,0,False,-1,1500,online_perceptron
sensor_control,online_perceptron__perceptron_lr_0p05_perceptron_margin_0,linear,numpy_online,45,388,0.0,0.0,0.0,0,False,0.0,0,False,-1,1500,online_perceptron
sensor_control,online_perceptron__perceptron_lr_0p05_perceptron_margin_0,linear,numpy_online,45,389,0.0,0.0,0.0,0,False,0.0,0,False,-1,1500,online_perceptron
sensor_control,online_perceptron__perceptron_lr_0p05_perceptron_margin_0,linear,numpy_online,45,390,0.009377432198254647,0.0,-0.01,-1,True,-0.19473217069642226,-1,True,393,1500,online_perceptron
sensor_control,online_perceptron__perceptron_lr_0p05_perceptron_margin_0,linear,numpy_online,45,391,0.0,0.0,0.0,0,False,0.0,0,False,-1,1500,online_perceptron
sensor_control,online_perceptron__perceptron_lr_0p05_perceptron_margin_0,linear,numpy_online,45,392,0.0,0.0,0.0,0,False,0.0,0,False,-1,1500,online_perceptron
sensor_control,online_perceptron__perceptron_lr_0p05_perceptron_margin_0,linear,numpy_online,45,393,0.0,-0.01,0.0,0,False,0.0,0,False,-1,1500,online_perceptron
sensor_control,online_perceptron__perceptron_lr_0p05_perceptron_margin_0,linear,numpy_online,45,394,0.0,0.0,0.0,0,False,0.0,0,False,-1,1500,online_perceptron
sensor_control,online_perceptron__perceptron_lr_0p05_perceptron_margin_0,linear,numpy_online,45,395,0.0,0.0,0.0,0,False,0.0,0,False,-1,1500,online_perceptron
sensor_control,online_perceptron__perceptron_lr_0p05_perceptron_margin_0,linear,numpy_online,45,396,0.009994618908315807,0.0,-0.01,-1,True,-0.20096707973473651,-1,True,399,1500,online_perceptron
sensor_control,online_perceptron__perceptron_lr_0p05_perceptron_margin_0,linear,numpy_online,45,397,0.0,0.0,0.0,0,False,0.0,0,False,-1,1500,online_perceptron
sensor_control,online_perceptron__perceptron_lr_0p05_perceptron_margin_0,linear,numpy_online,45,398,0.0,0.0,0.0,0,False,0.0,0,False,-1,1500,online_perceptron
sensor_control,online_perceptron__perceptron_lr_0p05_perceptron_margin_0,linear,numpy_online,45,399,0.0,-0.01,0.0,0,False,0.0,0,False,-1,1500,online_perceptron
sensor_control,online_perceptron__perceptron_lr_0p05_perceptron_margin_0,linear,numpy_online,45,400,0.0,0.0,0.0,0,False,0.0,0,False,-1,1500,online_perceptron
sensor_control,online_perceptron__perceptron_lr_0p05_perceptron_margin_0,linear,numpy_online,45,401,0.0,0.0,0.0,0,False,0.0,0,False,-1,1500,online_perceptron
sensor_control,online_perceptron__perceptron_lr_0p05_perceptron_margin_0,linear,numpy_online,45,402,0.010957989499826569,0.0,-0.01,-1,True,-0.21069918820424874,-1,True,405,1500,online_perceptron
sensor_control,online_perceptron__perceptron_lr_0p05_perceptron_margin_0,linear,numpy_online,45,403,0.0,0.0,0.0,0,False,0.0,0,False,-1,1500,online_perceptron
sensor_control,online_perceptron__perceptron_lr_0p05_perceptron_margin_0,linear,numpy_online,45,404,0.0,0.0,0.0,0,False,0.0,0,False,-1,1500,online_perceptron
sensor_control,online_perceptron__perceptron_lr_0p05_perceptron_margin_0,linear,numpy_online,45,405,0.0,-0.01,0.0,0,False,0.0,0,False,-1,1500,online_perceptron
sensor_control,online_perceptron__perceptron_lr_0p05_perceptron_margin_0,linear,numpy_online,45,406,0.0,0.0,0.0,0,False,0.0,0,False,-1,1500,online_perceptron
sensor_control,online_perceptron__perceptron_lr_0p05_perceptron_margin_0,linear,numpy_online,45,407,0.0,0.0,0.0,0,False,0.0,0,False,-1,1500,online_perceptron
sensor_control,online_perceptron__perceptron_lr_0p05_perceptron_margin_0,linear,numpy_online,45,408,0.009727280814024386,0.0,-0.01,-1,True,-0.1982663918015532,-1,True,411,1500,online_perceptron
sensor_control,online_perceptron__perceptron_lr_0p05_perceptron_margin_0,linear,numpy_online,45,409,0.0,0.0,0.0,0,False,0.0,0,False,-1,1500,online_perceptron
sensor_control,online_perceptron__perceptron_lr_0p05_perceptron_margin_0,linear,numpy_online,45,410,0.0,0.0,0.0,0,False,0.0,0,False,-1,1500,online_perceptron
sensor_control,online_perceptron__perceptron_lr_0p05_perceptron_margin_0,linear,numpy_online,45,411,0.0,-0.01,0.0,0,False,0.0,0,False,-1,1500,online_perceptron
sensor_control,online_perceptron__perceptron_lr_0p05_perceptron_margin_0,linear,numpy_online,45,412,0.0,0.0,0.0,0,False,0.0,0,False,-1,1500,online_perceptron
sensor_control,online_perceptron__perceptron_lr_0p05_perceptron_margin_0,linear,numpy_online,45,413,0.0,0.0,0.0,0,False,0.0,0,False,-1,1500,online_perceptron
sensor_control,online_perceptron__perceptron_lr_0p05_perceptron_margin_0,linear,numpy_online,45,414,0.010454375751910692,0.0,-0.01,-1,True,-0.2056116095874168,-1,True,417,1500,online_perceptron
sensor_control,online_perceptron__perceptron_lr_0p05_perceptron_margin_0,linear,numpy_online,45,415,0.0,0.0,0.0,0,False,0.0,0,False,-1,1500,online_perceptron
sensor_control,online_perceptron__perceptron_lr_0p05_perceptron_margin_0,linear,numpy_online,45,416,0.0,0.0,0.0,0,False,0.0,0,False,-1,1500,online_perceptron
sensor_control,online_perceptron__perceptron_lr_0p05_perceptron_margin_0,linear,numpy_online,45,417,0.0,-0.01,0.0,0,False,0.0,0,False,-1,1500,online_perceptron
sensor_control,online_perceptron__perceptron_lr_0p05_perceptron_margin_0,linear,numpy_online,45,418,0.0,0.0,0.0,0,False,0.0,0,False,-1,1500,online_perceptron
sensor_control,online_perceptron__perceptron_lr_0p05_perceptron_margin_0,linear,numpy_online,45,419,0.0,0.0,0.0,0,False,0.0,0,False,-1,1500,online_perceptron
sensor_control,online_perceptron__perceptron_lr_0p05_perceptron_margin_0,linear,numpy_online,45,420,0.009554150249914468,0.0,-0.01,-1,True,-0.19651740190695483,-1,True,423,1500,online_perceptron
sensor_control,online_perceptron__perceptron_lr_0p05_perceptron_margin_0,linear,numpy_online,45,421,0.0,0.0,0.0,0,False,0.0,0,False,-1,1500,online_perceptron
sensor_control,online_perceptron__perceptron_lr_0p05_perceptron_margin_0,linear,numpy_online,45,422,0.0,0.0,0.0,0,False,0.0,0,False,-1,1500,online_perceptron
sensor_control,online_perceptron__perceptron_lr_0p05_perceptron_margin_0,linear,numpy_online,45,423,0.0,-0.01,0.0,0,False,0.0,0,False,-1,1500,online_perceptron
sensor_control,online_perceptron__perceptron_lr_0p05_perceptron_margin_0,linear,numpy_online,45,424,0.0,0.0,0.0,0,False,0.0,0,False,-1,1500,online_perceptron
sensor_control,online_perceptron__perceptron_lr_0p05_perceptron_margin_0,linear,numpy_online,45,425,0.0,0.0,0.0,0,False,0.0,0,False,-1,1500,online_perceptron
sensor_control,online_perceptron__perceptron_lr_0p05_perceptron_margin_0,linear,numpy_online,45,426,0.009379810831196997,0.0,-0.01,-1,True,-0.1947561999889999,-1,True,429,1500,online_perceptron
sensor_control,online_perceptron__perceptron_lr_0p05_perceptron_margin_0,linear,numpy_online,45,427,0.0,0.0,0.0,0,False,0.0,0,False,-1,1500,online_perceptron
sensor_control,online_perceptron__perceptron_lr_0p05_perceptron_margin_0,linear,numpy_online,45,428,0.0,0.0,0.0,0,False,0.0,0,False,-1,1500,online_perceptron
sensor_control,online_perceptron__perceptron_lr_0p05_perceptron_margin_0,linear,numpy_online,45,429,0.0,-0.01,0.0,0,False,0.0,0,False,-1,1500,online_perceptron
sensor_control,online_perceptron__perceptron_lr_0p05_perceptron_margin_0,linear,numpy_online,45,430,0.0,0.0,0.0,0,False,0.0,0,False,-1,1500,online_perceptron
sensor_control,online_perceptron__perceptron_lr_0p05_perceptron_margin_0,linear,numpy_online,45,431,0.0,0.0,0.0,0,False,0.0,0,False,-1,1500,online_perceptron
sensor_control,online_perceptron__perceptron_lr_0p05_perceptron_margin_0,linear,numpy_online,45,432,0.010385943523000334,0.0,-0.01,-1,True,-0.20492029735468434,-1,True,435,1500,online_perceptron
sensor_control,online_perceptron__perceptron_lr_0p05_perceptron_margin_0,linear,numpy_online,45,433,0.0,0.0,0.0,0,False,0.0,0,False,-1,1500,online_perceptron
sensor_control,online_perceptron__perceptron_lr_0p05_perceptron_margin_0,linear,numpy_online,45,434,0.0,0.0,0.0,0,False,0.0,0,False,-1,1500,online_perceptron
sensor_control,online_perceptron__perceptron_lr_0p05_perceptron_margin_0,linear,numpy_online,45,435,0.0,-0.01,0.0,0,False,0.0,0,False,-1,1500,online_perceptron
sensor_control,online_perceptron__perceptron_lr_0p05_perceptron_margin_0,linear,numpy_online,45,436,0.0,0.0,0.0,0,False,0.0,0,False,-1,1500,online_perceptron
sensor_control,online_perceptron__perceptron_lr_0p05_perceptron_margin_0,linear,numpy_online,45,437,0.0,0.0,0.0,0,False,0.0,0,False,-1,1500,online_perceptron
sensor_control,online_perceptron__perceptron_lr_0p05_perceptron_margin_0,linear,numpy_online,45,438,0.00954305533296399,0.0,-0.01,-1,True,-0.19640531945792247,-1,True,441,1500,online_perceptron
sensor_control,online_perceptron__perceptron_lr_0p05_perceptron_margin_0,linear,numpy_online,45,439,0.0,0.0,0.0,0,False,0.0,0,False,-1,1500,online_perceptron
sensor_control,online_perceptron__perceptron_lr_0p05_perceptron_margin_0,linear,numpy_online,45,440,0.0,0.0,0.0,0,False,0.0,0,False,-1,1500,online_perceptron
sensor_control,online_perceptron__perceptron_lr_0p05_perceptron_margin_0,linear,numpy_online,45,441,0.0,-0.01,0.0,0,False,0.0,0,False,-1,1500,online_perceptron
sensor_control,online_perceptron__perceptron_lr_0p05_perceptron_margin_0,linear,numpy_online,45,442,0.0,0.0,0.0,0,False,0.0,0,False,-1,1500,online_perceptron
sensor_control,online_perceptron__perceptron_lr_0p05_perceptron_margin_0,linear,numpy_online,45,443,0.0,0.0,0.0,0,False,0.0,0,False,-1,1500,online_perceptron
sensor_control,online_perceptron__perceptron_lr_0p05_perceptron_margin_0,linear,numpy_online,45,444,0.009699660628945374,0.0,-0.01,-1,True,-0.19798736871375536,-1,True,447,1500,online_perceptron
sensor_control,online_perceptron__perceptron_lr_0p05_perceptron_margin_0,linear,numpy_online,45,445,0.0,0.0,0.0,0,False,0.0,0,False,-1,1500,online_perceptron
sensor_control,online_perceptron__perceptron_lr_0p05_perceptron_margin_0,linear,numpy_online,45,446,0.0,0.0,0.0,0,False,0.0,0,False,-1,1500,online_perceptron
sensor_control,online_perceptron__perceptron_lr_0p05_perceptron_margin_0,linear,numpy_online,45,447,0.0,-0.01,0.0,0,False,0.0,0,False,-1,1500,online_perceptron
sensor_control,online_perceptron__perceptron_lr_0p05_perceptron_margin_0,linear,numpy_online,45,448,0.0,0.0,0.0,0,False,0.0,0,False,-1,1500,online_perceptron
sensor_control,online_perceptron__perceptron_lr_0p05_perceptron_margin_0,linear,numpy_online,45,449,0.0,0.0,0.0,0,False,0.0,0,False,-1,1500,online_perceptron
sensor_control,online_perceptron__perceptron_lr_0p05_perceptron_margin_0,linear,numpy_online,45,450,-0.010793007614010648,0.0,0.01,1,True,0.20697318484958183,1,True,453,1500,online_perceptron
sensor_control,online_perceptron__perceptron_lr_0p05_perceptron_margin_0,linear,numpy_online,45,451,0.0,0.0,0.0,0,False,0.0,0,False,-1,1500,online_perceptron
sensor_control,online_perceptron__perceptron_lr_0p05_perceptron_margin_0,linear,numpy_online,45,452,0.0,0.0,0.0,0,False,0.0,0,False,-1,1500,online_perceptron
sensor_control,online_perceptron__perceptron_lr_0p05_perceptron_margin_0,linear,numpy_online,45,453,0.0,0.01,0.0,0,False,0.0,0,False,-1,1500,online_perceptron
sensor_control,online_perceptron__perceptron_lr_0p05_perceptron_margin_0,linear,numpy_online,45,454,0.0,0.0,0.0,0,False,0.0,0,False,-1,1500,online_perceptron
sensor_control,online_perceptron__perceptron_lr_0p05_perceptron_margin_0,linear,numpy_online,45,455,0.0,0.0,0.0,0,False,0.0,0,False,-1,1500,online_perceptron
sensor_control,online_perceptron__perceptron_lr_0p05_perceptron_margin_0,linear,numpy_online,45,456,0.010157523764833868,0.0,-0.01,-1,True,-0.20261276805843534,-1,True,459,1500,online_perceptron
sensor_control,online_perceptron__perceptron_lr_0p05_perceptron_margin_0,linear,numpy_online,45,457,0.0,0.0,0.0,0,False,0.0,0,False,-1,1500,online_perceptron
sensor_control,online_perceptron__perceptron_lr_0p05_perceptron_margin_0,linear,numpy_online,45,458,0.0,0.0,0.0,0,False,0.0,0,False,-1,1500,online_perceptron
sensor_control,online_perceptron__perceptron_lr_0p05_perceptron_margin_0,linear,numpy_online,45,459,0.0,-0.01,0.0,0,False,0.0,0,False,-1,1500,online_perceptron
sensor_control,online_perceptron__perceptron_lr_0p05_perceptron_margin_0,linear,numpy_online,45,460,0.0,0.0,0.0,0,False,0.0,0,False,-1,1500,online_perceptron
sensor_control,online_perceptron__perceptron_lr_0p05_perceptron_margin_0,linear,numpy_online,45,461,0.0,0.0,0.0,0,False,0.0,0,False,-1,1500,online_perceptron
sensor_control,online_perceptron__perceptron_lr_0p05_perceptron_margin_0,linear,numpy_online,45,462,0.009869951424514661,0.0,-0.01,-1,True,-0.19970767085754498,-1,True,465,1500,online_perceptron
sensor_control,online_perceptron__perceptron_lr_0p05_perceptron_margin_0,linear,numpy_online,45,463,0.0,0.0,0.0,0,False,0.0,0,False,-1,1500,online_perceptron
sensor_control,online_perceptron__perceptron_lr_0p05_perceptron_margin_0,linear,numpy_online,45,464,0.0,0.0,0.0,0,False,0.0,0,False,-1,1500,online_perceptron
sensor_control,online_perceptron__perceptron_lr_0p05_perceptron_margin_0,linear,numpy_online,45,465,0.0,-0.01,0.0,0,False,0.0,0,False,-1,1500,online_perceptron
sensor_control,online_perceptron__perceptron_lr_0p05_perceptron_margin_0,linear,numpy_online,45,466,0.0,0.0,0.0,0,False,0.0,0,False,-1,1500,online_perceptron
sensor_control,online_perceptron__perceptron_lr_0p05_perceptron_margin_0,linear,numpy_online,45,467,0.0,0.0,0.0,0,False,0.0,0,False,-1,1500,online_perceptron
sensor_control,online_perceptron__perceptron_lr_0p05_perceptron_margin_0,linear,numpy_online,45,468,0.009515281967099038,0.0,-0.01,-1,True,-0.19612474891576248,-1,True,471,1500,online_perceptron
sensor_control,online_perceptron__perceptron_lr_0p05_perceptron_margin_0,linear,numpy_online,45,469,0.0,0.0,0.0,0,False,0.0,0,False,-1,1500,online_perceptron
sensor_control,online_perceptron__perceptron_lr_0p05_perceptron_margin_0,linear,numpy_online,45,470,0.0,0.0,0.0,0,False,0.0,0,False,-1,1500,online_perceptron
sensor_control,online_perceptron__perceptron_lr_0p05_perceptron_margin_0,linear,numpy_online,45,471,0.0,-0.01,0.0,0,False,0.0,0,False,-1,1500,online_perceptron
sensor_control,online_perceptron__perceptron_lr_0p05_perceptron_margin_0,linear,numpy_online,45,472,0.0,0.0,0.0,0,False,0.0,0,False,-1,1500,online_perceptron
sensor_control,online_perceptron__perceptron_lr_0p05_perceptron_margin_0,linear,numpy_online,45,473,0.0,0.0,0.0,0,False,0.0,0,False,-1,1500,online_perceptron
sensor_control,online_perceptron__perceptron_lr_0p05_perceptron_margin_0,linear,numpy_online,45,474,0.009507291646939166,0.0,-0.01,-1,True,-0.19604402955066327,-1,True,477,1500,online_perceptron
sensor_control,online_perceptron__perceptron_lr_0p05_perceptron_margin_0,linear,numpy_online,45,475,0.0,0.0,0.0,0,False,0.0,0,False,-1,1500,online_perceptron
sensor_control,online_perceptron__perceptron_lr_0p05_perceptron_margin_0,linear,numpy_online,45,476,0.0,0.0,0.0,0,False,0.0,0,False,-1,1500,online_perceptron
sensor_control,online_perceptron__perceptron_lr_0p05_perceptron_margin_0,linear,numpy_online,45,477,0.0,-0.01,0.0,0,False,0.0,0,False,-1,1500,online_perceptron
sensor_control,online_perceptron__perceptron_lr_0p05_perceptron_margin_0,linear,numpy_online,45,478,0.0,0.0,0.0,0,False,0.0,0,False,-1,1500,online_perceptron
sensor_control,online_perceptron__perceptron_lr_0p05_perceptron_margin_0,linear,numpy_online,45,479,0.0,0.0,0.0,0,False,0.0,0,False,-1,1500,online_perceptron
sensor_control,online_perceptron__perceptron_lr_0p05_perceptron_margin_0,linear,numpy_online,45,480,0.009032949281774495,0.0,-0.01,-1,True,-0.19125215465833528,-1,True,483,1500,online_perceptron
sensor_control,online_perceptron__perceptron_lr_0p05_perceptron_margin_0,linear,numpy_online,45,481,0.0,0.0,0.0,0,False,0.0,0,False,-1,1500,online_perceptron
sensor_control,online_perceptron__perceptron_lr_0p05_perceptron_margin_0,linear,numpy_online,45,482,0.0,0.0,0.0,0,False,0.0,0,False,-1,1500,online_perceptron
sensor_control,online_perceptron__perceptron_lr_0p05_perceptron_margin_0,linear,numpy_online,45,483,0.0,-0.01,0.0,0,False,0.0,0,False,-1,1500,online_perceptron
sensor_control,online_perceptron__perceptron_lr_0p05_perceptron_margin_0,linear,numpy_online,45,484,0.0,0.0,0.0,0,False,0.0,0,False,-1,1500,online_perceptron
sensor_control,online_perceptron__perceptron_lr_0p05_perceptron_margin_0,linear,numpy_online,45,485,0.0,0.0,0.0,0,False,0.0,0,False,-1,1500,online_perceptron
sensor_control,online_perceptron__perceptron_lr_0p05_perceptron_margin_0,linear,numpy_online,45,486,0.009415703396994293,0.0,-0.01,-1,True,-0.19511879185828312,-1,True,489,1500,online_perceptron
sensor_control,online_perceptron__perceptron_lr_0p05_perceptron_margin_0,linear,numpy_online,45,487,0.0,0.0,0.0,0,False,0.0,0,False,-1,1500,online_perceptron
sensor_control,online_perceptron__perceptron_lr_0p05_perceptron_margin_0,linear,numpy_online,45,488,0.0,0.0,0.0,0,False,0.0,0,False,-1,1500,online_perceptron
sensor_control,online_perceptron__perceptron_lr_0p05_perceptron_margin_0,linear,numpy_online,45,489,0.0,-0.01,0.0,0,False,0.0,0,False,-1,1500,online_perceptron
sensor_control,online_perceptron__perceptron_lr_0p05_perceptron_margin_0,linear,numpy_online,45,490,0.0,0.0,0.0,0,False,0.0,0,False,-1,1500,online_perceptron
sensor_control,online_perceptron__perceptron_lr_0p05_perceptron_margin_0,linear,numpy_online,45,491,0.0,0.0,0.0,0,False,0.0,0,False,-1,1500,online_perceptron
sensor_control,online_perceptron__perceptron_lr_0p05_perceptron_margin_0,linear,numpy_online,45,492,0.009789540476274148,0.0,-0.01,-1,True,-0.19889534787684676,-1,True,495,1500,online_perceptron
sensor_control,online_perceptron__perceptron_lr_0p05_perceptron_margin_0,linear,numpy_online,45,493,0.0,0.0,0.0,0,False,0.0,0,False,-1,1500,online_perceptron
sensor_control,online_perceptron__perceptron_lr_0p05_perceptron_margin_0,linear,numpy_online,45,494,0.0,0.0,0.0,0,False,0.0,0,False,-1,1500,online_perceptron
sensor_control,online_perceptron__perceptron_lr_0p05_perceptron_margin_0,linear,numpy_online,45,495,0.0,-0.01,0.0,0,False,0.0,0,False,-1,1500,online_perceptron
sensor_control,online_perceptron__perceptron_lr_0p05_perceptron_margin_0,linear,numpy_online,45,496,0.0,0.0,0.0,0,False,0.0,0,False,-1,1500,online_perceptron
sensor_control,online_perceptron__perceptron_lr_0p05_perceptron_margin_0,linear,numpy_online,45,497,0.0,0.0,0.0,0,False,0.0,0,False,-1,1500,online_perceptron
sensor_control,online_perceptron__perceptron_lr_0p05_perceptron_margin_0,linear,numpy_online,45,498,0.009415770300488166,0.0,-0.01,-1,True,-0.19511946772701433,-1,True,501,1500,online_perceptron
sensor_control,online_perceptron__perceptron_lr_0p05_perceptron_margin_0,linear,numpy_online,45,499,0.0,0.0,0.0,0,False,0.0,0,False,-1,1500,online_perceptron
sensor_control,online_perceptron__perceptron_lr_0p05_perceptron_margin_0,linear,numpy_online,45,500,0.0,0.0,0.0,0,False,0.0,0,False,-1,1500,online_perceptron
sensor_control,online_perceptron__perceptron_lr_0p05_perceptron_margin_0,linear,numpy_online,45,501,0.0,-0.01,0.0,0,False,0.0,0,False,-1,1500,online_perceptron
sensor_control,online_perceptron__perceptron_lr_0p05_perceptron_margin_0,linear,numpy_online,45,502,0.0,0.0,0.0,0,False,0.0,0,False,-1,1500,online_perceptron
sensor_control,online_perceptron__perceptron_lr_0p05_perceptron_margin_0,linear,numpy_online,45,503,0.0,0.0,0.0,0,False,0.0,0,False,-1,1500,online_perceptron
sensor_control,online_perceptron__perceptron_lr_0p05_perceptron_margin_0,linear,numpy_online,45,504,0.009824792028292449,0.0,-0.01,-1,True,-0.19925146413260952,-1,True,507,1500,online_perceptron
sensor_control,online_perceptron__perceptron_lr_0p05_perceptron_margin_0,linear,numpy_online,45,505,0.0,0.0,0.0,0,False,0.0,0,False,-1,1500,online_perceptron
sensor_control,online_perceptron__perceptron_lr_0p05_perceptron_margin_0,linear,numpy_online,45,506,0.0,0.0,0.0,0,False,0.0,0,False,-1,1500,online_perceptron
sensor_control,online_perceptron__perceptron_lr_0p05_perceptron_margin_0,linear,numpy_online,45,507,0.0,-0.01,0.0,0,False,0.0,0,False,-1,1500,online_perceptron
sensor_control,online_perceptron__perceptron_lr_0p05_perceptron_margin_0,linear,numpy_online,45,508,0.0,0.0,0.0,0,False,0.0,0,False,-1,1500,online_perceptron
sensor_control,online_perceptron__perceptron_lr_0p05_perceptron_margin_0,linear,numpy_online,45,509,0.0,0.0,0.0,0,False,0.0,0,False,-1,1500,online_perceptron
sensor_control,online_perceptron__perceptron_lr_0p05_perceptron_margin_0,linear,numpy_online,45,510,0.010461494351275573,0.0,-0.01,-1,True,-0.20568352270349124,-1,True,513,1500,online_perceptron
sensor_control,online_perceptron__perceptron_lr_0p05_perceptron_margin_0,linear,numpy_online,45,511,0.0,0.0,0.0,0,False,0.0,0,False,-1,1500,online_perceptron
sensor_control,online_perceptron__perceptron_lr_0p05_perceptron_margin_0,linear,numpy_online,45,512,0.0,0.0,0.0,0,False,0.0,0,False,-1,1500,online_perceptron
sensor_control,online_perceptron__perceptron_lr_0p05_perceptron_margin_0,linear,numpy_online,45,513,0.0,-0.01,0.0,0,False,0.0,0,False,-1,1500,online_perceptron
sensor_control,online_perceptron__perceptron_lr_0p05_perceptron_margin_0,linear,numpy_online,45,514,0.0,0.0,0.0,0,False,0.0,0,False,-1,1500,online_perceptron
sensor_control,online_perceptron__perceptron_lr_0p05_perceptron_margin_0,linear,numpy_online,45,515,0.0,0.0,0.0,0,False,0.0,0,False,-1,1500,online_perceptron
sensor_control,online_perceptron__perceptron_lr_0p05_perceptron_margin_0,linear,numpy_online,45,516,-0.01055959986298487,0.0,0.01,1,True,0.20465980090798302,1,True,519,1500,online_perceptron
sensor_control,online_perceptron__perceptron_lr_0p05_perceptron_margin_0,linear,numpy_online,45,517,0.0,0.0,0.0,0,False,0.0,0,False,-1,1500,online_perceptron
sensor_control,online_perceptron__perceptron_lr_0p05_perceptron_margin_0,linear,numpy_online,45,518,0.0,0.0,0.0,0,False,0.0,0,False,-1,1500,online_perceptron
sensor_control,online_perceptron__perceptron_lr_0p05_perceptron_margin_0,linear,numpy_online,45,519,0.0,0.01,0.0,0,False,0.0,0,False,-1,1500,online_perceptron
sensor_control,online_perceptron__perceptron_lr_0p05_perceptron_margin_0,linear,numpy_online,45,520,0.0,0.0,0.0,0,False,0.0,0,False,-1,1500,online_perceptron
sensor_control,online_perceptron__perceptron_lr_0p05_perceptron_margin_0,linear,numpy_online,45,521,0.0,0.0,0.0,0,False,0.0,0,False,-1,1500,online_perceptron
sensor_control,online_perceptron__perceptron_lr_0p05_perceptron_margin_0,linear,numpy_online,45,522,-0.009443269796278101,0.0,0.01,1,True,0.19359547233065943,1,True,525,1500,online_perceptron
sensor_control,online_perceptron__perceptron_lr_0p05_perceptron_margin_0,linear,numpy_online,45,523,0.0,0.0,0.0,0,False,0.0,0,False,-1,1500,online_perceptron
sensor_control,online_perceptron__perceptron_lr_0p05_perceptron_margin_0,linear,numpy_online,45,524,0.0,0.0,0.0,0,False,0.0,0,False,-1,1500,online_perceptron
sensor_control,online_perceptron__perceptron_lr_0p05_perceptron_margin_0,linear,numpy_online,45,525,0.0,0.01,0.0,0,False,0.0,0,False,-1,1500,online_perceptron
sensor_control,online_perceptron__perceptron_lr_0p05_perceptron_margin_0,linear,numpy_online,45,526,0.0,0.0,0.0,0,False,0.0,0,False,-1,1500,online_perceptron
sensor_control,online_perceptron__perceptron_lr_0p05_perceptron_margin_0,linear,numpy_online,45,527,0.0,0.0,0.0,0,False,0.0,0,False,-1,1500,online_perceptron
sensor_control,online_perceptron__perceptron_lr_0p05_perceptron_margin_0,linear,numpy_online,45,528,0.01013211432420101,0.0,-0.01,-1,True,-0.20235607822944562,-1,True,531,1500,online_perceptron
sensor_control,online_perceptron__perceptron_lr_0p05_perceptron_margin_0,linear,numpy_online,45,529,0.0,0.0,0.0,0,False,0.0,0,False,-1,1500,online_perceptron
sensor_control,online_perceptron__perceptron_lr_0p05_perceptron_margin_0,linear,numpy_online,45,530,0.0,0.0,0.0,0,False,0.0,0,False,-1,1500,online_perceptron
sensor_control,online_perceptron__perceptron_lr_0p05_perceptron_margin_0,linear,numpy_online,45,531,0.0,-0.01,0.0,0,False,0.0,0,False,-1,1500,online_perceptron
sensor_control,online_perceptron__perceptron_lr_0p05_perceptron_margin_0,linear,numpy_online,45,532,0.0,0.0,0.0,0,False,0.0,0,False,-1,1500,online_perceptron
sensor_control,online_perceptron__perceptron_lr_0p05_perceptron_margin_0,linear,numpy_online,45,533,0.0,0.0,0.0,0,False,0.0,0,False,-1,1500,online_perceptron
sensor_control,online_perceptron__perceptron_lr_0p05_perceptron_margin_0,linear,numpy_online,45,534,0.009745091792988648,0.0,-0.01,-1,True,-0.19844632087636183,-1,True,537,1500,online_perceptron
sensor_control,online_perceptron__perceptron_lr_0p05_perceptron_margin_0,linear,numpy_online,45,535,0.0,0.0,0.0,0,False,0.0,0,False,-1,1500,online_perceptron
sensor_control,online_perceptron__perceptron_lr_0p05_perceptron_margin_0,linear,numpy_online,45,536,0.0,0.0,0.0,0,False,0.0,0,False,-1,1500,online_perceptron
sensor_control,online_perceptron__perceptron_lr_0p05_perceptron_margin_0,linear,numpy_online,45,537,0.0,-0.01,0.0,0,False,0.0,0,False,-1,1500,online_perceptron
sensor_control,online_perceptron__perceptron_lr_0p05_perceptron_margin_0,linear,numpy_online,45,538,0.0,0.0,0.0,0,False,0.0,0,False,-1,1500,online_perceptron
sensor_control,online_perceptron__perceptron_lr_0p05_perceptron_margin_0,linear,numpy_online,45,539,0.0,0.0,0.0,0,False,0.0,0,False,-1,1500,online_perceptron
sensor_control,online_perceptron__perceptron_lr_0p05_perceptron_margin_0,linear,numpy_online,45,540,0.009851660505580392,0.0,-0.01,-1,True,-0.19952289336003365,-1,True,543,1500,online_perceptron
sensor_control,online_perceptron__perceptron_lr_0p05_perceptron_margin_0,linear,numpy_online,45,541,0.0,0.0,0.0,0,False,0.0,0,False,-1,1500,online_perceptron
sensor_control,online_perceptron__perceptron_lr_0p05_perceptron_margin_0,linear,numpy_online,45,542,0.0,0.0,0.0,0,False,0.0,0,False,-1,1500,online_perceptron
sensor_control,online_perceptron__perceptron_lr_0p05_perceptron_margin_0,linear,numpy_online,45,543,0.0,-0.01,0.0,0,False,0.0,0,False,-1,1500,online_perceptron
sensor_control,online_perceptron__perceptron_lr_0p05_perceptron_margin_0,linear,numpy_online,45,544,0.0,0.0,0.0,0,False,0.0,0,False,-1,1500,online_perceptron
sensor_control,online_perceptron__perceptron_lr_0p05_perceptron_margin_0,linear,numpy_online,45,545,0.0,0.0,0.0,0,False,0.0,0,False,-1,1500,online_perceptron
sensor_control,online_perceptron__perceptron_lr_0p05_perceptron_margin_0,linear,numpy_online,45,546,0.00959765723226633,0.0,-0.01,-1,True,-0.19695691570897517,-1,True,549,1500,online_perceptron
sensor_control,online_perceptron__perceptron_lr_0p05_perceptron_margin_0,linear,numpy_online,45,547,0.0,0.0,0.0,0,False,0.0,0,False,-1,1500,online_perceptron
sensor_control,online_perceptron__perceptron_lr_0p05_perceptron_margin_0,linear,numpy_online,45,548,0.0,0.0,0.0,0,False,0.0,0,False,-1,1500,online_perceptron
sensor_control,online_perceptron__perceptron_lr_0p05_perceptron_margin_0,linear,numpy_online,45,549,0.0,-0.01,0.0,0,False,0.0,0,False,-1,1500,online_perceptron
sensor_control,online_perceptron__perceptron_lr_0p05_perceptron_margin_0,linear,numpy_online,45,550,0.0,0.0,0.0,0,False,0.0,0,False,-1,1500,online_perceptron
sensor_control,online_perceptron__perceptron_lr_0p05_perceptron_margin_0,linear,numpy_online,45,551,0.0,0.0,0.0,0,False,0.0,0,False,-1,1500,online_perceptron
sensor_control,online_perceptron__perceptron_lr_0p05_perceptron_margin_0,linear,numpy_online,45,552,-0.01052779224498427,0.0,0.01,1,True,0.20434454474198294,1,True,555,1500,online_perceptron
sensor_control,online_perceptron__perceptron_lr_0p05_perceptron_margin_0,linear,numpy_online,45,553,0.0,0.0,0.0,0,False,0.0,0,False,-1,1500,online_perceptron
sensor_control,online_perceptron__perceptron_lr_0p05_perceptron_margin_0,linear,numpy_online,45,554,0.0,0.0,0.0,0,False,0.0,0,False,-1,1500,online_perceptron
sensor_control,online_perceptron__perceptron_lr_0p05_perceptron_margin_0,linear,numpy_online,45,555,0.0,0.01,0.0,0,False,0.0,0,False,-1,1500,online_perceptron
sensor_control,online_perceptron__perceptron_lr_0p05_perceptron_margin_0,linear,numpy_online,45,556,0.0,0.0,0.0,0,False,0.0,0,False,-1,1500,online_perceptron
sensor_control,online_perceptron__perceptron_lr_0p05_perceptron_margin_0,linear,numpy_online,45,557,0.0,0.0,0.0,0,False,0.0,0,False,-1,1500,online_perceptron
sensor_control,online_perceptron__perceptron_lr_0p05_perceptron_margin_0,linear,numpy_online,45,558,-0.009888042124100667,0.0,0.01,1,True,0.19800376278515508,1,True,561,1500,online_perceptron
sensor_control,online_perceptron__perceptron_lr_0p05_perceptron_margin_0,linear,numpy_online,45,559,0.0,0.0,0.0,0,False,0.0,0,False,-1,1500,online_perceptron
sensor_control,online_perceptron__perceptron_lr_0p05_perceptron_margin_0,linear,numpy_online,45,560,0.0,0.0,0.0,0,False,0.0,0,False,-1,1500,online_perceptron
sensor_control,online_perceptron__perceptron_lr_0p05_perceptron_margin_0,linear,numpy_online,45,561,0.0,0.01,0.0,0,False,0.0,0,False,-1,1500,online_perceptron
sensor_control,online_perceptron__perceptron_lr_0p05_perceptron_margin_0,linear,numpy_online,45,562,0.0,0.0,0.0,0,False,0.0,0,False,-1,1500,online_perceptron
sensor_control,online_perceptron__perceptron_lr_0p05_perceptron_margin_0,linear,numpy_online,45,563,0.0,0.0,0.0,0,False,0.0,0,False,-1,1500,online_perceptron
sensor_control,online_perceptron__perceptron_lr_0p05_perceptron_margin_0,linear,numpy_online,45,564,-0.00951725582346726,0.0,0.01,1,True,0.19432877311630126,1,True,567,1500,online_perceptron
sensor_control,online_perceptron__perceptron_lr_0p05_perceptron_margin_0,linear,numpy_online,45,565,0.0,0.0,0.0,0,False,0.0,0,False,-1,1500,online_perceptron
sensor_control,online_perceptron__perceptron_lr_0p05_perceptron_margin_0,linear,numpy_online,45,566,0.0,0.0,0.0,0,False,0.0,0,False,-1,1500,online_perceptron
sensor_control,online_perceptron__perceptron_lr_0p05_perceptron_margin_0,linear,numpy_online,45,567,0.0,0.01,0.0,0,False,0.0,0,False,-1,1500,online_perceptron
sensor_control,online_perceptron__perceptron_lr_0p05_perceptron_margin_0,linear,numpy_online,45,568,0.0,0.0,0.0,0,False,0.0,0,False,-1,1500,online_perceptron
sensor_control,online_perceptron__perceptron_lr_0p05_perceptron_margin_0,linear,numpy_online,45,569,0.0,0.0,0.0,0,False,0.0,0,False,-1,1500,online_perceptron
sensor_control,online_perceptron__perceptron_lr_0p05_perceptron_margin_0,linear,numpy_online,45,570,-0.010280982997371478,0.0,0.01,1,True,0.20189833399038515,1,True,573,1500,online_perceptron
sensor_control,online_perceptron__perceptron_lr_0p05_perceptron_margin_0,linear,numpy_online,45,571,0.0,0.0,0.0,0,False,0.0,0,False,-1,1500,online_perceptron
sensor_control,online_perceptron__perceptron_lr_0p05_perceptron_margin_0,linear,numpy_online,45,572,0.0,0.0,0.0,0,False,0.0,0,False,-1,1500,online_perceptron
sensor_control,online_perceptron__perceptron_lr_0p05_perceptron_margin_0,linear,numpy_online,45,573,0.0,0.01,0.0,0,False,0.0,0,False,-1,1500,online_perceptron
sensor_control,online_perceptron__perceptron_lr_0p05_perceptron_margin_0,linear,numpy_online,45,574,0.0,0.0,0.0,0,False,0.0,0,False,-1,1500,online_perceptron
sensor_control,online_perceptron__perceptron_lr_0p05_perceptron_margin_0,linear,numpy_online,45,575,0.0,0.0,0.0,0,False,0.0,0,False,-1,1500,online_perceptron
sensor_control,online_perceptron__perceptron_lr_0p05_perceptron_margin_0,linear,numpy_online,45,576,-0.009535149700475757,0.0,0.01,1,True,0.1945061254430448,1,True,579,1500,online_perceptron
sensor_control,online_perceptron__perceptron_lr_0p05_perceptron_margin_0,linear,numpy_online,45,577,0.0,0.0,0.0,0,False,0.0,0,False,-1,1500,online_perceptron
sensor_control,online_perceptron__perceptron_lr_0p05_perceptron_margin_0,linear,numpy_online,45,578,0.0,0.0,0.0,0,False,0.0,0,False,-1,1500,online_perceptron
sensor_control,online_perceptron__perceptron_lr_0p05_perceptron_margin_0,linear,numpy_online,45,579,0.0,0.01,0.0,0,False,0.0,0,False,-1,1500,online_perceptron
sensor_control,online_perceptron__perceptron_lr_0p05_perceptron_margin_0,linear,numpy_online,45,580,0.0,0.0,0.0,0,False,0.0,0,False,-1,1500,online_perceptron
sensor_control,online_perceptron__perceptron_lr_0p05_perceptron_margin_0,linear,numpy_online,45,581,0.0,0.0,0.0,0,False,0.0,0,False,-1,1500,online_perceptron
sensor_control,online_perceptron__perceptron_lr_0p05_perceptron_margin_0,linear,numpy_online,45,582,-0.01021353313718139,0.0,0.01,1,True,0.20122981538832038,1,True,585,1500,online_perceptron
sensor_control,online_perceptron__perceptron_lr_0p05_perceptron_margin_0,linear,numpy_online,45,583,0.0,0.0,0.0,0,False,0.0,0,False,-1,1500,online_perceptron
sensor_control,online_perceptron__perceptron_lr_0p05_perceptron_margin_0,linear,numpy_online,45,584,0.0,0.0,0.0,0,False,0.0,0,False,-1,1500,online_perceptron
sensor_control,online_perceptron__perceptron_lr_0p05_perceptron_margin_0,linear,numpy_online,45,585,0.0,0.01,0.0,0,False,0.0,0,False,-1,1500,online_perceptron
sensor_control,online_perceptron__perceptron_lr_0p05_perceptron_margin_0,linear,numpy_online,45,586,0.0,0.0,0.0,0,False,0.0,0,False,-1,1500,online_perceptron
sensor_control,online_perceptron__perceptron_lr_0p05_perceptron_margin_0,linear,numpy_online,45,587,0.0,0.0,0.0,0,False,0.0,0,False,-1,1500,online_perceptron
sensor_control,online_perceptron__perceptron_lr_0p05_perceptron_margin_0,linear,numpy_online,45,588,0.010008400187566928,0.0,-0.01,-1,True,-0.2011063002026462,-1,True,591,1500,online_perceptron
sensor_control,online_perceptron__perceptron_lr_0p05_perceptron_margin_0,linear,numpy_online,45,589,0.0,0.0,0.0,0,False,0.0,0,False,-1,1500,online_perceptron
sensor_control,online_perceptron__perceptron_lr_0p05_perceptron_margin_0,linear,numpy_online,45,590,0.0,0.0,0.0,0,False,0.0,0,False,-1,1500,online_perceptron
sensor_control,online_perceptron__perceptron_lr_0p05_perceptron_margin_0,linear,numpy_online,45,591,0.0,-0.01,0.0,0,False,0.0,0,False,-1,1500,online_perceptron
sensor_control,online_perceptron__perceptron_lr_0p05_perceptron_margin_0,linear,numpy_online,45,592,0.0,0.0,0.0,0,False,0.0,0,False,-1,1500,online_perceptron
sensor_control,online_perceptron__perceptron_lr_0p05_perceptron_margin_0,linear,numpy_online,45,593,0.0,0.0,0.0,0,False,0.0,0,False,-1,1500,online_perceptron
sensor_control,online_perceptron__perceptron_lr_0p05_perceptron_margin_0,linear,numpy_online,45,594,0.009464775129576256,0.0,-0.01,-1,True,-0.1956145215686178,-1,True,597,1500,online_perceptron
sensor_control,online_perceptron__perceptron_lr_0p05_perceptron_margin_0,linear,numpy_online,45,595,0.0,0.0,0.0,0,False,0.0,0,False,-1,1500,online_perceptron
sensor_control,online_perceptron__perceptron_lr_0p05_perceptron_margin_0,linear,numpy_online,45,596,0.0,0.0,0.0,0,False,0.0,0,False,-1,1500,online_perceptron
sensor_control,online_perceptron__perceptron_lr_0p05_perceptron_margin_0,linear,numpy_online,45,597,0.0,-0.01,0.0,0,False,0.0,0,False,-1,1500,online_perceptron
sensor_control,online_perceptron__perceptron_lr_0p05_perceptron_margin_0,linear,numpy_online,45,598,0.0,0.0,0.0,0,False,0.0,0,False,-1,1500,online_perceptron
sensor_control,online_perceptron__perceptron_lr_0p05_perceptron_margin_0,linear,numpy_online,45,599,0.0,0.0,0.0,0,False,0.0,0,False,-1,1500,online_perceptron
sensor_control,online_perceptron__perceptron_lr_0p05_perceptron_margin_0,linear,numpy_online,45,600,0.009954476479434135,0.0,-0.01,-1,True,-0.200561555136468,-1,True,603,1500,online_perceptron
sensor_control,online_perceptron__perceptron_lr_0p05_perceptron_margin_0,linear,numpy_online,45,601,0.0,0.0,0.0,0,False,0.0,0,False,-1,1500,online_perceptron
sensor_control,online_perceptron__perceptron_lr_0p05_perceptron_margin_0,linear,numpy_online,45,602,0.0,0.0,0.0,0,False,0.0,0,False,-1,1500,online_perceptron
sensor_control,online_perceptron__perceptron_lr_0p05_perceptron_margin_0,linear,numpy_online,45,603,0.0,-0.01,0.0,0,False,0.0,0,False,-1,1500,online_perceptron
sensor_control,online_perceptron__perceptron_lr_0p05_perceptron_margin_0,linear,numpy_online,45,604,0.0,0.0,0.0,0,False,0.0,0,False,-1,1500,online_perceptron
sensor_control,online_perceptron__perceptron_lr_0p05_perceptron_margin_0,linear,numpy_online,45,605,0.0,0.0,0.0,0,False,0.0,0,False,-1,1500,online_perceptron
sensor_control,online_perceptron__perceptron_lr_0p05_perceptron_margin_0,linear,numpy_online,45,606,0.009326013738313542,0.0,-0.01,-1,True,-0.19421273400830685,-1,True,609,1500,online_perceptron
sensor_control,online_perceptron__perceptron_lr_0p05_perceptron_margin_0,linear,numpy_online,45,607,0.0,0.0,0.0,0,False,0.0,0,False,-1,1500,online_perceptron
sensor_control,online_perceptron__perceptron_lr_0p05_perceptron_margin_0,linear,numpy_online,45,608,0.0,0.0,0.0,0,False,0.0,0,False,-1,1500,online_perceptron
sensor_control,online_perceptron__perceptron_lr_0p05_perceptron_margin_0,linear,numpy_online,45,609,0.0,-0.01,0.0,0,False,0.0,0,False,-1,1500,online_perceptron
sensor_control,online_perceptron__perceptron_lr_0p05_perceptron_margin_0,linear,numpy_online,45,610,0.0,0.0,0.0,0,False,0.0,0,False,-1,1500,online_perceptron
sensor_control,online_perceptron__perceptron_lr_0p05_perceptron_margin_0,linear,numpy_online,45,611,0.0,0.0,0.0,0,False,0.0,0,False,-1,1500,online_perceptron
sensor_control,online_perceptron__perceptron_lr_0p05_perceptron_margin_0,linear,numpy_online,45,612,0.01051918551614894,0.0,-0.01,-1,True,-0.20626632716028875,-1,True,615,1500,online_perceptron
sensor_control,online_perceptron__perceptron_lr_0p05_perceptron_margin_0,linear,numpy_online,45,613,0.0,0.0,0.0,0,False,0.0,0,False,-1,1500,online_perceptron
sensor_control,online_perceptron__perceptron_lr_0p05_perceptron_margin_0,linear,numpy_online,45,614,0.0,0.0,0.0,0,False,0.0,0,False,-1,1500,online_perceptron
sensor_control,online_perceptron__perceptron_lr_0p05_perceptron_margin_0,linear,numpy_online,45,615,0.0,-0.01,0.0,0,False,0.0,0,False,-1,1500,online_perceptron
sensor_control,online_perceptron__perceptron_lr_0p05_perceptron_margin_0,linear,numpy_online,45,616,0.0,0.0,0.0,0,False,0.0,0,False,-1,1500,online_perceptron
sensor_control,online_perceptron__perceptron_lr_0p05_perceptron_margin_0,linear,numpy_online,45,617,0.0,0.0,0.0,0,False,0.0,0,False,-1,1500,online_perceptron
sensor_control,online_perceptron__perceptron_lr_0p05_perceptron_margin_0,linear,numpy_online,45,618,-0.010055399086550329,0.0,0.01,1,True,0.1996624948013127,1,True,621,1500,online_perceptron
sensor_control,online_perceptron__perceptron_lr_0p05_perceptron_margin_0,linear,numpy_online,45,619,0.0,0.0,0.0,0,False,0.0,0,False,-1,1500,online_perceptron
sensor_control,online_perceptron__perceptron_lr_0p05_perceptron_margin_0,linear,numpy_online,45,620,0.0,0.0,0.0,0,False,0.0,0,False,-1,1500,online_perceptron
sensor_control,online_perceptron__perceptron_lr_0p05_perceptron_margin_0,linear,numpy_online,45,621,0.0,0.01,0.0,0,False,0.0,0,False,-1,1500,online_perceptron
sensor_control,online_perceptron__perceptron_lr_0p05_perceptron_margin_0,linear,numpy_online,45,622,0.0,0.0,0.0,0,False,0.0,0,False,-1,1500,online_perceptron
sensor_control,online_perceptron__perceptron_lr_0p05_perceptron_margin_0,linear,numpy_online,45,623,0.0,0.0,0.0,0,False,0.0,0,False,-1,1500,online_perceptron
sensor_control,online_perceptron__perceptron_lr_0p05_perceptron_margin_0,linear,numpy_online,45,624,-0.009578332074815921,0.0,0.01,1,True,0.19493412070421162,1,True,627,1500,online_perceptron
sensor_control,online_perceptron__perceptron_lr_0p05_perceptron_margin_0,linear,numpy_online,45,625,0.0,0.0,0.0,0,False,0.0,0,False,-1,1500,online_perceptron
sensor_control,online_perceptron__perceptron_lr_0p05_perceptron_margin_0,linear,numpy_online,45,626,0.0,0.0,0.0,0,False,0.0,0,False,-1,1500,online_perceptron
sensor_control,online_perceptron__perceptron_lr_0p05_perceptron_margin_0,linear,numpy_online,45,627,0.0,0.01,0.0,0,False,0.0,0,False,-1,1500,online_perceptron
sensor_control,online_perceptron__perceptron_lr_0p05_perceptron_margin_0,linear,numpy_online,45,628,0.0,0.0,0.0,0,False,0.0,0,False,-1,1500,online_perceptron
sensor_control,online_perceptron__perceptron_lr_0p05_perceptron_margin_0,linear,numpy_online,45,629,0.0,0.0,0.0,0,False,0.0,0,False,-1,1500,online_perceptron
sensor_control,online_perceptron__perceptron_lr_0p05_perceptron_margin_0,linear,numpy_online,45,630,0.011016721367775036,0.0,-0.01,-1,True,-0.21129250599340316,-1,True,633,1500,online_perceptron
sensor_control,online_perceptron__perceptron_lr_0p05_perceptron_margin_0,linear,numpy_online,45,631,0.0,0.0,0.0,0,False,0.0,0,False,-1,1500,online_perceptron
sensor_control,online_perceptron__perceptron_lr_0p05_perceptron_margin_0,linear,numpy_online,45,632,0.0,0.0,0.0,0,False,0.0,0,False,-1,1500,online_perceptron
sensor_control,online_perceptron__perceptron_lr_0p05_perceptron_margin_0,linear,numpy_online,45,633,0.0,-0.01,0.0,0,False,0.0,0,False,-1,1500,online_perceptron
sensor_control,online_perceptron__perceptron_lr_0p05_perceptron_margin_0,linear,numpy_online,45,634,0.0,0.0,0.0,0,False,0.0,0,False,-1,1500,online_perceptron
sensor_control,online_perceptron__perceptron_lr_0p05_perceptron_margin_0,linear,numpy_online,45,635,0.0,0.0,0.0,0,False,0.0,0,False,-1,1500,online_perceptron
sensor_control,online_perceptron__perceptron_lr_0p05_perceptron_margin_0,linear,numpy_online,45,636,0.009520941456826144,0.0,-0.01,-1,True,-0.19618192189612088,-1,True,639,1500,online_perceptron
sensor_control,online_perceptron__perceptron_lr_0p05_perceptron_margin_0,linear,numpy_online,45,637,0.0,0.0,0.0,0,False,0.0,0,False,-1,1500,online_perceptron
sensor_control,online_perceptron__perceptron_lr_0p05_perceptron_margin_0,linear,numpy_online,45,638,0.0,0.0,0.0,0,False,0.0,0,False,-1,1500,online_perceptron
sensor_control,online_perceptron__perceptron_lr_0p05_perceptron_margin_0,linear,numpy_online,45,639,0.0,-0.01,0.0,0,False,0.0,0,False,-1,1500,online_perceptron
sensor_control,online_perceptron__perceptron_lr_0p05_perceptron_margin_0,linear,numpy_online,45,640,0.0,0.0,0.0,0,False,0.0,0,False,-1,1500,online_perceptron
sensor_control,online_perceptron__perceptron_lr_0p05_perceptron_margin_0,linear,numpy_online,45,641,0.0,0.0,0.0,0,False,0.0,0,False,-1,1500,online_perceptron
sensor_control,online_perceptron__perceptron_lr_0p05_perceptron_margin_0,linear,numpy_online,45,642,-0.010105204302588386,0.0,0.01,1,True,0.20015613130860066,1,True,645,1500,online_perceptron
sensor_control,online_perceptron__perceptron_lr_0p05_perceptron_margin_0,linear,numpy_online,45,643,0.0,0.0,0.0,0,False,0.0,0,False,-1,1500,online_perceptron
sensor_control,online_perceptron__perceptron_lr_0p05_perceptron_margin_0,linear,numpy_online,45,644,0.0,0.0,0.0,0,False,0.0,0,False,-1,1500,online_perceptron
sensor_control,online_perceptron__perceptron_lr_0p05_perceptron_margin_0,linear,numpy_online,45,645,0.0,0.01,0.0,0,False,0.0,0,False,-1,1500,online_perceptron
sensor_control,online_perceptron__perceptron_lr_0p05_perceptron_margin_0,linear,numpy_online,45,646,0.0,0.0,0.0,0,False,0.0,0,False,-1,1500,online_perceptron
sensor_control,online_perceptron__perceptron_lr_0p05_perceptron_margin_0,linear,numpy_online,45,647,0.0,0.0,0.0,0,False,0.0,0,False,-1,1500,online_perceptron
sensor_control,online_perceptron__perceptron_lr_0p05_perceptron_margin_0,linear,numpy_online,45,648,0.009380141319536519,0.0,-0.01,-1,True,-0.1947595386298059,-1,True,651,1500,online_perceptron
sensor_control,online_perceptron__perceptron_lr_0p05_perceptron_margin_0,linear,numpy_online,45,649,0.0,0.0,0.0,0,False,0.0,0,False,-1,1500,online_perceptron
sensor_control,online_perceptron__perceptron_lr_0p05_perceptron_margin_0,linear,numpy_online,45,650,0.0,0.0,0.0,0,False,0.0,0,False,-1,1500,online_perceptron
sensor_control,online_perceptron__perceptron_lr_0p05_perceptron_margin_0,linear,numpy_online,45,651,0.0,-0.01,0.0,0,False,0.0,0,False,-1,1500,online_perceptron
sensor_control,online_perceptron__perceptron_lr_0p05_perceptron_margin_0,linear,numpy_online,45,652,0.0,0.0,0.0,0,False,0.0,0,False,-1,1500,online_perceptron
sensor_control,online_perceptron__perceptron_lr_0p05_perceptron_margin_0,linear,numpy_online,45,653,0.0,0.0,0.0,0,False,0.0,0,False,-1,1500,online_perceptron
sensor_control,online_perceptron__perceptron_lr_0p05_perceptron_margin_0,linear,numpy_online,45,654,0.01000158491340449,0.0,-0.01,-1,True,-0.20103745132145467,-1,True,657,1500,online_perceptron
sensor_control,online_perceptron__perceptron_lr_0p05_perceptron_margin_0,linear,numpy_online,45,655,0.0,0.0,0.0,0,False,0.0,0,False,-1,1500,online_perceptron
sensor_control,online_perceptron__perceptron_lr_0p05_perceptron_margin_0,linear,numpy_online,45,656,0.0,0.0,0.0,0,False,0.0,0,False,-1,1500,online_perceptron
sensor_control,online_perceptron__perceptron_lr_0p05_perceptron_margin_0,linear,numpy_online,45,657,0.0,-0.01,0.0,0,False,0.0,0,False,-1,1500,online_perceptron
sensor_control,online_perceptron__perceptron_lr_0p05_perceptron_margin_0,linear,numpy_online,45,658,0.0,0.0,0.0,0,False,0.0,0,False,-1,1500,online_perceptron
sensor_control,online_perceptron__perceptron_lr_0p05_perceptron_margin_0,linear,numpy_online,45,659,0.0,0.0,0.0,0,False,0.0,0,False,-1,1500,online_perceptron
sensor_control,online_perceptron__perceptron_lr_0p05_perceptron_margin_0,linear,numpy_online,45,660,-0.009054596600661718,0.0,0.01,1,True,0.18974319953630173,1,True,663,1500,online_perceptron
sensor_control,online_perceptron__perceptron_lr_0p05_perceptron_margin_0,linear,numpy_online,45,661,0.0,0.0,0.0,0,False,0.0,0,False,-1,1500,online_perceptron
sensor_control,online_perceptron__perceptron_lr_0p05_perceptron_margin_0,linear,numpy_online,45,662,0.0,0.0,0.0,0,False,0.0,0,False,-1,1500,online_perceptron
sensor_control,online_perceptron__perceptron_lr_0p05_perceptron_margin_0,linear,numpy_online,45,663,0.0,0.01,0.0,0,False,0.0,0,False,-1,1500,online_perceptron
sensor_control,online_perceptron__perceptron_lr_0p05_perceptron_margin_0,linear,numpy_online,45,664,0.0,0.0,0.0,0,False,0.0,0,False,-1,1500,online_perceptron
sensor_control,online_perceptron__perceptron_lr_0p05_perceptron_margin_0,linear,numpy_online,45,665,0.0,0.0,0.0,0,False,0.0,0,False,-1,1500,online_perceptron
sensor_control,online_perceptron__perceptron_lr_0p05_perceptron_margin_0,linear,numpy_online,45,666,-0.00942828335689318,0.0,0.01,1,True,0.193446936611248,1,True,669,1500,online_perceptron
sensor_control,online_perceptron__perceptron_lr_0p05_perceptron_margin_0,linear,numpy_online,45,667,0.0,0.0,0.0,0,False,0.0,0,False,-1,1500,online_perceptron
sensor_control,online_perceptron__perceptron_lr_0p05_perceptron_margin_0,linear,numpy_online,45,668,0.0,0.0,0.0,0,False,0.0,0,False,-1,1500,online_perceptron
sensor_control,online_perceptron__perceptron_lr_0p05_perceptron_margin_0,linear,numpy_online,45,669,0.0,0.01,0.0,0,False,0.0,0,False,-1,1500,online_perceptron
sensor_control,online_perceptron__perceptron_lr_0p05_perceptron_margin_0,linear,numpy_online,45,670,0.0,0.0,0.0,0,False,0.0,0,False,-1,1500,online_perceptron
sensor_control,online_perceptron__perceptron_lr_0p05_perceptron_margin_0,linear,numpy_online,45,671,0.0,0.0,0.0,0,False,0.0,0,False,-1,1500,online_perceptron
sensor_control,online_perceptron__perceptron_lr_0p05_perceptron_margin_0,linear,numpy_online,45,672,-0.010005486047942769,0.0,0.01,1,True,0.19916778962771126,1,True,675,1500,online_perceptron
sensor_control,online_perceptron__perceptron_lr_0p05_perceptron_margin_0,linear,numpy_online,45,673,0.0,0.0,0.0,0,False,0.0,0,False,-1,1500,online_perceptron
sensor_control,online_perceptron__perceptron_lr_0p05_perceptron_margin_0,linear,numpy_online,45,674,0.0,0.0,0.0,0,False,0.0,0,False,-1,1500,online_perceptron
sensor_control,online_perceptron__perceptron_lr_0p05_perceptron_margin_0,linear,numpy_online,45,675,0.0,0.01,0.0,0,False,0.0,0,False,-1,1500,online_perceptron
sensor_control,online_perceptron__perceptron_lr_0p05_perceptron_margin_0,linear,numpy_online,45,676,0.0,0.0,0.0,0,False,0.0,0,False,-1,1500,online_perceptron
sensor_control,online_perceptron__perceptron_lr_0p05_perceptron_margin_0,linear,numpy_online,45,677,0.0,0.0,0.0,0,False,0.0,0,False,-1,1500,online_perceptron
sensor_control,online_perceptron__perceptron_lr_0p05_perceptron_margin_0,linear,numpy_online,45,678,-0.01055509079208639,0.0,0.01,1,True,0.20461510996622023,1,True,681,1500,online_perceptron
sensor_control,online_perceptron__perceptron_lr_0p05_perceptron_margin_0,linear,numpy_online,45,679,0.0,0.0,0.0,0,False,0.0,0,False,-1,1500,online_perceptron
sensor_control,online_perceptron__perceptron_lr_0p05_perceptron_margin_0,linear,numpy_online,45,680,0.0,0.0,0.0,0,False,0.0,0,False,-1,1500,online_perceptron
sensor_control,online_perceptron__perceptron_lr_0p05_perceptron_margin_0,linear,numpy_online,45,681,0.0,0.01,0.0,0,False,0.0,0,False,-1,1500,online_perceptron
sensor_control,online_perceptron__perceptron_lr_0p05_perceptron_margin_0,linear,numpy_online,45,682,0.0,0.0,0.0,0,False,0.0,0,False,-1,1500,online_perceptron
sensor_control,online_perceptron__perceptron_lr_0p05_perceptron_margin_0,linear,numpy_online,45,683,0.0,0.0,0.0,0,False,0.0,0,False,-1,1500,online_perceptron
sensor_control,online_perceptron__perceptron_lr_0p05_perceptron_margin_0,linear,numpy_online,45,684,-0.010456280146974124,0.0,0.01,1,True,0.20363576391341293,1,True,687,1500,online_perceptron
sensor_control,online_perceptron__perceptron_lr_0p05_perceptron_margin_0,linear,numpy_online,45,685,0.0,0.0,0.0,0,False,0.0,0,False,-1,1500,online_perceptron
sensor_control,online_perceptron__perceptron_lr_0p05_perceptron_margin_0,linear,numpy_online,45,686,0.0,0.0,0.0,0,False,0.0,0,False,-1,1500,online_perceptron
sensor_control,online_perceptron__perceptron_lr_0p05_perceptron_margin_0,linear,numpy_online,45,687,0.0,0.01,0.0,0,False,0.0,0,False,-1,1500,online_perceptron
sensor_control,online_perceptron__perceptron_lr_0p05_perceptron_margin_0,linear,numpy_online,45,688,0.0,0.0,0.0,0,False,0.0,0,False,-1,1500,online_perceptron
sensor_control,online_perceptron__perceptron_lr_0p05_perceptron_margin_0,linear,numpy_online,45,689,0.0,0.0,0.0,0,False,0.0,0,False,-1,1500,online_perceptron
sensor_control,online_perceptron__perceptron_lr_0p05_perceptron_margin_0,linear,numpy_online,45,690,-0.010631928263192566,0.0,0.01,1,True,0.20537667238644364,1,True,693,1500,online_perceptron
sensor_control,online_perceptron__perceptron_lr_0p05_perceptron_margin_0,linear,numpy_online,45,691,0.0,0.0,0.0,0,False,0.0,0,False,-1,1500,online_perceptron
sensor_control,online_perceptron__perceptron_lr_0p05_perceptron_margin_0,linear,numpy_online,45,692,0.0,0.0,0.0,0,False,0.0,0,False,-1,1500,online_perceptron
sensor_control,online_perceptron__perceptron_lr_0p05_perceptron_margin_0,linear,numpy_online,45,693,0.0,0.01,0.0,0,False,0.0,0,False,-1,1500,online_perceptron
sensor_control,online_perceptron__perceptron_lr_0p05_perceptron_margin_0,linear,numpy_online,45,694,0.0,0.0,0.0,0,False,0.0,0,False,-1,1500,online_perceptron
sensor_control,online_perceptron__perceptron_lr_0p05_perceptron_margin_0,linear,numpy_online,45,695,0.0,0.0,0.0,0,False,0.0,0,False,-1,1500,online_perceptron
sensor_control,online_perceptron__perceptron_lr_0p05_perceptron_margin_0,linear,numpy_online,45,696,-0.009828118605315893,0.0,0.01,1,True,0.19740984032340497,1,True,699,1500,online_perceptron
sensor_control,online_perceptron__perceptron_lr_0p05_perceptron_margin_0,linear,numpy_online,45,697,0.0,0.0,0.0,0,False,0.0,0,False,-1,1500,online_perceptron
sensor_control,online_perceptron__perceptron_lr_0p05_perceptron_margin_0,linear,numpy_online,45,698,0.0,0.0,0.0,0,False,0.0,0,False,-1,1500,online_perceptron
sensor_control,online_perceptron__perceptron_lr_0p05_perceptron_margin_0,linear,numpy_online,45,699,0.0,0.01,0.0,0,False,0.0,0,False,-1,1500,online_perceptron
sensor_control,online_perceptron__perceptron_lr_0p05_perceptron_margin_0,linear,numpy_online,45,700,0.0,0.0,0.0,0,False,0.0,0,False,-1,1500,online_perceptron
sensor_control,online_perceptron__perceptron_lr_0p05_perceptron_margin_0,linear,numpy_online,45,701,0.0,0.0,0.0,0,False,0.0,0,False,-1,1500,online_perceptron
sensor_control,online_perceptron__perceptron_lr_0p05_perceptron_margin_0,linear,numpy_online,45,702,-0.00939664417953398,0.0,0.01,1,True,0.19313334991797626,1,True,705,1500,online_perceptron
sensor_control,online_perceptron__perceptron_lr_0p05_perceptron_margin_0,linear,numpy_online,45,703,0.0,0.0,0.0,0,False,0.0,0,False,-1,1500,online_perceptron
sensor_control,online_perceptron__perceptron_lr_0p05_perceptron_margin_0,linear,numpy_online,45,704,0.0,0.0,0.0,0,False,0.0,0,False,-1,1500,online_perceptron
sensor_control,online_perceptron__perceptron_lr_0p05_perceptron_margin_0,linear,numpy_online,45,705,0.0,0.01,0.0,0,False,0.0,0,False,-1,1500,online_perceptron
sensor_control,online_perceptron__perceptron_lr_0p05_perceptron_margin_0,linear,numpy_online,45,706,0.0,0.0,0.0,0,False,0.0,0,False,-1,1500,online_perceptron
sensor_control,online_perceptron__perceptron_lr_0p05_perceptron_margin_0,linear,numpy_online,45,707,0.0,0.0,0.0,0,False,0.0,0,False,-1,1500,online_perceptron
sensor_control,online_perceptron__perceptron_lr_0p05_perceptron_margin_0,linear,numpy_online,45,708,-0.01004221220866426,0.0,0.01,1,True,0.19953179515056252,1,True,711,1500,online_perceptron
sensor_control,online_perceptron__perceptron_lr_0p05_perceptron_margin_0,linear,numpy_online,45,709,0.0,0.0,0.0,0,False,0.0,0,False,-1,1500,online_perceptron
sensor_control,online_perceptron__perceptron_lr_0p05_perceptron_margin_0,linear,numpy_online,45,710,0.0,0.0,0.0,0,False,0.0,0,False,-1,1500,online_perceptron
sensor_control,online_perceptron__perceptron_lr_0p05_perceptron_margin_0,linear,numpy_online,45,711,0.0,0.01,0.0,0,False,0.0,0,False,-1,1500,online_perceptron
sensor_control,online_perceptron__perceptron_lr_0p05_perceptron_margin_0,linear,numpy_online,45,712,0.0,0.0,0.0,0,False,0.0,0,False,-1,1500,online_perceptron
sensor_control,online_perceptron__perceptron_lr_0p05_perceptron_margin_0,linear,numpy_online,45,713,0.0,0.0,0.0,0,False,0.0,0,False,-1,1500,online_perceptron
sensor_control,online_perceptron__perceptron_lr_0p05_perceptron_margin_0,linear,numpy_online,45,714,0.009376418260676861,0.0,-0.01,-1,True,-0.19472192775297426,-1,True,717,1500,online_perceptron
sensor_control,online_perceptron__perceptron_lr_0p05_perceptron_margin_0,linear,numpy_online,45,715,0.0,0.0,0.0,0,False,0.0,0,False,-1,1500,online_perceptron
sensor_control,online_perceptron__perceptron_lr_0p05_perceptron_margin_0,linear,numpy_online,45,716,0.0,0.0,0.0,0,False,0.0,0,False,-1,1500,online_perceptron
sensor_control,online_perceptron__perceptron_lr_0p05_perceptron_margin_0,linear,numpy_online,45,717,0.0,-0.01,0.0,0,False,0.0,0,False,-1,1500,online_perceptron
sensor_control,online_perceptron__perceptron_lr_0p05_perceptron_margin_0,linear,numpy_online,45,718,0.0,0.0,0.0,0,False,0.0,0,False,-1,1500,online_perceptron
sensor_control,online_perceptron__perceptron_lr_0p05_perceptron_margin_0,linear,numpy_online,45,719,0.0,0.0,0.0,0,False,0.0,0,False,-1,1500,online_perceptron
sensor_control,online_perceptron__perceptron_lr_0p05_perceptron_margin_0,linear,numpy_online,45,720,-0.009362408218044217,0.0,0.01,1,True,0.19279402561024636,1,True,723,1500,online_perceptron
sensor_control,online_perceptron__perceptron_lr_0p05_perceptron_margin_0,linear,numpy_online,45,721,0.0,0.0,0.0,0,False,0.0,0,False,-1,1500,online_perceptron
sensor_control,online_perceptron__perceptron_lr_0p05_perceptron_margin_0,linear,numpy_online,45,722,0.0,0.0,0.0,0,False,0.0,0,False,-1,1500,online_perceptron
sensor_control,online_perceptron__perceptron_lr_0p05_perceptron_margin_0,linear,numpy_online,45,723,0.0,0.01,0.0,0,False,0.0,0,False,-1,1500,online_perceptron
sensor_control,online_perceptron__perceptron_lr_0p05_perceptron_margin_0,linear,numpy_online,45,724,0.0,0.0,0.0,0,False,0.0,0,False,-1,1500,online_perceptron
sensor_control,online_perceptron__perceptron_lr_0p05_perceptron_margin_0,linear,numpy_online,45,725,0.0,0.0,0.0,0,False,0.0,0,False,-1,1500,online_perceptron
sensor_control,online_perceptron__perceptron_lr_0p05_perceptron_margin_0,linear,numpy_online,45,726,-0.010091979349050676,0.0,0.01,1,True,0.2000250542770622,1,True,729,1500,online_perceptron
sensor_control,online_perceptron__perceptron_lr_0p05_perceptron_margin_0,linear,numpy_online,45,727,0.0,0.0,0.0,0,False,0.0,0,False,-1,1500,online_perceptron
sensor_control,online_perceptron__perceptron_lr_0p05_perceptron_margin_0,linear,numpy_online,45,728,0.0,0.0,0.0,0,False,0.0,0,False,-1,1500,online_perceptron
sensor_control,online_perceptron__perceptron_lr_0p05_perceptron_margin_0,linear,numpy_online,45,729,0.0,0.01,0.0,0,False,0.0,0,False,-1,1500,online_perceptron
sensor_control,online_perceptron__perceptron_lr_0p05_perceptron_margin_0,linear,numpy_online,45,730,0.0,0.0,0.0,0,False,0.0,0,False,-1,1500,online_perceptron
sensor_control,online_perceptron__perceptron_lr_0p05_perceptron_margin_0,linear,numpy_online,45,731,0.0,0.0,0.0,0,False,0.0,0,False,-1,1500,online_perceptron
sensor_control,online_perceptron__perceptron_lr_0p05_perceptron_margin_0,linear,numpy_online,45,732,0.009515136656784827,0.0,-0.01,-1,True,-0.19612328097003928,-1,True,735,1500,online_perceptron
sensor_control,online_perceptron__perceptron_lr_0p05_perceptron_margin_0,linear,numpy_online,45,733,0.0,0.0,0.0,0,False,0.0,0,False,-1,1500,online_perceptron
sensor_control,online_perceptron__perceptron_lr_0p05_perceptron_margin_0,linear,numpy_online,45,734,0.0,0.0,0.0,0,False,0.0,0,False,-1,1500,online_perceptron
sensor_control,online_perceptron__perceptron_lr_0p05_perceptron_margin_0,linear,numpy_online,45,735,0.0,-0.01,0.0,0,False,0.0,0,False,-1,1500,online_perceptron
sensor_control,online_perceptron__perceptron_lr_0p05_perceptron_margin_0,linear,numpy_online,45,736,0.0,0.0,0.0,0,False,0.0,0,False,-1,1500,online_perceptron
sensor_control,online_perceptron__perceptron_lr_0p05_perceptron_margin_0,linear,numpy_online,45,737,0.0,0.0,0.0,0,False,0.0,0,False,-1,1500,online_perceptron
sensor_control,online_perceptron__perceptron_lr_0p05_perceptron_margin_0,linear,numpy_online,45,738,-0.009365736135659025,0.0,0.01,1,True,0.1928270097383879,1,True,741,1500,online_perceptron
sensor_control,online_perceptron__perceptron_lr_0p05_perceptron_margin_0,linear,numpy_online,45,739,0.0,0.0,0.0,0,False,0.0,0,False,-1,1500,online_perceptron
sensor_control,online_perceptron__perceptron_lr_0p05_perceptron_margin_0,linear,numpy_online,45,740,0.0,0.0,0.0,0,False,0.0,0,False,-1,1500,online_perceptron
sensor_control,online_perceptron__perceptron_lr_0p05_perceptron_margin_0,linear,numpy_online,45,741,0.0,0.01,0.0,0,False,0.0,0,False,-1,1500,online_perceptron
sensor_control,online_perceptron__perceptron_lr_0p05_perceptron_margin_0,linear,numpy_online,45,742,0.0,0.0,0.0,0,False,0.0,0,False,-1,1500,online_perceptron
sensor_control,online_perceptron__perceptron_lr_0p05_perceptron_margin_0,linear,numpy_online,45,743,0.0,0.0,0.0,0,False,0.0,0,False,-1,1500,online_perceptron
sensor_control,online_perceptron__perceptron_lr_0p05_perceptron_margin_0,linear,numpy_online,45,744,-0.01002534333128432,0.0,0.01,1,True,0.1993646019452296,1,True,747,1500,online_perceptron
sensor_control,online_perceptron__perceptron_lr_0p05_perceptron_margin_0,linear,numpy_online,45,745,0.0,0.0,0.0,0,False,0.0,0,False,-1,1500,online_perceptron
sensor_control,online_perceptron__perceptron_lr_0p05_perceptron_margin_0,linear,numpy_online,45,746,0.0,0.0,0.0,0,False,0.0,0,False,-1,1500,online_perceptron
sensor_control,online_perceptron__perceptron_lr_0p05_perceptron_margin_0,linear,numpy_online,45,747,0.0,0.01,0.0,0,False,0.0,0,False,-1,1500,online_perceptron
sensor_control,online_perceptron__perceptron_lr_0p05_perceptron_margin_0,linear,numpy_online,45,748,0.0,0.0,0.0,0,False,0.0,0,False,-1,1500,online_perceptron
sensor_control,online_perceptron__perceptron_lr_0p05_perceptron_margin_0,linear,numpy_online,45,749,0.0,0.0,0.0,0,False,0.0,0,False,-1,1500,online_perceptron
sensor_control,online_perceptron__perceptron_lr_0p05_perceptron_margin_0,linear,numpy_online,45,750,-0.009985550363273733,0.0,0.01,1,True,0.198970200247858,1,True,753,1500,online_perceptron
sensor_control,online_perceptron__perceptron_lr_0p05_perceptron_margin_0,linear,numpy_online,45,751,0.0,0.0,0.0,0,False,0.0,0,False,-1,1500,online_perceptron
sensor_control,online_perceptron__perceptron_lr_0p05_perceptron_margin_0,linear,numpy_online,45,752,0.0,0.0,0.0,0,False,0.0,0,False,-1,1500,online_perceptron
sensor_control,online_perceptron__perceptron_lr_0p05_perceptron_margin_0,linear,numpy_online,45,753,0.0,0.01,0.0,0,False,0.0,0,False,-1,1500,online_perceptron
sensor_control,online_perceptron__perceptron_lr_0p05_perceptron_margin_0,linear,numpy_online,45,754,0.0,0.0,0.0,0,False,0.0,0,False,-1,1500,online_perceptron
sensor_control,online_perceptron__perceptron_lr_0p05_perceptron_margin_0,linear,numpy_online,45,755,0.0,0.0,0.0,0,False,0.0,0,False,-1,1500,online_perceptron
sensor_control,online_perceptron__perceptron_lr_0p05_perceptron_margin_0,linear,numpy_online,45,756,-0.00938639546081628,0.0,0.01,1,True,0.19303177136628163,1,True,759,1500,online_perceptron
sensor_control,online_perceptron__perceptron_lr_0p05_perceptron_margin_0,linear,numpy_online,45,757,0.0,0.0,0.0,0,False,0.0,0,False,-1,1500,online_perceptron
sensor_control,online_perceptron__perceptron_lr_0p05_perceptron_margin_0,linear,numpy_online,45,758,0.0,0.0,0.0,0,False,0.0,0,False,-1,1500,online_perceptron
sensor_control,online_perceptron__perceptron_lr_0p05_perceptron_margin_0,linear,numpy_online,45,759,0.0,0.01,0.0,0,False,0.0,0,False,-1,1500,online_perceptron
sensor_control,online_perceptron__perceptron_lr_0p05_perceptron_margin_0,linear,numpy_online,45,760,0.0,0.0,0.0,0,False,0.0,0,False,-1,1500,online_perceptron
sensor_control,online_perceptron__perceptron_lr_0p05_perceptron_margin_0,linear,numpy_online,45,761,0.0,0.0,0.0,0,False,0.0,0,False,-1,1500,online_perceptron
sensor_control,online_perceptron__perceptron_lr_0p05_perceptron_margin_0,linear,numpy_online,45,762,-0.010675274496328706,0.0,0.01,1,True,0.2058062917081039,1,True,765,1500,online_perceptron
sensor_control,online_perceptron__perceptron_lr_0p05_perceptron_margin_0,linear,numpy_online,45,763,0.0,0.0,0.0,0,False,0.0,0,False,-1,1500,online_perceptron
sensor_control,online_perceptron__perceptron_lr_0p05_perceptron_margin_0,linear,numpy_online,45,764,0.0,0.0,0.0,0,False,0.0,0,False,-1,1500,online_perceptron
sensor_control,online_perceptron__perceptron_lr_0p05_perceptron_margin_0,linear,numpy_online,45,765,0.0,0.01,0.0,0,False,0.0,0,False,-1,1500,online_perceptron
sensor_control,online_perceptron__perceptron_lr_0p05_perceptron_margin_0,linear,numpy_online,45,766,0.0,0.0,0.0,0,False,0.0,0,False,-1,1500,online_perceptron
sensor_control,online_perceptron__perceptron_lr_0p05_perceptron_margin_0,linear,numpy_online,45,767,0.0,0.0,0.0,0,False,0.0,0,False,-1,1500,online_perceptron
sensor_control,online_perceptron__perceptron_lr_0p05_perceptron_margin_0,linear,numpy_online,45,768,0.010034719002374952,0.0,-0.01,-1,True,-0.2013721766605304,-1,True,771,1500,online_perceptron
sensor_control,online_perceptron__perceptron_lr_0p05_perceptron_margin_0,linear,numpy_online,45,769,0.0,0.0,0.0,0,False,0.0,0,False,-1,1500,online_perceptron
sensor_control,online_perceptron__perceptron_lr_0p05_perceptron_margin_0,linear,numpy_online,45,770,0.0,0.0,0.0,0,False,0.0,0,False,-1,1500,online_perceptron
sensor_control,online_perceptron__perceptron_lr_0p05_perceptron_margin_0,linear,numpy_online,45,771,0.0,-0.01,0.0,0,False,0.0,0,False,-1,1500,online_perceptron
sensor_control,online_perceptron__perceptron_lr_0p05_perceptron_margin_0,linear,numpy_online,45,772,0.0,0.0,0.0,0,False,0.0,0,False,-1,1500,online_perceptron
sensor_control,online_perceptron__perceptron_lr_0p05_perceptron_margin_0,linear,numpy_online,45,773,0.0,0.0,0.0,0,False,0.0,0,False,-1,1500,online_perceptron
sensor_control,online_perceptron__perceptron_lr_0p05_perceptron_margin_0,linear,numpy_online,45,774,0.01104618860757712,0.0,-0.01,-1,True,-0.21159018829404438,-1,True,777,1500,online_perceptron
sensor_control,online_perceptron__perceptron_lr_0p05_perceptron_margin_0,linear,numpy_online,45,775,0.0,0.0,0.0,0,False,0.0,0,False,-1,1500,online_perceptron
sensor_control,online_perceptron__perceptron_lr_0p05_perceptron_margin_0,linear,numpy_online,45,776,0.0,0.0,0.0,0,False,0.0,0,False,-1,1500,online_perceptron
sensor_control,online_perceptron__perceptron_lr_0p05_perceptron_margin_0,linear,numpy_online,45,777,0.0,-0.01,0.0,0,False,0.0,0,False,-1,1500,online_perceptron
sensor_control,online_perceptron__perceptron_lr_0p05_perceptron_margin_0,linear,numpy_online,45,778,0.0,0.0,0.0,0,False,0.0,0,False,-1,1500,online_perceptron
sensor_control,online_perceptron__perceptron_lr_0p05_perceptron_margin_0,linear,numpy_online,45,779,0.0,0.0,0.0,0,False,0.0,0,False,-1,1500,online_perceptron
sensor_control,online_perceptron__perceptron_lr_0p05_perceptron_margin_0,linear,numpy_online,45,780,0.010131329103004419,0.0,-0.01,-1,True,-0.20234814581182242,-1,True,783,1500,online_perceptron
sensor_control,online_perceptron__perceptron_lr_0p05_perceptron_margin_0,linear,numpy_online,45,781,0.0,0.0,0.0,0,False,0.0,0,False,-1,1500,online_perceptron
sensor_control,online_perceptron__perceptron_lr_0p05_perceptron_margin_0,linear,numpy_online,45,782,0.0,0.0,0.0,0,False,0.0,0,False,-1,1500,online_perceptron
sensor_control,online_perceptron__perceptron_lr_0p05_perceptron_margin_0,linear,numpy_online,45,783,0.0,-0.01,0.0,0,False,0.0,0,False,-1,1500,online_perceptron
sensor_control,online_perceptron__perceptron_lr_0p05_perceptron_margin_0,linear,numpy_online,45,784,0.0,0.0,0.0,0,False,0.0,0,False,-1,1500,online_perceptron
sensor_control,online_perceptron__perceptron_lr_0p05_perceptron_margin_0,linear,numpy_online,45,785,0.0,0.0,0.0,0,False,0.0,0,False,-1,1500,online_perceptron
sensor_control,online_perceptron__perceptron_lr_0p05_perceptron_margin_0,linear,numpy_online,45,786,0.010027615209859862,0.0,-0.01,-1,True,-0.20130041312538516,-1,True,789,1500,online_perceptron
sensor_control,online_perceptron__perceptron_lr_0p05_perceptron_margin_0,linear,numpy_online,45,787,0.0,0.0,0.0,0,False,0.0,0,False,-1,1500,online_perceptron
sensor_control,online_perceptron__perceptron_lr_0p05_perceptron_margin_0,linear,numpy_online,45,788,0.0,0.0,0.0,0,False,0.0,0,False,-1,1500,online_perceptron
sensor_control,online_perceptron__perceptron_lr_0p05_perceptron_margin_0,linear,numpy_online,45,789,0.0,-0.01,0.0,0,False,0.0,0,False,-1,1500,online_perceptron
sensor_control,online_perceptron__perceptron_lr_0p05_perceptron_margin_0,linear,numpy_online,45,790,0.0,0.0,0.0,0,False,0.0,0,False,-1,1500,online_perceptron
sensor_control,online_perceptron__perceptron_lr_0p05_perceptron_margin_0,linear,numpy_online,45,791,0.0,0.0,0.0,0,False,0.0,0,False,-1,1500,online_perceptron
sensor_control,online_perceptron__perceptron_lr_0p05_perceptron_margin_0,linear,numpy_online,45,792,0.010368714581377001,0.0,-0.01,-1,True,-0.20474624810492448,-1,True,795,1500,online_perceptron
sensor_control,online_perceptron__perceptron_lr_0p05_perceptron_margin_0,linear,numpy_online,45,793,0.0,0.0,0.0,0,False,0.0,0,False,-1,1500,online_perceptron
sensor_control,online_perceptron__perceptron_lr_0p05_perceptron_margin_0,linear,numpy_online,45,794,0.0,0.0,0.0,0,False,0.0,0,False,-1,1500,online_perceptron
sensor_control,online_perceptron__perceptron_lr_0p05_perceptron_margin_0,linear,numpy_online,45,795,0.0,-0.01,0.0,0,False,0.0,0,False,-1,1500,online_perceptron
sensor_control,online_perceptron__perceptron_lr_0p05_perceptron_margin_0,linear,numpy_online,45,796,0.0,0.0,0.0,0,False,0.0,0,False,-1,1500,online_perceptron
sensor_control,online_perceptron__perceptron_lr_0p05_perceptron_margin_0,linear,numpy_online,45,797,0.0,0.0,0.0,0,False,0.0,0,False,-1,1500,online_perceptron
sensor_control,online_perceptron__perceptron_lr_0p05_perceptron_margin_0,linear,numpy_online,45,798,0.009187886804339672,0.0,-0.01,-1,True,-0.19281735582690862,-1,True,801,1500,online_perceptron
sensor_control,online_perceptron__perceptron_lr_0p05_perceptron_margin_0,linear,numpy_online,45,799,0.0,0.0,0.0,0,False,0.0,0,False,-1,1500,online_perceptron
sensor_control,online_perceptron__perceptron_lr_0p05_perceptron_margin_0,linear,numpy_online,45,800,0.0,0.0,0.0,0,False,0.0,0,False,-1,1500,online_perceptron
sensor_control,online_perceptron__perceptron_lr_0p05_perceptron_margin_0,linear,numpy_online,45,801,0.0,-0.01,0.0,0,False,0.0,0,False,-1,1500,online_perceptron
sensor_control,online_perceptron__perceptron_lr_0p05_perceptron_margin_0,linear,numpy_online,45,802,0.0,0.0,0.0,0,False,0.0,0,False,-1,1500,online_perceptron
sensor_control,online_perceptron__perceptron_lr_0p05_perceptron_margin_0,linear,numpy_online,45,803,0.0,0.0,0.0,0,False,0.0,0,False,-1,1500,online_perceptron
sensor_control,online_perceptron__perceptron_lr_0p05_perceptron_margin_0,linear,numpy_online,45,804,0.009423346736707531,0.0,-0.01,-1,True,-0.19519600597693493,-1,True,807,1500,online_perceptron
sensor_control,online_perceptron__perceptron_lr_0p05_perceptron_margin_0,linear,numpy_online,45,805,0.0,0.0,0.0,0,False,0.0,0,False,-1,1500,online_perceptron
sensor_control,online_perceptron__perceptron_lr_0p05_perceptron_margin_0,linear,numpy_online,45,806,0.0,0.0,0.0,0,False,0.0,0,False,-1,1500,online_perceptron
sensor_control,online_perceptron__perceptron_lr_0p05_perceptron_margin_0,linear,numpy_online,45,807,0.0,-0.01,0.0,0,False,0.0,0,False,-1,1500,online_perceptron
sensor_control,online_perceptron__perceptron_lr_0p05_perceptron_margin_0,linear,numpy_online,45,808,0.0,0.0,0.0,0,False,0.0,0,False,-1,1500,online_perceptron
sensor_control,online_perceptron__perceptron_lr_0p05_perceptron_margin_0,linear,numpy_online,45,809,0.0,0.0,0.0,0,False,0.0,0,False,-1,1500,online_perceptron
sensor_control,online_perceptron__perceptron_lr_0p05_perceptron_margin_0,linear,numpy_online,45,810,0.009878292183322639,0.0,-0.01,-1,True,-0.19979193040434096,-1,True,813,1500,online_perceptron
sensor_control,online_perceptron__perceptron_lr_0p05_perceptron_margin_0,linear,numpy_online,45,811,0.0,0.0,0.0,0,False,0.0,0,False,-1,1500,online_perceptron
sensor_control,online_perceptron__perceptron_lr_0p05_perceptron_margin_0,linear,numpy_online,45,812,0.0,0.0,0.0,0,False,0.0,0,False,-1,1500,online_perceptron
sensor_control,online_perceptron__perceptron_lr_0p05_perceptron_margin_0,linear,numpy_online,45,813,0.0,-0.01,0.0,0,False,0.0,0,False,-1,1500,online_perceptron
sensor_control,online_perceptron__perceptron_lr_0p05_perceptron_margin_0,linear,numpy_online,45,814,0.0,0.0,0.0,0,False,0.0,0,False,-1,1500,online_perceptron
sensor_control,online_perceptron__perceptron_lr_0p05_perceptron_margin_0,linear,numpy_online,45,815,0.0,0.0,0.0,0,False,0.0,0,False,-1,1500,online_perceptron
sensor_control,online_perceptron__perceptron_lr_0p05_perceptron_margin_0,linear,numpy_online,45,816,-0.0103703360945856,0.0,0.01,1,True,0.2027839430557175,1,True,819,1500,online_perceptron
sensor_control,online_perceptron__perceptron_lr_0p05_perceptron_margin_0,linear,numpy_online,45,817,0.0,0.0,0.0,0,False,0.0,0,False,-1,1500,online_perceptron
sensor_control,online_perceptron__perceptron_lr_0p05_perceptron_margin_0,linear,numpy_online,45,818,0.0,0.0,0.0,0,False,0.0,0,False,-1,1500,online_perceptron
sensor_control,online_perceptron__perceptron_lr_0p05_perceptron_margin_0,linear,numpy_online,45,819,0.0,0.01,0.0,0,False,0.0,0,False,-1,1500,online_perceptron
sensor_control,online_perceptron__perceptron_lr_0p05_perceptron_margin_0,linear,numpy_online,45,820,0.0,0.0,0.0,0,False,0.0,0,False,-1,1500,online_perceptron
sensor_control,online_perceptron__perceptron_lr_0p05_perceptron_margin_0,linear,numpy_online,45,821,0.0,0.0,0.0,0,False,0.0,0,False,-1,1500,online_perceptron
sensor_control,online_perceptron__perceptron_lr_0p05_perceptron_margin_0,linear,numpy_online,45,822,-0.009853414256260901,0.0,0.01,1,True,0.19766055415973344,1,True,825,1500,online_perceptron
sensor_control,online_perceptron__perceptron_lr_0p05_perceptron_margin_0,linear,numpy_online,45,823,0.0,0.0,0.0,0,False,0.0,0,False,-1,1500,online_perceptron
sensor_control,online_perceptron__perceptron_lr_0p05_perceptron_margin_0,linear,numpy_online,45,824,0.0,0.0,0.0,0,False,0.0,0,False,-1,1500,online_perceptron
sensor_control,online_perceptron__perceptron_lr_0p05_perceptron_margin_0,linear,numpy_online,45,825,0.0,0.01,0.0,0,False,0.0,0,False,-1,1500,online_perceptron
sensor_control,online_perceptron__perceptron_lr_0p05_perceptron_margin_0,linear,numpy_online,45,826,0.0,0.0,0.0,0,False,0.0,0,False,-1,1500,online_perceptron
sensor_control,online_perceptron__perceptron_lr_0p05_perceptron_margin_0,linear,numpy_online,45,827,0.0,0.0,0.0,0,False,0.0,0,False,-1,1500,online_perceptron
sensor_control,online_perceptron__perceptron_lr_0p05_perceptron_margin_0,linear,numpy_online,45,828,-0.01056241114246613,0.0,0.01,1,True,0.2046876644591235,1,True,831,1500,online_perceptron
sensor_control,online_perceptron__perceptron_lr_0p05_perceptron_margin_0,linear,numpy_online,45,829,0.0,0.0,0.0,0,False,0.0,0,False,-1,1500,online_perceptron
sensor_control,online_perceptron__perceptron_lr_0p05_perceptron_margin_0,linear,numpy_online,45,830,0.0,0.0,0.0,0,False,0.0,0,False,-1,1500,online_perceptron
sensor_control,online_perceptron__perceptron_lr_0p05_perceptron_margin_0,linear,numpy_online,45,831,0.0,0.01,0.0,0,False,0.0,0,False,-1,1500,online_perceptron
sensor_control,online_perceptron__perceptron_lr_0p05_perceptron_margin_0,linear,numpy_online,45,832,0.0,0.0,0.0,0,False,0.0,0,False,-1,1500,online_perceptron
sensor_control,online_perceptron__perceptron_lr_0p05_perceptron_margin_0,linear,numpy_online,45,833,0.0,0.0,0.0,0,False,0.0,0,False,-1,1500,online_perceptron
sensor_control,online_perceptron__perceptron_lr_0p05_perceptron_margin_0,linear,numpy_online,45,834,-0.009643904255237383,0.0,0.01,1,True,0.19558402898076188,1,True,837,1500,online_perceptron
sensor_control,online_perceptron__perceptron_lr_0p05_perceptron_margin_0,linear,numpy_online,45,835,0.0,0.0,0.0,0,False,0.0,0,False,-1,1500,online_perceptron
sensor_control,online_perceptron__perceptron_lr_0p05_perceptron_margin_0,linear,numpy_online,45,836,0.0,0.0,0.0,0,False,0.0,0,False,-1,1500,online_perceptron
sensor_control,online_perceptron__perceptron_lr_0p05_perceptron_margin_0,linear,numpy_online,45,837,0.0,0.01,0.0,0,False,0.0,0,False,-1,1500,online_perceptron
sensor_control,online_perceptron__perceptron_lr_0p05_perceptron_margin_0,linear,numpy_online,45,838,0.0,0.0,0.0,0,False,0.0,0,False,-1,1500,online_perceptron
sensor_control,online_perceptron__perceptron_lr_0p05_perceptron_margin_0,linear,numpy_online,45,839,0.0,0.0,0.0,0,False,0.0,0,False,-1,1500,online_perceptron
sensor_control,online_perceptron__perceptron_lr_0p05_perceptron_margin_0,linear,numpy_online,45,840,-0.01115095924393794,0.0,0.01,1,True,0.21052096571334353,1,True,843,1500,online_perceptron
sensor_control,online_perceptron__perceptron_lr_0p05_perceptron_margin_0,linear,numpy_online,45,841,0.0,0.0,0.0,0,False,0.0,0,False,-1,1500,online_perceptron
sensor_control,online_perceptron__perceptron_lr_0p05_perceptron_margin_0,linear,numpy_online,45,842,0.0,0.0,0.0,0,False,0.0,0,False,-1,1500,online_perceptron
sensor_control,online_perceptron__perceptron_lr_0p05_perceptron_margin_0,linear,numpy_online,45,843,0.0,0.01,0.0,0,False,0.0,0,False,-1,1500,online_perceptron
sensor_control,online_perceptron__perceptron_lr_0p05_perceptron_margin_0,linear,numpy_online,45,844,0.0,0.0,0.0,0,False,0.0,0,False,-1,1500,online_perceptron
sensor_control,online_perceptron__perceptron_lr_0p05_perceptron_margin_0,linear,numpy_online,45,845,0.0,0.0,0.0,0,False,0.0,0,False,-1,1500,online_perceptron
sensor_control,online_perceptron__perceptron_lr_0p05_perceptron_margin_0,linear,numpy_online,45,846,-0.010131744196856043,0.0,0.01,1,True,0.20041917726547526,1,True,849,1500,online_perceptron
sensor_control,online_perceptron__perceptron_lr_0p05_perceptron_margin_0,linear,numpy_online,45,847,0.0,0.0,0.0,0,False,0.0,0,False,-1,1500,online_perceptron
sensor_control,online_perceptron__perceptron_lr_0p05_perceptron_margin_0,linear,numpy_online,45,848,0.0,0.0,0.0,0,False,0.0,0,False,-1,1500,online_perceptron
sensor_control,online_perceptron__perceptron_lr_0p05_perceptron_margin_0,linear,numpy_online,45,849,0.0,0.01,0.0,0,False,0.0,0,False,-1,1500,online_perceptron
sensor_control,online_perceptron__perceptron_lr_0p05_perceptron_margin_0,linear,numpy_online,45,850,0.0,0.0,0.0,0,False,0.0,0,False,-1,1500,online_perceptron
sensor_control,online_perceptron__perceptron_lr_0p05_perceptron_margin_0,linear,numpy_online,45,851,0.0,0.0,0.0,0,False,0.0,0,False,-1,1500,online_perceptron
sensor_control,online_perceptron__perceptron_lr_0p05_perceptron_margin_0,linear,numpy_online,45,852,-0.008999790865313741,0.0,0.01,1,True,0.1892000011741894,1,True,855,1500,online_perceptron
sensor_control,online_perceptron__perceptron_lr_0p05_perceptron_margin_0,linear,numpy_online,45,853,0.0,0.0,0.0,0,False,0.0,0,False,-1,1500,online_perceptron
sensor_control,online_perceptron__perceptron_lr_0p05_perceptron_margin_0,linear,numpy_online,45,854,0.0,0.0,0.0,0,False,0.0,0,False,-1,1500,online_perceptron
sensor_control,online_perceptron__perceptron_lr_0p05_perceptron_margin_0,linear,numpy_online,45,855,0.0,0.01,0.0,0,False,0.0,0,False,-1,1500,online_perceptron
sensor_control,online_perceptron__perceptron_lr_0p05_perceptron_margin_0,linear,numpy_online,45,856,0.0,0.0,0.0,0,False,0.0,0,False,-1,1500,online_perceptron
sensor_control,online_perceptron__perceptron_lr_0p05_perceptron_margin_0,linear,numpy_online,45,857,0.0,0.0,0.0,0,False,0.0,0,False,-1,1500,online_perceptron
sensor_control,online_perceptron__perceptron_lr_0p05_perceptron_margin_0,linear,numpy_online,45,858,-0.009510121785404464,0.0,0.01,1,True,0.19425806522840677,1,True,861,1500,online_perceptron
sensor_control,online_perceptron__perceptron_lr_0p05_perceptron_margin_0,linear,numpy_online,45,859,0.0,0.0,0.0,0,False,0.0,0,False,-1,1500,online_perceptron
sensor_control,online_perceptron__perceptron_lr_0p05_perceptron_margin_0,linear,numpy_online,45,860,0.0,0.0,0.0,0,False,0.0,0,False,-1,1500,online_perceptron
sensor_control,online_perceptron__perceptron_lr_0p05_perceptron_margin_0,linear,numpy_online,45,861,0.0,0.01,0.0,0,False,0.0,0,False,-1,1500,online_perceptron
sensor_control,online_perceptron__perceptron_lr_0p05_perceptron_margin_0,linear,numpy_online,45,862,0.0,0.0,0.0,0,False,0.0,0,False,-1,1500,online_perceptron
sensor_control,online_perceptron__perceptron_lr_0p05_perceptron_margin_0,linear,numpy_online,45,863,0.0,0.0,0.0,0,False,0.0,0,False,-1,1500,online_perceptron
sensor_control,online_perceptron__perceptron_lr_0p05_perceptron_margin_0,linear,numpy_online,45,864,-0.009899859376130556,0.0,0.01,1,True,0.19812088760624447,1,True,867,1500,online_perceptron
sensor_control,online_perceptron__perceptron_lr_0p05_perceptron_margin_0,linear,numpy_online,45,865,0.0,0.0,0.0,0,False,0.0,0,False,-1,1500,online_perceptron
sensor_control,online_perceptron__perceptron_lr_0p05_perceptron_margin_0,linear,numpy_online,45,866,0.0,0.0,0.0,0,False,0.0,0,False,-1,1500,online_perceptron
sensor_control,online_perceptron__perceptron_lr_0p05_perceptron_margin_0,linear,numpy_online,45,867,0.0,0.01,0.0,0,False,0.0,0,False,-1,1500,online_perceptron
sensor_control,online_perceptron__perceptron_lr_0p05_perceptron_margin_0,linear,numpy_online,45,868,0.0,0.0,0.0,0,False,0.0,0,False,-1,1500,online_perceptron
sensor_control,online_perceptron__perceptron_lr_0p05_perceptron_margin_0,linear,numpy_online,45,869,0.0,0.0,0.0,0,False,0.0,0,False,-1,1500,online_perceptron
sensor_control,online_perceptron__perceptron_lr_0p05_perceptron_margin_0,linear,numpy_online,45,870,-0.010492131341064106,0.0,0.01,1,True,0.20399109734313156,1,True,873,1500,online_perceptron
sensor_control,online_perceptron__perceptron_lr_0p05_perceptron_margin_0,linear,numpy_online,45,871,0.0,0.0,0.0,0,False,0.0,0,False,-1,1500,online_perceptron
sensor_control,online_perceptron__perceptron_lr_0p05_perceptron_margin_0,linear,numpy_online,45,872,0.0,0.0,0.0,0,False,0.0,0,False,-1,1500,online_perceptron
sensor_control,online_perceptron__perceptron_lr_0p05_perceptron_margin_0,linear,numpy_online,45,873,0.0,0.01,0.0,0,False,0.0,0,False,-1,1500,online_perceptron
sensor_control,online_perceptron__perceptron_lr_0p05_perceptron_margin_0,linear,numpy_online,45,874,0.0,0.0,0.0,0,False,0.0,0,False,-1,1500,online_perceptron
sensor_control,online_perceptron__perceptron_lr_0p05_perceptron_margin_0,linear,numpy_online,45,875,0.0,0.0,0.0,0,False,0.0,0,False,-1,1500,online_perceptron
sensor_control,online_perceptron__perceptron_lr_0p05_perceptron_margin_0,linear,numpy_online,45,876,-0.010293500664967203,0.0,0.01,1,True,0.20202240086937678,1,True,879,1500,online_perceptron
sensor_control,online_perceptron__perceptron_lr_0p05_perceptron_margin_0,linear,numpy_online,45,877,0.0,0.0,0.0,0,False,0.0,0,False,-1,1500,online_perceptron
sensor_control,online_perceptron__perceptron_lr_0p05_perceptron_margin_0,linear,numpy_online,45,878,0.0,0.0,0.0,0,False,0.0,0,False,-1,1500,online_perceptron
sensor_control,online_perceptron__perceptron_lr_0p05_perceptron_margin_0,linear,numpy_online,45,879,0.0,0.01,0.0,0,False,0.0,0,False,-1,1500,online_perceptron
sensor_control,online_perceptron__perceptron_lr_0p05_perceptron_margin_0,linear,numpy_online,45,880,0.0,0.0,0.0,0,False,0.0,0,False,-1,1500,online_perceptron
sensor_control,online_perceptron__perceptron_lr_0p05_perceptron_margin_0,linear,numpy_online,45,881,0.0,0.0,0.0,0,False,0.0,0,False,-1,1500,online_perceptron
sensor_control,online_perceptron__perceptron_lr_0p05_perceptron_margin_0,linear,numpy_online,45,882,-0.009787100315554555,0.0,0.01,1,True,0.19700329404364905,1,True,885,1500,online_perceptron
sensor_control,online_perceptron__perceptron_lr_0p05_perceptron_margin_0,linear,numpy_online,45,883,0.0,0.0,0.0,0,False,0.0,0,False,-1,1500,online_perceptron
sensor_control,online_perceptron__perceptron_lr_0p05_perceptron_margin_0,linear,numpy_online,45,884,0.0,0.0,0.0,0,False,0.0,0,False,-1,1500,online_perceptron
sensor_control,online_perceptron__perceptron_lr_0p05_perceptron_margin_0,linear,numpy_online,45,885,0.0,0.01,0.0,0,False,0.0,0,False,-1,1500,online_perceptron
sensor_control,online_perceptron__perceptron_lr_0p05_perceptron_margin_0,linear,numpy_online,45,886,0.0,0.0,0.0,0,False,0.0,0,False,-1,1500,online_perceptron
sensor_control,online_perceptron__perceptron_lr_0p05_perceptron_margin_0,linear,numpy_online,45,887,0.0,0.0,0.0,0,False,0.0,0,False,-1,1500,online_perceptron
sensor_control,online_perceptron__perceptron_lr_0p05_perceptron_margin_0,linear,numpy_online,45,888,-0.009876810456563755,0.0,0.01,1,True,0.1978924418919839,1,True,891,1500,online_perceptron
sensor_control,online_perceptron__perceptron_lr_0p05_perceptron_margin_0,linear,numpy_online,45,889,0.0,0.0,0.0,0,False,0.0,0,False,-1,1500,online_perceptron
sensor_control,online_perceptron__perceptron_lr_0p05_perceptron_margin_0,linear,numpy_online,45,890,0.0,0.0,0.0,0,False,0.0,0,False,-1,1500,online_perceptron
sensor_control,online_perceptron__perceptron_lr_0p05_perceptron_margin_0,linear,numpy_online,45,891,0.0,0.01,0.0,0,False,0.0,0,False,-1,1500,online_perceptron
sensor_control,online_perceptron__perceptron_lr_0p05_perceptron_margin_0,linear,numpy_online,45,892,0.0,0.0,0.0,0,False,0.0,0,False,-1,1500,online_perceptron
sensor_control,online_perceptron__perceptron_lr_0p05_perceptron_margin_0,linear,numpy_online,45,893,0.0,0.0,0.0,0,False,0.0,0,False,-1,1500,online_perceptron
sensor_control,online_perceptron__perceptron_lr_0p05_perceptron_margin_0,linear,numpy_online,45,894,-0.01030656700150696,0.0,0.01,1,True,0.20215190579367237,1,True,897,1500,online_perceptron
sensor_control,online_perceptron__perceptron_lr_0p05_perceptron_margin_0,linear,numpy_online,45,895,0.0,0.0,0.0,0,False,0.0,0,False,-1,1500,online_perceptron
sensor_control,online_perceptron__perceptron_lr_0p05_perceptron_margin_0,linear,numpy_online,45,896,0.0,0.0,0.0,0,False,0.0,0,False,-1,1500,online_perceptron
sensor_control,online_perceptron__perceptron_lr_0p05_perceptron_margin_0,linear,numpy_online,45,897,0.0,0.01,0.0,0,False,0.0,0,False,-1,1500,online_perceptron
sensor_control,online_perceptron__perceptron_lr_0p05_perceptron_margin_0,linear,numpy_online,45,898,0.0,0.0,0.0,0,False,0.0,0,False,-1,1500,online_perceptron
sensor_control,online_perceptron__perceptron_lr_0p05_perceptron_margin_0,linear,numpy_online,45,899,0.0,0.0,0.0,0,False,0.0,0,False,-1,1500,online_perceptron
sensor_control,online_perceptron__perceptron_lr_0p05_perceptron_margin_0,linear,numpy_online,45,900,0.01001327336655225,0.0,-0.01,-1,True,-0.20115552975863887,-1,True,903,1500,online_perceptron
sensor_control,online_perceptron__perceptron_lr_0p05_perceptron_margin_0,linear,numpy_online,45,901,0.0,0.0,0.0,0,False,0.0,0,False,-1,1500,online_perceptron
sensor_control,online_perceptron__perceptron_lr_0p05_perceptron_margin_0,linear,numpy_online,45,902,0.0,0.0,0.0,0,False,0.0,0,False,-1,1500,online_perceptron
sensor_control,online_perceptron__perceptron_lr_0p05_perceptron_margin_0,linear,numpy_online,45,903,0.0,-0.01,0.0,0,False,0.0,0,False,-1,1500,online_perceptron
sensor_control,online_perceptron__perceptron_lr_0p05_perceptron_margin_0,linear,numpy_online,45,904,0.0,0.0,0.0,0,False,0.0,0,False,-1,1500,online_perceptron
sensor_control,online_perceptron__perceptron_lr_0p05_perceptron_margin_0,linear,numpy_online,45,905,0.0,0.0,0.0,0,False,0.0,0,False,-1,1500,online_perceptron
sensor_control,online_perceptron__perceptron_lr_0p05_perceptron_margin_0,linear,numpy_online,45,906,-0.009189544506635448,0.0,0.01,1,True,0.1910807143243069,1,True,909,1500,online_perceptron
sensor_control,online_perceptron__perceptron_lr_0p05_perceptron_margin_0,linear,numpy_online,45,907,0.0,0.0,0.0,0,False,0.0,0,False,-1,1500,online_perceptron
sensor_control,online_perceptron__perceptron_lr_0p05_perceptron_margin_0,linear,numpy_online,45,908,0.0,0.0,0.0,0,False,0.0,0,False,-1,1500,online_perceptron
sensor_control,online_perceptron__perceptron_lr_0p05_perceptron_margin_0,linear,numpy_online,45,909,0.0,0.01,0.0,0,False,0.0,0,False,-1,1500,online_perceptron
sensor_control,online_perceptron__perceptron_lr_0p05_perceptron_margin_0,linear,numpy_online,45,910,0.0,0.0,0.0,0,False,0.0,0,False,-1,1500,online_perceptron
sensor_control,online_perceptron__perceptron_lr_0p05_perceptron_margin_0,linear,numpy_online,45,911,0.0,0.0,0.0,0,False,0.0,0,False,-1,1500,online_perceptron
sensor_control,online_perceptron__perceptron_lr_0p05_perceptron_margin_0,linear,numpy_online,45,912,-0.01018479105781053,0.0,0.01,1,True,0.2009449428227244,1,True,915,1500,online_perceptron
sensor_control,online_perceptron__perceptron_lr_0p05_perceptron_margin_0,linear,numpy_online,45,913,0.0,0.0,0.0,0,False,0.0,0,False,-1,1500,online_perceptron
sensor_control,online_perceptron__perceptron_lr_0p05_perceptron_margin_0,linear,numpy_online,45,914,0.0,0.0,0.0,0,False,0.0,0,False,-1,1500,online_perceptron
sensor_control,online_perceptron__perceptron_lr_0p05_perceptron_margin_0,linear,numpy_online,45,915,0.0,0.01,0.0,0,False,0.0,0,False,-1,1500,online_perceptron
sensor_control,online_perceptron__perceptron_lr_0p05_perceptron_margin_0,linear,numpy_online,45,916,0.0,0.0,0.0,0,False,0.0,0,False,-1,1500,online_perceptron
sensor_control,online_perceptron__perceptron_lr_0p05_perceptron_margin_0,linear,numpy_online,45,917,0.0,0.0,0.0,0,False,0.0,0,False,-1,1500,online_perceptron
sensor_control,online_perceptron__perceptron_lr_0p05_perceptron_margin_0,linear,numpy_online,45,918,0.010628495474338749,0.0,-0.01,-1,True,-0.20737059210181324,-1,True,921,1500,online_perceptron
sensor_control,online_perceptron__perceptron_lr_0p05_perceptron_margin_0,linear,numpy_online,45,919,0.0,0.0,0.0,0,False,0.0,0,False,-1,1500,online_perceptron
sensor_control,online_perceptron__perceptron_lr_0p05_perceptron_margin_0,linear,numpy_online,45,920,0.0,0.0,0.0,0,False,0.0,0,False,-1,1500,online_perceptron
sensor_control,online_perceptron__perceptron_lr_0p05_perceptron_margin_0,linear,numpy_online,45,921,0.0,-0.01,0.0,0,False,0.0,0,False,-1,1500,online_perceptron
sensor_control,online_perceptron__perceptron_lr_0p05_perceptron_margin_0,linear,numpy_online,45,922,0.0,0.0,0.0,0,False,0.0,0,False,-1,1500,online_perceptron
sensor_control,online_perceptron__perceptron_lr_0p05_perceptron_margin_0,linear,numpy_online,45,923,0.0,0.0,0.0,0,False,0.0,0,False,-1,1500,online_perceptron
sensor_control,online_perceptron__perceptron_lr_0p05_perceptron_margin_0,linear,numpy_online,45,924,-0.00940966305529041,0.0,0.01,1,True,0.19326238444223792,1,True,927,1500,online_perceptron
sensor_control,online_perceptron__perceptron_lr_0p05_perceptron_margin_0,linear,numpy_online,45,925,0.0,0.0,0.0,0,False,0.0,0,False,-1,1500,online_perceptron
sensor_control,online_perceptron__perceptron_lr_0p05_perceptron_margin_0,linear,numpy_online,45,926,0.0,0.0,0.0,0,False,0.0,0,False,-1,1500,online_perceptron
sensor_control,online_perceptron__perceptron_lr_0p05_perceptron_margin_0,linear,numpy_online,45,927,0.0,0.01,0.0,0,False,0.0,0,False,-1,1500,online_perceptron
sensor_control,online_perceptron__perceptron_lr_0p05_perceptron_margin_0,linear,numpy_online,45,928,0.0,0.0,0.0,0,False,0.0,0,False,-1,1500,online_perceptron
sensor_control,online_perceptron__perceptron_lr_0p05_perceptron_margin_0,linear,numpy_online,45,929,0.0,0.0,0.0,0,False,0.0,0,False,-1,1500,online_perceptron
sensor_control,online_perceptron__perceptron_lr_0p05_perceptron_margin_0,linear,numpy_online,45,930,-0.009731690890867664,0.0,0.01,1,True,0.19645411231030668,1,True,933,1500,online_perceptron
sensor_control,online_perceptron__perceptron_lr_0p05_perceptron_margin_0,linear,numpy_online,45,931,0.0,0.0,0.0,0,False,0.0,0,False,-1,1500,online_perceptron
sensor_control,online_perceptron__perceptron_lr_0p05_perceptron_margin_0,linear,numpy_online,45,932,0.0,0.0,0.0,0,False,0.0,0,False,-1,1500,online_perceptron
sensor_control,online_perceptron__perceptron_lr_0p05_perceptron_margin_0,linear,numpy_online,45,933,0.0,0.01,0.0,0,False,0.0,0,False,-1,1500,online_perceptron
sensor_control,online_perceptron__perceptron_lr_0p05_perceptron_margin_0,linear,numpy_online,45,934,0.0,0.0,0.0,0,False,0.0,0,False,-1,1500,online_perceptron
sensor_control,online_perceptron__perceptron_lr_0p05_perceptron_margin_0,linear,numpy_online,45,935,0.0,0.0,0.0,0,False,0.0,0,False,-1,1500,online_perceptron
sensor_control,online_perceptron__perceptron_lr_0p05_perceptron_margin_0,linear,numpy_online,45,936,0.009089939713457135,0.0,-0.01,-1,True,-0.19182788020751362,-1,True,939,1500,online_perceptron
sensor_control,online_perceptron__perceptron_lr_0p05_perceptron_margin_0,linear,numpy_online,45,937,0.0,0.0,0.0,0,False,0.0,0,False,-1,1500,online_perceptron
sensor_control,online_perceptron__perceptron_lr_0p05_perceptron_margin_0,linear,numpy_online,45,938,0.0,0.0,0.0,0,False,0.0,0,False,-1,1500,online_perceptron
sensor_control,online_perceptron__perceptron_lr_0p05_perceptron_margin_0,linear,numpy_online,45,939,0.0,-0.01,0.0,0,False,0.0,0,False,-1,1500,online_perceptron
sensor_control,online_perceptron__perceptron_lr_0p05_perceptron_margin_0,linear,numpy_online,45,940,0.0,0.0,0.0,0,False,0.0,0,False,-1,1500,online_perceptron
sensor_control,online_perceptron__perceptron_lr_0p05_perceptron_margin_0,linear,numpy_online,45,941,0.0,0.0,0.0,0,False,0.0,0,False,-1,1500,online_perceptron
sensor_control,online_perceptron__perceptron_lr_0p05_perceptron_margin_0,linear,numpy_online,45,942,0.009578111943837722,0.0,-0.01,-1,True,-0.19675946639016545,-1,True,945,1500,online_perceptron
sensor_control,online_perceptron__perceptron_lr_0p05_perceptron_margin_0,linear,numpy_online,45,943,0.0,0.0,0.0,0,False,0.0,0,False,-1,1500,online_perceptron
sensor_control,online_perceptron__perceptron_lr_0p05_perceptron_margin_0,linear,numpy_online,45,944,0.0,0.0,0.0,0,False,0.0,0,False,-1,1500,online_perceptron
sensor_control,online_perceptron__perceptron_lr_0p05_perceptron_margin_0,linear,numpy_online,45,945,0.0,-0.01,0.0,0,False,0.0,0,False,-1,1500,online_perceptron
sensor_control,online_perceptron__perceptron_lr_0p05_perceptron_margin_0,linear,numpy_online,45,946,0.0,0.0,0.0,0,False,0.0,0,False,-1,1500,online_perceptron
sensor_control,online_perceptron__perceptron_lr_0p05_perceptron_margin_0,linear,numpy_online,45,947,0.0,0.0,0.0,0,False,0.0,0,False,-1,1500,online_perceptron
sensor_control,online_perceptron__perceptron_lr_0p05_perceptron_margin_0,linear,numpy_online,45,948,0.00966074058645095,0.0,-0.01,-1,True,-0.1975941928388309,-1,True,951,1500,online_perceptron
sensor_control,online_perceptron__perceptron_lr_0p05_perceptron_margin_0,linear,numpy_online,45,949,0.0,0.0,0.0,0,False,0.0,0,False,-1,1500,online_perceptron
sensor_control,online_perceptron__perceptron_lr_0p05_perceptron_margin_0,linear,numpy_online,45,950,0.0,0.0,0.0,0,False,0.0,0,False,-1,1500,online_perceptron
sensor_control,online_perceptron__perceptron_lr_0p05_perceptron_margin_0,linear,numpy_online,45,951,0.0,-0.01,0.0,0,False,0.0,0,False,-1,1500,online_perceptron
sensor_control,online_perceptron__perceptron_lr_0p05_perceptron_margin_0,linear,numpy_online,45,952,0.0,0.0,0.0,0,False,0.0,0,False,-1,1500,online_perceptron
sensor_control,online_perceptron__perceptron_lr_0p05_perceptron_margin_0,linear,numpy_online,45,953,0.0,0.0,0.0,0,False,0.0,0,False,-1,1500,online_perceptron
sensor_control,online_perceptron__perceptron_lr_0p05_perceptron_margin_0,linear,numpy_online,45,954,0.009741683564572664,0.0,-0.01,-1,True,-0.19841189046201713,-1,True,957,1500,online_perceptron
sensor_control,online_perceptron__perceptron_lr_0p05_perceptron_margin_0,linear,numpy_online,45,955,0.0,0.0,0.0,0,False,0.0,0,False,-1,1500,online_perceptron
sensor_control,online_perceptron__perceptron_lr_0p05_perceptron_margin_0,linear,numpy_online,45,956,0.0,0.0,0.0,0,False,0.0,0,False,-1,1500,online_perceptron
sensor_control,online_perceptron__perceptron_lr_0p05_perceptron_margin_0,linear,numpy_online,45,957,0.0,-0.01,0.0,0,False,0.0,0,False,-1,1500,online_perceptron
sensor_control,online_perceptron__perceptron_lr_0p05_perceptron_margin_0,linear,numpy_online,45,958,0.0,0.0,0.0,0,False,0.0,0,False,-1,1500,online_perceptron
sensor_control,online_perceptron__perceptron_lr_0p05_perceptron_margin_0,linear,numpy_online,45,959,0.0,0.0,0.0,0,False,0.0,0,False,-1,1500,online_perceptron
sensor_control,online_perceptron__perceptron_lr_0p05_perceptron_margin_0,linear,numpy_online,45,960,0.010002145804131944,0.0,-0.01,-1,True,-0.2010431175203684,-1,True,963,1500,online_perceptron
sensor_control,online_perceptron__perceptron_lr_0p05_perceptron_margin_0,linear,numpy_online,45,961,0.0,0.0,0.0,0,False,0.0,0,False,-1,1500,online_perceptron
sensor_control,online_perceptron__perceptron_lr_0p05_perceptron_margin_0,linear,numpy_online,45,962,0.0,0.0,0.0,0,False,0.0,0,False,-1,1500,online_perceptron
sensor_control,online_perceptron__perceptron_lr_0p05_perceptron_margin_0,linear,numpy_online,45,963,0.0,-0.01,0.0,0,False,0.0,0,False,-1,1500,online_perceptron
sensor_control,online_perceptron__perceptron_lr_0p05_perceptron_margin_0,linear,numpy_online,45,964,0.0,0.0,0.0,0,False,0.0,0,False,-1,1500,online_perceptron
sensor_control,online_perceptron__perceptron_lr_0p05_perceptron_margin_0,linear,numpy_online,45,965,0.0,0.0,0.0,0,False,0.0,0,False,-1,1500,online_perceptron
sensor_control,online_perceptron__perceptron_lr_0p05_perceptron_margin_0,linear,numpy_online,45,966,0.010204706776542964,0.0,-0.01,-1,True,-0.2030894176384802,-1,True,969,1500,online_perceptron
sensor_control,online_perceptron__perceptron_lr_0p05_perceptron_margin_0,linear,numpy_online,45,967,0.0,0.0,0.0,0,False,0.0,0,False,-1,1500,online_perceptron
sensor_control,online_perceptron__perceptron_lr_0p05_perceptron_margin_0,linear,numpy_online,45,968,0.0,0.0,0.0,0,False,0.0,0,False,-1,1500,online_perceptron
sensor_control,online_perceptron__perceptron_lr_0p05_perceptron_margin_0,linear,numpy_online,45,969,0.0,-0.01,0.0,0,False,0.0,0,False,-1,1500,online_perceptron
sensor_control,online_perceptron__perceptron_lr_0p05_perceptron_margin_0,linear,numpy_online,45,970,0.0,0.0,0.0,0,False,0.0,0,False,-1,1500,online_perceptron
sensor_control,online_perceptron__perceptron_lr_0p05_perceptron_margin_0,linear,numpy_online,45,971,0.0,0.0,0.0,0,False,0.0,0,False,-1,1500,online_perceptron
sensor_control,online_perceptron__perceptron_lr_0p05_perceptron_margin_0,linear,numpy_online,45,972,0.010835556155924974,0.0,-0.01,-1,True,-0.2094623489301052,-1,True,975,1500,online_perceptron
sensor_control,online_perceptron__perceptron_lr_0p05_perceptron_margin_0,linear,numpy_online,45,973,0.0,0.0,0.0,0,False,0.0,0,False,-1,1500,online_perceptron
sensor_control,online_perceptron__perceptron_lr_0p05_perceptron_margin_0,linear,numpy_online,45,974,0.0,0.0,0.0,0,False,0.0,0,False,-1,1500,online_perceptron
sensor_control,online_perceptron__perceptron_lr_0p05_perceptron_margin_0,linear,numpy_online,45,975,0.0,-0.01,0.0,0,False,0.0,0,False,-1,1500,online_perceptron
sensor_control,online_perceptron__perceptron_lr_0p05_perceptron_margin_0,linear,numpy_online,45,976,0.0,0.0,0.0,0,False,0.0,0,False,-1,1500,online_perceptron
sensor_control,online_perceptron__perceptron_lr_0p05_perceptron_margin_0,linear,numpy_online,45,977,0.0,0.0,0.0,0,False,0.0,0,False,-1,1500,online_perceptron
sensor_control,online_perceptron__perceptron_lr_0p05_perceptron_margin_0,linear,numpy_online,45,978,0.010136075783079873,0.0,-0.01,-1,True,-0.202396097457608,-1,True,981,1500,online_perceptron
sensor_control,online_perceptron__perceptron_lr_0p05_perceptron_margin_0,linear,numpy_online,45,979,0.0,0.0,0.0,0,False,0.0,0,False,-1,1500,online_perceptron
sensor_control,online_perceptron__perceptron_lr_0p05_perceptron_margin_0,linear,numpy_online,45,980,0.0,0.0,0.0,0,False,0.0,0,False,-1,1500,online_perceptron
sensor_control,online_perceptron__perceptron_lr_0p05_perceptron_margin_0,linear,numpy_online,45,981,0.0,-0.01,0.0,0,False,0.0,0,False,-1,1500,online_perceptron
sensor_control,online_perceptron__perceptron_lr_0p05_perceptron_margin_0,linear,numpy_online,45,982,0.0,0.0,0.0,0,False,0.0,0,False,-1,1500,online_perceptron
sensor_control,online_perceptron__perceptron_lr_0p05_perceptron_margin_0,linear,numpy_online,45,983,0.0,0.0,0.0,0,False,0.0,0,False,-1,1500,online_perceptron
sensor_control,online_perceptron__perceptron_lr_0p05_perceptron_margin_0,linear,numpy_online,45,984,0.009501776281810679,0.0,-0.01,-1,True,-0.1959883125377584,-1,True,987,1500,online_perceptron
sensor_control,online_perceptron__perceptron_lr_0p05_perceptron_margin_0,linear,numpy_online,45,985,0.0,0.0,0.0,0,False,0.0,0,False,-1,1500,online_perceptron
sensor_control,online_perceptron__perceptron_lr_0p05_perceptron_margin_0,linear,numpy_online,45,986,0.0,0.0,0.0,0,False,0.0,0,False,-1,1500,online_perceptron
sensor_control,online_perceptron__perceptron_lr_0p05_perceptron_margin_0,linear,numpy_online,45,987,0.0,-0.01,0.0,0,False,0.0,0,False,-1,1500,online_perceptron
sensor_control,online_perceptron__perceptron_lr_0p05_perceptron_margin_0,linear,numpy_online,45,988,0.0,0.0,0.0,0,False,0.0,0,False,-1,1500,online_perceptron
sensor_control,online_perceptron__perceptron_lr_0p05_perceptron_margin_0,linear,numpy_online,45,989,0.0,0.0,0.0,0,False,0.0,0,False,-1,1500,online_perceptron
sensor_control,online_perceptron__perceptron_lr_0p05_perceptron_margin_0,linear,numpy_online,45,990,0.0095331377428832,0.0,-0.01,-1,True,-0.19630513053449786,-1,True,993,1500,online_perceptron
sensor_control,online_perceptron__perceptron_lr_0p05_perceptron_margin_0,linear,numpy_online,45,991,0.0,0.0,0.0,0,False,0.0,0,False,-1,1500,online_perceptron
sensor_control,online_perceptron__perceptron_lr_0p05_perceptron_margin_0,linear,numpy_online,45,992,0.0,0.0,0.0,0,False,0.0,0,False,-1,1500,online_perceptron
sensor_control,online_perceptron__perceptron_lr_0p05_perceptron_margin_0,linear,numpy_online,45,993,0.0,-0.01,0.0,0,False,0.0,0,False,-1,1500,online_perceptron
sensor_control,online_perceptron__perceptron_lr_0p05_perceptron_margin_0,linear,numpy_online,45,994,0.0,0.0,0.0,0,False,0.0,0,False,-1,1500,online_perceptron
sensor_control,online_perceptron__perceptron_lr_0p05_perceptron_margin_0,linear,numpy_online,45,995,0.0,0.0,0.0,0,False,0.0,0,False,-1,1500,online_perceptron
sensor_control,online_perceptron__perceptron_lr_0p05_perceptron_margin_0,linear,numpy_online,45,996,0.010381016986379124,0.0,-0.01,-1,True,-0.2048705287721688,-1,True,999,1500,online_perceptron
sensor_control,online_perceptron__perceptron_lr_0p05_perceptron_margin_0,linear,numpy_online,45,997,0.0,0.0,0.0,0,False,0.0,0,False,-1,1500,online_perceptron
sensor_control,online_perceptron__perceptron_lr_0p05_perceptron_margin_0,linear,numpy_online,45,998,0.0,0.0,0.0,0,False,0.0,0,False,-1,1500,online_perceptron
sensor_control,online_perceptron__perceptron_lr_0p05_perceptron_margin_0,linear,numpy_online,45,999,0.0,-0.01,0.0,0,False,0.0,0,False,-1,1500,online_perceptron
sensor_control,online_perceptron__perceptron_lr_0p05_perceptron_margin_0,linear,numpy_online,45,1000,0.0,0.0,0.0,0,False,0.0,0,False,-1,1500,online_perceptron
sensor_control,online_perceptron__perceptron_lr_0p05_perceptron_margin_0,linear,numpy_online,45,1001,0.0,0.0,0.0,0,False,0.0,0,False,-1,1500,online_perceptron
sensor_control,online_perceptron__perceptron_lr_0p05_perceptron_margin_0,linear,numpy_online,45,1002,0.009991449704912569,0.0,-0.01,-1,True,-0.20093506398549726,-1,True,1005,1500,online_perceptron
sensor_control,online_perceptron__perceptron_lr_0p05_perceptron_margin_0,linear,numpy_online,45,1003,0.0,0.0,0.0,0,False,0.0,0,False,-1,1500,online_perceptron
sensor_control,online_perceptron__perceptron_lr_0p05_perceptron_margin_0,linear,numpy_online,45,1004,0.0,0.0,0.0,0,False,0.0,0,False,-1,1500,online_perceptron
sensor_control,online_perceptron__perceptron_lr_0p05_perceptron_margin_0,linear,numpy_online,45,1005,0.0,-0.01,0.0,0,False,0.0,0,False,-1,1500,online_perceptron
sensor_control,online_perceptron__perceptron_lr_0p05_perceptron_margin_0,linear,numpy_online,45,1006,0.0,0.0,0.0,0,False,0.0,0,False,-1,1500,online_perceptron
sensor_control,online_perceptron__perceptron_lr_0p05_perceptron_margin_0,linear,numpy_online,45,1007,0.0,0.0,0.0,0,False,0.0,0,False,-1,1500,online_perceptron
sensor_control,online_perceptron__perceptron_lr_0p05_perceptron_margin_0,linear,numpy_online,45,1008,0.01063845953375708,0.0,-0.01,-1,True,-0.20747125046517867,-1,True,1011,1500,online_perceptron
sensor_control,online_perceptron__perceptron_lr_0p05_perceptron_margin_0,linear,numpy_online,45,1009,0.0,0.0,0.0,0,False,0.0,0,False,-1,1500,online_perceptron
sensor_control,online_perceptron__perceptron_lr_0p05_perceptron_margin_0,linear,numpy_online,45,1010,0.0,0.0,0.0,0,False,0.0,0,False,-1,1500,online_perceptron
sensor_control,online_perceptron__perceptron_lr_0p05_perceptron_margin_0,linear,numpy_online,45,1011,0.0,-0.01,0.0,0,False,0.0,0,False,-1,1500,online_perceptron
sensor_control,online_perceptron__perceptron_lr_0p05_perceptron_margin_0,linear,numpy_online,45,1012,0.0,0.0,0.0,0,False,0.0,0,False,-1,1500,online_perceptron
sensor_control,online_perceptron__perceptron_lr_0p05_perceptron_margin_0,linear,numpy_online,45,1013,0.0,0.0,0.0,0,False,0.0,0,False,-1,1500,online_perceptron
sensor_control,online_perceptron__perceptron_lr_0p05_perceptron_margin_0,linear,numpy_online,45,1014,0.009603603803847805,0.0,-0.01,-1,True,-0.1970169888315747,-1,True,1017,1500,online_perceptron
sensor_control,online_perceptron__perceptron_lr_0p05_perceptron_margin_0,linear,numpy_online,45,1015,0.0,0.0,0.0,0,False,0.0,0,False,-1,1500,online_perceptron
sensor_control,online_perceptron__perceptron_lr_0p05_perceptron_margin_0,linear,numpy_online,45,1016,0.0,0.0,0.0,0,False,0.0,0,False,-1,1500,online_perceptron
sensor_control,online_perceptron__perceptron_lr_0p05_perceptron_margin_0,linear,numpy_online,45,1017,0.0,-0.01,0.0,0,False,0.0,0,False,-1,1500,online_perceptron
sensor_control,online_perceptron__perceptron_lr_0p05_perceptron_margin_0,linear,numpy_online,45,1018,0.0,0.0,0.0,0,False,0.0,0,False,-1,1500,online_perceptron
sensor_control,online_perceptron__perceptron_lr_0p05_perceptron_margin_0,linear,numpy_online,45,1019,0.0,0.0,0.0,0,False,0.0,0,False,-1,1500,online_perceptron
sensor_control,online_perceptron__perceptron_lr_0p05_perceptron_margin_0,linear,numpy_online,45,1020,0.010098513476103023,0.0,-0.01,-1,True,-0.20201663762243646,-1,True,1023,1500,online_perceptron
sensor_control,online_perceptron__perceptron_lr_0p05_perceptron_margin_0,linear,numpy_online,45,1021,0.0,0.0,0.0,0,False,0.0,0,False,-1,1500,online_perceptron
sensor_control,online_perceptron__perceptron_lr_0p05_perceptron_margin_0,linear,numpy_online,45,1022,0.0,0.0,0.0,0,False,0.0,0,False,-1,1500,online_perceptron
sensor_control,online_perceptron__perceptron_lr_0p05_perceptron_margin_0,linear,numpy_online,45,1023,0.0,-0.01,0.0,0,False,0.0,0,False,-1,1500,online_perceptron
sensor_control,online_perceptron__perceptron_lr_0p05_perceptron_margin_0,linear,numpy_online,45,1024,0.0,0.0,0.0,0,False,0.0,0,False,-1,1500,online_perceptron
sensor_control,online_perceptron__perceptron_lr_0p05_perceptron_margin_0,linear,numpy_online,45,1025,0.0,0.0,0.0,0,False,0.0,0,False,-1,1500,online_perceptron
sensor_control,online_perceptron__perceptron_lr_0p05_perceptron_margin_0,linear,numpy_online,45,1026,-0.010737474286918566,0.0,0.01,1,True,0.20642277507718232,1,True,1029,1500,online_perceptron
sensor_control,online_perceptron__perceptron_lr_0p05_perceptron_margin_0,linear,numpy_online,45,1027,0.0,0.0,0.0,0,False,0.0,0,False,-1,1500,online_perceptron
sensor_control,online_perceptron__perceptron_lr_0p05_perceptron_margin_0,linear,numpy_online,45,1028,0.0,0.0,0.0,0,False,0.0,0,False,-1,1500,online_perceptron
sensor_control,online_perceptron__perceptron_lr_0p05_perceptron_margin_0,linear,numpy_online,45,1029,0.0,0.01,0.0,0,False,0.0,0,False,-1,1500,online_perceptron
sensor_control,online_perceptron__perceptron_lr_0p05_perceptron_margin_0,linear,numpy_online,45,1030,0.0,0.0,0.0,0,False,0.0,0,False,-1,1500,online_perceptron
sensor_control,online_perceptron__perceptron_lr_0p05_perceptron_margin_0,linear,numpy_online,45,1031,0.0,0.0,0.0,0,False,0.0,0,False,-1,1500,online_perceptron
sensor_control,online_perceptron__perceptron_lr_0p05_perceptron_margin_0,linear,numpy_online,45,1032,0.009800652950311647,0.0,-0.01,-1,True,-0.19900760769010098,-1,True,1035,1500,online_perceptron
sensor_control,online_perceptron__perceptron_lr_0p05_perceptron_margin_0,linear,numpy_online,45,1033,0.0,0.0,0.0,0,False,0.0,0,False,-1,1500,online_perceptron
sensor_control,online_perceptron__perceptron_lr_0p05_perceptron_margin_0,linear,numpy_online,45,1034,0.0,0.0,0.0,0,False,0.0,0,False,-1,1500,online_perceptron
sensor_control,online_perceptron__perceptron_lr_0p05_perceptron_margin_0,linear,numpy_online,45,1035,0.0,-0.01,0.0,0,False,0.0,0,False,-1,1500,online_perceptron
sensor_control,online_perceptron__perceptron_lr_0p05_perceptron_margin_0,linear,numpy_online,45,1036,0.0,0.0,0.0,0,False,0.0,0,False,-1,1500,online_perceptron
sensor_control,online_perceptron__perceptron_lr_0p05_perceptron_margin_0,linear,numpy_online,45,1037,0.0,0.0,0.0,0,False,0.0,0,False,-1,1500,online_perceptron
sensor_control,online_perceptron__perceptron_lr_0p05_perceptron_margin_0,linear,numpy_online,45,1038,-0.010329779199591884,0.0,0.01,1,True,0.2023819698170944,1,True,1041,1500,online_perceptron
sensor_control,online_perceptron__perceptron_lr_0p05_perceptron_margin_0,linear,numpy_online,45,1039,0.0,0.0,0.0,0,False,0.0,0,False,-1,1500,online_perceptron
sensor_control,online_perceptron__perceptron_lr_0p05_perceptron_margin_0,linear,numpy_online,45,1040,0.0,0.0,0.0,0,False,0.0,0,False,-1,1500,online_perceptron
sensor_control,online_perceptron__perceptron_lr_0p05_perceptron_margin_0,linear,numpy_online,45,1041,0.0,0.01,0.0,0,False,0.0,0,False,-1,1500,online_perceptron
sensor_control,online_perceptron__perceptron_lr_0p05_perceptron_margin_0,linear,numpy_online,45,1042,0.0,0.0,0.0,0,False,0.0,0,False,-1,1500,online_perceptron
sensor_control,online_perceptron__perceptron_lr_0p05_perceptron_margin_0,linear,numpy_online,45,1043,0.0,0.0,0.0,0,False,0.0,0,False,-1,1500,online_perceptron
sensor_control,online_perceptron__perceptron_lr_0p05_perceptron_margin_0,linear,numpy_online,45,1044,-0.010955275164184599,0.0,0.01,1,True,0.20858147396236942,1,True,1047,1500,online_perceptron
sensor_control,online_perceptron__perceptron_lr_0p05_perceptron_margin_0,linear,numpy_online,45,1045,0.0,0.0,0.0,0,False,0.0,0,False,-1,1500,online_perceptron
sensor_control,online_perceptron__perceptron_lr_0p05_perceptron_margin_0,linear,numpy_online,45,1046,0.0,0.0,0.0,0,False,0.0,0,False,-1,1500,online_perceptron
sensor_control,online_perceptron__perceptron_lr_0p05_perceptron_margin_0,linear,numpy_online,45,1047,0.0,0.01,0.0,0,False,0.0,0,False,-1,1500,online_perceptron
sensor_control,online_perceptron__perceptron_lr_0p05_perceptron_margin_0,linear,numpy_online,45,1048,0.0,0.0,0.0,0,False,0.0,0,False,-1,1500,online_perceptron
sensor_control,online_perceptron__perceptron_lr_0p05_perceptron_margin_0,linear,numpy_online,45,1049,0.0,0.0,0.0,0,False,0.0,0,False,-1,1500,online_perceptron
sensor_control,online_perceptron__perceptron_lr_0p05_perceptron_margin_0,linear,numpy_online,45,1050,-0.009478002254616395,0.0,0.01,1,True,0.19393971758823525,1,True,1053,1500,online_perceptron
sensor_control,online_perceptron__perceptron_lr_0p05_perceptron_margin_0,linear,numpy_online,45,1051,0.0,0.0,0.0,0,False,0.0,0,False,-1,1500,online_perceptron
sensor_control,online_perceptron__perceptron_lr_0p05_perceptron_margin_0,linear,numpy_online,45,1052,0.0,0.0,0.0,0,False,0.0,0,False,-1,1500,online_perceptron
sensor_control,online_perceptron__perceptron_lr_0p05_perceptron_margin_0,linear,numpy_online,45,1053,0.0,0.01,0.0,0,False,0.0,0,False,-1,1500,online_perceptron
sensor_control,online_perceptron__perceptron_lr_0p05_perceptron_margin_0,linear,numpy_online,45,1054,0.0,0.0,0.0,0,False,0.0,0,False,-1,1500,online_perceptron
sensor_control,online_perceptron__perceptron_lr_0p05_perceptron_margin_0,linear,numpy_online,45,1055,0.0,0.0,0.0,0,False,0.0,0,False,-1,1500,online_perceptron
sensor_control,online_perceptron__perceptron_lr_0p05_perceptron_margin_0,linear,numpy_online,45,1056,-0.009609127825370479,0.0,0.01,1,True,0.1952393479063474,1,True,1059,1500,online_perceptron
sensor_control,online_perceptron__perceptron_lr_0p05_perceptron_margin_0,linear,numpy_online,45,1057,0.0,0.0,0.0,0,False,0.0,0,False,-1,1500,online_perceptron
sensor_control,online_perceptron__perceptron_lr_0p05_perceptron_margin_0,linear,numpy_online,45,1058,0.0,0.0,0.0,0,False,0.0,0,False,-1,1500,online_perceptron
sensor_control,online_perceptron__perceptron_lr_0p05_perceptron_margin_0,linear,numpy_online,45,1059,0.0,0.01,0.0,0,False,0.0,0,False,-1,1500,online_perceptron
sensor_control,online_perceptron__perceptron_lr_0p05_perceptron_margin_0,linear,numpy_online,45,1060,0.0,0.0,0.0,0,False,0.0,0,False,-1,1500,online_perceptron
sensor_control,online_perceptron__perceptron_lr_0p05_perceptron_margin_0,linear,numpy_online,45,1061,0.0,0.0,0.0,0,False,0.0,0,False,-1,1500,online_perceptron
sensor_control,online_perceptron__perceptron_lr_0p05_perceptron_margin_0,linear,numpy_online,45,1062,-0.011066976448295693,0.0,0.01,1,True,0.20968858354113412,1,True,1065,1500,online_perceptron
sensor_control,online_perceptron__perceptron_lr_0p05_perceptron_margin_0,linear,numpy_online,45,1063,0.0,0.0,0.0,0,False,0.0,0,False,-1,1500,online_perceptron
sensor_control,online_perceptron__perceptron_lr_0p05_perceptron_margin_0,linear,numpy_online,45,1064,0.0,0.0,0.0,0,False,0.0,0,False,-1,1500,online_perceptron
sensor_control,online_perceptron__perceptron_lr_0p05_perceptron_margin_0,linear,numpy_online,45,1065,0.0,0.01,0.0,0,False,0.0,0,False,-1,1500,online_perceptron
sensor_control,online_perceptron__perceptron_lr_0p05_perceptron_margin_0,linear,numpy_online,45,1066,0.0,0.0,0.0,0,False,0.0,0,False,-1,1500,online_perceptron
sensor_control,online_perceptron__perceptron_lr_0p05_perceptron_margin_0,linear,numpy_online,45,1067,0.0,0.0,0.0,0,False,0.0,0,False,-1,1500,online_perceptron
sensor_control,online_perceptron__perceptron_lr_0p05_perceptron_margin_0,linear,numpy_online,45,1068,-0.009772612752073525,0.0,0.01,1,True,0.1968597028537138,1,True,1071,1500,online_perceptron
sensor_control,online_perceptron__perceptron_lr_0p05_perceptron_margin_0,linear,numpy_online,45,1069,0.0,0.0,0.0,0,False,0.0,0,False,-1,1500,online_perceptron
sensor_control,online_perceptron__perceptron_lr_0p05_perceptron_margin_0,linear,numpy_online,45,1070,0.0,0.0,0.0,0,False,0.0,0,False,-1,1500,online_perceptron
sensor_control,online_perceptron__perceptron_lr_0p05_perceptron_margin_0,linear,numpy_online,45,1071,0.0,0.01,0.0,0,False,0.0,0,False,-1,1500,online_perceptron
sensor_control,online_perceptron__perceptron_lr_0p05_perceptron_margin_0,linear,numpy_online,45,1072,0.0,0.0,0.0,0,False,0.0,0,False,-1,1500,online_perceptron
sensor_control,online_perceptron__perceptron_lr_0p05_perceptron_margin_0,linear,numpy_online,45,1073,0.0,0.0,0.0,0,False,0.0,0,False,-1,1500,online_perceptron
sensor_control,online_perceptron__perceptron_lr_0p05_perceptron_margin_0,linear,numpy_online,45,1074,0.009783700584931405,0.0,-0.01,-1,True,-0.19883635245338402,-1,True,1077,1500,online_perceptron
sensor_control,online_perceptron__perceptron_lr_0p05_perceptron_margin_0,linear,numpy_online,45,1075,0.0,0.0,0.0,0,False,0.0,0,False,-1,1500,online_perceptron
sensor_control,online_perceptron__perceptron_lr_0p05_perceptron_margin_0,linear,numpy_online,45,1076,0.0,0.0,0.0,0,False,0.0,0,False,-1,1500,online_perceptron
sensor_control,online_perceptron__perceptron_lr_0p05_perceptron_margin_0,linear,numpy_online,45,1077,0.0,-0.01,0.0,0,False,0.0,0,False,-1,1500,online_perceptron
sensor_control,online_perceptron__perceptron_lr_0p05_perceptron_margin_0,linear,numpy_online,45,1078,0.0,0.0,0.0,0,False,0.0,0,False,-1,1500,online_perceptron
sensor_control,online_perceptron__perceptron_lr_0p05_perceptron_margin_0,linear,numpy_online,45,1079,0.0,0.0,0.0,0,False,0.0,0,False,-1,1500,online_perceptron
sensor_control,online_perceptron__perceptron_lr_0p05_perceptron_margin_0,linear,numpy_online,45,1080,0.01002000992525444,0.0,-0.01,-1,True,-0.20122358344491362,-1,True,1083,1500,online_perceptron
sensor_control,online_perceptron__perceptron_lr_0p05_perceptron_margin_0,linear,numpy_online,45,1081,0.0,0.0,0.0,0,False,0.0,0,False,-1,1500,online_perceptron
sensor_control,online_perceptron__perceptron_lr_0p05_perceptron_margin_0,linear,numpy_online,45,1082,0.0,0.0,0.0,0,False,0.0,0,False,-1,1500,online_perceptron
sensor_control,online_perceptron__perceptron_lr_0p05_perceptron_margin_0,linear,numpy_online,45,1083,0.0,-0.01,0.0,0,False,0.0,0,False,-1,1500,online_perceptron
sensor_control,online_perceptron__perceptron_lr_0p05_perceptron_margin_0,linear,numpy_online,45,1084,0.0,0.0,0.0,0,False,0.0,0,False,-1,1500,online_perceptron
sensor_control,online_perceptron__perceptron_lr_0p05_perceptron_margin_0,linear,numpy_online,45,1085,0.0,0.0,0.0,0,False,0.0,0,False,-1,1500,online_perceptron
sensor_control,online_perceptron__perceptron_lr_0p05_perceptron_margin_0,linear,numpy_online,45,1086,0.010343495887437047,0.0,-0.01,-1,True,-0.20449148522649968,-1,True,1089,1500,online_perceptron
sensor_control,online_perceptron__perceptron_lr_0p05_perceptron_margin_0,linear,numpy_online,45,1087,0.0,0.0,0.0,0,False,0.0,0,False,-1,1500,online_perceptron
sensor_control,online_perceptron__perceptron_lr_0p05_perceptron_margin_0,linear,numpy_online,45,1088,0.0,0.0,0.0,0,False,0.0,0,False,-1,1500,online_perceptron
sensor_control,online_perceptron__perceptron_lr_0p05_perceptron_margin_0,linear,numpy_online,45,1089,0.0,-0.01,0.0,0,False,0.0,0,False,-1,1500,online_perceptron
sensor_control,online_perceptron__perceptron_lr_0p05_perceptron_margin_0,linear,numpy_online,45,1090,0.0,0.0,0.0,0,False,0.0,0,False,-1,1500,online_perceptron
sensor_control,online_perceptron__perceptron_lr_0p05_perceptron_margin_0,linear,numpy_online,45,1091,0.0,0.0,0.0,0,False,0.0,0,False,-1,1500,online_perceptron
sensor_control,online_perceptron__perceptron_lr_0p05_perceptron_margin_0,linear,numpy_online,45,1092,0.009749551952272,0.0,-0.01,-1,True,-0.1984913780478381,-1,True,1095,1500,online_perceptron
sensor_control,online_perceptron__perceptron_lr_0p05_perceptron_margin_0,linear,numpy_online,45,1093,0.0,0.0,0.0,0,False,0.0,0,False,-1,1500,online_perceptron
sensor_control,online_perceptron__perceptron_lr_0p05_perceptron_margin_0,linear,numpy_online,45,1094,0.0,0.0,0.0,0,False,0.0,0,False,-1,1500,online_perceptron
sensor_control,online_perceptron__perceptron_lr_0p05_perceptron_margin_0,linear,numpy_online,45,1095,0.0,-0.01,0.0,0,False,0.0,0,False,-1,1500,online_perceptron
sensor_control,online_perceptron__perceptron_lr_0p05_perceptron_margin_0,linear,numpy_online,45,1096,0.0,0.0,0.0,0,False,0.0,0,False,-1,1500,online_perceptron
sensor_control,online_perceptron__perceptron_lr_0p05_perceptron_margin_0,linear,numpy_online,45,1097,0.0,0.0,0.0,0,False,0.0,0,False,-1,1500,online_perceptron
sensor_control,online_perceptron__perceptron_lr_0p05_perceptron_margin_0,linear,numpy_online,45,1098,0.010306348672259021,0.0,-0.01,-1,True,-0.2041162187084654,-1,True,1101,1500,online_perceptron
sensor_control,online_perceptron__perceptron_lr_0p05_perceptron_margin_0,linear,numpy_online,45,1099,0.0,0.0,0.0,0,False,0.0,0,False,-1,1500,online_perceptron
sensor_control,online_perceptron__perceptron_lr_0p05_perceptron_margin_0,linear,numpy_online,45,1100,0.0,0.0,0.0,0,False,0.0,0,False,-1,1500,online_perceptron
sensor_control,online_perceptron__perceptron_lr_0p05_perceptron_margin_0,linear,numpy_online,45,1101,0.0,-0.01,0.0,0,False,0.0,0,False,-1,1500,online_perceptron
sensor_control,online_perceptron__perceptron_lr_0p05_perceptron_margin_0,linear,numpy_online,45,1102,0.0,0.0,0.0,0,False,0.0,0,False,-1,1500,online_perceptron
sensor_control,online_perceptron__perceptron_lr_0p05_perceptron_margin_0,linear,numpy_online,45,1103,0.0,0.0,0.0,0,False,0.0,0,False,-1,1500,online_perceptron
sensor_control,online_perceptron__perceptron_lr_0p05_perceptron_margin_0,linear,numpy_online,45,1104,-0.010286632490929138,0.0,0.01,1,True,0.20195432805063815,1,True,1107,1500,online_perceptron
sensor_control,online_perceptron__perceptron_lr_0p05_perceptron_margin_0,linear,numpy_online,45,1105,0.0,0.0,0.0,0,False,0.0,0,False,-1,1500,online_perceptron
sensor_control,online_perceptron__perceptron_lr_0p05_perceptron_margin_0,linear,numpy_online,45,1106,0.0,0.0,0.0,0,False,0.0,0,False,-1,1500,online_perceptron
sensor_control,online_perceptron__perceptron_lr_0p05_perceptron_margin_0,linear,numpy_online,45,1107,0.0,0.01,0.0,0,False,0.0,0,False,-1,1500,online_perceptron
sensor_control,online_perceptron__perceptron_lr_0p05_perceptron_margin_0,linear,numpy_online,45,1108,0.0,0.0,0.0,0,False,0.0,0,False,-1,1500,online_perceptron
sensor_control,online_perceptron__perceptron_lr_0p05_perceptron_margin_0,linear,numpy_online,45,1109,0.0,0.0,0.0,0,False,0.0,0,False,-1,1500,online_perceptron
sensor_control,online_perceptron__perceptron_lr_0p05_perceptron_margin_0,linear,numpy_online,45,1110,-0.009556720079276187,0.0,0.01,1,True,0.19471991683476944,1,True,1113,1500,online_perceptron
sensor_control,online_perceptron__perceptron_lr_0p05_perceptron_margin_0,linear,numpy_online,45,1111,0.0,0.0,0.0,0,False,0.0,0,False,-1,1500,online_perceptron
sensor_control,online_perceptron__perceptron_lr_0p05_perceptron_margin_0,linear,numpy_online,45,1112,0.0,0.0,0.0,0,False,0.0,0,False,-1,1500,online_perceptron
sensor_control,online_perceptron__perceptron_lr_0p05_perceptron_margin_0,linear,numpy_online,45,1113,0.0,0.01,0.0,0,False,0.0,0,False,-1,1500,online_perceptron
sensor_control,online_perceptron__perceptron_lr_0p05_perceptron_margin_0,linear,numpy_online,45,1114,0.0,0.0,0.0,0,False,0.0,0,False,-1,1500,online_perceptron
sensor_control,online_perceptron__perceptron_lr_0p05_perceptron_margin_0,linear,numpy_online,45,1115,0.0,0.0,0.0,0,False,0.0,0,False,-1,1500,online_perceptron
sensor_control,online_perceptron__perceptron_lr_0p05_perceptron_margin_0,linear,numpy_online,45,1116,-0.009497566757975981,0.0,0.01,1,True,0.19413362806335233,1,True,1119,1500,online_perceptron
sensor_control,online_perceptron__perceptron_lr_0p05_perceptron_margin_0,linear,numpy_online,45,1117,0.0,0.0,0.0,0,False,0.0,0,False,-1,1500,online_perceptron
sensor_control,online_perceptron__perceptron_lr_0p05_perceptron_margin_0,linear,numpy_online,45,1118,0.0,0.0,0.0,0,False,0.0,0,False,-1,1500,online_perceptron
sensor_control,online_perceptron__perceptron_lr_0p05_perceptron_margin_0,linear,numpy_online,45,1119,0.0,0.01,0.0,0,False,0.0,0,False,-1,1500,online_perceptron
sensor_control,online_perceptron__perceptron_lr_0p05_perceptron_margin_0,linear,numpy_online,45,1120,0.0,0.0,0.0,0,False,0.0,0,False,-1,1500,online_perceptron
sensor_control,online_perceptron__perceptron_lr_0p05_perceptron_margin_0,linear,numpy_online,45,1121,0.0,0.0,0.0,0,False,0.0,0,False,-1,1500,online_perceptron
sensor_control,online_perceptron__perceptron_lr_0p05_perceptron_margin_0,linear,numpy_online,45,1122,-0.010115211870936608,0.0,0.01,1,True,0.20025531973661764,1,True,1125,1500,online_perceptron
sensor_control,online_perceptron__perceptron_lr_0p05_perceptron_margin_0,linear,numpy_online,45,1123,0.0,0.0,0.0,0,False,0.0,0,False,-1,1500,online_perceptron
sensor_control,online_perceptron__perceptron_lr_0p05_perceptron_margin_0,linear,numpy_online,45,1124,0.0,0.0,0.0,0,False,0.0,0,False,-1,1500,online_perceptron
sensor_control,online_perceptron__perceptron_lr_0p05_perceptron_margin_0,linear,numpy_online,45,1125,0.0,0.01,0.0,0,False,0.0,0,False,-1,1500,online_perceptron
sensor_control,online_perceptron__perceptron_lr_0p05_perceptron_margin_0,linear,numpy_online,45,1126,0.0,0.0,0.0,0,False,0.0,0,False,-1,1500,online_perceptron
sensor_control,online_perceptron__perceptron_lr_0p05_perceptron_margin_0,linear,numpy_online,45,1127,0.0,0.0,0.0,0,False,0.0,0,False,-1,1500,online_perceptron
sensor_control,online_perceptron__perceptron_lr_0p05_perceptron_margin_0,linear,numpy_online,45,1128,-0.009532320444418488,0.0,0.01,1,True,0.19447808371991954,1,True,1131,1500,online_perceptron
sensor_control,online_perceptron__perceptron_lr_0p05_perceptron_margin_0,linear,numpy_online,45,1129,0.0,0.0,0.0,0,False,0.0,0,False,-1,1500,online_perceptron
sensor_control,online_perceptron__perceptron_lr_0p05_perceptron_margin_0,linear,numpy_online,45,1130,0.0,0.0,0.0,0,False,0.0,0,False,-1,1500,online_perceptron
sensor_control,online_perceptron__perceptron_lr_0p05_perceptron_margin_0,linear,numpy_online,45,1131,0.0,0.01,0.0,0,False,0.0,0,False,-1,1500,online_perceptron
sensor_control,online_perceptron__perceptron_lr_0p05_perceptron_margin_0,linear,numpy_online,45,1132,0.0,0.0,0.0,0,False,0.0,0,False,-1,1500,online_perceptron
sensor_control,online_perceptron__perceptron_lr_0p05_perceptron_margin_0,linear,numpy_online,45,1133,0.0,0.0,0.0,0,False,0.0,0,False,-1,1500,online_perceptron
sensor_control,online_perceptron__perceptron_lr_0p05_perceptron_margin_0,linear,numpy_online,45,1134,-0.010378160032689564,0.0,0.01,1,True,0.20286148877855759,1,True,1137,1500,online_perceptron
sensor_control,online_perceptron__perceptron_lr_0p05_perceptron_margin_0,linear,numpy_online,45,1135,0.0,0.0,0.0,0,False,0.0,0,False,-1,1500,online_perceptron
sensor_control,online_perceptron__perceptron_lr_0p05_perceptron_margin_0,linear,numpy_online,45,1136,0.0,0.0,0.0,0,False,0.0,0,False,-1,1500,online_perceptron
sensor_control,online_perceptron__perceptron_lr_0p05_perceptron_margin_0,linear,numpy_online,45,1137,0.0,0.01,0.0,0,False,0.0,0,False,-1,1500,online_perceptron
sensor_control,online_perceptron__perceptron_lr_0p05_perceptron_margin_0,linear,numpy_online,45,1138,0.0,0.0,0.0,0,False,0.0,0,False,-1,1500,online_perceptron
sensor_control,online_perceptron__perceptron_lr_0p05_perceptron_margin_0,linear,numpy_online,45,1139,0.0,0.0,0.0,0,False,0.0,0,False,-1,1500,online_perceptron
sensor_control,online_perceptron__perceptron_lr_0p05_perceptron_margin_0,linear,numpy_online,45,1140,-0.009983479832388743,0.0,0.01,1,True,0.19894967850906026,1,True,1143,1500,online_perceptron
sensor_control,online_perceptron__perceptron_lr_0p05_perceptron_margin_0,linear,numpy_online,45,1141,0.0,0.0,0.0,0,False,0.0,0,False,-1,1500,online_perceptron
sensor_control,online_perceptron__perceptron_lr_0p05_perceptron_margin_0,linear,numpy_online,45,1142,0.0,0.0,0.0,0,False,0.0,0,False,-1,1500,online_perceptron
sensor_control,online_perceptron__perceptron_lr_0p05_perceptron_margin_0,linear,numpy_online,45,1143,0.0,0.01,0.0,0,False,0.0,0,False,-1,1500,online_perceptron
sensor_control,online_perceptron__perceptron_lr_0p05_perceptron_margin_0,linear,numpy_online,45,1144,0.0,0.0,0.0,0,False,0.0,0,False,-1,1500,online_perceptron
sensor_control,online_perceptron__perceptron_lr_0p05_perceptron_margin_0,linear,numpy_online,45,1145,0.0,0.0,0.0,0,False,0.0,0,False,-1,1500,online_perceptron
sensor_control,online_perceptron__perceptron_lr_0p05_perceptron_margin_0,linear,numpy_online,45,1146,-0.010710723974426257,0.0,0.01,1,True,0.20615764359341415,1,True,1149,1500,online_perceptron
sensor_control,online_perceptron__perceptron_lr_0p05_perceptron_margin_0,linear,numpy_online,45,1147,0.0,0.0,0.0,0,False,0.0,0,False,-1,1500,online_perceptron
sensor_control,online_perceptron__perceptron_lr_0p05_perceptron_margin_0,linear,numpy_online,45,1148,0.0,0.0,0.0,0,False,0.0,0,False,-1,1500,online_perceptron
sensor_control,online_perceptron__perceptron_lr_0p05_perceptron_margin_0,linear,numpy_online,45,1149,0.0,0.01,0.0,0,False,0.0,0,False,-1,1500,online_perceptron
sensor_control,online_perceptron__perceptron_lr_0p05_perceptron_margin_0,linear,numpy_online,45,1150,0.0,0.0,0.0,0,False,0.0,0,False,-1,1500,online_perceptron
sensor_control,online_perceptron__perceptron_lr_0p05_perceptron_margin_0,linear,numpy_online,45,1151,0.0,0.0,0.0,0,False,0.0,0,False,-1,1500,online_perceptron
sensor_control,online_perceptron__perceptron_lr_0p05_perceptron_margin_0,linear,numpy_online,45,1152,-0.010473659978777524,0.0,0.01,1,True,0.20380802136255494,1,True,1155,1500,online_perceptron
sensor_control,online_perceptron__perceptron_lr_0p05_perceptron_margin_0,linear,numpy_online,45,1153,0.0,0.0,0.0,0,False,0.0,0,False,-1,1500,online_perceptron
sensor_control,online_perceptron__perceptron_lr_0p05_perceptron_margin_0,linear,numpy_online,45,1154,0.0,0.0,0.0,0,False,0.0,0,False,-1,1500,online_perceptron
sensor_control,online_perceptron__perceptron_lr_0p05_perceptron_margin_0,linear,numpy_online,45,1155,0.0,0.01,0.0,0,False,0.0,0,False,-1,1500,online_perceptron
sensor_control,online_perceptron__perceptron_lr_0p05_perceptron_margin_0,linear,numpy_online,45,1156,0.0,0.0,0.0,0,False,0.0,0,False,-1,1500,online_perceptron
sensor_control,online_perceptron__perceptron_lr_0p05_perceptron_margin_0,linear,numpy_online,45,1157,0.0,0.0,0.0,0,False,0.0,0,False,-1,1500,online_perceptron
sensor_control,online_perceptron__perceptron_lr_0p05_perceptron_margin_0,linear,numpy_online,45,1158,-0.009794879346878659,0.0,0.01,1,True,0.1970803946800559,1,True,1161,1500,online_perceptron
sensor_control,online_perceptron__perceptron_lr_0p05_perceptron_margin_0,linear,numpy_online,45,1159,0.0,0.0,0.0,0,False,0.0,0,False,-1,1500,online_perceptron
sensor_control,online_perceptron__perceptron_lr_0p05_perceptron_margin_0,linear,numpy_online,45,1160,0.0,0.0,0.0,0,False,0.0,0,False,-1,1500,online_perceptron
sensor_control,online_perceptron__perceptron_lr_0p05_perceptron_margin_0,linear,numpy_online,45,1161,0.0,0.01,0.0,0,False,0.0,0,False,-1,1500,online_perceptron
sensor_control,online_perceptron__perceptron_lr_0p05_perceptron_margin_0,linear,numpy_online,45,1162,0.0,0.0,0.0,0,False,0.0,0,False,-1,1500,online_perceptron
sensor_control,online_perceptron__perceptron_lr_0p05_perceptron_margin_0,linear,numpy_online,45,1163,0.0,0.0,0.0,0,False,0.0,0,False,-1,1500,online_perceptron
sensor_control,online_perceptron__perceptron_lr_0p05_perceptron_margin_0,linear,numpy_online,45,1164,-0.010025382405787826,0.0,0.01,1,True,0.19936498922597984,1,True,1167,1500,online_perceptron
sensor_control,online_perceptron__perceptron_lr_0p05_perceptron_margin_0,linear,numpy_online,45,1165,0.0,0.0,0.0,0,False,0.0,0,False,-1,1500,online_perceptron
sensor_control,online_perceptron__perceptron_lr_0p05_perceptron_margin_0,linear,numpy_online,45,1166,0.0,0.0,0.0,0,False,0.0,0,False,-1,1500,online_perceptron
sensor_control,online_perceptron__perceptron_lr_0p05_perceptron_margin_0,linear,numpy_online,45,1167,0.0,0.01,0.0,0,False,0.0,0,False,-1,1500,online_perceptron
sensor_control,online_perceptron__perceptron_lr_0p05_perceptron_margin_0,linear,numpy_online,45,1168,0.0,0.0,0.0,0,False,0.0,0,False,-1,1500,online_perceptron
sensor_control,online_perceptron__perceptron_lr_0p05_perceptron_margin_0,linear,numpy_online,45,1169,0.0,0.0,0.0,0,False,0.0,0,False,-1,1500,online_perceptron
sensor_control,online_perceptron__perceptron_lr_0p05_perceptron_margin_0,linear,numpy_online,45,1170,-0.009677416609768952,0.0,0.01,1,True,0.19591618137277877,1,True,1173,1500,online_perceptron
sensor_control,online_perceptron__perceptron_lr_0p05_perceptron_margin_0,linear,numpy_online,45,1171,0.0,0.0,0.0,0,False,0.0,0,False,-1,1500,online_perceptron
sensor_control,online_perceptron__perceptron_lr_0p05_perceptron_margin_0,linear,numpy_online,45,1172,0.0,0.0,0.0,0,False,0.0,0,False,-1,1500,online_perceptron
sensor_control,online_perceptron__perceptron_lr_0p05_perceptron_margin_0,linear,numpy_online,45,1173,0.0,0.01,0.0,0,False,0.0,0,False,-1,1500,online_perceptron
sensor_control,online_perceptron__perceptron_lr_0p05_perceptron_margin_0,linear,numpy_online,45,1174,0.0,0.0,0.0,0,False,0.0,0,False,-1,1500,online_perceptron
sensor_control,online_perceptron__perceptron_lr_0p05_perceptron_margin_0,linear,numpy_online,45,1175,0.0,0.0,0.0,0,False,0.0,0,False,-1,1500,online_perceptron
sensor_control,online_perceptron__perceptron_lr_0p05_perceptron_margin_0,linear,numpy_online,45,1176,-0.01052281792620545,0.0,0.01,1,True,0.20429524256957116,1,True,1179,1500,online_perceptron
sensor_control,online_perceptron__perceptron_lr_0p05_perceptron_margin_0,linear,numpy_online,45,1177,0.0,0.0,0.0,0,False,0.0,0,False,-1,1500,online_perceptron
sensor_control,online_perceptron__perceptron_lr_0p05_perceptron_margin_0,linear,numpy_online,45,1178,0.0,0.0,0.0,0,False,0.0,0,False,-1,1500,online_perceptron
sensor_control,online_perceptron__perceptron_lr_0p05_perceptron_margin_0,linear,numpy_online,45,1179,0.0,0.01,0.0,0,False,0.0,0,False,-1,1500,online_perceptron
sensor_control,online_perceptron__perceptron_lr_0p05_perceptron_margin_0,linear,numpy_online,45,1180,0.0,0.0,0.0,0,False,0.0,0,False,-1,1500,online_perceptron
sensor_control,online_perceptron__perceptron_lr_0p05_perceptron_margin_0,linear,numpy_online,45,1181,0.0,0.0,0.0,0,False,0.0,0,False,-1,1500,online_perceptron
sensor_control,online_perceptron__perceptron_lr_0p05_perceptron_margin_0,linear,numpy_online,45,1182,-0.009009849697254135,0.0,0.01,1,True,0.18929969769317767,1,True,1185,1500,online_perceptron
sensor_control,online_perceptron__perceptron_lr_0p05_perceptron_margin_0,linear,numpy_online,45,1183,0.0,0.0,0.0,0,False,0.0,0,False,-1,1500,online_perceptron
sensor_control,online_perceptron__perceptron_lr_0p05_perceptron_margin_0,linear,numpy_online,45,1184,0.0,0.0,0.0,0,False,0.0,0,False,-1,1500,online_perceptron
sensor_control,online_perceptron__perceptron_lr_0p05_perceptron_margin_0,linear,numpy_online,45,1185,0.0,0.01,0.0,0,False,0.0,0,False,-1,1500,online_perceptron
sensor_control,online_perceptron__perceptron_lr_0p05_perceptron_margin_0,linear,numpy_online,45,1186,0.0,0.0,0.0,0,False,0.0,0,False,-1,1500,online_perceptron
sensor_control,online_perceptron__perceptron_lr_0p05_perceptron_margin_0,linear,numpy_online,45,1187,0.0,0.0,0.0,0,False,0.0,0,False,-1,1500,online_perceptron
sensor_control,online_perceptron__perceptron_lr_0p05_perceptron_margin_0,linear,numpy_online,45,1188,-0.0103055497776698,0.0,0.01,1,True,0.20214182374078615,1,True,1191,1500,online_perceptron
sensor_control,online_perceptron__perceptron_lr_0p05_perceptron_margin_0,linear,numpy_online,45,1189,0.0,0.0,0.0,0,False,0.0,0,False,-1,1500,online_perceptron
sensor_control,online_perceptron__perceptron_lr_0p05_perceptron_margin_0,linear,numpy_online,45,1190,0.0,0.0,0.0,0,False,0.0,0,False,-1,1500,online_perceptron
sensor_control,online_perceptron__perceptron_lr_0p05_perceptron_margin_0,linear,numpy_online,45,1191,0.0,0.01,0.0,0,False,0.0,0,False,-1,1500,online_perceptron
sensor_control,online_perceptron__perceptron_lr_0p05_perceptron_margin_0,linear,numpy_online,45,1192,0.0,0.0,0.0,0,False,0.0,0,False,-1,1500,online_perceptron
sensor_control,online_perceptron__perceptron_lr_0p05_perceptron_margin_0,linear,numpy_online,45,1193,0.0,0.0,0.0,0,False,0.0,0,False,-1,1500,online_perceptron
sensor_control,online_perceptron__perceptron_lr_0p05_perceptron_margin_0,linear,numpy_online,45,1194,-0.009247796409600858,0.0,0.01,1,True,0.19165806883072545,1,True,1197,1500,online_perceptron
sensor_control,online_perceptron__perceptron_lr_0p05_perceptron_margin_0,linear,numpy_online,45,1195,0.0,0.0,0.0,0,False,0.0,0,False,-1,1500,online_perceptron
sensor_control,online_perceptron__perceptron_lr_0p05_perceptron_margin_0,linear,numpy_online,45,1196,0.0,0.0,0.0,0,False,0.0,0,False,-1,1500,online_perceptron
sensor_control,online_perceptron__perceptron_lr_0p05_perceptron_margin_0,linear,numpy_online,45,1197,0.0,0.01,0.0,0,False,0.0,0,False,-1,1500,online_perceptron
sensor_control,online_perceptron__perceptron_lr_0p05_perceptron_margin_0,linear,numpy_online,45,1198,0.0,0.0,0.0,0,False,0.0,0,False,-1,1500,online_perceptron
sensor_control,online_perceptron__perceptron_lr_0p05_perceptron_margin_0,linear,numpy_online,45,1199,0.0,0.0,0.0,0,False,0.0,0,False,-1,1500,online_perceptron
sensor_control,online_perceptron__perceptron_lr_0p05_perceptron_margin_0,linear,numpy_online,45,1200,-0.009704419577739182,0.0,0.01,1,True,0.19618381701128393,1,True,1203,1500,online_perceptron
sensor_control,online_perceptron__perceptron_lr_0p05_perceptron_margin_0,linear,numpy_online,45,1201,0.0,0.0,0.0,0,False,0.0,0,False,-1,1500,online_perceptron
sensor_control,online_perceptron__perceptron_lr_0p05_perceptron_margin_0,linear,numpy_online,45,1202,0.0,0.0,0.0,0,False,0.0,0,False,-1,1500,online_perceptron
sensor_control,online_perceptron__perceptron_lr_0p05_perceptron_margin_0,linear,numpy_online,45,1203,0.0,0.01,0.0,0,False,0.0,0,False,-1,1500,online_perceptron
sensor_control,online_perceptron__perceptron_lr_0p05_perceptron_margin_0,linear,numpy_online,45,1204,0.0,0.0,0.0,0,False,0.0,0,False,-1,1500,online_perceptron
sensor_control,online_perceptron__perceptron_lr_0p05_perceptron_margin_0,linear,numpy_online,45,1205,0.0,0.0,0.0,0,False,0.0,0,False,-1,1500,online_perceptron
sensor_control,online_perceptron__perceptron_lr_0p05_perceptron_margin_0,linear,numpy_online,45,1206,-0.0095912725399328,0.0,0.01,1,True,0.1950623780738433,1,True,1209,1500,online_perceptron
sensor_control,online_perceptron__perceptron_lr_0p05_perceptron_margin_0,linear,numpy_online,45,1207,0.0,0.0,0.0,0,False,0.0,0,False,-1,1500,online_perceptron
sensor_control,online_perceptron__perceptron_lr_0p05_perceptron_margin_0,linear,numpy_online,45,1208,0.0,0.0,0.0,0,False,0.0,0,False,-1,1500,online_perceptron
sensor_control,online_perceptron__perceptron_lr_0p05_perceptron_margin_0,linear,numpy_online,45,1209,0.0,0.01,0.0,0,False,0.0,0,False,-1,1500,online_perceptron
sensor_control,online_perceptron__perceptron_lr_0p05_perceptron_margin_0,linear,numpy_online,45,1210,0.0,0.0,0.0,0,False,0.0,0,False,-1,1500,online_perceptron
sensor_control,online_perceptron__perceptron_lr_0p05_perceptron_margin_0,linear,numpy_online,45,1211,0.0,0.0,0.0,0,False,0.0,0,False,-1,1500,online_perceptron
sensor_control,online_perceptron__perceptron_lr_0p05_perceptron_margin_0,linear,numpy_online,45,1212,-0.009205453733747836,0.0,0.01,1,True,0.19123839610806642,1,True,1215,1500,online_perceptron
sensor_control,online_perceptron__perceptron_lr_0p05_perceptron_margin_0,linear,numpy_online,45,1213,0.0,0.0,0.0,0,False,0.0,0,False,-1,1500,online_perceptron
sensor_control,online_perceptron__perceptron_lr_0p05_perceptron_margin_0,linear,numpy_online,45,1214,0.0,0.0,0.0,0,False,0.0,0,False,-1,1500,online_perceptron
sensor_control,online_perceptron__perceptron_lr_0p05_perceptron_margin_0,linear,numpy_online,45,1215,0.0,0.01,0.0,0,False,0.0,0,False,-1,1500,online_perceptron
sensor_control,online_perceptron__perceptron_lr_0p05_perceptron_margin_0,linear,numpy_online,45,1216,0.0,0.0,0.0,0,False,0.0,0,False,-1,1500,online_perceptron
sensor_control,online_perceptron__perceptron_lr_0p05_perceptron_margin_0,linear,numpy_online,45,1217,0.0,0.0,0.0,0,False,0.0,0,False,-1,1500,online_perceptron
sensor_control,online_perceptron__perceptron_lr_0p05_perceptron_margin_0,linear,numpy_online,45,1218,-0.009677044471414898,0.0,0.01,1,True,0.19591249298244667,1,True,1221,1500,online_perceptron
sensor_control,online_perceptron__perceptron_lr_0p05_perceptron_margin_0,linear,numpy_online,45,1219,0.0,0.0,0.0,0,False,0.0,0,False,-1,1500,online_perceptron
sensor_control,online_perceptron__perceptron_lr_0p05_perceptron_margin_0,linear,numpy_online,45,1220,0.0,0.0,0.0,0,False,0.0,0,False,-1,1500,online_perceptron
sensor_control,online_perceptron__perceptron_lr_0p05_perceptron_margin_0,linear,numpy_online,45,1221,0.0,0.01,0.0,0,False,0.0,0,False,-1,1500,online_perceptron
sensor_control,online_perceptron__perceptron_lr_0p05_perceptron_margin_0,linear,numpy_online,45,1222,0.0,0.0,0.0,0,False,0.0,0,False,-1,1500,online_perceptron
sensor_control,online_perceptron__perceptron_lr_0p05_perceptron_margin_0,linear,numpy_online,45,1223,0.0,0.0,0.0,0,False,0.0,0,False,-1,1500,online_perceptron
sensor_control,online_perceptron__perceptron_lr_0p05_perceptron_margin_0,linear,numpy_online,45,1224,0.009691705221809736,0.0,-0.01,-1,True,-0.19790700204505546,-1,True,1227,1500,online_perceptron
sensor_control,online_perceptron__perceptron_lr_0p05_perceptron_margin_0,linear,numpy_online,45,1225,0.0,0.0,0.0,0,False,0.0,0,False,-1,1500,online_perceptron
sensor_control,online_perceptron__perceptron_lr_0p05_perceptron_margin_0,linear,numpy_online,45,1226,0.0,0.0,0.0,0,False,0.0,0,False,-1,1500,online_perceptron
sensor_control,online_perceptron__perceptron_lr_0p05_perceptron_margin_0,linear,numpy_online,45,1227,0.0,-0.01,0.0,0,False,0.0,0,False,-1,1500,online_perceptron
sensor_control,online_perceptron__perceptron_lr_0p05_perceptron_margin_0,linear,numpy_online,45,1228,0.0,0.0,0.0,0,False,0.0,0,False,-1,1500,online_perceptron
sensor_control,online_perceptron__perceptron_lr_0p05_perceptron_margin_0,linear,numpy_online,45,1229,0.0,0.0,0.0,0,False,0.0,0,False,-1,1500,online_perceptron
sensor_control,online_perceptron__perceptron_lr_0p05_perceptron_margin_0,linear,numpy_online,45,1230,0.010419603696271162,0.0,-0.01,-1,True,-0.20526033727313414,-1,True,1233,1500,online_perceptron
sensor_control,online_perceptron__perceptron_lr_0p05_perceptron_margin_0,linear,numpy_online,45,1231,0.0,0.0,0.0,0,False,0.0,0,False,-1,1500,online_perceptron
sensor_control,online_perceptron__perceptron_lr_0p05_perceptron_margin_0,linear,numpy_online,45,1232,0.0,0.0,0.0,0,False,0.0,0,False,-1,1500,online_perceptron
sensor_control,online_perceptron__perceptron_lr_0p05_perceptron_margin_0,linear,numpy_online,45,1233,0.0,-0.01,0.0,0,False,0.0,0,False,-1,1500,online_perceptron
sensor_control,online_perceptron__perceptron_lr_0p05_perceptron_margin_0,linear,numpy_online,45,1234,0.0,0.0,0.0,0,False,0.0,0,False,-1,1500,online_perceptron
sensor_control,online_perceptron__perceptron_lr_0p05_perceptron_margin_0,linear,numpy_online,45,1235,0.0,0.0,0.0,0,False,0.0,0,False,-1,1500,online_perceptron
sensor_control,online_perceptron__perceptron_lr_0p05_perceptron_margin_0,linear,numpy_online,45,1236,0.009860130331282219,0.0,-0.01,-1,True,-0.1996084567591808,-1,True,1239,1500,online_perceptron
sensor_control,online_perceptron__perceptron_lr_0p05_perceptron_margin_0,linear,numpy_online,45,1237,0.0,0.0,0.0,0,False,0.0,0,False,-1,1500,online_perceptron
sensor_control,online_perceptron__perceptron_lr_0p05_perceptron_margin_0,linear,numpy_online,45,1238,0.0,0.0,0.0,0,False,0.0,0,False,-1,1500,online_perceptron
sensor_control,online_perceptron__perceptron_lr_0p05_perceptron_margin_0,linear,numpy_online,45,1239,0.0,-0.01,0.0,0,False,0.0,0,False,-1,1500,online_perceptron
sensor_control,online_perceptron__perceptron_lr_0p05_perceptron_margin_0,linear,numpy_online,45,1240,0.0,0.0,0.0,0,False,0.0,0,False,-1,1500,online_perceptron
sensor_control,online_perceptron__perceptron_lr_0p05_perceptron_margin_0,linear,numpy_online,45,1241,0.0,0.0,0.0,0,False,0.0,0,False,-1,1500,online_perceptron
sensor_control,online_perceptron__perceptron_lr_0p05_perceptron_margin_0,linear,numpy_online,45,1242,0.009821532041260366,0.0,-0.01,-1,True,-0.19921853127407618,-1,True,1245,1500,online_perceptron
sensor_control,online_perceptron__perceptron_lr_0p05_perceptron_margin_0,linear,numpy_online,45,1243,0.0,0.0,0.0,0,False,0.0,0,False,-1,1500,online_perceptron
sensor_control,online_perceptron__perceptron_lr_0p05_perceptron_margin_0,linear,numpy_online,45,1244,0.0,0.0,0.0,0,False,0.0,0,False,-1,1500,online_perceptron
sensor_control,online_perceptron__perceptron_lr_0p05_perceptron_margin_0,linear,numpy_online,45,1245,0.0,-0.01,0.0,0,False,0.0,0,False,-1,1500,online_perceptron
sensor_control,online_perceptron__perceptron_lr_0p05_perceptron_margin_0,linear,numpy_online,45,1246,0.0,0.0,0.0,0,False,0.0,0,False,-1,1500,online_perceptron
sensor_control,online_perceptron__perceptron_lr_0p05_perceptron_margin_0,linear,numpy_online,45,1247,0.0,0.0,0.0,0,False,0.0,0,False,-1,1500,online_perceptron
sensor_control,online_perceptron__perceptron_lr_0p05_perceptron_margin_0,linear,numpy_online,45,1248,-0.009391661156342872,0.0,0.01,1,True,0.1930839614731613,1,True,1251,1500,online_perceptron
sensor_control,online_perceptron__perceptron_lr_0p05_perceptron_margin_0,linear,numpy_online,45,1249,0.0,0.0,0.0,0,False,0.0,0,False,-1,1500,online_perceptron
sensor_control,online_perceptron__perceptron_lr_0p05_perceptron_margin_0,linear,numpy_online,45,1250,0.0,0.0,0.0,0,False,0.0,0,False,-1,1500,online_perceptron
sensor_control,online_perceptron__perceptron_lr_0p05_perceptron_margin_0,linear,numpy_online,45,1251,0.0,0.01,0.0,0,False,0.0,0,False,-1,1500,online_perceptron
sensor_control,online_perceptron__perceptron_lr_0p05_perceptron_margin_0,linear,numpy_online,45,1252,0.0,0.0,0.0,0,False,0.0,0,False,-1,1500,online_perceptron
sensor_control,online_perceptron__perceptron_lr_0p05_perceptron_margin_0,linear,numpy_online,45,1253,0.0,0.0,0.0,0,False,0.0,0,False,-1,1500,online_perceptron
sensor_control,online_perceptron__perceptron_lr_0p05_perceptron_margin_0,linear,numpy_online,45,1254,-0.010765371304386066,0.0,0.01,1,True,0.2066992719456205,1,True,1257,1500,online_perceptron
sensor_control,online_perceptron__perceptron_lr_0p05_perceptron_margin_0,linear,numpy_online,45,1255,0.0,0.0,0.0,0,False,0.0,0,False,-1,1500,online_perceptron
sensor_control,online_perceptron__perceptron_lr_0p05_perceptron_margin_0,linear,numpy_online,45,1256,0.0,0.0,0.0,0,False,0.0,0,False,-1,1500,online_perceptron
sensor_control,online_perceptron__perceptron_lr_0p05_perceptron_margin_0,linear,numpy_online,45,1257,0.0,0.01,0.0,0,False,0.0,0,False,-1,1500,online_perceptron
sensor_control,online_perceptron__perceptron_lr_0p05_perceptron_margin_0,linear,numpy_online,45,1258,0.0,0.0,0.0,0,False,0.0,0,False,-1,1500,online_perceptron
sensor_control,online_perceptron__perceptron_lr_0p05_perceptron_margin_0,linear,numpy_online,45,1259,0.0,0.0,0.0,0,False,0.0,0,False,-1,1500,online_perceptron
sensor_control,online_perceptron__perceptron_lr_0p05_perceptron_margin_0,linear,numpy_online,45,1260,0.011437718181454535,0.0,-0.01,-1,True,-0.21554547644127897,-1,True,1263,1500,online_perceptron
sensor_control,online_perceptron__perceptron_lr_0p05_perceptron_margin_0,linear,numpy_online,45,1261,0.0,0.0,0.0,0,False,0.0,0,False,-1,1500,online_perceptron
sensor_control,online_perceptron__perceptron_lr_0p05_perceptron_margin_0,linear,numpy_online,45,1262,0.0,0.0,0.0,0,False,0.0,0,False,-1,1500,online_perceptron
sensor_control,online_perceptron__perceptron_lr_0p05_perceptron_margin_0,linear,numpy_online,45,1263,0.0,-0.01,0.0,0,False,0.0,0,False,-1,1500,online_perceptron
sensor_control,online_perceptron__perceptron_lr_0p05_perceptron_margin_0,linear,numpy_online,45,1264,0.0,0.0,0.0,0,False,0.0,0,False,-1,1500,online_perceptron
sensor_control,online_perceptron__perceptron_lr_0p05_perceptron_margin_0,linear,numpy_online,45,1265,0.0,0.0,0.0,0,False,0.0,0,False,-1,1500,online_perceptron
sensor_control,online_perceptron__perceptron_lr_0p05_perceptron_margin_0,linear,numpy_online,45,1266,0.008984894527257543,0.0,-0.01,-1,True,-0.19076669860688852,-1,True,1269,1500,online_perceptron
sensor_control,online_perceptron__perceptron_lr_0p05_perceptron_margin_0,linear,numpy_online,45,1267,0.0,0.0,0.0,0,False,0.0,0,False,-1,1500,online_perceptron
sensor_control,online_perceptron__perceptron_lr_0p05_perceptron_margin_0,linear,numpy_online,45,1268,0.0,0.0,0.0,0,False,0.0,0,False,-1,1500,online_perceptron
sensor_control,online_perceptron__perceptron_lr_0p05_perceptron_margin_0,linear,numpy_online,45,1269,0.0,-0.01,0.0,0,False,0.0,0,False,-1,1500,online_perceptron
sensor_control,online_perceptron__perceptron_lr_0p05_perceptron_margin_0,linear,numpy_online,45,1270,0.0,0.0,0.0,0,False,0.0,0,False,-1,1500,online_perceptron
sensor_control,online_perceptron__perceptron_lr_0p05_perceptron_margin_0,linear,numpy_online,45,1271,0.0,0.0,0.0,0,False,0.0,0,False,-1,1500,online_perceptron
sensor_control,online_perceptron__perceptron_lr_0p05_perceptron_margin_0,linear,numpy_online,45,1272,0.009991183248782369,0.0,-0.01,-1,True,-0.20093237220729238,-1,True,1275,1500,online_perceptron
sensor_control,online_perceptron__perceptron_lr_0p05_perceptron_margin_0,linear,numpy_online,45,1273,0.0,0.0,0.0,0,False,0.0,0,False,-1,1500,online_perceptron
sensor_control,online_perceptron__perceptron_lr_0p05_perceptron_margin_0,linear,numpy_online,45,1274,0.0,0.0,0.0,0,False,0.0,0,False,-1,1500,online_perceptron
sensor_control,online_perceptron__perceptron_lr_0p05_perceptron_margin_0,linear,numpy_online,45,1275,0.0,-0.01,0.0,0,False,0.0,0,False,-1,1500,online_perceptron
sensor_control,online_perceptron__perceptron_lr_0p05_perceptron_margin_0,linear,numpy_online,45,1276,0.0,0.0,0.0,0,False,0.0,0,False,-1,1500,online_perceptron
sensor_control,online_perceptron__perceptron_lr_0p05_perceptron_margin_0,linear,numpy_online,45,1277,0.0,0.0,0.0,0,False,0.0,0,False,-1,1500,online_perceptron
sensor_control,online_perceptron__perceptron_lr_0p05_perceptron_margin_0,linear,numpy_online,45,1278,0.010716561321791118,0.0,-0.01,-1,True,-0.2082602459768832,-1,True,1281,1500,online_perceptron
sensor_control,online_perceptron__perceptron_lr_0p05_perceptron_margin_0,linear,numpy_online,45,1279,0.0,0.0,0.0,0,False,0.0,0,False,-1,1500,online_perceptron
sensor_control,online_perceptron__perceptron_lr_0p05_perceptron_margin_0,linear,numpy_online,45,1280,0.0,0.0,0.0,0,False,0.0,0,False,-1,1500,online_perceptron
sensor_control,online_perceptron__perceptron_lr_0p05_perceptron_margin_0,linear,numpy_online,45,1281,0.0,-0.01,0.0,0,False,0.0,0,False,-1,1500,online_perceptron
sensor_control,online_perceptron__perceptron_lr_0p05_perceptron_margin_0,linear,numpy_online,45,1282,0.0,0.0,0.0,0,False,0.0,0,False,-1,1500,online_perceptron
sensor_control,online_perceptron__perceptron_lr_0p05_perceptron_margin_0,linear,numpy_online,45,1283,0.0,0.0,0.0,0,False,0.0,0,False,-1,1500,online_perceptron
sensor_control,online_perceptron__perceptron_lr_0p05_perceptron_margin_0,linear,numpy_online,45,1284,0.010935646891587075,0.0,-0.01,-1,True,-0.21047347995781207,-1,True,1287,1500,online_perceptron
sensor_control,online_perceptron__perceptron_lr_0p05_perceptron_margin_0,linear,numpy_online,45,1285,0.0,0.0,0.0,0,False,0.0,0,False,-1,1500,online_perceptron
sensor_control,online_perceptron__perceptron_lr_0p05_perceptron_margin_0,linear,numpy_online,45,1286,0.0,0.0,0.0,0,False,0.0,0,False,-1,1500,online_perceptron
sensor_control,online_perceptron__perceptron_lr_0p05_perceptron_margin_0,linear,numpy_online,45,1287,0.0,-0.01,0.0,0,False,0.0,0,False,-1,1500,online_perceptron
sensor_control,online_perceptron__perceptron_lr_0p05_perceptron_margin_0,linear,numpy_online,45,1288,0.0,0.0,0.0,0,False,0.0,0,False,-1,1500,online_perceptron
sensor_control,online_perceptron__perceptron_lr_0p05_perceptron_margin_0,linear,numpy_online,45,1289,0.0,0.0,0.0,0,False,0.0,0,False,-1,1500,online_perceptron
sensor_control,online_perceptron__perceptron_lr_0p05_perceptron_margin_0,linear,numpy_online,45,1290,-0.009959357118937315,0.0,0.01,1,True,0.19871059005685132,1,True,1293,1500,online_perceptron
sensor_control,online_perceptron__perceptron_lr_0p05_perceptron_margin_0,linear,numpy_online,45,1291,0.0,0.0,0.0,0,False,0.0,0,False,-1,1500,online_perceptron
sensor_control,online_perceptron__perceptron_lr_0p05_perceptron_margin_0,linear,numpy_online,45,1292,0.0,0.0,0.0,0,False,0.0,0,False,-1,1500,online_perceptron
sensor_control,online_perceptron__perceptron_lr_0p05_perceptron_margin_0,linear,numpy_online,45,1293,0.0,0.01,0.0,0,False,0.0,0,False,-1,1500,online_perceptron
sensor_control,online_perceptron__perceptron_lr_0p05_perceptron_margin_0,linear,numpy_online,45,1294,0.0,0.0,0.0,0,False,0.0,0,False,-1,1500,online_perceptron
sensor_control,online_perceptron__perceptron_lr_0p05_perceptron_margin_0,linear,numpy_online,45,1295,0.0,0.0,0.0,0,False,0.0,0,False,-1,1500,online_perceptron
sensor_control,online_perceptron__perceptron_lr_0p05_perceptron_margin_0,linear,numpy_online,45,1296,-0.010421880150194287,0.0,0.01,1,True,0.2032948137958963,1,True,1299,1500,online_perceptron
sensor_control,online_perceptron__perceptron_lr_0p05_perceptron_margin_0,linear,numpy_online,45,1297,0.0,0.0,0.0,0,False,0.0,0,False,-1,1500,online_perceptron
sensor_control,online_perceptron__perceptron_lr_0p05_perceptron_margin_0,linear,numpy_online,45,1298,0.0,0.0,0.0,0,False,0.0,0,False,-1,1500,online_perceptron
sensor_control,online_perceptron__perceptron_lr_0p05_perceptron_margin_0,linear,numpy_online,45,1299,0.0,0.01,0.0,0,False,0.0,0,False,-1,1500,online_perceptron
sensor_control,online_perceptron__perceptron_lr_0p05_perceptron_margin_0,linear,numpy_online,45,1300,0.0,0.0,0.0,0,False,0.0,0,False,-1,1500,online_perceptron
sensor_control,online_perceptron__perceptron_lr_0p05_perceptron_margin_0,linear,numpy_online,45,1301,0.0,0.0,0.0,0,False,0.0,0,False,-1,1500,online_perceptron
sensor_control,online_perceptron__perceptron_lr_0p05_perceptron_margin_0,linear,numpy_online,45,1302,-0.009871230747849794,0.0,0.01,1,True,0.19783713949315204,1,True,1305,1500,online_perceptron
sensor_control,online_perceptron__perceptron_lr_0p05_perceptron_margin_0,linear,numpy_online,45,1303,0.0,0.0,0.0,0,False,0.0,0,False,-1,1500,online_perceptron
sensor_control,online_perceptron__perceptron_lr_0p05_perceptron_margin_0,linear,numpy_online,45,1304,0.0,0.0,0.0,0,False,0.0,0,False,-1,1500,online_perceptron
sensor_control,online_perceptron__perceptron_lr_0p05_perceptron_margin_0,linear,numpy_online,45,1305,0.0,0.01,0.0,0,False,0.0,0,False,-1,1500,online_perceptron
sensor_control,online_perceptron__perceptron_lr_0p05_perceptron_margin_0,linear,numpy_online,45,1306,0.0,0.0,0.0,0,False,0.0,0,False,-1,1500,online_perceptron
sensor_control,online_perceptron__perceptron_lr_0p05_perceptron_margin_0,linear,numpy_online,45,1307,0.0,0.0,0.0,0,False,0.0,0,False,-1,1500,online_perceptron
sensor_control,online_perceptron__perceptron_lr_0p05_perceptron_margin_0,linear,numpy_online,45,1308,-0.010229919285669431,0.0,0.01,1,True,0.20139222410272808,1,True,1311,1500,online_perceptron
sensor_control,online_perceptron__perceptron_lr_0p05_perceptron_margin_0,linear,numpy_online,45,1309,0.0,0.0,0.0,0,False,0.0,0,False,-1,1500,online_perceptron
sensor_control,online_perceptron__perceptron_lr_0p05_perceptron_margin_0,linear,numpy_online,45,1310,0.0,0.0,0.0,0,False,0.0,0,False,-1,1500,online_perceptron
sensor_control,online_perceptron__perceptron_lr_0p05_perceptron_margin_0,linear,numpy_online,45,1311,0.0,0.01,0.0,0,False,0.0,0,False,-1,1500,online_perceptron
sensor_control,online_perceptron__perceptron_lr_0p05_perceptron_margin_0,linear,numpy_online,45,1312,0.0,0.0,0.0,0,False,0.0,0,False,-1,1500,online_perceptron
sensor_control,online_perceptron__perceptron_lr_0p05_perceptron_margin_0,linear,numpy_online,45,1313,0.0,0.0,0.0,0,False,0.0,0,False,-1,1500,online_perceptron
sensor_control,online_perceptron__perceptron_lr_0p05_perceptron_margin_0,linear,numpy_online,45,1314,-0.010024098605473227,0.0,0.01,1,True,0.19935226504257564,1,True,1317,1500,online_perceptron
sensor_control,online_perceptron__perceptron_lr_0p05_perceptron_margin_0,linear,numpy_online,45,1315,0.0,0.0,0.0,0,False,0.0,0,False,-1,1500,online_perceptron
sensor_control,online_perceptron__perceptron_lr_0p05_perceptron_margin_0,linear,numpy_online,45,1316,0.0,0.0,0.0,0,False,0.0,0,False,-1,1500,online_perceptron
sensor_control,online_perceptron__perceptron_lr_0p05_perceptron_margin_0,linear,numpy_online,45,1317,0.0,0.01,0.0,0,False,0.0,0,False,-1,1500,online_perceptron
sensor_control,online_perceptron__perceptron_lr_0p05_perceptron_margin_0,linear,numpy_online,45,1318,0.0,0.0,0.0,0,False,0.0,0,False,-1,1500,online_perceptron
sensor_control,online_perceptron__perceptron_lr_0p05_perceptron_margin_0,linear,numpy_online,45,1319,0.0,0.0,0.0,0,False,0.0,0,False,-1,1500,online_perceptron
sensor_control,online_perceptron__perceptron_lr_0p05_perceptron_margin_0,linear,numpy_online,45,1320,-0.010592126435768253,0.0,0.01,1,True,0.20498218288039666,1,True,1323,1500,online_perceptron
sensor_control,online_perceptron__perceptron_lr_0p05_perceptron_margin_0,linear,numpy_online,45,1321,0.0,0.0,0.0,0,False,0.0,0,False,-1,1500,online_perceptron
sensor_control,online_perceptron__perceptron_lr_0p05_perceptron_margin_0,linear,numpy_online,45,1322,0.0,0.0,0.0,0,False,0.0,0,False,-1,1500,online_perceptron
sensor_control,online_perceptron__perceptron_lr_0p05_perceptron_margin_0,linear,numpy_online,45,1323,0.0,0.01,0.0,0,False,0.0,0,False,-1,1500,online_perceptron
sensor_control,online_perceptron__perceptron_lr_0p05_perceptron_margin_0,linear,numpy_online,45,1324,0.0,0.0,0.0,0,False,0.0,0,False,-1,1500,online_perceptron
sensor_control,online_perceptron__perceptron_lr_0p05_perceptron_margin_0,linear,numpy_online,45,1325,0.0,0.0,0.0,0,False,0.0,0,False,-1,1500,online_perceptron
sensor_control,online_perceptron__perceptron_lr_0p05_perceptron_margin_0,linear,numpy_online,45,1326,-0.010567231964711127,0.0,0.01,1,True,0.20473544527496132,1,True,1329,1500,online_perceptron
sensor_control,online_perceptron__perceptron_lr_0p05_perceptron_margin_0,linear,numpy_online,45,1327,0.0,0.0,0.0,0,False,0.0,0,False,-1,1500,online_perceptron
sensor_control,online_perceptron__perceptron_lr_0p05_perceptron_margin_0,linear,numpy_online,45,1328,0.0,0.0,0.0,0,False,0.0,0,False,-1,1500,online_perceptron
sensor_control,online_perceptron__perceptron_lr_0p05_perceptron_margin_0,linear,numpy_online,45,1329,0.0,0.01,0.0,0,False,0.0,0,False,-1,1500,online_perceptron
sensor_control,online_perceptron__perceptron_lr_0p05_perceptron_margin_0,linear,numpy_online,45,1330,0.0,0.0,0.0,0,False,0.0,0,False,-1,1500,online_perceptron
sensor_control,online_perceptron__perceptron_lr_0p05_perceptron_margin_0,linear,numpy_online,45,1331,0.0,0.0,0.0,0,False,0.0,0,False,-1,1500,online_perceptron
sensor_control,online_perceptron__perceptron_lr_0p05_perceptron_margin_0,linear,numpy_online,45,1332,-0.010877679591979189,0.0,0.01,1,True,0.2078123977432196,1,True,1335,1500,online_perceptron
sensor_control,online_perceptron__perceptron_lr_0p05_perceptron_margin_0,linear,numpy_online,45,1333,0.0,0.0,0.0,0,False,0.0,0,False,-1,1500,online_perceptron
sensor_control,online_perceptron__perceptron_lr_0p05_perceptron_margin_0,linear,numpy_online,45,1334,0.0,0.0,0.0,0,False,0.0,0,False,-1,1500,online_perceptron
sensor_control,online_perceptron__perceptron_lr_0p05_perceptron_margin_0,linear,numpy_online,45,1335,0.0,0.01,0.0,0,False,0.0,0,False,-1,1500,online_perceptron
sensor_control,online_perceptron__perceptron_lr_0p05_perceptron_margin_0,linear,numpy_online,45,1336,0.0,0.0,0.0,0,False,0.0,0,False,-1,1500,online_perceptron
sensor_control,online_perceptron__perceptron_lr_0p05_perceptron_margin_0,linear,numpy_online,45,1337,0.0,0.0,0.0,0,False,0.0,0,False,-1,1500,online_perceptron
sensor_control,online_perceptron__perceptron_lr_0p05_perceptron_margin_0,linear,numpy_online,45,1338,-0.009714228670236394,0.0,0.01,1,True,0.1962810382773515,1,True,1341,1500,online_perceptron
sensor_control,online_perceptron__perceptron_lr_0p05_perceptron_margin_0,linear,numpy_online,45,1339,0.0,0.0,0.0,0,False,0.0,0,False,-1,1500,online_perceptron
sensor_control,online_perceptron__perceptron_lr_0p05_perceptron_margin_0,linear,numpy_online,45,1340,0.0,0.0,0.0,0,False,0.0,0,False,-1,1500,online_perceptron
sensor_control,online_perceptron__perceptron_lr_0p05_perceptron_margin_0,linear,numpy_online,45,1341,0.0,0.01,0.0,0,False,0.0,0,False,-1,1500,online_perceptron
sensor_control,online_perceptron__perceptron_lr_0p05_perceptron_margin_0,linear,numpy_online,45,1342,0.0,0.0,0.0,0,False,0.0,0,False,-1,1500,online_perceptron
sensor_control,online_perceptron__perceptron_lr_0p05_perceptron_margin_0,linear,numpy_online,45,1343,0.0,0.0,0.0,0,False,0.0,0,False,-1,1500,online_perceptron
sensor_control,online_perceptron__perceptron_lr_0p05_perceptron_margin_0,linear,numpy_online,45,1344,-0.010528034857315067,0.0,0.01,1,True,0.2043469493556585,1,True,1347,1500,online_perceptron
sensor_control,online_perceptron__perceptron_lr_0p05_perceptron_margin_0,linear,numpy_online,45,1345,0.0,0.0,0.0,0,False,0.0,0,False,-1,1500,online_perceptron
sensor_control,online_perceptron__perceptron_lr_0p05_perceptron_margin_0,linear,numpy_online,45,1346,0.0,0.0,0.0,0,False,0.0,0,False,-1,1500,online_perceptron
sensor_control,online_perceptron__perceptron_lr_0p05_perceptron_margin_0,linear,numpy_online,45,1347,0.0,0.01,0.0,0,False,0.0,0,False,-1,1500,online_perceptron
sensor_control,online_perceptron__perceptron_lr_0p05_perceptron_margin_0,linear,numpy_online,45,1348,0.0,0.0,0.0,0,False,0.0,0,False,-1,1500,online_perceptron
sensor_control,online_perceptron__perceptron_lr_0p05_perceptron_margin_0,linear,numpy_online,45,1349,0.0,0.0,0.0,0,False,0.0,0,False,-1,1500,online_perceptron
sensor_control,online_perceptron__perceptron_lr_0p05_perceptron_margin_0,linear,numpy_online,45,1350,-0.010187802641766023,0.0,0.01,1,True,0.20097479165992366,1,True,1353,1500,online_perceptron
sensor_control,online_perceptron__perceptron_lr_0p05_perceptron_margin_0,linear,numpy_online,45,1351,0.0,0.0,0.0,0,False,0.0,0,False,-1,1500,online_perceptron
sensor_control,online_perceptron__perceptron_lr_0p05_perceptron_margin_0,linear,numpy_online,45,1352,0.0,0.0,0.0,0,False,0.0,0,False,-1,1500,online_perceptron
sensor_control,online_perceptron__perceptron_lr_0p05_perceptron_margin_0,linear,numpy_online,45,1353,0.0,0.01,0.0,0,False,0.0,0,False,-1,1500,online_perceptron
sensor_control,online_perceptron__perceptron_lr_0p05_perceptron_margin_0,linear,numpy_online,45,1354,0.0,0.0,0.0,0,False,0.0,0,False,-1,1500,online_perceptron
sensor_control,online_perceptron__perceptron_lr_0p05_perceptron_margin_0,linear,numpy_online,45,1355,0.0,0.0,0.0,0,False,0.0,0,False,-1,1500,online_perceptron
sensor_control,online_perceptron__perceptron_lr_0p05_perceptron_margin_0,linear,numpy_online,45,1356,-0.00996476314164773,0.0,0.01,1,True,0.198764170994379,1,True,1359,1500,online_perceptron
sensor_control,online_perceptron__perceptron_lr_0p05_perceptron_margin_0,linear,numpy_online,45,1357,0.0,0.0,0.0,0,False,0.0,0,False,-1,1500,online_perceptron
sensor_control,online_perceptron__perceptron_lr_0p05_perceptron_margin_0,linear,numpy_online,45,1358,0.0,0.0,0.0,0,False,0.0,0,False,-1,1500,online_perceptron
sensor_control,online_perceptron__perceptron_lr_0p05_perceptron_margin_0,linear,numpy_online,45,1359,0.0,0.01,0.0,0,False,0.0,0,False,-1,1500,online_perceptron
sensor_control,online_perceptron__perceptron_lr_0p05_perceptron_margin_0,linear,numpy_online,45,1360,0.0,0.0,0.0,0,False,0.0,0,False,-1,1500,online_perceptron
sensor_control,online_perceptron__perceptron_lr_0p05_perceptron_margin_0,linear,numpy_online,45,1361,0.0,0.0,0.0,0,False,0.0,0,False,-1,1500,online_perceptron
sensor_control,online_perceptron__perceptron_lr_0p05_perceptron_margin_0,linear,numpy_online,45,1362,-0.010750861829817996,0.0,0.01,1,True,0.20655546358741772,1,True,1365,1500,online_perceptron
sensor_control,online_perceptron__perceptron_lr_0p05_perceptron_margin_0,linear,numpy_online,45,1363,0.0,0.0,0.0,0,False,0.0,0,False,-1,1500,online_perceptron
sensor_control,online_perceptron__perceptron_lr_0p05_perceptron_margin_0,linear,numpy_online,45,1364,0.0,0.0,0.0,0,False,0.0,0,False,-1,1500,online_perceptron
sensor_control,online_perceptron__perceptron_lr_0p05_perceptron_margin_0,linear,numpy_online,45,1365,0.0,0.01,0.0,0,False,0.0,0,False,-1,1500,online_perceptron
sensor_control,online_perceptron__perceptron_lr_0p05_perceptron_margin_0,linear,numpy_online,45,1366,0.0,0.0,0.0,0,False,0.0,0,False,-1,1500,online_perceptron
sensor_control,online_perceptron__perceptron_lr_0p05_perceptron_margin_0,linear,numpy_online,45,1367,0.0,0.0,0.0,0,False,0.0,0,False,-1,1500,online_perceptron
sensor_control,online_perceptron__perceptron_lr_0p05_perceptron_margin_0,linear,numpy_online,45,1368,-0.00978162731807706,0.0,0.01,1,True,0.1969490492963294,1,True,1371,1500,online_perceptron
sensor_control,online_perceptron__perceptron_lr_0p05_perceptron_margin_0,linear,numpy_online,45,1369,0.0,0.0,0.0,0,False,0.0,0,False,-1,1500,online_perceptron
sensor_control,online_perceptron__perceptron_lr_0p05_perceptron_margin_0,linear,numpy_online,45,1370,0.0,0.0,0.0,0,False,0.0,0,False,-1,1500,online_perceptron
sensor_control,online_perceptron__perceptron_lr_0p05_perceptron_margin_0,linear,numpy_online,45,1371,0.0,0.01,0.0,0,False,0.0,0,False,-1,1500,online_perceptron
sensor_control,online_perceptron__perceptron_lr_0p05_perceptron_margin_0,linear,numpy_online,45,1372,0.0,0.0,0.0,0,False,0.0,0,False,-1,1500,online_perceptron
sensor_control,online_perceptron__perceptron_lr_0p05_perceptron_margin_0,linear,numpy_online,45,1373,0.0,0.0,0.0,0,False,0.0,0,False,-1,1500,online_perceptron
sensor_control,online_perceptron__perceptron_lr_0p05_perceptron_margin_0,linear,numpy_online,45,1374,0.009569767987366248,0.0,-0.01,-1,True,-0.19667517454011227,-1,True,1377,1500,online_perceptron
sensor_control,online_perceptron__perceptron_lr_0p05_perceptron_margin_0,linear,numpy_online,45,1375,0.0,0.0,0.0,0,False,0.0,0,False,-1,1500,online_perceptron
sensor_control,online_perceptron__perceptron_lr_0p05_perceptron_margin_0,linear,numpy_online,45,1376,0.0,0.0,0.0,0,False,0.0,0,False,-1,1500,online_perceptron
sensor_control,online_perceptron__perceptron_lr_0p05_perceptron_margin_0,linear,numpy_online,45,1377,0.0,-0.01,0.0,0,False,0.0,0,False,-1,1500,online_perceptron
sensor_control,online_perceptron__perceptron_lr_0p05_perceptron_margin_0,linear,numpy_online,45,1378,0.0,0.0,0.0,0,False,0.0,0,False,-1,1500,online_perceptron
sensor_control,online_perceptron__perceptron_lr_0p05_perceptron_margin_0,linear,numpy_online,45,1379,0.0,0.0,0.0,0,False,0.0,0,False,-1,1500,online_perceptron
sensor_control,online_perceptron__perceptron_lr_0p05_perceptron_margin_0,linear,numpy_online,45,1380,-0.010033524934800201,0.0,0.01,1,True,0.19944569261212897,1,True,1383,1500,online_perceptron
sensor_control,online_perceptron__perceptron_lr_0p05_perceptron_margin_0,linear,numpy_online,45,1381,0.0,0.0,0.0,0,False,0.0,0,False,-1,1500,online_perceptron
sensor_control,online_perceptron__perceptron_lr_0p05_perceptron_margin_0,linear,numpy_online,45,1382,0.0,0.0,0.0,0,False,0.0,0,False,-1,1500,online_perceptron
sensor_control,online_perceptron__perceptron_lr_0p05_perceptron_margin_0,linear,numpy_online,45,1383,0.0,0.01,0.0,0,False,0.0,0,False,-1,1500,online_perceptron
sensor_control,online_perceptron__perceptron_lr_0p05_perceptron_margin_0,linear,numpy_online,45,1384,0.0,0.0,0.0,0,False,0.0,0,False,-1,1500,online_perceptron
sensor_control,online_perceptron__perceptron_lr_0p05_perceptron_margin_0,linear,numpy_online,45,1385,0.0,0.0,0.0,0,False,0.0,0,False,-1,1500,online_perceptron
sensor_control,online_perceptron__perceptron_lr_0p05_perceptron_margin_0,linear,numpy_online,45,1386,-0.009537621177353114,0.0,0.01,1,True,0.1945306210945173,1,True,1389,1500,online_perceptron
sensor_control,online_perceptron__perceptron_lr_0p05_perceptron_margin_0,linear,numpy_online,45,1387,0.0,0.0,0.0,0,False,0.0,0,False,-1,1500,online_perceptron
sensor_control,online_perceptron__perceptron_lr_0p05_perceptron_margin_0,linear,numpy_online,45,1388,0.0,0.0,0.0,0,False,0.0,0,False,-1,1500,online_perceptron
sensor_control,online_perceptron__perceptron_lr_0p05_perceptron_margin_0,linear,numpy_online,45,1389,0.0,0.01,0.0,0,False,0.0,0,False,-1,1500,online_perceptron
sensor_control,online_perceptron__perceptron_lr_0p05_perceptron_margin_0,linear,numpy_online,45,1390,0.0,0.0,0.0,0,False,0.0,0,False,-1,1500,online_perceptron
sensor_control,online_perceptron__perceptron_lr_0p05_perceptron_margin_0,linear,numpy_online,45,1391,0.0,0.0,0.0,0,False,0.0,0,False,-1,1500,online_perceptron
sensor_control,online_perceptron__perceptron_lr_0p05_perceptron_margin_0,linear,numpy_online,45,1392,-0.009627681983071937,0.0,0.01,1,True,0.19542324450055992,1,True,1395,1500,online_perceptron
sensor_control,online_perceptron__perceptron_lr_0p05_perceptron_margin_0,linear,numpy_online,45,1393,0.0,0.0,0.0,0,False,0.0,0,False,-1,1500,online_perceptron
sensor_control,online_perceptron__perceptron_lr_0p05_perceptron_margin_0,linear,numpy_online,45,1394,0.0,0.0,0.0,0,False,0.0,0,False,-1,1500,online_perceptron
sensor_control,online_perceptron__perceptron_lr_0p05_perceptron_margin_0,linear,numpy_online,45,1395,0.0,0.01,0.0,0,False,0.0,0,False,-1,1500,online_perceptron
sensor_control,online_perceptron__perceptron_lr_0p05_perceptron_margin_0,linear,numpy_online,45,1396,0.0,0.0,0.0,0,False,0.0,0,False,-1,1500,online_perceptron
sensor_control,online_perceptron__perceptron_lr_0p05_perceptron_margin_0,linear,numpy_online,45,1397,0.0,0.0,0.0,0,False,0.0,0,False,-1,1500,online_perceptron
sensor_control,online_perceptron__perceptron_lr_0p05_perceptron_margin_0,linear,numpy_online,45,1398,-0.010328321546708501,0.0,0.01,1,True,0.20236752252150106,1,True,1401,1500,online_perceptron
sensor_control,online_perceptron__perceptron_lr_0p05_perceptron_margin_0,linear,numpy_online,45,1399,0.0,0.0,0.0,0,False,0.0,0,False,-1,1500,online_perceptron
sensor_control,online_perceptron__perceptron_lr_0p05_perceptron_margin_0,linear,numpy_online,45,1400,0.0,0.0,0.0,0,False,0.0,0,False,-1,1500,online_perceptron
sensor_control,online_perceptron__perceptron_lr_0p05_perceptron_margin_0,linear,numpy_online,45,1401,0.0,0.01,0.0,0,False,0.0,0,False,-1,1500,online_perceptron
sensor_control,online_perceptron__perceptron_lr_0p05_perceptron_margin_0,linear,numpy_online,45,1402,0.0,0.0,0.0,0,False,0.0,0,False,-1,1500,online_perceptron
sensor_control,online_perceptron__perceptron_lr_0p05_perceptron_margin_0,linear,numpy_online,45,1403,0.0,0.0,0.0,0,False,0.0,0,False,-1,1500,online_perceptron
sensor_control,online_perceptron__perceptron_lr_0p05_perceptron_margin_0,linear,numpy_online,45,1404,-0.010087630460951921,0.0,0.01,1,True,0.19998195096173843,1,True,1407,1500,online_perceptron
sensor_control,online_perceptron__perceptron_lr_0p05_perceptron_margin_0,linear,numpy_online,45,1405,0.0,0.0,0.0,0,False,0.0,0,False,-1,1500,online_perceptron
sensor_control,online_perceptron__perceptron_lr_0p05_perceptron_margin_0,linear,numpy_online,45,1406,0.0,0.0,0.0,0,False,0.0,0,False,-1,1500,online_perceptron
sensor_control,online_perceptron__perceptron_lr_0p05_perceptron_margin_0,linear,numpy_online,45,1407,0.0,0.01,0.0,0,False,0.0,0,False,-1,1500,online_perceptron
sensor_control,online_perceptron__perceptron_lr_0p05_perceptron_margin_0,linear,numpy_online,45,1408,0.0,0.0,0.0,0,False,0.0,0,False,-1,1500,online_perceptron
sensor_control,online_perceptron__perceptron_lr_0p05_perceptron_margin_0,linear,numpy_online,45,1409,0.0,0.0,0.0,0,False,0.0,0,False,-1,1500,online_perceptron
sensor_control,online_perceptron__perceptron_lr_0p05_perceptron_margin_0,linear,numpy_online,45,1410,-0.010604706138997758,0.0,0.01,1,True,0.20510686461574315,1,True,1413,1500,online_perceptron
sensor_control,online_perceptron__perceptron_lr_0p05_perceptron_margin_0,linear,numpy_online,45,1411,0.0,0.0,0.0,0,False,0.0,0,False,-1,1500,online_perceptron
sensor_control,online_perceptron__perceptron_lr_0p05_perceptron_margin_0,linear,numpy_online,45,1412,0.0,0.0,0.0,0,False,0.0,0,False,-1,1500,online_perceptron
sensor_control,online_perceptron__perceptron_lr_0p05_perceptron_margin_0,linear,numpy_online,45,1413,0.0,0.01,0.0,0,False,0.0,0,False,-1,1500,online_perceptron
sensor_control,online_perceptron__perceptron_lr_0p05_perceptron_margin_0,linear,numpy_online,45,1414,0.0,0.0,0.0,0,False,0.0,0,False,-1,1500,online_perceptron
sensor_control,online_perceptron__perceptron_lr_0p05_perceptron_margin_0,linear,numpy_online,45,1415,0.0,0.0,0.0,0,False,0.0,0,False,-1,1500,online_perceptron
sensor_control,online_perceptron__perceptron_lr_0p05_perceptron_margin_0,linear,numpy_online,45,1416,-0.01038334150317299,0.0,0.01,1,True,0.20291284410226706,1,True,1419,1500,online_perceptron
sensor_control,online_perceptron__perceptron_lr_0p05_perceptron_margin_0,linear,numpy_online,45,1417,0.0,0.0,0.0,0,False,0.0,0,False,-1,1500,online_perceptron
sensor_control,online_perceptron__perceptron_lr_0p05_perceptron_margin_0,linear,numpy_online,45,1418,0.0,0.0,0.0,0,False,0.0,0,False,-1,1500,online_perceptron
sensor_control,online_perceptron__perceptron_lr_0p05_perceptron_margin_0,linear,numpy_online,45,1419,0.0,0.01,0.0,0,False,0.0,0,False,-1,1500,online_perceptron
sensor_control,online_perceptron__perceptron_lr_0p05_perceptron_margin_0,linear,numpy_online,45,1420,0.0,0.0,0.0,0,False,0.0,0,False,-1,1500,online_perceptron
sensor_control,online_perceptron__perceptron_lr_0p05_perceptron_margin_0,linear,numpy_online,45,1421,0.0,0.0,0.0,0,False,0.0,0,False,-1,1500,online_perceptron
sensor_control,online_perceptron__perceptron_lr_0p05_perceptron_margin_0,linear,numpy_online,45,1422,0.009813270152612723,0.0,-0.01,-1,True,-0.19913506848499954,-1,True,1425,1500,online_perceptron
sensor_control,online_perceptron__perceptron_lr_0p05_perceptron_margin_0,linear,numpy_online,45,1423,0.0,0.0,0.0,0,False,0.0,0,False,-1,1500,online_perceptron
sensor_control,online_perceptron__perceptron_lr_0p05_perceptron_margin_0,linear,numpy_online,45,1424,0.0,0.0,0.0,0,False,0.0,0,False,-1,1500,online_perceptron
sensor_control,online_perceptron__perceptron_lr_0p05_perceptron_margin_0,linear,numpy_online,45,1425,0.0,-0.01,0.0,0,False,0.0,0,False,-1,1500,online_perceptron
sensor_control,online_perceptron__perceptron_lr_0p05_perceptron_margin_0,linear,numpy_online,45,1426,0.0,0.0,0.0,0,False,0.0,0,False,-1,1500,online_perceptron
sensor_control,online_perceptron__perceptron_lr_0p05_perceptron_margin_0,linear,numpy_online,45,1427,0.0,0.0,0.0,0,False,0.0,0,False,-1,1500,online_perceptron
sensor_control,online_perceptron__perceptron_lr_0p05_perceptron_margin_0,linear,numpy_online,45,1428,0.010451599565866079,0.0,-0.01,-1,True,-0.2055835641561406,-1,True,1431,1500,online_perceptron
sensor_control,online_perceptron__perceptron_lr_0p05_perceptron_margin_0,linear,numpy_online,45,1429,0.0,0.0,0.0,0,False,0.0,0,False,-1,1500,online_perceptron
sensor_control,online_perceptron__perceptron_lr_0p05_perceptron_margin_0,linear,numpy_online,45,1430,0.0,0.0,0.0,0,False,0.0,0,False,-1,1500,online_perceptron
sensor_control,online_perceptron__perceptron_lr_0p05_perceptron_margin_0,linear,numpy_online,45,1431,0.0,-0.01,0.0,0,False,0.0,0,False,-1,1500,online_perceptron
sensor_control,online_perceptron__perceptron_lr_0p05_perceptron_margin_0,linear,numpy_online,45,1432,0.0,0.0,0.0,0,False,0.0,0,False,-1,1500,online_perceptron
sensor_control,online_perceptron__perceptron_lr_0p05_perceptron_margin_0,linear,numpy_online,45,1433,0.0,0.0,0.0,0,False,0.0,0,False,-1,1500,online_perceptron
sensor_control,online_perceptron__perceptron_lr_0p05_perceptron_margin_0,linear,numpy_online,45,1434,0.009791861304072242,0.0,-0.01,-1,True,-0.1989187932135315,-1,True,1437,1500,online_perceptron
sensor_control,online_perceptron__perceptron_lr_0p05_perceptron_margin_0,linear,numpy_online,45,1435,0.0,0.0,0.0,0,False,0.0,0,False,-1,1500,online_perceptron
sensor_control,online_perceptron__perceptron_lr_0p05_perceptron_margin_0,linear,numpy_online,45,1436,0.0,0.0,0.0,0,False,0.0,0,False,-1,1500,online_perceptron
sensor_control,online_perceptron__perceptron_lr_0p05_perceptron_margin_0,linear,numpy_online,45,1437,0.0,-0.01,0.0,0,False,0.0,0,False,-1,1500,online_perceptron
sensor_control,online_perceptron__perceptron_lr_0p05_perceptron_margin_0,linear,numpy_online,45,1438,0.0,0.0,0.0,0,False,0.0,0,False,-1,1500,online_perceptron
sensor_control,online_perceptron__perceptron_lr_0p05_perceptron_margin_0,linear,numpy_online,45,1439,0.0,0.0,0.0,0,False,0.0,0,False,-1,1500,online_perceptron
sensor_control,online_perceptron__perceptron_lr_0p05_perceptron_margin_0,linear,numpy_online,45,1440,-0.00953727463005189,0.0,0.01,1,True,0.19452718634585053,1,True,1443,1500,online_perceptron
sensor_control,online_perceptron__perceptron_lr_0p05_perceptron_margin_0,linear,numpy_online,45,1441,0.0,0.0,0.0,0,False,0.0,0,False,-1,1500,online_perceptron
sensor_control,online_perceptron__perceptron_lr_0p05_perceptron_margin_0,linear,numpy_online,45,1442,0.0,0.0,0.0,0,False,0.0,0,False,-1,1500,online_perceptron
sensor_control,online_perceptron__perceptron_lr_0p05_perceptron_margin_0,linear,numpy_online,45,1443,0.0,0.01,0.0,0,False,0.0,0,False,-1,1500,online_perceptron
sensor_control,online_perceptron__perceptron_lr_0p05_perceptron_margin_0,linear,numpy_online,45,1444,0.0,0.0,0.0,0,False,0.0,0,False,-1,1500,online_perceptron
sensor_control,online_perceptron__perceptron_lr_0p05_perceptron_margin_0,linear,numpy_online,45,1445,0.0,0.0,0.0,0,False,0.0,0,False,-1,1500,online_perceptron
sensor_control,online_perceptron__perceptron_lr_0p05_perceptron_margin_0,linear,numpy_online,45,1446,-0.010505871505041722,0.0,0.01,1,True,0.20412728080131176,1,True,1449,1500,online_perceptron
sensor_control,online_perceptron__perceptron_lr_0p05_perceptron_margin_0,linear,numpy_online,45,1447,0.0,0.0,0.0,0,False,0.0,0,False,-1,1500,online_perceptron
sensor_control,online_perceptron__perceptron_lr_0p05_perceptron_margin_0,linear,numpy_online,45,1448,0.0,0.0,0.0,0,False,0.0,0,False,-1,1500,online_perceptron
sensor_control,online_perceptron__perceptron_lr_0p05_perceptron_margin_0,linear,numpy_online,45,1449,0.0,0.01,0.0,0,False,0.0,0,False,-1,1500,online_perceptron
sensor_control,online_perceptron__perceptron_lr_0p05_perceptron_margin_0,linear,numpy_online,45,1450,0.0,0.0,0.0,0,False,0.0,0,False,-1,1500,online_perceptron
sensor_control,online_perceptron__perceptron_lr_0p05_perceptron_margin_0,linear,numpy_online,45,1451,0.0,0.0,0.0,0,False,0.0,0,False,-1,1500,online_perceptron
sensor_control,online_perceptron__perceptron_lr_0p05_perceptron_margin_0,linear,numpy_online,45,1452,-0.009405502470449544,0.0,0.01,1,True,0.19322114746481872,1,True,1455,1500,online_perceptron
sensor_control,online_perceptron__perceptron_lr_0p05_perceptron_margin_0,linear,numpy_online,45,1453,0.0,0.0,0.0,0,False,0.0,0,False,-1,1500,online_perceptron
sensor_control,online_perceptron__perceptron_lr_0p05_perceptron_margin_0,linear,numpy_online,45,1454,0.0,0.0,0.0,0,False,0.0,0,False,-1,1500,online_perceptron
sensor_control,online_perceptron__perceptron_lr_0p05_perceptron_margin_0,linear,numpy_online,45,1455,0.0,0.01,0.0,0,False,0.0,0,False,-1,1500,online_perceptron
sensor_control,online_perceptron__perceptron_lr_0p05_perceptron_margin_0,linear,numpy_online,45,1456,0.0,0.0,0.0,0,False,0.0,0,False,-1,1500,online_perceptron
sensor_control,online_perceptron__perceptron_lr_0p05_perceptron_margin_0,linear,numpy_online,45,1457,0.0,0.0,0.0,0,False,0.0,0,False,-1,1500,online_perceptron
sensor_control,online_perceptron__perceptron_lr_0p05_perceptron_margin_0,linear,numpy_online,45,1458,-0.00969321478499049,0.0,0.01,1,True,0.19607276248331795,1,True,1461,1500,online_perceptron
sensor_control,online_perceptron__perceptron_lr_0p05_perceptron_margin_0,linear,numpy_online,45,1459,0.0,0.0,0.0,0,False,0.0,0,False,-1,1500,online_perceptron
sensor_control,online_perceptron__perceptron_lr_0p05_perceptron_margin_0,linear,numpy_online,45,1460,0.0,0.0,0.0,0,False,0.0,0,False,-1,1500,online_perceptron
sensor_control,online_perceptron__perceptron_lr_0p05_perceptron_margin_0,linear,numpy_online,45,1461,0.0,0.01,0.0,0,False,0.0,0,False,-1,1500,online_perceptron
sensor_control,online_perceptron__perceptron_lr_0p05_perceptron_margin_0,linear,numpy_online,45,1462,0.0,0.0,0.0,0,False,0.0,0,False,-1,1500,online_perceptron
sensor_control,online_perceptron__perceptron_lr_0p05_perceptron_margin_0,linear,numpy_online,45,1463,0.0,0.0,0.0,0,False,0.0,0,False,-1,1500,online_perceptron
sensor_control,online_perceptron__perceptron_lr_0p05_perceptron_margin_0,linear,numpy_online,45,1464,0.010128860675542565,0.0,-0.01,-1,True,-0.20232320940207565,-1,True,1467,1500,online_perceptron
sensor_control,online_perceptron__perceptron_lr_0p05_perceptron_margin_0,linear,numpy_online,45,1465,0.0,0.0,0.0,0,False,0.0,0,False,-1,1500,online_perceptron
sensor_control,online_perceptron__perceptron_lr_0p05_perceptron_margin_0,linear,numpy_online,45,1466,0.0,0.0,0.0,0,False,0.0,0,False,-1,1500,online_perceptron
sensor_control,online_perceptron__perceptron_lr_0p05_perceptron_margin_0,linear,numpy_online,45,1467,0.0,-0.01,0.0,0,False,0.0,0,False,-1,1500,online_perceptron
sensor_control,online_perceptron__perceptron_lr_0p05_perceptron_margin_0,linear,numpy_online,45,1468,0.0,0.0,0.0,0,False,0.0,0,False,-1,1500,online_perceptron
sensor_control,online_perceptron__perceptron_lr_0p05_perceptron_margin_0,linear,numpy_online,45,1469,0.0,0.0,0.0,0,False,0.0,0,False,-1,1500,online_perceptron
sensor_control,online_perceptron__perceptron_lr_0p05_perceptron_margin_0,linear,numpy_online,45,1470,0.01061645741344566,0.0,-0.01,-1,True,-0.20724898187683183,-1,True,1473,1500,online_perceptron
sensor_control,online_perceptron__perceptron_lr_0p05_perceptron_margin_0,linear,numpy_online,45,1471,0.0,0.0,0.0,0,False,0.0,0,False,-1,1500,online_perceptron
sensor_control,online_perceptron__perceptron_lr_0p05_perceptron_margin_0,linear,numpy_online,45,1472,0.0,0.0,0.0,0,False,0.0,0,False,-1,1500,online_perceptron
sensor_control,online_perceptron__perceptron_lr_0p05_perceptron_margin_0,linear,numpy_online,45,1473,0.0,-0.01,0.0,0,False,0.0,0,False,-1,1500,online_perceptron
sensor_control,online_perceptron__perceptron_lr_0p05_perceptron_margin_0,linear,numpy_online,45,1474,0.0,0.0,0.0,0,False,0.0,0,False,-1,1500,online_perceptron
sensor_control,online_perceptron__perceptron_lr_0p05_perceptron_margin_0,linear,numpy_online,45,1475,0.0,0.0,0.0,0,False,0.0,0,False,-1,1500,online_perceptron
sensor_control,online_perceptron__perceptron_lr_0p05_perceptron_margin_0,linear,numpy_online,45,1476,0.01060161187685641,0.0,-0.01,-1,True,-0.2070990101280076,-1,True,1479,1500,online_perceptron
sensor_control,online_perceptron__perceptron_lr_0p05_perceptron_margin_0,linear,numpy_online,45,1477,0.0,0.0,0.0,0,False,0.0,0,False,-1,1500,online_perceptron
sensor_control,online_perceptron__perceptron_lr_0p05_perceptron_margin_0,linear,numpy_online,45,1478,0.0,0.0,0.0,0,False,0.0,0,False,-1,1500,online_perceptron
sensor_control,online_perceptron__perceptron_lr_0p05_perceptron_margin_0,linear,numpy_online,45,1479,0.0,-0.01,0.0,0,False,0.0,0,False,-1,1500,online_perceptron
sensor_control,online_perceptron__perceptron_lr_0p05_perceptron_margin_0,linear,numpy_online,45,1480,0.0,0.0,0.0,0,False,0.0,0,False,-1,1500,online_perceptron
sensor_control,online_perceptron__perceptron_lr_0p05_perceptron_margin_0,linear,numpy_online,45,1481,0.0,0.0,0.0,0,False,0.0,0,False,-1,1500,online_perceptron
sensor_control,online_perceptron__perceptron_lr_0p05_perceptron_margin_0,linear,numpy_online,45,1482,0.01037147067529239,0.0,-0.01,-1,True,-0.20477409056261736,-1,True,1485,1500,online_perceptron
sensor_control,online_perceptron__perceptron_lr_0p05_perceptron_margin_0,linear,numpy_online,45,1483,0.0,0.0,0.0,0,False,0.0,0,False,-1,1500,online_perceptron
sensor_control,online_perceptron__perceptron_lr_0p05_perceptron_margin_0,linear,numpy_online,45,1484,0.0,0.0,0.0,0,False,0.0,0,False,-1,1500,online_perceptron
sensor_control,online_perceptron__perceptron_lr_0p05_perceptron_margin_0,linear,numpy_online,45,1485,0.0,-0.01,0.0,0,False,0.0,0,False,-1,1500,online_perceptron
sensor_control,online_perceptron__perceptron_lr_0p05_perceptron_margin_0,linear,numpy_online,45,1486,0.0,0.0,0.0,0,False,0.0,0,False,-1,1500,online_perceptron
sensor_control,online_perceptron__perceptron_lr_0p05_perceptron_margin_0,linear,numpy_online,45,1487,0.0,0.0,0.0,0,False,0.0,0,False,-1,1500,online_perceptron
sensor_control,online_perceptron__perceptron_lr_0p05_perceptron_margin_0,linear,numpy_online,45,1488,0.0097967130321039,0.0,-0.01,-1,True,-0.1989678060689007,-1,True,1491,1500,online_perceptron
sensor_control,online_perceptron__perceptron_lr_0p05_perceptron_margin_0,linear,numpy_online,45,1489,0.0,0.0,0.0,0,False,0.0,0,False,-1,1500,online_perceptron
sensor_control,online_perceptron__perceptron_lr_0p05_perceptron_margin_0,linear,numpy_online,45,1490,0.0,0.0,0.0,0,False,0.0,0,False,-1,1500,online_perceptron
sensor_control,online_perceptron__perceptron_lr_0p05_perceptron_margin_0,linear,numpy_online,45,1491,0.0,-0.01,0.0,0,False,0.0,0,False,-1,1500,online_perceptron
sensor_control,online_perceptron__perceptron_lr_0p05_perceptron_margin_0,linear,numpy_online,45,1492,0.0,0.0,0.0,0,False,0.0,0,False,-1,1500,online_perceptron
sensor_control,online_perceptron__perceptron_lr_0p05_perceptron_margin_0,linear,numpy_online,45,1493,0.0,0.0,0.0,0,False,0.0,0,False,-1,1500,online_perceptron
sensor_control,online_perceptron__perceptron_lr_0p05_perceptron_margin_0,linear,numpy_online,45,1494,0.00978305916431954,0.0,-0.01,-1,True,-0.19882987272997932,-1,True,1497,1500,online_perceptron
sensor_control,online_perceptron__perceptron_lr_0p05_perceptron_margin_0,linear,numpy_online,45,1495,0.0,0.0,0.0,0,False,0.0,0,False,-1,1500,online_perceptron
sensor_control,online_perceptron__perceptron_lr_0p05_perceptron_margin_0,linear,numpy_online,45,1496,0.0,0.0,0.0,0,False,0.0,0,False,-1,1500,online_perceptron
sensor_control,online_perceptron__perceptron_lr_0p05_perceptron_margin_0,linear,numpy_online,45,1497,0.0,-0.01,0.0,0,False,0.0,0,False,-1,1500,online_perceptron
sensor_control,online_perceptron__perceptron_lr_0p05_perceptron_margin_0,linear,numpy_online,45,1498,0.0,0.0,0.0,0,False,0.0,0,False,-1,1500,online_perceptron
sensor_control,online_perceptron__perceptron_lr_0p05_perceptron_margin_0,linear,numpy_online,45,1499,0.0,0.0,0.0,0,False,0.0,0,False,-1,1500,online_perceptron
