task,model,model_family,backend,seed,step,event_type,phase,trial_id,context_sign,decision_cue_sign,sensory_return_1m,target_return_1m,target_signal_horizon,target_signal_sign,target_signal_nonzero,colony_prediction,prediction_sign,strict_direction_correct,feedback_due_step
distractor_gap_context,oracle_context,context_control,numpy_rule,42,0,context,long_distractor_gap,0,1,0,0.0055000000000000005,0.0,0.0,0,False,0.0,0,False,-1
distractor_gap_context,oracle_context,context_control,numpy_rule,42,1,distractor,long_distractor_gap,0,1,0,0.003,0.0,0.0,0,False,0.0,0,False,-1
distractor_gap_context,oracle_context,context_control,numpy_rule,42,2,distractor,long_distractor_gap,0,1,0,-0.003,0.0,0.0,0,False,0.0,0,False,-1
distractor_gap_context,oracle_context,context_control,numpy_rule,42,3,none,none,-1,0,0,0.0,0.0,0.0,0,False,0.0,0,False,-1
distractor_gap_context,oracle_context,context_control,numpy_rule,42,4,distractor,long_distractor_gap,0,1,0,0.003,0.0,0.0,0,False,0.0,0,False,-1
distractor_gap_context,oracle_context,context_control,numpy_rule,42,5,none,none,-1,0,0,0.0,0.0,0.0,0,False,0.0,0,False,-1
distractor_gap_context,oracle_context,context_control,numpy_rule,42,6,distractor,long_distractor_gap,0,1,0,-0.003,0.0,0.0,0,False,0.0,0,False,-1
distractor_gap_context,oracle_context,context_control,numpy_rule,42,7,distractor,long_distractor_gap,0,1,0,-0.003,0.0,0.0,0,False,0.0,0,False,-1
distractor_gap_context,oracle_context,context_control,numpy_rule,42,8,distractor,long_distractor_gap,0,1,0,0.003,0.0,0.0,0,False,0.0,0,False,-1
distractor_gap_context,oracle_context,context_control,numpy_rule,42,9,distractor,long_distractor_gap,0,1,0,-0.003,0.0,0.0,0,False,0.0,0,False,-1
distractor_gap_context,oracle_context,context_control,numpy_rule,42,10,distractor,long_distractor_gap,0,1,0,-0.003,0.0,0.0,0,False,0.0,0,False,-1
distractor_gap_context,oracle_context,context_control,numpy_rule,42,11,distractor,long_distractor_gap,0,1,0,0.003,0.0,0.0,0,False,0.0,0,False,-1
distractor_gap_context,oracle_context,context_control,numpy_rule,42,12,none,none,-1,0,0,0.0,0.0,0.0,0,False,0.0,0,False,-1
distractor_gap_context,oracle_context,context_control,numpy_rule,42,13,distractor,long_distractor_gap,0,1,0,0.003,0.0,0.0,0,False,0.0,0,False,-1
distractor_gap_context,oracle_context,context_control,numpy_rule,42,14,distractor,long_distractor_gap,0,1,0,-0.003,0.0,0.0,0,False,0.0,0,False,-1
distractor_gap_context,oracle_context,context_control,numpy_rule,42,15,none,none,-1,0,0,0.0,0.0,0.0,0,False,0.0,0,False,-1
distractor_gap_context,oracle_context,context_control,numpy_rule,42,16,distractor,long_distractor_gap,0,1,0,0.003,0.0,0.0,0,False,0.0,0,False,-1
distractor_gap_context,oracle_context,context_control,numpy_rule,42,17,distractor,long_distractor_gap,0,1,0,0.003,0.0,0.0,0,False,0.0,0,False,-1
distractor_gap_context,oracle_context,context_control,numpy_rule,42,18,distractor,long_distractor_gap,0,1,0,0.003,0.0,0.0,0,False,0.0,0,False,-1
distractor_gap_context,oracle_context,context_control,numpy_rule,42,19,distractor,long_distractor_gap,0,1,0,-0.003,0.0,0.0,0,False,0.0,0,False,-1
distractor_gap_context,oracle_context,context_control,numpy_rule,42,20,distractor,long_distractor_gap,0,1,0,-0.003,0.0,0.0,0,False,0.0,0,False,-1
distractor_gap_context,oracle_context,context_control,numpy_rule,42,21,distractor,long_distractor_gap,0,1,0,0.003,0.0,0.0,0,False,0.0,0,False,-1
distractor_gap_context,oracle_context,context_control,numpy_rule,42,22,distractor,long_distractor_gap,0,1,0,0.003,0.0,0.0,0,False,0.0,0,False,-1
distractor_gap_context,oracle_context,context_control,numpy_rule,42,23,distractor,long_distractor_gap,0,1,0,-0.003,0.0,0.0,0,False,0.0,0,False,-1
distractor_gap_context,oracle_context,context_control,numpy_rule,42,24,none,none,-1,0,0,0.0,0.0,0.0,0,False,0.0,0,False,-1
distractor_gap_context,oracle_context,context_control,numpy_rule,42,25,distractor,long_distractor_gap,0,1,0,0.003,0.0,0.0,0,False,0.0,0,False,-1
distractor_gap_context,oracle_context,context_control,numpy_rule,42,26,distractor,long_distractor_gap,0,1,0,-0.003,0.0,0.0,0,False,0.0,0,False,-1
distractor_gap_context,oracle_context,context_control,numpy_rule,42,27,distractor,long_distractor_gap,0,1,0,-0.003,0.0,0.0,0,False,0.0,0,False,-1
distractor_gap_context,oracle_context,context_control,numpy_rule,42,28,none,none,-1,0,0,0.0,0.0,0.0,0,False,0.0,0,False,-1
distractor_gap_context,oracle_context,context_control,numpy_rule,42,29,none,none,-1,0,0,0.0,0.0,0.0,0,False,0.0,0,False,-1
distractor_gap_context,oracle_context,context_control,numpy_rule,42,30,distractor,long_distractor_gap,0,1,0,0.003,0.0,0.0,0,False,0.0,0,False,-1
distractor_gap_context,oracle_context,context_control,numpy_rule,42,31,distractor,long_distractor_gap,0,1,0,0.003,0.0,0.0,0,False,0.0,0,False,-1
distractor_gap_context,oracle_context,context_control,numpy_rule,42,32,decision,long_distractor_gap,0,1,1,0.01,0.01,0.01,1,True,1.0,1,True,32
distractor_gap_context,oracle_context,context_control,numpy_rule,42,33,none,none,-1,0,0,0.0,0.0,0.0,0,False,0.0,0,False,-1
distractor_gap_context,oracle_context,context_control,numpy_rule,42,34,none,none,-1,0,0,0.0,0.0,0.0,0,False,0.0,0,False,-1
distractor_gap_context,oracle_context,context_control,numpy_rule,42,35,none,none,-1,0,0,0.0,0.0,0.0,0,False,0.0,0,False,-1
distractor_gap_context,oracle_context,context_control,numpy_rule,42,36,none,none,-1,0,0,0.0,0.0,0.0,0,False,0.0,0,False,-1
distractor_gap_context,oracle_context,context_control,numpy_rule,42,37,none,none,-1,0,0,0.0,0.0,0.0,0,False,0.0,0,False,-1
distractor_gap_context,oracle_context,context_control,numpy_rule,42,38,none,none,-1,0,0,0.0,0.0,0.0,0,False,0.0,0,False,-1
distractor_gap_context,oracle_context,context_control,numpy_rule,42,39,none,none,-1,0,0,0.0,0.0,0.0,0,False,0.0,0,False,-1
distractor_gap_context,oracle_context,context_control,numpy_rule,42,40,none,none,-1,0,0,0.0,0.0,0.0,0,False,0.0,0,False,-1
distractor_gap_context,oracle_context,context_control,numpy_rule,42,41,none,none,-1,0,0,0.0,0.0,0.0,0,False,0.0,0,False,-1
distractor_gap_context,oracle_context,context_control,numpy_rule,42,42,none,none,-1,0,0,0.0,0.0,0.0,0,False,0.0,0,False,-1
distractor_gap_context,oracle_context,context_control,numpy_rule,42,43,none,none,-1,0,0,0.0,0.0,0.0,0,False,0.0,0,False,-1
distractor_gap_context,oracle_context,context_control,numpy_rule,42,44,none,none,-1,0,0,0.0,0.0,0.0,0,False,0.0,0,False,-1
distractor_gap_context,oracle_context,context_control,numpy_rule,42,45,none,none,-1,0,0,0.0,0.0,0.0,0,False,0.0,0,False,-1
distractor_gap_context,oracle_context,context_control,numpy_rule,42,46,none,none,-1,0,0,0.0,0.0,0.0,0,False,0.0,0,False,-1
distractor_gap_context,oracle_context,context_control,numpy_rule,42,47,none,none,-1,0,0,0.0,0.0,0.0,0,False,0.0,0,False,-1
distractor_gap_context,oracle_context,context_control,numpy_rule,42,48,context,long_distractor_gap,1,1,0,0.0055000000000000005,0.0,0.0,0,False,0.0,0,False,-1
distractor_gap_context,oracle_context,context_control,numpy_rule,42,49,distractor,long_distractor_gap,1,1,0,0.003,0.0,0.0,0,False,0.0,0,False,-1
distractor_gap_context,oracle_context,context_control,numpy_rule,42,50,distractor,long_distractor_gap,1,1,0,0.003,0.0,0.0,0,False,0.0,0,False,-1
distractor_gap_context,oracle_context,context_control,numpy_rule,42,51,none,none,-1,0,0,0.0,0.0,0.0,0,False,0.0,0,False,-1
distractor_gap_context,oracle_context,context_control,numpy_rule,42,52,distractor,long_distractor_gap,1,1,0,-0.003,0.0,0.0,0,False,0.0,0,False,-1
distractor_gap_context,oracle_context,context_control,numpy_rule,42,53,distractor,long_distractor_gap,1,1,0,-0.003,0.0,0.0,0,False,0.0,0,False,-1
distractor_gap_context,oracle_context,context_control,numpy_rule,42,54,none,none,-1,0,0,0.0,0.0,0.0,0,False,0.0,0,False,-1
distractor_gap_context,oracle_context,context_control,numpy_rule,42,55,distractor,long_distractor_gap,1,1,0,-0.003,0.0,0.0,0,False,0.0,0,False,-1
distractor_gap_context,oracle_context,context_control,numpy_rule,42,56,none,none,-1,0,0,0.0,0.0,0.0,0,False,0.0,0,False,-1
distractor_gap_context,oracle_context,context_control,numpy_rule,42,57,distractor,long_distractor_gap,1,1,0,-0.003,0.0,0.0,0,False,0.0,0,False,-1
distractor_gap_context,oracle_context,context_control,numpy_rule,42,58,none,none,-1,0,0,0.0,0.0,0.0,0,False,0.0,0,False,-1
distractor_gap_context,oracle_context,context_control,numpy_rule,42,59,none,none,-1,0,0,0.0,0.0,0.0,0,False,0.0,0,False,-1
distractor_gap_context,oracle_context,context_control,numpy_rule,42,60,none,none,-1,0,0,0.0,0.0,0.0,0,False,0.0,0,False,-1
distractor_gap_context,oracle_context,context_control,numpy_rule,42,61,none,none,-1,0,0,0.0,0.0,0.0,0,False,0.0,0,False,-1
distractor_gap_context,oracle_context,context_control,numpy_rule,42,62,none,none,-1,0,0,0.0,0.0,0.0,0,False,0.0,0,False,-1
distractor_gap_context,oracle_context,context_control,numpy_rule,42,63,distractor,long_distractor_gap,1,1,0,-0.003,0.0,0.0,0,False,0.0,0,False,-1
distractor_gap_context,oracle_context,context_control,numpy_rule,42,64,none,none,-1,0,0,0.0,0.0,0.0,0,False,0.0,0,False,-1
distractor_gap_context,oracle_context,context_control,numpy_rule,42,65,distractor,long_distractor_gap,1,1,0,0.003,0.0,0.0,0,False,0.0,0,False,-1
distractor_gap_context,oracle_context,context_control,numpy_rule,42,66,distractor,long_distractor_gap,1,1,0,-0.003,0.0,0.0,0,False,0.0,0,False,-1
distractor_gap_context,oracle_context,context_control,numpy_rule,42,67,distractor,long_distractor_gap,1,1,0,-0.003,0.0,0.0,0,False,0.0,0,False,-1
distractor_gap_context,oracle_context,context_control,numpy_rule,42,68,none,none,-1,0,0,0.0,0.0,0.0,0,False,0.0,0,False,-1
distractor_gap_context,oracle_context,context_control,numpy_rule,42,69,distractor,long_distractor_gap,1,1,0,0.003,0.0,0.0,0,False,0.0,0,False,-1
distractor_gap_context,oracle_context,context_control,numpy_rule,42,70,distractor,long_distractor_gap,1,1,0,-0.003,0.0,0.0,0,False,0.0,0,False,-1
distractor_gap_context,oracle_context,context_control,numpy_rule,42,71,distractor,long_distractor_gap,1,1,0,-0.003,0.0,0.0,0,False,0.0,0,False,-1
distractor_gap_context,oracle_context,context_control,numpy_rule,42,72,none,none,-1,0,0,0.0,0.0,0.0,0,False,0.0,0,False,-1
distractor_gap_context,oracle_context,context_control,numpy_rule,42,73,distractor,long_distractor_gap,1,1,0,-0.003,0.0,0.0,0,False,0.0,0,False,-1
distractor_gap_context,oracle_context,context_control,numpy_rule,42,74,distractor,long_distractor_gap,1,1,0,-0.003,0.0,0.0,0,False,0.0,0,False,-1
distractor_gap_context,oracle_context,context_control,numpy_rule,42,75,none,none,-1,0,0,0.0,0.0,0.0,0,False,0.0,0,False,-1
distractor_gap_context,oracle_context,context_control,numpy_rule,42,76,distractor,long_distractor_gap,1,1,0,0.003,0.0,0.0,0,False,0.0,0,False,-1
distractor_gap_context,oracle_context,context_control,numpy_rule,42,77,distractor,long_distractor_gap,1,1,0,-0.003,0.0,0.0,0,False,0.0,0,False,-1
distractor_gap_context,oracle_context,context_control,numpy_rule,42,78,distractor,long_distractor_gap,1,1,0,0.003,0.0,0.0,0,False,0.0,0,False,-1
distractor_gap_context,oracle_context,context_control,numpy_rule,42,79,distractor,long_distractor_gap,1,1,0,0.003,0.0,0.0,0,False,0.0,0,False,-1
distractor_gap_context,oracle_context,context_control,numpy_rule,42,80,decision,long_distractor_gap,1,1,-1,-0.01,-0.01,-0.01,-1,True,-1.0,-1,True,80
distractor_gap_context,oracle_context,context_control,numpy_rule,42,81,none,none,-1,0,0,0.0,0.0,0.0,0,False,0.0,0,False,-1
distractor_gap_context,oracle_context,context_control,numpy_rule,42,82,none,none,-1,0,0,0.0,0.0,0.0,0,False,0.0,0,False,-1
distractor_gap_context,oracle_context,context_control,numpy_rule,42,83,none,none,-1,0,0,0.0,0.0,0.0,0,False,0.0,0,False,-1
distractor_gap_context,oracle_context,context_control,numpy_rule,42,84,none,none,-1,0,0,0.0,0.0,0.0,0,False,0.0,0,False,-1
distractor_gap_context,oracle_context,context_control,numpy_rule,42,85,none,none,-1,0,0,0.0,0.0,0.0,0,False,0.0,0,False,-1
distractor_gap_context,oracle_context,context_control,numpy_rule,42,86,none,none,-1,0,0,0.0,0.0,0.0,0,False,0.0,0,False,-1
distractor_gap_context,oracle_context,context_control,numpy_rule,42,87,none,none,-1,0,0,0.0,0.0,0.0,0,False,0.0,0,False,-1
distractor_gap_context,oracle_context,context_control,numpy_rule,42,88,none,none,-1,0,0,0.0,0.0,0.0,0,False,0.0,0,False,-1
distractor_gap_context,oracle_context,context_control,numpy_rule,42,89,none,none,-1,0,0,0.0,0.0,0.0,0,False,0.0,0,False,-1
distractor_gap_context,oracle_context,context_control,numpy_rule,42,90,none,none,-1,0,0,0.0,0.0,0.0,0,False,0.0,0,False,-1
distractor_gap_context,oracle_context,context_control,numpy_rule,42,91,none,none,-1,0,0,0.0,0.0,0.0,0,False,0.0,0,False,-1
distractor_gap_context,oracle_context,context_control,numpy_rule,42,92,none,none,-1,0,0,0.0,0.0,0.0,0,False,0.0,0,False,-1
distractor_gap_context,oracle_context,context_control,numpy_rule,42,93,none,none,-1,0,0,0.0,0.0,0.0,0,False,0.0,0,False,-1
distractor_gap_context,oracle_context,context_control,numpy_rule,42,94,none,none,-1,0,0,0.0,0.0,0.0,0,False,0.0,0,False,-1
distractor_gap_context,oracle_context,context_control,numpy_rule,42,95,none,none,-1,0,0,0.0,0.0,0.0,0,False,0.0,0,False,-1
distractor_gap_context,oracle_context,context_control,numpy_rule,42,96,context,long_distractor_gap,2,-1,0,-0.0055000000000000005,0.0,0.0,0,False,0.0,0,False,-1
distractor_gap_context,oracle_context,context_control,numpy_rule,42,97,distractor,long_distractor_gap,2,-1,0,0.003,0.0,0.0,0,False,0.0,0,False,-1
distractor_gap_context,oracle_context,context_control,numpy_rule,42,98,none,none,-1,0,0,0.0,0.0,0.0,0,False,0.0,0,False,-1
distractor_gap_context,oracle_context,context_control,numpy_rule,42,99,distractor,long_distractor_gap,2,-1,0,0.003,0.0,0.0,0,False,0.0,0,False,-1
distractor_gap_context,oracle_context,context_control,numpy_rule,42,100,none,none,-1,0,0,0.0,0.0,0.0,0,False,0.0,0,False,-1
distractor_gap_context,oracle_context,context_control,numpy_rule,42,101,distractor,long_distractor_gap,2,-1,0,-0.003,0.0,0.0,0,False,0.0,0,False,-1
distractor_gap_context,oracle_context,context_control,numpy_rule,42,102,none,none,-1,0,0,0.0,0.0,0.0,0,False,0.0,0,False,-1
distractor_gap_context,oracle_context,context_control,numpy_rule,42,103,none,none,-1,0,0,0.0,0.0,0.0,0,False,0.0,0,False,-1
distractor_gap_context,oracle_context,context_control,numpy_rule,42,104,none,none,-1,0,0,0.0,0.0,0.0,0,False,0.0,0,False,-1
distractor_gap_context,oracle_context,context_control,numpy_rule,42,105,none,none,-1,0,0,0.0,0.0,0.0,0,False,0.0,0,False,-1
distractor_gap_context,oracle_context,context_control,numpy_rule,42,106,distractor,long_distractor_gap,2,-1,0,-0.003,0.0,0.0,0,False,0.0,0,False,-1
distractor_gap_context,oracle_context,context_control,numpy_rule,42,107,distractor,long_distractor_gap,2,-1,0,-0.003,0.0,0.0,0,False,0.0,0,False,-1
distractor_gap_context,oracle_context,context_control,numpy_rule,42,108,distractor,long_distractor_gap,2,-1,0,-0.003,0.0,0.0,0,False,0.0,0,False,-1
distractor_gap_context,oracle_context,context_control,numpy_rule,42,109,none,none,-1,0,0,0.0,0.0,0.0,0,False,0.0,0,False,-1
distractor_gap_context,oracle_context,context_control,numpy_rule,42,110,distractor,long_distractor_gap,2,-1,0,-0.003,0.0,0.0,0,False,0.0,0,False,-1
distractor_gap_context,oracle_context,context_control,numpy_rule,42,111,distractor,long_distractor_gap,2,-1,0,-0.003,0.0,0.0,0,False,0.0,0,False,-1
distractor_gap_context,oracle_context,context_control,numpy_rule,42,112,distractor,long_distractor_gap,2,-1,0,-0.003,0.0,0.0,0,False,0.0,0,False,-1
distractor_gap_context,oracle_context,context_control,numpy_rule,42,113,distractor,long_distractor_gap,2,-1,0,-0.003,0.0,0.0,0,False,0.0,0,False,-1
distractor_gap_context,oracle_context,context_control,numpy_rule,42,114,distractor,long_distractor_gap,2,-1,0,0.003,0.0,0.0,0,False,0.0,0,False,-1
distractor_gap_context,oracle_context,context_control,numpy_rule,42,115,distractor,long_distractor_gap,2,-1,0,-0.003,0.0,0.0,0,False,0.0,0,False,-1
distractor_gap_context,oracle_context,context_control,numpy_rule,42,116,none,none,-1,0,0,0.0,0.0,0.0,0,False,0.0,0,False,-1
distractor_gap_context,oracle_context,context_control,numpy_rule,42,117,distractor,long_distractor_gap,2,-1,0,0.003,0.0,0.0,0,False,0.0,0,False,-1
distractor_gap_context,oracle_context,context_control,numpy_rule,42,118,distractor,long_distractor_gap,2,-1,0,0.003,0.0,0.0,0,False,0.0,0,False,-1
distractor_gap_context,oracle_context,context_control,numpy_rule,42,119,distractor,long_distractor_gap,2,-1,0,0.003,0.0,0.0,0,False,0.0,0,False,-1
distractor_gap_context,oracle_context,context_control,numpy_rule,42,120,none,none,-1,0,0,0.0,0.0,0.0,0,False,0.0,0,False,-1
distractor_gap_context,oracle_context,context_control,numpy_rule,42,121,distractor,long_distractor_gap,2,-1,0,0.003,0.0,0.0,0,False,0.0,0,False,-1
distractor_gap_context,oracle_context,context_control,numpy_rule,42,122,none,none,-1,0,0,0.0,0.0,0.0,0,False,0.0,0,False,-1
distractor_gap_context,oracle_context,context_control,numpy_rule,42,123,distractor,long_distractor_gap,2,-1,0,-0.003,0.0,0.0,0,False,0.0,0,False,-1
distractor_gap_context,oracle_context,context_control,numpy_rule,42,124,none,none,-1,0,0,0.0,0.0,0.0,0,False,0.0,0,False,-1
distractor_gap_context,oracle_context,context_control,numpy_rule,42,125,distractor,long_distractor_gap,2,-1,0,-0.003,0.0,0.0,0,False,0.0,0,False,-1
distractor_gap_context,oracle_context,context_control,numpy_rule,42,126,none,none,-1,0,0,0.0,0.0,0.0,0,False,0.0,0,False,-1
distractor_gap_context,oracle_context,context_control,numpy_rule,42,127,none,none,-1,0,0,0.0,0.0,0.0,0,False,0.0,0,False,-1
distractor_gap_context,oracle_context,context_control,numpy_rule,42,128,decision,long_distractor_gap,2,-1,1,0.01,-0.01,-0.01,-1,True,-1.0,-1,True,128
distractor_gap_context,oracle_context,context_control,numpy_rule,42,129,none,none,-1,0,0,0.0,0.0,0.0,0,False,0.0,0,False,-1
distractor_gap_context,oracle_context,context_control,numpy_rule,42,130,none,none,-1,0,0,0.0,0.0,0.0,0,False,0.0,0,False,-1
distractor_gap_context,oracle_context,context_control,numpy_rule,42,131,none,none,-1,0,0,0.0,0.0,0.0,0,False,0.0,0,False,-1
distractor_gap_context,oracle_context,context_control,numpy_rule,42,132,none,none,-1,0,0,0.0,0.0,0.0,0,False,0.0,0,False,-1
distractor_gap_context,oracle_context,context_control,numpy_rule,42,133,none,none,-1,0,0,0.0,0.0,0.0,0,False,0.0,0,False,-1
distractor_gap_context,oracle_context,context_control,numpy_rule,42,134,none,none,-1,0,0,0.0,0.0,0.0,0,False,0.0,0,False,-1
distractor_gap_context,oracle_context,context_control,numpy_rule,42,135,none,none,-1,0,0,0.0,0.0,0.0,0,False,0.0,0,False,-1
distractor_gap_context,oracle_context,context_control,numpy_rule,42,136,none,none,-1,0,0,0.0,0.0,0.0,0,False,0.0,0,False,-1
distractor_gap_context,oracle_context,context_control,numpy_rule,42,137,none,none,-1,0,0,0.0,0.0,0.0,0,False,0.0,0,False,-1
distractor_gap_context,oracle_context,context_control,numpy_rule,42,138,none,none,-1,0,0,0.0,0.0,0.0,0,False,0.0,0,False,-1
distractor_gap_context,oracle_context,context_control,numpy_rule,42,139,none,none,-1,0,0,0.0,0.0,0.0,0,False,0.0,0,False,-1
distractor_gap_context,oracle_context,context_control,numpy_rule,42,140,none,none,-1,0,0,0.0,0.0,0.0,0,False,0.0,0,False,-1
distractor_gap_context,oracle_context,context_control,numpy_rule,42,141,none,none,-1,0,0,0.0,0.0,0.0,0,False,0.0,0,False,-1
distractor_gap_context,oracle_context,context_control,numpy_rule,42,142,none,none,-1,0,0,0.0,0.0,0.0,0,False,0.0,0,False,-1
distractor_gap_context,oracle_context,context_control,numpy_rule,42,143,none,none,-1,0,0,0.0,0.0,0.0,0,False,0.0,0,False,-1
distractor_gap_context,oracle_context,context_control,numpy_rule,42,144,context,long_distractor_gap,3,-1,0,-0.0055000000000000005,0.0,0.0,0,False,0.0,0,False,-1
distractor_gap_context,oracle_context,context_control,numpy_rule,42,145,none,none,-1,0,0,0.0,0.0,0.0,0,False,0.0,0,False,-1
distractor_gap_context,oracle_context,context_control,numpy_rule,42,146,distractor,long_distractor_gap,3,-1,0,0.003,0.0,0.0,0,False,0.0,0,False,-1
distractor_gap_context,oracle_context,context_control,numpy_rule,42,147,distractor,long_distractor_gap,3,-1,0,0.003,0.0,0.0,0,False,0.0,0,False,-1
distractor_gap_context,oracle_context,context_control,numpy_rule,42,148,none,none,-1,0,0,0.0,0.0,0.0,0,False,0.0,0,False,-1
distractor_gap_context,oracle_context,context_control,numpy_rule,42,149,distractor,long_distractor_gap,3,-1,0,-0.003,0.0,0.0,0,False,0.0,0,False,-1
distractor_gap_context,oracle_context,context_control,numpy_rule,42,150,distractor,long_distractor_gap,3,-1,0,0.003,0.0,0.0,0,False,0.0,0,False,-1
distractor_gap_context,oracle_context,context_control,numpy_rule,42,151,distractor,long_distractor_gap,3,-1,0,0.003,0.0,0.0,0,False,0.0,0,False,-1
distractor_gap_context,oracle_context,context_control,numpy_rule,42,152,none,none,-1,0,0,0.0,0.0,0.0,0,False,0.0,0,False,-1
distractor_gap_context,oracle_context,context_control,numpy_rule,42,153,distractor,long_distractor_gap,3,-1,0,-0.003,0.0,0.0,0,False,0.0,0,False,-1
distractor_gap_context,oracle_context,context_control,numpy_rule,42,154,distractor,long_distractor_gap,3,-1,0,-0.003,0.0,0.0,0,False,0.0,0,False,-1
distractor_gap_context,oracle_context,context_control,numpy_rule,42,155,distractor,long_distractor_gap,3,-1,0,0.003,0.0,0.0,0,False,0.0,0,False,-1
distractor_gap_context,oracle_context,context_control,numpy_rule,42,156,distractor,long_distractor_gap,3,-1,0,-0.003,0.0,0.0,0,False,0.0,0,False,-1
distractor_gap_context,oracle_context,context_control,numpy_rule,42,157,distractor,long_distractor_gap,3,-1,0,-0.003,0.0,0.0,0,False,0.0,0,False,-1
distractor_gap_context,oracle_context,context_control,numpy_rule,42,158,none,none,-1,0,0,0.0,0.0,0.0,0,False,0.0,0,False,-1
distractor_gap_context,oracle_context,context_control,numpy_rule,42,159,distractor,long_distractor_gap,3,-1,0,0.003,0.0,0.0,0,False,0.0,0,False,-1
distractor_gap_context,oracle_context,context_control,numpy_rule,42,160,none,none,-1,0,0,0.0,0.0,0.0,0,False,0.0,0,False,-1
distractor_gap_context,oracle_context,context_control,numpy_rule,42,161,distractor,long_distractor_gap,3,-1,0,0.003,0.0,0.0,0,False,0.0,0,False,-1
distractor_gap_context,oracle_context,context_control,numpy_rule,42,162,none,none,-1,0,0,0.0,0.0,0.0,0,False,0.0,0,False,-1
distractor_gap_context,oracle_context,context_control,numpy_rule,42,163,distractor,long_distractor_gap,3,-1,0,0.003,0.0,0.0,0,False,0.0,0,False,-1
distractor_gap_context,oracle_context,context_control,numpy_rule,42,164,distractor,long_distractor_gap,3,-1,0,0.003,0.0,0.0,0,False,0.0,0,False,-1
distractor_gap_context,oracle_context,context_control,numpy_rule,42,165,distractor,long_distractor_gap,3,-1,0,-0.003,0.0,0.0,0,False,0.0,0,False,-1
distractor_gap_context,oracle_context,context_control,numpy_rule,42,166,none,none,-1,0,0,0.0,0.0,0.0,0,False,0.0,0,False,-1
distractor_gap_context,oracle_context,context_control,numpy_rule,42,167,distractor,long_distractor_gap,3,-1,0,0.003,0.0,0.0,0,False,0.0,0,False,-1
distractor_gap_context,oracle_context,context_control,numpy_rule,42,168,none,none,-1,0,0,0.0,0.0,0.0,0,False,0.0,0,False,-1
distractor_gap_context,oracle_context,context_control,numpy_rule,42,169,distractor,long_distractor_gap,3,-1,0,-0.003,0.0,0.0,0,False,0.0,0,False,-1
distractor_gap_context,oracle_context,context_control,numpy_rule,42,170,distractor,long_distractor_gap,3,-1,0,0.003,0.0,0.0,0,False,0.0,0,False,-1
distractor_gap_context,oracle_context,context_control,numpy_rule,42,171,distractor,long_distractor_gap,3,-1,0,-0.003,0.0,0.0,0,False,0.0,0,False,-1
distractor_gap_context,oracle_context,context_control,numpy_rule,42,172,distractor,long_distractor_gap,3,-1,0,-0.003,0.0,0.0,0,False,0.0,0,False,-1
distractor_gap_context,oracle_context,context_control,numpy_rule,42,173,distractor,long_distractor_gap,3,-1,0,-0.003,0.0,0.0,0,False,0.0,0,False,-1
distractor_gap_context,oracle_context,context_control,numpy_rule,42,174,none,none,-1,0,0,0.0,0.0,0.0,0,False,0.0,0,False,-1
distractor_gap_context,oracle_context,context_control,numpy_rule,42,175,distractor,long_distractor_gap,3,-1,0,-0.003,0.0,0.0,0,False,0.0,0,False,-1
distractor_gap_context,oracle_context,context_control,numpy_rule,42,176,decision,long_distractor_gap,3,-1,-1,-0.01,0.01,0.01,1,True,1.0,1,True,176
distractor_gap_context,oracle_context,context_control,numpy_rule,42,177,none,none,-1,0,0,0.0,0.0,0.0,0,False,0.0,0,False,-1
distractor_gap_context,oracle_context,context_control,numpy_rule,42,178,none,none,-1,0,0,0.0,0.0,0.0,0,False,0.0,0,False,-1
distractor_gap_context,oracle_context,context_control,numpy_rule,42,179,none,none,-1,0,0,0.0,0.0,0.0,0,False,0.0,0,False,-1
distractor_gap_context,oracle_context,context_control,numpy_rule,42,180,none,none,-1,0,0,0.0,0.0,0.0,0,False,0.0,0,False,-1
distractor_gap_context,oracle_context,context_control,numpy_rule,42,181,none,none,-1,0,0,0.0,0.0,0.0,0,False,0.0,0,False,-1
distractor_gap_context,oracle_context,context_control,numpy_rule,42,182,none,none,-1,0,0,0.0,0.0,0.0,0,False,0.0,0,False,-1
distractor_gap_context,oracle_context,context_control,numpy_rule,42,183,none,none,-1,0,0,0.0,0.0,0.0,0,False,0.0,0,False,-1
distractor_gap_context,oracle_context,context_control,numpy_rule,42,184,none,none,-1,0,0,0.0,0.0,0.0,0,False,0.0,0,False,-1
distractor_gap_context,oracle_context,context_control,numpy_rule,42,185,none,none,-1,0,0,0.0,0.0,0.0,0,False,0.0,0,False,-1
distractor_gap_context,oracle_context,context_control,numpy_rule,42,186,none,none,-1,0,0,0.0,0.0,0.0,0,False,0.0,0,False,-1
distractor_gap_context,oracle_context,context_control,numpy_rule,42,187,none,none,-1,0,0,0.0,0.0,0.0,0,False,0.0,0,False,-1
distractor_gap_context,oracle_context,context_control,numpy_rule,42,188,none,none,-1,0,0,0.0,0.0,0.0,0,False,0.0,0,False,-1
distractor_gap_context,oracle_context,context_control,numpy_rule,42,189,none,none,-1,0,0,0.0,0.0,0.0,0,False,0.0,0,False,-1
distractor_gap_context,oracle_context,context_control,numpy_rule,42,190,none,none,-1,0,0,0.0,0.0,0.0,0,False,0.0,0,False,-1
distractor_gap_context,oracle_context,context_control,numpy_rule,42,191,none,none,-1,0,0,0.0,0.0,0.0,0,False,0.0,0,False,-1
distractor_gap_context,oracle_context,context_control,numpy_rule,42,192,context,long_distractor_gap,4,1,0,0.0055000000000000005,0.0,0.0,0,False,0.0,0,False,-1
distractor_gap_context,oracle_context,context_control,numpy_rule,42,193,none,none,-1,0,0,0.0,0.0,0.0,0,False,0.0,0,False,-1
distractor_gap_context,oracle_context,context_control,numpy_rule,42,194,distractor,long_distractor_gap,4,1,0,-0.003,0.0,0.0,0,False,0.0,0,False,-1
distractor_gap_context,oracle_context,context_control,numpy_rule,42,195,distractor,long_distractor_gap,4,1,0,-0.003,0.0,0.0,0,False,0.0,0,False,-1
distractor_gap_context,oracle_context,context_control,numpy_rule,42,196,distractor,long_distractor_gap,4,1,0,-0.003,0.0,0.0,0,False,0.0,0,False,-1
distractor_gap_context,oracle_context,context_control,numpy_rule,42,197,none,none,-1,0,0,0.0,0.0,0.0,0,False,0.0,0,False,-1
distractor_gap_context,oracle_context,context_control,numpy_rule,42,198,distractor,long_distractor_gap,4,1,0,0.003,0.0,0.0,0,False,0.0,0,False,-1
distractor_gap_context,oracle_context,context_control,numpy_rule,42,199,distractor,long_distractor_gap,4,1,0,0.003,0.0,0.0,0,False,0.0,0,False,-1
distractor_gap_context,oracle_context,context_control,numpy_rule,42,200,distractor,long_distractor_gap,4,1,0,-0.003,0.0,0.0,0,False,0.0,0,False,-1
distractor_gap_context,oracle_context,context_control,numpy_rule,42,201,distractor,long_distractor_gap,4,1,0,-0.003,0.0,0.0,0,False,0.0,0,False,-1
distractor_gap_context,oracle_context,context_control,numpy_rule,42,202,distractor,long_distractor_gap,4,1,0,-0.003,0.0,0.0,0,False,0.0,0,False,-1
distractor_gap_context,oracle_context,context_control,numpy_rule,42,203,distractor,long_distractor_gap,4,1,0,-0.003,0.0,0.0,0,False,0.0,0,False,-1
distractor_gap_context,oracle_context,context_control,numpy_rule,42,204,none,none,-1,0,0,0.0,0.0,0.0,0,False,0.0,0,False,-1
distractor_gap_context,oracle_context,context_control,numpy_rule,42,205,none,none,-1,0,0,0.0,0.0,0.0,0,False,0.0,0,False,-1
distractor_gap_context,oracle_context,context_control,numpy_rule,42,206,distractor,long_distractor_gap,4,1,0,-0.003,0.0,0.0,0,False,0.0,0,False,-1
distractor_gap_context,oracle_context,context_control,numpy_rule,42,207,distractor,long_distractor_gap,4,1,0,-0.003,0.0,0.0,0,False,0.0,0,False,-1
distractor_gap_context,oracle_context,context_control,numpy_rule,42,208,distractor,long_distractor_gap,4,1,0,-0.003,0.0,0.0,0,False,0.0,0,False,-1
distractor_gap_context,oracle_context,context_control,numpy_rule,42,209,none,none,-1,0,0,0.0,0.0,0.0,0,False,0.0,0,False,-1
distractor_gap_context,oracle_context,context_control,numpy_rule,42,210,distractor,long_distractor_gap,4,1,0,0.003,0.0,0.0,0,False,0.0,0,False,-1
distractor_gap_context,oracle_context,context_control,numpy_rule,42,211,distractor,long_distractor_gap,4,1,0,0.003,0.0,0.0,0,False,0.0,0,False,-1
distractor_gap_context,oracle_context,context_control,numpy_rule,42,212,distractor,long_distractor_gap,4,1,0,-0.003,0.0,0.0,0,False,0.0,0,False,-1
distractor_gap_context,oracle_context,context_control,numpy_rule,42,213,none,none,-1,0,0,0.0,0.0,0.0,0,False,0.0,0,False,-1
distractor_gap_context,oracle_context,context_control,numpy_rule,42,214,none,none,-1,0,0,0.0,0.0,0.0,0,False,0.0,0,False,-1
distractor_gap_context,oracle_context,context_control,numpy_rule,42,215,distractor,long_distractor_gap,4,1,0,-0.003,0.0,0.0,0,False,0.0,0,False,-1
distractor_gap_context,oracle_context,context_control,numpy_rule,42,216,distractor,long_distractor_gap,4,1,0,0.003,0.0,0.0,0,False,0.0,0,False,-1
distractor_gap_context,oracle_context,context_control,numpy_rule,42,217,distractor,long_distractor_gap,4,1,0,-0.003,0.0,0.0,0,False,0.0,0,False,-1
distractor_gap_context,oracle_context,context_control,numpy_rule,42,218,distractor,long_distractor_gap,4,1,0,-0.003,0.0,0.0,0,False,0.0,0,False,-1
distractor_gap_context,oracle_context,context_control,numpy_rule,42,219,distractor,long_distractor_gap,4,1,0,0.003,0.0,0.0,0,False,0.0,0,False,-1
distractor_gap_context,oracle_context,context_control,numpy_rule,42,220,distractor,long_distractor_gap,4,1,0,-0.003,0.0,0.0,0,False,0.0,0,False,-1
distractor_gap_context,oracle_context,context_control,numpy_rule,42,221,distractor,long_distractor_gap,4,1,0,-0.003,0.0,0.0,0,False,0.0,0,False,-1
distractor_gap_context,oracle_context,context_control,numpy_rule,42,222,distractor,long_distractor_gap,4,1,0,-0.003,0.0,0.0,0,False,0.0,0,False,-1
distractor_gap_context,oracle_context,context_control,numpy_rule,42,223,none,none,-1,0,0,0.0,0.0,0.0,0,False,0.0,0,False,-1
distractor_gap_context,oracle_context,context_control,numpy_rule,42,224,decision,long_distractor_gap,4,1,1,0.01,0.01,0.01,1,True,1.0,1,True,224
distractor_gap_context,oracle_context,context_control,numpy_rule,42,225,none,none,-1,0,0,0.0,0.0,0.0,0,False,0.0,0,False,-1
distractor_gap_context,oracle_context,context_control,numpy_rule,42,226,none,none,-1,0,0,0.0,0.0,0.0,0,False,0.0,0,False,-1
distractor_gap_context,oracle_context,context_control,numpy_rule,42,227,none,none,-1,0,0,0.0,0.0,0.0,0,False,0.0,0,False,-1
distractor_gap_context,oracle_context,context_control,numpy_rule,42,228,none,none,-1,0,0,0.0,0.0,0.0,0,False,0.0,0,False,-1
distractor_gap_context,oracle_context,context_control,numpy_rule,42,229,none,none,-1,0,0,0.0,0.0,0.0,0,False,0.0,0,False,-1
distractor_gap_context,oracle_context,context_control,numpy_rule,42,230,none,none,-1,0,0,0.0,0.0,0.0,0,False,0.0,0,False,-1
distractor_gap_context,oracle_context,context_control,numpy_rule,42,231,none,none,-1,0,0,0.0,0.0,0.0,0,False,0.0,0,False,-1
distractor_gap_context,oracle_context,context_control,numpy_rule,42,232,none,none,-1,0,0,0.0,0.0,0.0,0,False,0.0,0,False,-1
distractor_gap_context,oracle_context,context_control,numpy_rule,42,233,none,none,-1,0,0,0.0,0.0,0.0,0,False,0.0,0,False,-1
distractor_gap_context,oracle_context,context_control,numpy_rule,42,234,none,none,-1,0,0,0.0,0.0,0.0,0,False,0.0,0,False,-1
distractor_gap_context,oracle_context,context_control,numpy_rule,42,235,none,none,-1,0,0,0.0,0.0,0.0,0,False,0.0,0,False,-1
distractor_gap_context,oracle_context,context_control,numpy_rule,42,236,none,none,-1,0,0,0.0,0.0,0.0,0,False,0.0,0,False,-1
distractor_gap_context,oracle_context,context_control,numpy_rule,42,237,none,none,-1,0,0,0.0,0.0,0.0,0,False,0.0,0,False,-1
distractor_gap_context,oracle_context,context_control,numpy_rule,42,238,none,none,-1,0,0,0.0,0.0,0.0,0,False,0.0,0,False,-1
distractor_gap_context,oracle_context,context_control,numpy_rule,42,239,none,none,-1,0,0,0.0,0.0,0.0,0,False,0.0,0,False,-1
distractor_gap_context,oracle_context,context_control,numpy_rule,42,240,context,long_distractor_gap,5,1,0,0.0055000000000000005,0.0,0.0,0,False,0.0,0,False,-1
distractor_gap_context,oracle_context,context_control,numpy_rule,42,241,distractor,long_distractor_gap,5,1,0,-0.003,0.0,0.0,0,False,0.0,0,False,-1
distractor_gap_context,oracle_context,context_control,numpy_rule,42,242,distractor,long_distractor_gap,5,1,0,0.003,0.0,0.0,0,False,0.0,0,False,-1
distractor_gap_context,oracle_context,context_control,numpy_rule,42,243,distractor,long_distractor_gap,5,1,0,0.003,0.0,0.0,0,False,0.0,0,False,-1
distractor_gap_context,oracle_context,context_control,numpy_rule,42,244,distractor,long_distractor_gap,5,1,0,0.003,0.0,0.0,0,False,0.0,0,False,-1
distractor_gap_context,oracle_context,context_control,numpy_rule,42,245,distractor,long_distractor_gap,5,1,0,0.003,0.0,0.0,0,False,0.0,0,False,-1
distractor_gap_context,oracle_context,context_control,numpy_rule,42,246,distractor,long_distractor_gap,5,1,0,-0.003,0.0,0.0,0,False,0.0,0,False,-1
distractor_gap_context,oracle_context,context_control,numpy_rule,42,247,none,none,-1,0,0,0.0,0.0,0.0,0,False,0.0,0,False,-1
distractor_gap_context,oracle_context,context_control,numpy_rule,42,248,distractor,long_distractor_gap,5,1,0,0.003,0.0,0.0,0,False,0.0,0,False,-1
distractor_gap_context,oracle_context,context_control,numpy_rule,42,249,distractor,long_distractor_gap,5,1,0,0.003,0.0,0.0,0,False,0.0,0,False,-1
distractor_gap_context,oracle_context,context_control,numpy_rule,42,250,distractor,long_distractor_gap,5,1,0,-0.003,0.0,0.0,0,False,0.0,0,False,-1
distractor_gap_context,oracle_context,context_control,numpy_rule,42,251,distractor,long_distractor_gap,5,1,0,-0.003,0.0,0.0,0,False,0.0,0,False,-1
distractor_gap_context,oracle_context,context_control,numpy_rule,42,252,distractor,long_distractor_gap,5,1,0,-0.003,0.0,0.0,0,False,0.0,0,False,-1
distractor_gap_context,oracle_context,context_control,numpy_rule,42,253,distractor,long_distractor_gap,5,1,0,-0.003,0.0,0.0,0,False,0.0,0,False,-1
distractor_gap_context,oracle_context,context_control,numpy_rule,42,254,distractor,long_distractor_gap,5,1,0,0.003,0.0,0.0,0,False,0.0,0,False,-1
distractor_gap_context,oracle_context,context_control,numpy_rule,42,255,distractor,long_distractor_gap,5,1,0,0.003,0.0,0.0,0,False,0.0,0,False,-1
distractor_gap_context,oracle_context,context_control,numpy_rule,42,256,distractor,long_distractor_gap,5,1,0,-0.003,0.0,0.0,0,False,0.0,0,False,-1
distractor_gap_context,oracle_context,context_control,numpy_rule,42,257,distractor,long_distractor_gap,5,1,0,-0.003,0.0,0.0,0,False,0.0,0,False,-1
distractor_gap_context,oracle_context,context_control,numpy_rule,42,258,distractor,long_distractor_gap,5,1,0,0.003,0.0,0.0,0,False,0.0,0,False,-1
distractor_gap_context,oracle_context,context_control,numpy_rule,42,259,distractor,long_distractor_gap,5,1,0,-0.003,0.0,0.0,0,False,0.0,0,False,-1
distractor_gap_context,oracle_context,context_control,numpy_rule,42,260,distractor,long_distractor_gap,5,1,0,0.003,0.0,0.0,0,False,0.0,0,False,-1
distractor_gap_context,oracle_context,context_control,numpy_rule,42,261,distractor,long_distractor_gap,5,1,0,0.003,0.0,0.0,0,False,0.0,0,False,-1
distractor_gap_context,oracle_context,context_control,numpy_rule,42,262,distractor,long_distractor_gap,5,1,0,0.003,0.0,0.0,0,False,0.0,0,False,-1
distractor_gap_context,oracle_context,context_control,numpy_rule,42,263,none,none,-1,0,0,0.0,0.0,0.0,0,False,0.0,0,False,-1
distractor_gap_context,oracle_context,context_control,numpy_rule,42,264,distractor,long_distractor_gap,5,1,0,0.003,0.0,0.0,0,False,0.0,0,False,-1
distractor_gap_context,oracle_context,context_control,numpy_rule,42,265,distractor,long_distractor_gap,5,1,0,-0.003,0.0,0.0,0,False,0.0,0,False,-1
distractor_gap_context,oracle_context,context_control,numpy_rule,42,266,distractor,long_distractor_gap,5,1,0,0.003,0.0,0.0,0,False,0.0,0,False,-1
distractor_gap_context,oracle_context,context_control,numpy_rule,42,267,none,none,-1,0,0,0.0,0.0,0.0,0,False,0.0,0,False,-1
distractor_gap_context,oracle_context,context_control,numpy_rule,42,268,distractor,long_distractor_gap,5,1,0,-0.003,0.0,0.0,0,False,0.0,0,False,-1
distractor_gap_context,oracle_context,context_control,numpy_rule,42,269,none,none,-1,0,0,0.0,0.0,0.0,0,False,0.0,0,False,-1
distractor_gap_context,oracle_context,context_control,numpy_rule,42,270,none,none,-1,0,0,0.0,0.0,0.0,0,False,0.0,0,False,-1
distractor_gap_context,oracle_context,context_control,numpy_rule,42,271,none,none,-1,0,0,0.0,0.0,0.0,0,False,0.0,0,False,-1
distractor_gap_context,oracle_context,context_control,numpy_rule,42,272,decision,long_distractor_gap,5,1,-1,-0.01,-0.01,-0.01,-1,True,-1.0,-1,True,272
distractor_gap_context,oracle_context,context_control,numpy_rule,42,273,none,none,-1,0,0,0.0,0.0,0.0,0,False,0.0,0,False,-1
distractor_gap_context,oracle_context,context_control,numpy_rule,42,274,none,none,-1,0,0,0.0,0.0,0.0,0,False,0.0,0,False,-1
distractor_gap_context,oracle_context,context_control,numpy_rule,42,275,none,none,-1,0,0,0.0,0.0,0.0,0,False,0.0,0,False,-1
distractor_gap_context,oracle_context,context_control,numpy_rule,42,276,none,none,-1,0,0,0.0,0.0,0.0,0,False,0.0,0,False,-1
distractor_gap_context,oracle_context,context_control,numpy_rule,42,277,none,none,-1,0,0,0.0,0.0,0.0,0,False,0.0,0,False,-1
distractor_gap_context,oracle_context,context_control,numpy_rule,42,278,none,none,-1,0,0,0.0,0.0,0.0,0,False,0.0,0,False,-1
distractor_gap_context,oracle_context,context_control,numpy_rule,42,279,none,none,-1,0,0,0.0,0.0,0.0,0,False,0.0,0,False,-1
distractor_gap_context,oracle_context,context_control,numpy_rule,42,280,none,none,-1,0,0,0.0,0.0,0.0,0,False,0.0,0,False,-1
distractor_gap_context,oracle_context,context_control,numpy_rule,42,281,none,none,-1,0,0,0.0,0.0,0.0,0,False,0.0,0,False,-1
distractor_gap_context,oracle_context,context_control,numpy_rule,42,282,none,none,-1,0,0,0.0,0.0,0.0,0,False,0.0,0,False,-1
distractor_gap_context,oracle_context,context_control,numpy_rule,42,283,none,none,-1,0,0,0.0,0.0,0.0,0,False,0.0,0,False,-1
distractor_gap_context,oracle_context,context_control,numpy_rule,42,284,none,none,-1,0,0,0.0,0.0,0.0,0,False,0.0,0,False,-1
distractor_gap_context,oracle_context,context_control,numpy_rule,42,285,none,none,-1,0,0,0.0,0.0,0.0,0,False,0.0,0,False,-1
distractor_gap_context,oracle_context,context_control,numpy_rule,42,286,none,none,-1,0,0,0.0,0.0,0.0,0,False,0.0,0,False,-1
distractor_gap_context,oracle_context,context_control,numpy_rule,42,287,none,none,-1,0,0,0.0,0.0,0.0,0,False,0.0,0,False,-1
distractor_gap_context,oracle_context,context_control,numpy_rule,42,288,context,long_distractor_gap,6,-1,0,-0.0055000000000000005,0.0,0.0,0,False,0.0,0,False,-1
distractor_gap_context,oracle_context,context_control,numpy_rule,42,289,distractor,long_distractor_gap,6,-1,0,-0.003,0.0,0.0,0,False,0.0,0,False,-1
distractor_gap_context,oracle_context,context_control,numpy_rule,42,290,distractor,long_distractor_gap,6,-1,0,-0.003,0.0,0.0,0,False,0.0,0,False,-1
distractor_gap_context,oracle_context,context_control,numpy_rule,42,291,none,none,-1,0,0,0.0,0.0,0.0,0,False,0.0,0,False,-1
distractor_gap_context,oracle_context,context_control,numpy_rule,42,292,distractor,long_distractor_gap,6,-1,0,0.003,0.0,0.0,0,False,0.0,0,False,-1
distractor_gap_context,oracle_context,context_control,numpy_rule,42,293,distractor,long_distractor_gap,6,-1,0,0.003,0.0,0.0,0,False,0.0,0,False,-1
distractor_gap_context,oracle_context,context_control,numpy_rule,42,294,distractor,long_distractor_gap,6,-1,0,0.003,0.0,0.0,0,False,0.0,0,False,-1
distractor_gap_context,oracle_context,context_control,numpy_rule,42,295,none,none,-1,0,0,0.0,0.0,0.0,0,False,0.0,0,False,-1
distractor_gap_context,oracle_context,context_control,numpy_rule,42,296,none,none,-1,0,0,0.0,0.0,0.0,0,False,0.0,0,False,-1
distractor_gap_context,oracle_context,context_control,numpy_rule,42,297,distractor,long_distractor_gap,6,-1,0,0.003,0.0,0.0,0,False,0.0,0,False,-1
distractor_gap_context,oracle_context,context_control,numpy_rule,42,298,none,none,-1,0,0,0.0,0.0,0.0,0,False,0.0,0,False,-1
distractor_gap_context,oracle_context,context_control,numpy_rule,42,299,distractor,long_distractor_gap,6,-1,0,0.003,0.0,0.0,0,False,0.0,0,False,-1
distractor_gap_context,oracle_context,context_control,numpy_rule,42,300,distractor,long_distractor_gap,6,-1,0,-0.003,0.0,0.0,0,False,0.0,0,False,-1
distractor_gap_context,oracle_context,context_control,numpy_rule,42,301,none,none,-1,0,0,0.0,0.0,0.0,0,False,0.0,0,False,-1
distractor_gap_context,oracle_context,context_control,numpy_rule,42,302,distractor,long_distractor_gap,6,-1,0,-0.003,0.0,0.0,0,False,0.0,0,False,-1
distractor_gap_context,oracle_context,context_control,numpy_rule,42,303,distractor,long_distractor_gap,6,-1,0,-0.003,0.0,0.0,0,False,0.0,0,False,-1
distractor_gap_context,oracle_context,context_control,numpy_rule,42,304,distractor,long_distractor_gap,6,-1,0,-0.003,0.0,0.0,0,False,0.0,0,False,-1
distractor_gap_context,oracle_context,context_control,numpy_rule,42,305,distractor,long_distractor_gap,6,-1,0,0.003,0.0,0.0,0,False,0.0,0,False,-1
distractor_gap_context,oracle_context,context_control,numpy_rule,42,306,none,none,-1,0,0,0.0,0.0,0.0,0,False,0.0,0,False,-1
distractor_gap_context,oracle_context,context_control,numpy_rule,42,307,none,none,-1,0,0,0.0,0.0,0.0,0,False,0.0,0,False,-1
distractor_gap_context,oracle_context,context_control,numpy_rule,42,308,none,none,-1,0,0,0.0,0.0,0.0,0,False,0.0,0,False,-1
distractor_gap_context,oracle_context,context_control,numpy_rule,42,309,none,none,-1,0,0,0.0,0.0,0.0,0,False,0.0,0,False,-1
distractor_gap_context,oracle_context,context_control,numpy_rule,42,310,distractor,long_distractor_gap,6,-1,0,-0.003,0.0,0.0,0,False,0.0,0,False,-1
distractor_gap_context,oracle_context,context_control,numpy_rule,42,311,none,none,-1,0,0,0.0,0.0,0.0,0,False,0.0,0,False,-1
distractor_gap_context,oracle_context,context_control,numpy_rule,42,312,none,none,-1,0,0,0.0,0.0,0.0,0,False,0.0,0,False,-1
distractor_gap_context,oracle_context,context_control,numpy_rule,42,313,none,none,-1,0,0,0.0,0.0,0.0,0,False,0.0,0,False,-1
distractor_gap_context,oracle_context,context_control,numpy_rule,42,314,none,none,-1,0,0,0.0,0.0,0.0,0,False,0.0,0,False,-1
distractor_gap_context,oracle_context,context_control,numpy_rule,42,315,none,none,-1,0,0,0.0,0.0,0.0,0,False,0.0,0,False,-1
distractor_gap_context,oracle_context,context_control,numpy_rule,42,316,distractor,long_distractor_gap,6,-1,0,0.003,0.0,0.0,0,False,0.0,0,False,-1
distractor_gap_context,oracle_context,context_control,numpy_rule,42,317,distractor,long_distractor_gap,6,-1,0,0.003,0.0,0.0,0,False,0.0,0,False,-1
distractor_gap_context,oracle_context,context_control,numpy_rule,42,318,distractor,long_distractor_gap,6,-1,0,0.003,0.0,0.0,0,False,0.0,0,False,-1
distractor_gap_context,oracle_context,context_control,numpy_rule,42,319,none,none,-1,0,0,0.0,0.0,0.0,0,False,0.0,0,False,-1
distractor_gap_context,oracle_context,context_control,numpy_rule,42,320,decision,long_distractor_gap,6,-1,1,0.01,-0.01,-0.01,-1,True,-1.0,-1,True,320
distractor_gap_context,oracle_context,context_control,numpy_rule,42,321,none,none,-1,0,0,0.0,0.0,0.0,0,False,0.0,0,False,-1
distractor_gap_context,oracle_context,context_control,numpy_rule,42,322,none,none,-1,0,0,0.0,0.0,0.0,0,False,0.0,0,False,-1
distractor_gap_context,oracle_context,context_control,numpy_rule,42,323,none,none,-1,0,0,0.0,0.0,0.0,0,False,0.0,0,False,-1
distractor_gap_context,oracle_context,context_control,numpy_rule,42,324,none,none,-1,0,0,0.0,0.0,0.0,0,False,0.0,0,False,-1
distractor_gap_context,oracle_context,context_control,numpy_rule,42,325,none,none,-1,0,0,0.0,0.0,0.0,0,False,0.0,0,False,-1
distractor_gap_context,oracle_context,context_control,numpy_rule,42,326,none,none,-1,0,0,0.0,0.0,0.0,0,False,0.0,0,False,-1
distractor_gap_context,oracle_context,context_control,numpy_rule,42,327,none,none,-1,0,0,0.0,0.0,0.0,0,False,0.0,0,False,-1
distractor_gap_context,oracle_context,context_control,numpy_rule,42,328,none,none,-1,0,0,0.0,0.0,0.0,0,False,0.0,0,False,-1
distractor_gap_context,oracle_context,context_control,numpy_rule,42,329,none,none,-1,0,0,0.0,0.0,0.0,0,False,0.0,0,False,-1
distractor_gap_context,oracle_context,context_control,numpy_rule,42,330,none,none,-1,0,0,0.0,0.0,0.0,0,False,0.0,0,False,-1
distractor_gap_context,oracle_context,context_control,numpy_rule,42,331,none,none,-1,0,0,0.0,0.0,0.0,0,False,0.0,0,False,-1
distractor_gap_context,oracle_context,context_control,numpy_rule,42,332,none,none,-1,0,0,0.0,0.0,0.0,0,False,0.0,0,False,-1
distractor_gap_context,oracle_context,context_control,numpy_rule,42,333,none,none,-1,0,0,0.0,0.0,0.0,0,False,0.0,0,False,-1
distractor_gap_context,oracle_context,context_control,numpy_rule,42,334,none,none,-1,0,0,0.0,0.0,0.0,0,False,0.0,0,False,-1
distractor_gap_context,oracle_context,context_control,numpy_rule,42,335,none,none,-1,0,0,0.0,0.0,0.0,0,False,0.0,0,False,-1
distractor_gap_context,oracle_context,context_control,numpy_rule,42,336,context,long_distractor_gap,7,-1,0,-0.0055000000000000005,0.0,0.0,0,False,0.0,0,False,-1
distractor_gap_context,oracle_context,context_control,numpy_rule,42,337,none,none,-1,0,0,0.0,0.0,0.0,0,False,0.0,0,False,-1
distractor_gap_context,oracle_context,context_control,numpy_rule,42,338,distractor,long_distractor_gap,7,-1,0,-0.003,0.0,0.0,0,False,0.0,0,False,-1
distractor_gap_context,oracle_context,context_control,numpy_rule,42,339,none,none,-1,0,0,0.0,0.0,0.0,0,False,0.0,0,False,-1
distractor_gap_context,oracle_context,context_control,numpy_rule,42,340,none,none,-1,0,0,0.0,0.0,0.0,0,False,0.0,0,False,-1
distractor_gap_context,oracle_context,context_control,numpy_rule,42,341,distractor,long_distractor_gap,7,-1,0,0.003,0.0,0.0,0,False,0.0,0,False,-1
distractor_gap_context,oracle_context,context_control,numpy_rule,42,342,distractor,long_distractor_gap,7,-1,0,-0.003,0.0,0.0,0,False,0.0,0,False,-1
distractor_gap_context,oracle_context,context_control,numpy_rule,42,343,distractor,long_distractor_gap,7,-1,0,-0.003,0.0,0.0,0,False,0.0,0,False,-1
distractor_gap_context,oracle_context,context_control,numpy_rule,42,344,none,none,-1,0,0,0.0,0.0,0.0,0,False,0.0,0,False,-1
distractor_gap_context,oracle_context,context_control,numpy_rule,42,345,none,none,-1,0,0,0.0,0.0,0.0,0,False,0.0,0,False,-1
distractor_gap_context,oracle_context,context_control,numpy_rule,42,346,none,none,-1,0,0,0.0,0.0,0.0,0,False,0.0,0,False,-1
distractor_gap_context,oracle_context,context_control,numpy_rule,42,347,distractor,long_distractor_gap,7,-1,0,0.003,0.0,0.0,0,False,0.0,0,False,-1
distractor_gap_context,oracle_context,context_control,numpy_rule,42,348,distractor,long_distractor_gap,7,-1,0,0.003,0.0,0.0,0,False,0.0,0,False,-1
distractor_gap_context,oracle_context,context_control,numpy_rule,42,349,distractor,long_distractor_gap,7,-1,0,0.003,0.0,0.0,0,False,0.0,0,False,-1
distractor_gap_context,oracle_context,context_control,numpy_rule,42,350,distractor,long_distractor_gap,7,-1,0,-0.003,0.0,0.0,0,False,0.0,0,False,-1
distractor_gap_context,oracle_context,context_control,numpy_rule,42,351,distractor,long_distractor_gap,7,-1,0,-0.003,0.0,0.0,0,False,0.0,0,False,-1
distractor_gap_context,oracle_context,context_control,numpy_rule,42,352,distractor,long_distractor_gap,7,-1,0,0.003,0.0,0.0,0,False,0.0,0,False,-1
distractor_gap_context,oracle_context,context_control,numpy_rule,42,353,distractor,long_distractor_gap,7,-1,0,-0.003,0.0,0.0,0,False,0.0,0,False,-1
distractor_gap_context,oracle_context,context_control,numpy_rule,42,354,none,none,-1,0,0,0.0,0.0,0.0,0,False,0.0,0,False,-1
distractor_gap_context,oracle_context,context_control,numpy_rule,42,355,distractor,long_distractor_gap,7,-1,0,-0.003,0.0,0.0,0,False,0.0,0,False,-1
distractor_gap_context,oracle_context,context_control,numpy_rule,42,356,distractor,long_distractor_gap,7,-1,0,0.003,0.0,0.0,0,False,0.0,0,False,-1
distractor_gap_context,oracle_context,context_control,numpy_rule,42,357,distractor,long_distractor_gap,7,-1,0,-0.003,0.0,0.0,0,False,0.0,0,False,-1
distractor_gap_context,oracle_context,context_control,numpy_rule,42,358,none,none,-1,0,0,0.0,0.0,0.0,0,False,0.0,0,False,-1
distractor_gap_context,oracle_context,context_control,numpy_rule,42,359,none,none,-1,0,0,0.0,0.0,0.0,0,False,0.0,0,False,-1
distractor_gap_context,oracle_context,context_control,numpy_rule,42,360,none,none,-1,0,0,0.0,0.0,0.0,0,False,0.0,0,False,-1
distractor_gap_context,oracle_context,context_control,numpy_rule,42,361,distractor,long_distractor_gap,7,-1,0,-0.003,0.0,0.0,0,False,0.0,0,False,-1
distractor_gap_context,oracle_context,context_control,numpy_rule,42,362,distractor,long_distractor_gap,7,-1,0,0.003,0.0,0.0,0,False,0.0,0,False,-1
distractor_gap_context,oracle_context,context_control,numpy_rule,42,363,distractor,long_distractor_gap,7,-1,0,-0.003,0.0,0.0,0,False,0.0,0,False,-1
distractor_gap_context,oracle_context,context_control,numpy_rule,42,364,none,none,-1,0,0,0.0,0.0,0.0,0,False,0.0,0,False,-1
distractor_gap_context,oracle_context,context_control,numpy_rule,42,365,none,none,-1,0,0,0.0,0.0,0.0,0,False,0.0,0,False,-1
distractor_gap_context,oracle_context,context_control,numpy_rule,42,366,distractor,long_distractor_gap,7,-1,0,-0.003,0.0,0.0,0,False,0.0,0,False,-1
distractor_gap_context,oracle_context,context_control,numpy_rule,42,367,distractor,long_distractor_gap,7,-1,0,0.003,0.0,0.0,0,False,0.0,0,False,-1
distractor_gap_context,oracle_context,context_control,numpy_rule,42,368,decision,long_distractor_gap,7,-1,-1,-0.01,0.01,0.01,1,True,1.0,1,True,368
distractor_gap_context,oracle_context,context_control,numpy_rule,42,369,none,none,-1,0,0,0.0,0.0,0.0,0,False,0.0,0,False,-1
distractor_gap_context,oracle_context,context_control,numpy_rule,42,370,none,none,-1,0,0,0.0,0.0,0.0,0,False,0.0,0,False,-1
distractor_gap_context,oracle_context,context_control,numpy_rule,42,371,none,none,-1,0,0,0.0,0.0,0.0,0,False,0.0,0,False,-1
distractor_gap_context,oracle_context,context_control,numpy_rule,42,372,none,none,-1,0,0,0.0,0.0,0.0,0,False,0.0,0,False,-1
distractor_gap_context,oracle_context,context_control,numpy_rule,42,373,none,none,-1,0,0,0.0,0.0,0.0,0,False,0.0,0,False,-1
distractor_gap_context,oracle_context,context_control,numpy_rule,42,374,none,none,-1,0,0,0.0,0.0,0.0,0,False,0.0,0,False,-1
distractor_gap_context,oracle_context,context_control,numpy_rule,42,375,none,none,-1,0,0,0.0,0.0,0.0,0,False,0.0,0,False,-1
distractor_gap_context,oracle_context,context_control,numpy_rule,42,376,none,none,-1,0,0,0.0,0.0,0.0,0,False,0.0,0,False,-1
distractor_gap_context,oracle_context,context_control,numpy_rule,42,377,none,none,-1,0,0,0.0,0.0,0.0,0,False,0.0,0,False,-1
distractor_gap_context,oracle_context,context_control,numpy_rule,42,378,none,none,-1,0,0,0.0,0.0,0.0,0,False,0.0,0,False,-1
distractor_gap_context,oracle_context,context_control,numpy_rule,42,379,none,none,-1,0,0,0.0,0.0,0.0,0,False,0.0,0,False,-1
distractor_gap_context,oracle_context,context_control,numpy_rule,42,380,none,none,-1,0,0,0.0,0.0,0.0,0,False,0.0,0,False,-1
distractor_gap_context,oracle_context,context_control,numpy_rule,42,381,none,none,-1,0,0,0.0,0.0,0.0,0,False,0.0,0,False,-1
distractor_gap_context,oracle_context,context_control,numpy_rule,42,382,none,none,-1,0,0,0.0,0.0,0.0,0,False,0.0,0,False,-1
distractor_gap_context,oracle_context,context_control,numpy_rule,42,383,none,none,-1,0,0,0.0,0.0,0.0,0,False,0.0,0,False,-1
distractor_gap_context,oracle_context,context_control,numpy_rule,42,384,context,long_distractor_gap,8,1,0,0.0055000000000000005,0.0,0.0,0,False,0.0,0,False,-1
distractor_gap_context,oracle_context,context_control,numpy_rule,42,385,distractor,long_distractor_gap,8,1,0,-0.003,0.0,0.0,0,False,0.0,0,False,-1
distractor_gap_context,oracle_context,context_control,numpy_rule,42,386,distractor,long_distractor_gap,8,1,0,0.003,0.0,0.0,0,False,0.0,0,False,-1
distractor_gap_context,oracle_context,context_control,numpy_rule,42,387,distractor,long_distractor_gap,8,1,0,0.003,0.0,0.0,0,False,0.0,0,False,-1
distractor_gap_context,oracle_context,context_control,numpy_rule,42,388,distractor,long_distractor_gap,8,1,0,-0.003,0.0,0.0,0,False,0.0,0,False,-1
distractor_gap_context,oracle_context,context_control,numpy_rule,42,389,distractor,long_distractor_gap,8,1,0,0.003,0.0,0.0,0,False,0.0,0,False,-1
distractor_gap_context,oracle_context,context_control,numpy_rule,42,390,none,none,-1,0,0,0.0,0.0,0.0,0,False,0.0,0,False,-1
distractor_gap_context,oracle_context,context_control,numpy_rule,42,391,none,none,-1,0,0,0.0,0.0,0.0,0,False,0.0,0,False,-1
distractor_gap_context,oracle_context,context_control,numpy_rule,42,392,none,none,-1,0,0,0.0,0.0,0.0,0,False,0.0,0,False,-1
distractor_gap_context,oracle_context,context_control,numpy_rule,42,393,distractor,long_distractor_gap,8,1,0,0.003,0.0,0.0,0,False,0.0,0,False,-1
distractor_gap_context,oracle_context,context_control,numpy_rule,42,394,distractor,long_distractor_gap,8,1,0,-0.003,0.0,0.0,0,False,0.0,0,False,-1
distractor_gap_context,oracle_context,context_control,numpy_rule,42,395,distractor,long_distractor_gap,8,1,0,0.003,0.0,0.0,0,False,0.0,0,False,-1
distractor_gap_context,oracle_context,context_control,numpy_rule,42,396,none,none,-1,0,0,0.0,0.0,0.0,0,False,0.0,0,False,-1
distractor_gap_context,oracle_context,context_control,numpy_rule,42,397,distractor,long_distractor_gap,8,1,0,-0.003,0.0,0.0,0,False,0.0,0,False,-1
distractor_gap_context,oracle_context,context_control,numpy_rule,42,398,distractor,long_distractor_gap,8,1,0,-0.003,0.0,0.0,0,False,0.0,0,False,-1
distractor_gap_context,oracle_context,context_control,numpy_rule,42,399,distractor,long_distractor_gap,8,1,0,-0.003,0.0,0.0,0,False,0.0,0,False,-1
distractor_gap_context,oracle_context,context_control,numpy_rule,42,400,distractor,long_distractor_gap,8,1,0,0.003,0.0,0.0,0,False,0.0,0,False,-1
distractor_gap_context,oracle_context,context_control,numpy_rule,42,401,none,none,-1,0,0,0.0,0.0,0.0,0,False,0.0,0,False,-1
distractor_gap_context,oracle_context,context_control,numpy_rule,42,402,distractor,long_distractor_gap,8,1,0,0.003,0.0,0.0,0,False,0.0,0,False,-1
distractor_gap_context,oracle_context,context_control,numpy_rule,42,403,distractor,long_distractor_gap,8,1,0,0.003,0.0,0.0,0,False,0.0,0,False,-1
distractor_gap_context,oracle_context,context_control,numpy_rule,42,404,distractor,long_distractor_gap,8,1,0,0.003,0.0,0.0,0,False,0.0,0,False,-1
distractor_gap_context,oracle_context,context_control,numpy_rule,42,405,distractor,long_distractor_gap,8,1,0,-0.003,0.0,0.0,0,False,0.0,0,False,-1
distractor_gap_context,oracle_context,context_control,numpy_rule,42,406,distractor,long_distractor_gap,8,1,0,-0.003,0.0,0.0,0,False,0.0,0,False,-1
distractor_gap_context,oracle_context,context_control,numpy_rule,42,407,none,none,-1,0,0,0.0,0.0,0.0,0,False,0.0,0,False,-1
distractor_gap_context,oracle_context,context_control,numpy_rule,42,408,distractor,long_distractor_gap,8,1,0,-0.003,0.0,0.0,0,False,0.0,0,False,-1
distractor_gap_context,oracle_context,context_control,numpy_rule,42,409,distractor,long_distractor_gap,8,1,0,0.003,0.0,0.0,0,False,0.0,0,False,-1
distractor_gap_context,oracle_context,context_control,numpy_rule,42,410,none,none,-1,0,0,0.0,0.0,0.0,0,False,0.0,0,False,-1
distractor_gap_context,oracle_context,context_control,numpy_rule,42,411,none,none,-1,0,0,0.0,0.0,0.0,0,False,0.0,0,False,-1
distractor_gap_context,oracle_context,context_control,numpy_rule,42,412,none,none,-1,0,0,0.0,0.0,0.0,0,False,0.0,0,False,-1
distractor_gap_context,oracle_context,context_control,numpy_rule,42,413,distractor,long_distractor_gap,8,1,0,0.003,0.0,0.0,0,False,0.0,0,False,-1
distractor_gap_context,oracle_context,context_control,numpy_rule,42,414,distractor,long_distractor_gap,8,1,0,0.003,0.0,0.0,0,False,0.0,0,False,-1
distractor_gap_context,oracle_context,context_control,numpy_rule,42,415,distractor,long_distractor_gap,8,1,0,-0.003,0.0,0.0,0,False,0.0,0,False,-1
distractor_gap_context,oracle_context,context_control,numpy_rule,42,416,decision,long_distractor_gap,8,1,1,0.01,0.01,0.01,1,True,1.0,1,True,416
distractor_gap_context,oracle_context,context_control,numpy_rule,42,417,none,none,-1,0,0,0.0,0.0,0.0,0,False,0.0,0,False,-1
distractor_gap_context,oracle_context,context_control,numpy_rule,42,418,none,none,-1,0,0,0.0,0.0,0.0,0,False,0.0,0,False,-1
distractor_gap_context,oracle_context,context_control,numpy_rule,42,419,none,none,-1,0,0,0.0,0.0,0.0,0,False,0.0,0,False,-1
distractor_gap_context,oracle_context,context_control,numpy_rule,42,420,none,none,-1,0,0,0.0,0.0,0.0,0,False,0.0,0,False,-1
distractor_gap_context,oracle_context,context_control,numpy_rule,42,421,none,none,-1,0,0,0.0,0.0,0.0,0,False,0.0,0,False,-1
distractor_gap_context,oracle_context,context_control,numpy_rule,42,422,none,none,-1,0,0,0.0,0.0,0.0,0,False,0.0,0,False,-1
distractor_gap_context,oracle_context,context_control,numpy_rule,42,423,none,none,-1,0,0,0.0,0.0,0.0,0,False,0.0,0,False,-1
distractor_gap_context,oracle_context,context_control,numpy_rule,42,424,none,none,-1,0,0,0.0,0.0,0.0,0,False,0.0,0,False,-1
distractor_gap_context,oracle_context,context_control,numpy_rule,42,425,none,none,-1,0,0,0.0,0.0,0.0,0,False,0.0,0,False,-1
distractor_gap_context,oracle_context,context_control,numpy_rule,42,426,none,none,-1,0,0,0.0,0.0,0.0,0,False,0.0,0,False,-1
distractor_gap_context,oracle_context,context_control,numpy_rule,42,427,none,none,-1,0,0,0.0,0.0,0.0,0,False,0.0,0,False,-1
distractor_gap_context,oracle_context,context_control,numpy_rule,42,428,none,none,-1,0,0,0.0,0.0,0.0,0,False,0.0,0,False,-1
distractor_gap_context,oracle_context,context_control,numpy_rule,42,429,none,none,-1,0,0,0.0,0.0,0.0,0,False,0.0,0,False,-1
distractor_gap_context,oracle_context,context_control,numpy_rule,42,430,none,none,-1,0,0,0.0,0.0,0.0,0,False,0.0,0,False,-1
distractor_gap_context,oracle_context,context_control,numpy_rule,42,431,none,none,-1,0,0,0.0,0.0,0.0,0,False,0.0,0,False,-1
distractor_gap_context,oracle_context,context_control,numpy_rule,42,432,context,long_distractor_gap,9,1,0,0.0055000000000000005,0.0,0.0,0,False,0.0,0,False,-1
distractor_gap_context,oracle_context,context_control,numpy_rule,42,433,distractor,long_distractor_gap,9,1,0,0.003,0.0,0.0,0,False,0.0,0,False,-1
distractor_gap_context,oracle_context,context_control,numpy_rule,42,434,none,none,-1,0,0,0.0,0.0,0.0,0,False,0.0,0,False,-1
distractor_gap_context,oracle_context,context_control,numpy_rule,42,435,distractor,long_distractor_gap,9,1,0,-0.003,0.0,0.0,0,False,0.0,0,False,-1
distractor_gap_context,oracle_context,context_control,numpy_rule,42,436,distractor,long_distractor_gap,9,1,0,-0.003,0.0,0.0,0,False,0.0,0,False,-1
distractor_gap_context,oracle_context,context_control,numpy_rule,42,437,none,none,-1,0,0,0.0,0.0,0.0,0,False,0.0,0,False,-1
distractor_gap_context,oracle_context,context_control,numpy_rule,42,438,distractor,long_distractor_gap,9,1,0,0.003,0.0,0.0,0,False,0.0,0,False,-1
distractor_gap_context,oracle_context,context_control,numpy_rule,42,439,none,none,-1,0,0,0.0,0.0,0.0,0,False,0.0,0,False,-1
distractor_gap_context,oracle_context,context_control,numpy_rule,42,440,distractor,long_distractor_gap,9,1,0,-0.003,0.0,0.0,0,False,0.0,0,False,-1
distractor_gap_context,oracle_context,context_control,numpy_rule,42,441,distractor,long_distractor_gap,9,1,0,0.003,0.0,0.0,0,False,0.0,0,False,-1
distractor_gap_context,oracle_context,context_control,numpy_rule,42,442,distractor,long_distractor_gap,9,1,0,0.003,0.0,0.0,0,False,0.0,0,False,-1
distractor_gap_context,oracle_context,context_control,numpy_rule,42,443,none,none,-1,0,0,0.0,0.0,0.0,0,False,0.0,0,False,-1
distractor_gap_context,oracle_context,context_control,numpy_rule,42,444,distractor,long_distractor_gap,9,1,0,0.003,0.0,0.0,0,False,0.0,0,False,-1
distractor_gap_context,oracle_context,context_control,numpy_rule,42,445,distractor,long_distractor_gap,9,1,0,-0.003,0.0,0.0,0,False,0.0,0,False,-1
distractor_gap_context,oracle_context,context_control,numpy_rule,42,446,distractor,long_distractor_gap,9,1,0,0.003,0.0,0.0,0,False,0.0,0,False,-1
distractor_gap_context,oracle_context,context_control,numpy_rule,42,447,distractor,long_distractor_gap,9,1,0,-0.003,0.0,0.0,0,False,0.0,0,False,-1
distractor_gap_context,oracle_context,context_control,numpy_rule,42,448,none,none,-1,0,0,0.0,0.0,0.0,0,False,0.0,0,False,-1
distractor_gap_context,oracle_context,context_control,numpy_rule,42,449,distractor,long_distractor_gap,9,1,0,0.003,0.0,0.0,0,False,0.0,0,False,-1
distractor_gap_context,oracle_context,context_control,numpy_rule,42,450,distractor,long_distractor_gap,9,1,0,0.003,0.0,0.0,0,False,0.0,0,False,-1
distractor_gap_context,oracle_context,context_control,numpy_rule,42,451,distractor,long_distractor_gap,9,1,0,-0.003,0.0,0.0,0,False,0.0,0,False,-1
distractor_gap_context,oracle_context,context_control,numpy_rule,42,452,distractor,long_distractor_gap,9,1,0,0.003,0.0,0.0,0,False,0.0,0,False,-1
distractor_gap_context,oracle_context,context_control,numpy_rule,42,453,distractor,long_distractor_gap,9,1,0,-0.003,0.0,0.0,0,False,0.0,0,False,-1
distractor_gap_context,oracle_context,context_control,numpy_rule,42,454,none,none,-1,0,0,0.0,0.0,0.0,0,False,0.0,0,False,-1
distractor_gap_context,oracle_context,context_control,numpy_rule,42,455,none,none,-1,0,0,0.0,0.0,0.0,0,False,0.0,0,False,-1
distractor_gap_context,oracle_context,context_control,numpy_rule,42,456,distractor,long_distractor_gap,9,1,0,0.003,0.0,0.0,0,False,0.0,0,False,-1
distractor_gap_context,oracle_context,context_control,numpy_rule,42,457,distractor,long_distractor_gap,9,1,0,0.003,0.0,0.0,0,False,0.0,0,False,-1
distractor_gap_context,oracle_context,context_control,numpy_rule,42,458,none,none,-1,0,0,0.0,0.0,0.0,0,False,0.0,0,False,-1
distractor_gap_context,oracle_context,context_control,numpy_rule,42,459,distractor,long_distractor_gap,9,1,0,0.003,0.0,0.0,0,False,0.0,0,False,-1
distractor_gap_context,oracle_context,context_control,numpy_rule,42,460,distractor,long_distractor_gap,9,1,0,0.003,0.0,0.0,0,False,0.0,0,False,-1
distractor_gap_context,oracle_context,context_control,numpy_rule,42,461,distractor,long_distractor_gap,9,1,0,-0.003,0.0,0.0,0,False,0.0,0,False,-1
distractor_gap_context,oracle_context,context_control,numpy_rule,42,462,distractor,long_distractor_gap,9,1,0,0.003,0.0,0.0,0,False,0.0,0,False,-1
distractor_gap_context,oracle_context,context_control,numpy_rule,42,463,none,none,-1,0,0,0.0,0.0,0.0,0,False,0.0,0,False,-1
distractor_gap_context,oracle_context,context_control,numpy_rule,42,464,decision,long_distractor_gap,9,1,-1,-0.01,-0.01,-0.01,-1,True,-1.0,-1,True,464
distractor_gap_context,oracle_context,context_control,numpy_rule,42,465,none,none,-1,0,0,0.0,0.0,0.0,0,False,0.0,0,False,-1
distractor_gap_context,oracle_context,context_control,numpy_rule,42,466,none,none,-1,0,0,0.0,0.0,0.0,0,False,0.0,0,False,-1
distractor_gap_context,oracle_context,context_control,numpy_rule,42,467,none,none,-1,0,0,0.0,0.0,0.0,0,False,0.0,0,False,-1
distractor_gap_context,oracle_context,context_control,numpy_rule,42,468,none,none,-1,0,0,0.0,0.0,0.0,0,False,0.0,0,False,-1
distractor_gap_context,oracle_context,context_control,numpy_rule,42,469,none,none,-1,0,0,0.0,0.0,0.0,0,False,0.0,0,False,-1
distractor_gap_context,oracle_context,context_control,numpy_rule,42,470,none,none,-1,0,0,0.0,0.0,0.0,0,False,0.0,0,False,-1
distractor_gap_context,oracle_context,context_control,numpy_rule,42,471,none,none,-1,0,0,0.0,0.0,0.0,0,False,0.0,0,False,-1
distractor_gap_context,oracle_context,context_control,numpy_rule,42,472,none,none,-1,0,0,0.0,0.0,0.0,0,False,0.0,0,False,-1
distractor_gap_context,oracle_context,context_control,numpy_rule,42,473,none,none,-1,0,0,0.0,0.0,0.0,0,False,0.0,0,False,-1
distractor_gap_context,oracle_context,context_control,numpy_rule,42,474,none,none,-1,0,0,0.0,0.0,0.0,0,False,0.0,0,False,-1
distractor_gap_context,oracle_context,context_control,numpy_rule,42,475,none,none,-1,0,0,0.0,0.0,0.0,0,False,0.0,0,False,-1
distractor_gap_context,oracle_context,context_control,numpy_rule,42,476,none,none,-1,0,0,0.0,0.0,0.0,0,False,0.0,0,False,-1
distractor_gap_context,oracle_context,context_control,numpy_rule,42,477,none,none,-1,0,0,0.0,0.0,0.0,0,False,0.0,0,False,-1
distractor_gap_context,oracle_context,context_control,numpy_rule,42,478,none,none,-1,0,0,0.0,0.0,0.0,0,False,0.0,0,False,-1
distractor_gap_context,oracle_context,context_control,numpy_rule,42,479,none,none,-1,0,0,0.0,0.0,0.0,0,False,0.0,0,False,-1
distractor_gap_context,oracle_context,context_control,numpy_rule,42,480,context,long_distractor_gap,10,-1,0,-0.0055000000000000005,0.0,0.0,0,False,0.0,0,False,-1
distractor_gap_context,oracle_context,context_control,numpy_rule,42,481,distractor,long_distractor_gap,10,-1,0,0.003,0.0,0.0,0,False,0.0,0,False,-1
distractor_gap_context,oracle_context,context_control,numpy_rule,42,482,none,none,-1,0,0,0.0,0.0,0.0,0,False,0.0,0,False,-1
distractor_gap_context,oracle_context,context_control,numpy_rule,42,483,none,none,-1,0,0,0.0,0.0,0.0,0,False,0.0,0,False,-1
distractor_gap_context,oracle_context,context_control,numpy_rule,42,484,none,none,-1,0,0,0.0,0.0,0.0,0,False,0.0,0,False,-1
distractor_gap_context,oracle_context,context_control,numpy_rule,42,485,distractor,long_distractor_gap,10,-1,0,-0.003,0.0,0.0,0,False,0.0,0,False,-1
distractor_gap_context,oracle_context,context_control,numpy_rule,42,486,distractor,long_distractor_gap,10,-1,0,0.003,0.0,0.0,0,False,0.0,0,False,-1
distractor_gap_context,oracle_context,context_control,numpy_rule,42,487,none,none,-1,0,0,0.0,0.0,0.0,0,False,0.0,0,False,-1
distractor_gap_context,oracle_context,context_control,numpy_rule,42,488,none,none,-1,0,0,0.0,0.0,0.0,0,False,0.0,0,False,-1
distractor_gap_context,oracle_context,context_control,numpy_rule,42,489,distractor,long_distractor_gap,10,-1,0,0.003,0.0,0.0,0,False,0.0,0,False,-1
distractor_gap_context,oracle_context,context_control,numpy_rule,42,490,none,none,-1,0,0,0.0,0.0,0.0,0,False,0.0,0,False,-1
distractor_gap_context,oracle_context,context_control,numpy_rule,42,491,distractor,long_distractor_gap,10,-1,0,-0.003,0.0,0.0,0,False,0.0,0,False,-1
distractor_gap_context,oracle_context,context_control,numpy_rule,42,492,distractor,long_distractor_gap,10,-1,0,-0.003,0.0,0.0,0,False,0.0,0,False,-1
distractor_gap_context,oracle_context,context_control,numpy_rule,42,493,distractor,long_distractor_gap,10,-1,0,0.003,0.0,0.0,0,False,0.0,0,False,-1
distractor_gap_context,oracle_context,context_control,numpy_rule,42,494,distractor,long_distractor_gap,10,-1,0,-0.003,0.0,0.0,0,False,0.0,0,False,-1
distractor_gap_context,oracle_context,context_control,numpy_rule,42,495,none,none,-1,0,0,0.0,0.0,0.0,0,False,0.0,0,False,-1
distractor_gap_context,oracle_context,context_control,numpy_rule,42,496,none,none,-1,0,0,0.0,0.0,0.0,0,False,0.0,0,False,-1
distractor_gap_context,oracle_context,context_control,numpy_rule,42,497,distractor,long_distractor_gap,10,-1,0,0.003,0.0,0.0,0,False,0.0,0,False,-1
distractor_gap_context,oracle_context,context_control,numpy_rule,42,498,distractor,long_distractor_gap,10,-1,0,-0.003,0.0,0.0,0,False,0.0,0,False,-1
distractor_gap_context,oracle_context,context_control,numpy_rule,42,499,distractor,long_distractor_gap,10,-1,0,0.003,0.0,0.0,0,False,0.0,0,False,-1
distractor_gap_context,oracle_context,context_control,numpy_rule,42,500,distractor,long_distractor_gap,10,-1,0,-0.003,0.0,0.0,0,False,0.0,0,False,-1
distractor_gap_context,oracle_context,context_control,numpy_rule,42,501,distractor,long_distractor_gap,10,-1,0,-0.003,0.0,0.0,0,False,0.0,0,False,-1
distractor_gap_context,oracle_context,context_control,numpy_rule,42,502,distractor,long_distractor_gap,10,-1,0,-0.003,0.0,0.0,0,False,0.0,0,False,-1
distractor_gap_context,oracle_context,context_control,numpy_rule,42,503,none,none,-1,0,0,0.0,0.0,0.0,0,False,0.0,0,False,-1
distractor_gap_context,oracle_context,context_control,numpy_rule,42,504,distractor,long_distractor_gap,10,-1,0,0.003,0.0,0.0,0,False,0.0,0,False,-1
distractor_gap_context,oracle_context,context_control,numpy_rule,42,505,distractor,long_distractor_gap,10,-1,0,0.003,0.0,0.0,0,False,0.0,0,False,-1
distractor_gap_context,oracle_context,context_control,numpy_rule,42,506,distractor,long_distractor_gap,10,-1,0,-0.003,0.0,0.0,0,False,0.0,0,False,-1
distractor_gap_context,oracle_context,context_control,numpy_rule,42,507,distractor,long_distractor_gap,10,-1,0,-0.003,0.0,0.0,0,False,0.0,0,False,-1
distractor_gap_context,oracle_context,context_control,numpy_rule,42,508,distractor,long_distractor_gap,10,-1,0,0.003,0.0,0.0,0,False,0.0,0,False,-1
distractor_gap_context,oracle_context,context_control,numpy_rule,42,509,none,none,-1,0,0,0.0,0.0,0.0,0,False,0.0,0,False,-1
distractor_gap_context,oracle_context,context_control,numpy_rule,42,510,distractor,long_distractor_gap,10,-1,0,0.003,0.0,0.0,0,False,0.0,0,False,-1
distractor_gap_context,oracle_context,context_control,numpy_rule,42,511,distractor,long_distractor_gap,10,-1,0,0.003,0.0,0.0,0,False,0.0,0,False,-1
distractor_gap_context,oracle_context,context_control,numpy_rule,42,512,decision,long_distractor_gap,10,-1,1,0.01,-0.01,-0.01,-1,True,-1.0,-1,True,512
distractor_gap_context,oracle_context,context_control,numpy_rule,42,513,none,none,-1,0,0,0.0,0.0,0.0,0,False,0.0,0,False,-1
distractor_gap_context,oracle_context,context_control,numpy_rule,42,514,none,none,-1,0,0,0.0,0.0,0.0,0,False,0.0,0,False,-1
distractor_gap_context,oracle_context,context_control,numpy_rule,42,515,none,none,-1,0,0,0.0,0.0,0.0,0,False,0.0,0,False,-1
distractor_gap_context,oracle_context,context_control,numpy_rule,42,516,none,none,-1,0,0,0.0,0.0,0.0,0,False,0.0,0,False,-1
distractor_gap_context,oracle_context,context_control,numpy_rule,42,517,none,none,-1,0,0,0.0,0.0,0.0,0,False,0.0,0,False,-1
distractor_gap_context,oracle_context,context_control,numpy_rule,42,518,none,none,-1,0,0,0.0,0.0,0.0,0,False,0.0,0,False,-1
distractor_gap_context,oracle_context,context_control,numpy_rule,42,519,none,none,-1,0,0,0.0,0.0,0.0,0,False,0.0,0,False,-1
distractor_gap_context,oracle_context,context_control,numpy_rule,42,520,none,none,-1,0,0,0.0,0.0,0.0,0,False,0.0,0,False,-1
distractor_gap_context,oracle_context,context_control,numpy_rule,42,521,none,none,-1,0,0,0.0,0.0,0.0,0,False,0.0,0,False,-1
distractor_gap_context,oracle_context,context_control,numpy_rule,42,522,none,none,-1,0,0,0.0,0.0,0.0,0,False,0.0,0,False,-1
distractor_gap_context,oracle_context,context_control,numpy_rule,42,523,none,none,-1,0,0,0.0,0.0,0.0,0,False,0.0,0,False,-1
distractor_gap_context,oracle_context,context_control,numpy_rule,42,524,none,none,-1,0,0,0.0,0.0,0.0,0,False,0.0,0,False,-1
distractor_gap_context,oracle_context,context_control,numpy_rule,42,525,none,none,-1,0,0,0.0,0.0,0.0,0,False,0.0,0,False,-1
distractor_gap_context,oracle_context,context_control,numpy_rule,42,526,none,none,-1,0,0,0.0,0.0,0.0,0,False,0.0,0,False,-1
distractor_gap_context,oracle_context,context_control,numpy_rule,42,527,none,none,-1,0,0,0.0,0.0,0.0,0,False,0.0,0,False,-1
distractor_gap_context,oracle_context,context_control,numpy_rule,42,528,context,long_distractor_gap,11,-1,0,-0.0055000000000000005,0.0,0.0,0,False,0.0,0,False,-1
distractor_gap_context,oracle_context,context_control,numpy_rule,42,529,distractor,long_distractor_gap,11,-1,0,-0.003,0.0,0.0,0,False,0.0,0,False,-1
distractor_gap_context,oracle_context,context_control,numpy_rule,42,530,none,none,-1,0,0,0.0,0.0,0.0,0,False,0.0,0,False,-1
distractor_gap_context,oracle_context,context_control,numpy_rule,42,531,none,none,-1,0,0,0.0,0.0,0.0,0,False,0.0,0,False,-1
distractor_gap_context,oracle_context,context_control,numpy_rule,42,532,none,none,-1,0,0,0.0,0.0,0.0,0,False,0.0,0,False,-1
distractor_gap_context,oracle_context,context_control,numpy_rule,42,533,distractor,long_distractor_gap,11,-1,0,-0.003,0.0,0.0,0,False,0.0,0,False,-1
distractor_gap_context,oracle_context,context_control,numpy_rule,42,534,none,none,-1,0,0,0.0,0.0,0.0,0,False,0.0,0,False,-1
distractor_gap_context,oracle_context,context_control,numpy_rule,42,535,distractor,long_distractor_gap,11,-1,0,-0.003,0.0,0.0,0,False,0.0,0,False,-1
distractor_gap_context,oracle_context,context_control,numpy_rule,42,536,none,none,-1,0,0,0.0,0.0,0.0,0,False,0.0,0,False,-1
distractor_gap_context,oracle_context,context_control,numpy_rule,42,537,distractor,long_distractor_gap,11,-1,0,-0.003,0.0,0.0,0,False,0.0,0,False,-1
distractor_gap_context,oracle_context,context_control,numpy_rule,42,538,distractor,long_distractor_gap,11,-1,0,0.003,0.0,0.0,0,False,0.0,0,False,-1
distractor_gap_context,oracle_context,context_control,numpy_rule,42,539,none,none,-1,0,0,0.0,0.0,0.0,0,False,0.0,0,False,-1
distractor_gap_context,oracle_context,context_control,numpy_rule,42,540,distractor,long_distractor_gap,11,-1,0,0.003,0.0,0.0,0,False,0.0,0,False,-1
distractor_gap_context,oracle_context,context_control,numpy_rule,42,541,distractor,long_distractor_gap,11,-1,0,-0.003,0.0,0.0,0,False,0.0,0,False,-1
distractor_gap_context,oracle_context,context_control,numpy_rule,42,542,distractor,long_distractor_gap,11,-1,0,-0.003,0.0,0.0,0,False,0.0,0,False,-1
distractor_gap_context,oracle_context,context_control,numpy_rule,42,543,distractor,long_distractor_gap,11,-1,0,0.003,0.0,0.0,0,False,0.0,0,False,-1
distractor_gap_context,oracle_context,context_control,numpy_rule,42,544,distractor,long_distractor_gap,11,-1,0,0.003,0.0,0.0,0,False,0.0,0,False,-1
distractor_gap_context,oracle_context,context_control,numpy_rule,42,545,distractor,long_distractor_gap,11,-1,0,-0.003,0.0,0.0,0,False,0.0,0,False,-1
distractor_gap_context,oracle_context,context_control,numpy_rule,42,546,distractor,long_distractor_gap,11,-1,0,-0.003,0.0,0.0,0,False,0.0,0,False,-1
distractor_gap_context,oracle_context,context_control,numpy_rule,42,547,distractor,long_distractor_gap,11,-1,0,0.003,0.0,0.0,0,False,0.0,0,False,-1
distractor_gap_context,oracle_context,context_control,numpy_rule,42,548,distractor,long_distractor_gap,11,-1,0,0.003,0.0,0.0,0,False,0.0,0,False,-1
distractor_gap_context,oracle_context,context_control,numpy_rule,42,549,distractor,long_distractor_gap,11,-1,0,0.003,0.0,0.0,0,False,0.0,0,False,-1
distractor_gap_context,oracle_context,context_control,numpy_rule,42,550,none,none,-1,0,0,0.0,0.0,0.0,0,False,0.0,0,False,-1
distractor_gap_context,oracle_context,context_control,numpy_rule,42,551,distractor,long_distractor_gap,11,-1,0,-0.003,0.0,0.0,0,False,0.0,0,False,-1
distractor_gap_context,oracle_context,context_control,numpy_rule,42,552,none,none,-1,0,0,0.0,0.0,0.0,0,False,0.0,0,False,-1
distractor_gap_context,oracle_context,context_control,numpy_rule,42,553,distractor,long_distractor_gap,11,-1,0,-0.003,0.0,0.0,0,False,0.0,0,False,-1
distractor_gap_context,oracle_context,context_control,numpy_rule,42,554,none,none,-1,0,0,0.0,0.0,0.0,0,False,0.0,0,False,-1
distractor_gap_context,oracle_context,context_control,numpy_rule,42,555,none,none,-1,0,0,0.0,0.0,0.0,0,False,0.0,0,False,-1
distractor_gap_context,oracle_context,context_control,numpy_rule,42,556,distractor,long_distractor_gap,11,-1,0,0.003,0.0,0.0,0,False,0.0,0,False,-1
distractor_gap_context,oracle_context,context_control,numpy_rule,42,557,distractor,long_distractor_gap,11,-1,0,-0.003,0.0,0.0,0,False,0.0,0,False,-1
distractor_gap_context,oracle_context,context_control,numpy_rule,42,558,distractor,long_distractor_gap,11,-1,0,0.003,0.0,0.0,0,False,0.0,0,False,-1
distractor_gap_context,oracle_context,context_control,numpy_rule,42,559,distractor,long_distractor_gap,11,-1,0,-0.003,0.0,0.0,0,False,0.0,0,False,-1
distractor_gap_context,oracle_context,context_control,numpy_rule,42,560,decision,long_distractor_gap,11,-1,-1,-0.01,0.01,0.01,1,True,1.0,1,True,560
distractor_gap_context,oracle_context,context_control,numpy_rule,42,561,none,none,-1,0,0,0.0,0.0,0.0,0,False,0.0,0,False,-1
distractor_gap_context,oracle_context,context_control,numpy_rule,42,562,none,none,-1,0,0,0.0,0.0,0.0,0,False,0.0,0,False,-1
distractor_gap_context,oracle_context,context_control,numpy_rule,42,563,none,none,-1,0,0,0.0,0.0,0.0,0,False,0.0,0,False,-1
distractor_gap_context,oracle_context,context_control,numpy_rule,42,564,none,none,-1,0,0,0.0,0.0,0.0,0,False,0.0,0,False,-1
distractor_gap_context,oracle_context,context_control,numpy_rule,42,565,none,none,-1,0,0,0.0,0.0,0.0,0,False,0.0,0,False,-1
distractor_gap_context,oracle_context,context_control,numpy_rule,42,566,none,none,-1,0,0,0.0,0.0,0.0,0,False,0.0,0,False,-1
distractor_gap_context,oracle_context,context_control,numpy_rule,42,567,none,none,-1,0,0,0.0,0.0,0.0,0,False,0.0,0,False,-1
distractor_gap_context,oracle_context,context_control,numpy_rule,42,568,none,none,-1,0,0,0.0,0.0,0.0,0,False,0.0,0,False,-1
distractor_gap_context,oracle_context,context_control,numpy_rule,42,569,none,none,-1,0,0,0.0,0.0,0.0,0,False,0.0,0,False,-1
distractor_gap_context,oracle_context,context_control,numpy_rule,42,570,none,none,-1,0,0,0.0,0.0,0.0,0,False,0.0,0,False,-1
distractor_gap_context,oracle_context,context_control,numpy_rule,42,571,none,none,-1,0,0,0.0,0.0,0.0,0,False,0.0,0,False,-1
distractor_gap_context,oracle_context,context_control,numpy_rule,42,572,none,none,-1,0,0,0.0,0.0,0.0,0,False,0.0,0,False,-1
distractor_gap_context,oracle_context,context_control,numpy_rule,42,573,none,none,-1,0,0,0.0,0.0,0.0,0,False,0.0,0,False,-1
distractor_gap_context,oracle_context,context_control,numpy_rule,42,574,none,none,-1,0,0,0.0,0.0,0.0,0,False,0.0,0,False,-1
distractor_gap_context,oracle_context,context_control,numpy_rule,42,575,none,none,-1,0,0,0.0,0.0,0.0,0,False,0.0,0,False,-1
distractor_gap_context,oracle_context,context_control,numpy_rule,42,576,context,long_distractor_gap,12,1,0,0.0055000000000000005,0.0,0.0,0,False,0.0,0,False,-1
distractor_gap_context,oracle_context,context_control,numpy_rule,42,577,distractor,long_distractor_gap,12,1,0,-0.003,0.0,0.0,0,False,0.0,0,False,-1
distractor_gap_context,oracle_context,context_control,numpy_rule,42,578,distractor,long_distractor_gap,12,1,0,-0.003,0.0,0.0,0,False,0.0,0,False,-1
distractor_gap_context,oracle_context,context_control,numpy_rule,42,579,none,none,-1,0,0,0.0,0.0,0.0,0,False,0.0,0,False,-1
distractor_gap_context,oracle_context,context_control,numpy_rule,42,580,none,none,-1,0,0,0.0,0.0,0.0,0,False,0.0,0,False,-1
distractor_gap_context,oracle_context,context_control,numpy_rule,42,581,none,none,-1,0,0,0.0,0.0,0.0,0,False,0.0,0,False,-1
distractor_gap_context,oracle_context,context_control,numpy_rule,42,582,none,none,-1,0,0,0.0,0.0,0.0,0,False,0.0,0,False,-1
distractor_gap_context,oracle_context,context_control,numpy_rule,42,583,distractor,long_distractor_gap,12,1,0,-0.003,0.0,0.0,0,False,0.0,0,False,-1
distractor_gap_context,oracle_context,context_control,numpy_rule,42,584,distractor,long_distractor_gap,12,1,0,0.003,0.0,0.0,0,False,0.0,0,False,-1
distractor_gap_context,oracle_context,context_control,numpy_rule,42,585,none,none,-1,0,0,0.0,0.0,0.0,0,False,0.0,0,False,-1
distractor_gap_context,oracle_context,context_control,numpy_rule,42,586,distractor,long_distractor_gap,12,1,0,0.003,0.0,0.0,0,False,0.0,0,False,-1
distractor_gap_context,oracle_context,context_control,numpy_rule,42,587,distractor,long_distractor_gap,12,1,0,-0.003,0.0,0.0,0,False,0.0,0,False,-1
distractor_gap_context,oracle_context,context_control,numpy_rule,42,588,distractor,long_distractor_gap,12,1,0,0.003,0.0,0.0,0,False,0.0,0,False,-1
distractor_gap_context,oracle_context,context_control,numpy_rule,42,589,none,none,-1,0,0,0.0,0.0,0.0,0,False,0.0,0,False,-1
distractor_gap_context,oracle_context,context_control,numpy_rule,42,590,distractor,long_distractor_gap,12,1,0,0.003,0.0,0.0,0,False,0.0,0,False,-1
distractor_gap_context,oracle_context,context_control,numpy_rule,42,591,distractor,long_distractor_gap,12,1,0,-0.003,0.0,0.0,0,False,0.0,0,False,-1
distractor_gap_context,oracle_context,context_control,numpy_rule,42,592,distractor,long_distractor_gap,12,1,0,0.003,0.0,0.0,0,False,0.0,0,False,-1
distractor_gap_context,oracle_context,context_control,numpy_rule,42,593,distractor,long_distractor_gap,12,1,0,-0.003,0.0,0.0,0,False,0.0,0,False,-1
distractor_gap_context,oracle_context,context_control,numpy_rule,42,594,distractor,long_distractor_gap,12,1,0,0.003,0.0,0.0,0,False,0.0,0,False,-1
distractor_gap_context,oracle_context,context_control,numpy_rule,42,595,distractor,long_distractor_gap,12,1,0,0.003,0.0,0.0,0,False,0.0,0,False,-1
distractor_gap_context,oracle_context,context_control,numpy_rule,42,596,distractor,long_distractor_gap,12,1,0,-0.003,0.0,0.0,0,False,0.0,0,False,-1
distractor_gap_context,oracle_context,context_control,numpy_rule,42,597,distractor,long_distractor_gap,12,1,0,-0.003,0.0,0.0,0,False,0.0,0,False,-1
distractor_gap_context,oracle_context,context_control,numpy_rule,42,598,distractor,long_distractor_gap,12,1,0,-0.003,0.0,0.0,0,False,0.0,0,False,-1
distractor_gap_context,oracle_context,context_control,numpy_rule,42,599,distractor,long_distractor_gap,12,1,0,0.003,0.0,0.0,0,False,0.0,0,False,-1
distractor_gap_context,oracle_context,context_control,numpy_rule,42,600,none,none,-1,0,0,0.0,0.0,0.0,0,False,0.0,0,False,-1
distractor_gap_context,oracle_context,context_control,numpy_rule,42,601,none,none,-1,0,0,0.0,0.0,0.0,0,False,0.0,0,False,-1
distractor_gap_context,oracle_context,context_control,numpy_rule,42,602,distractor,long_distractor_gap,12,1,0,0.003,0.0,0.0,0,False,0.0,0,False,-1
distractor_gap_context,oracle_context,context_control,numpy_rule,42,603,distractor,long_distractor_gap,12,1,0,-0.003,0.0,0.0,0,False,0.0,0,False,-1
distractor_gap_context,oracle_context,context_control,numpy_rule,42,604,distractor,long_distractor_gap,12,1,0,-0.003,0.0,0.0,0,False,0.0,0,False,-1
distractor_gap_context,oracle_context,context_control,numpy_rule,42,605,distractor,long_distractor_gap,12,1,0,-0.003,0.0,0.0,0,False,0.0,0,False,-1
distractor_gap_context,oracle_context,context_control,numpy_rule,42,606,distractor,long_distractor_gap,12,1,0,0.003,0.0,0.0,0,False,0.0,0,False,-1
distractor_gap_context,oracle_context,context_control,numpy_rule,42,607,distractor,long_distractor_gap,12,1,0,0.003,0.0,0.0,0,False,0.0,0,False,-1
distractor_gap_context,oracle_context,context_control,numpy_rule,42,608,decision,long_distractor_gap,12,1,1,0.01,0.01,0.01,1,True,1.0,1,True,608
distractor_gap_context,oracle_context,context_control,numpy_rule,42,609,none,none,-1,0,0,0.0,0.0,0.0,0,False,0.0,0,False,-1
distractor_gap_context,oracle_context,context_control,numpy_rule,42,610,none,none,-1,0,0,0.0,0.0,0.0,0,False,0.0,0,False,-1
distractor_gap_context,oracle_context,context_control,numpy_rule,42,611,none,none,-1,0,0,0.0,0.0,0.0,0,False,0.0,0,False,-1
distractor_gap_context,oracle_context,context_control,numpy_rule,42,612,none,none,-1,0,0,0.0,0.0,0.0,0,False,0.0,0,False,-1
distractor_gap_context,oracle_context,context_control,numpy_rule,42,613,none,none,-1,0,0,0.0,0.0,0.0,0,False,0.0,0,False,-1
distractor_gap_context,oracle_context,context_control,numpy_rule,42,614,none,none,-1,0,0,0.0,0.0,0.0,0,False,0.0,0,False,-1
distractor_gap_context,oracle_context,context_control,numpy_rule,42,615,none,none,-1,0,0,0.0,0.0,0.0,0,False,0.0,0,False,-1
distractor_gap_context,oracle_context,context_control,numpy_rule,42,616,none,none,-1,0,0,0.0,0.0,0.0,0,False,0.0,0,False,-1
distractor_gap_context,oracle_context,context_control,numpy_rule,42,617,none,none,-1,0,0,0.0,0.0,0.0,0,False,0.0,0,False,-1
distractor_gap_context,oracle_context,context_control,numpy_rule,42,618,none,none,-1,0,0,0.0,0.0,0.0,0,False,0.0,0,False,-1
distractor_gap_context,oracle_context,context_control,numpy_rule,42,619,none,none,-1,0,0,0.0,0.0,0.0,0,False,0.0,0,False,-1
distractor_gap_context,oracle_context,context_control,numpy_rule,42,620,none,none,-1,0,0,0.0,0.0,0.0,0,False,0.0,0,False,-1
distractor_gap_context,oracle_context,context_control,numpy_rule,42,621,none,none,-1,0,0,0.0,0.0,0.0,0,False,0.0,0,False,-1
distractor_gap_context,oracle_context,context_control,numpy_rule,42,622,none,none,-1,0,0,0.0,0.0,0.0,0,False,0.0,0,False,-1
distractor_gap_context,oracle_context,context_control,numpy_rule,42,623,none,none,-1,0,0,0.0,0.0,0.0,0,False,0.0,0,False,-1
distractor_gap_context,oracle_context,context_control,numpy_rule,42,624,context,long_distractor_gap,13,1,0,0.0055000000000000005,0.0,0.0,0,False,0.0,0,False,-1
distractor_gap_context,oracle_context,context_control,numpy_rule,42,625,distractor,long_distractor_gap,13,1,0,0.003,0.0,0.0,0,False,0.0,0,False,-1
distractor_gap_context,oracle_context,context_control,numpy_rule,42,626,none,none,-1,0,0,0.0,0.0,0.0,0,False,0.0,0,False,-1
distractor_gap_context,oracle_context,context_control,numpy_rule,42,627,distractor,long_distractor_gap,13,1,0,-0.003,0.0,0.0,0,False,0.0,0,False,-1
distractor_gap_context,oracle_context,context_control,numpy_rule,42,628,distractor,long_distractor_gap,13,1,0,-0.003,0.0,0.0,0,False,0.0,0,False,-1
distractor_gap_context,oracle_context,context_control,numpy_rule,42,629,none,none,-1,0,0,0.0,0.0,0.0,0,False,0.0,0,False,-1
distractor_gap_context,oracle_context,context_control,numpy_rule,42,630,distractor,long_distractor_gap,13,1,0,0.003,0.0,0.0,0,False,0.0,0,False,-1
distractor_gap_context,oracle_context,context_control,numpy_rule,42,631,distractor,long_distractor_gap,13,1,0,-0.003,0.0,0.0,0,False,0.0,0,False,-1
distractor_gap_context,oracle_context,context_control,numpy_rule,42,632,none,none,-1,0,0,0.0,0.0,0.0,0,False,0.0,0,False,-1
distractor_gap_context,oracle_context,context_control,numpy_rule,42,633,none,none,-1,0,0,0.0,0.0,0.0,0,False,0.0,0,False,-1
distractor_gap_context,oracle_context,context_control,numpy_rule,42,634,distractor,long_distractor_gap,13,1,0,0.003,0.0,0.0,0,False,0.0,0,False,-1
distractor_gap_context,oracle_context,context_control,numpy_rule,42,635,none,none,-1,0,0,0.0,0.0,0.0,0,False,0.0,0,False,-1
distractor_gap_context,oracle_context,context_control,numpy_rule,42,636,none,none,-1,0,0,0.0,0.0,0.0,0,False,0.0,0,False,-1
distractor_gap_context,oracle_context,context_control,numpy_rule,42,637,distractor,long_distractor_gap,13,1,0,-0.003,0.0,0.0,0,False,0.0,0,False,-1
distractor_gap_context,oracle_context,context_control,numpy_rule,42,638,distractor,long_distractor_gap,13,1,0,0.003,0.0,0.0,0,False,0.0,0,False,-1
distractor_gap_context,oracle_context,context_control,numpy_rule,42,639,distractor,long_distractor_gap,13,1,0,0.003,0.0,0.0,0,False,0.0,0,False,-1
distractor_gap_context,oracle_context,context_control,numpy_rule,42,640,distractor,long_distractor_gap,13,1,0,-0.003,0.0,0.0,0,False,0.0,0,False,-1
distractor_gap_context,oracle_context,context_control,numpy_rule,42,641,distractor,long_distractor_gap,13,1,0,-0.003,0.0,0.0,0,False,0.0,0,False,-1
distractor_gap_context,oracle_context,context_control,numpy_rule,42,642,none,none,-1,0,0,0.0,0.0,0.0,0,False,0.0,0,False,-1
distractor_gap_context,oracle_context,context_control,numpy_rule,42,643,distractor,long_distractor_gap,13,1,0,0.003,0.0,0.0,0,False,0.0,0,False,-1
distractor_gap_context,oracle_context,context_control,numpy_rule,42,644,none,none,-1,0,0,0.0,0.0,0.0,0,False,0.0,0,False,-1
distractor_gap_context,oracle_context,context_control,numpy_rule,42,645,distractor,long_distractor_gap,13,1,0,-0.003,0.0,0.0,0,False,0.0,0,False,-1
distractor_gap_context,oracle_context,context_control,numpy_rule,42,646,none,none,-1,0,0,0.0,0.0,0.0,0,False,0.0,0,False,-1
distractor_gap_context,oracle_context,context_control,numpy_rule,42,647,distractor,long_distractor_gap,13,1,0,0.003,0.0,0.0,0,False,0.0,0,False,-1
distractor_gap_context,oracle_context,context_control,numpy_rule,42,648,none,none,-1,0,0,0.0,0.0,0.0,0,False,0.0,0,False,-1
distractor_gap_context,oracle_context,context_control,numpy_rule,42,649,none,none,-1,0,0,0.0,0.0,0.0,0,False,0.0,0,False,-1
distractor_gap_context,oracle_context,context_control,numpy_rule,42,650,distractor,long_distractor_gap,13,1,0,-0.003,0.0,0.0,0,False,0.0,0,False,-1
distractor_gap_context,oracle_context,context_control,numpy_rule,42,651,distractor,long_distractor_gap,13,1,0,-0.003,0.0,0.0,0,False,0.0,0,False,-1
distractor_gap_context,oracle_context,context_control,numpy_rule,42,652,distractor,long_distractor_gap,13,1,0,0.003,0.0,0.0,0,False,0.0,0,False,-1
distractor_gap_context,oracle_context,context_control,numpy_rule,42,653,distractor,long_distractor_gap,13,1,0,-0.003,0.0,0.0,0,False,0.0,0,False,-1
distractor_gap_context,oracle_context,context_control,numpy_rule,42,654,distractor,long_distractor_gap,13,1,0,-0.003,0.0,0.0,0,False,0.0,0,False,-1
distractor_gap_context,oracle_context,context_control,numpy_rule,42,655,distractor,long_distractor_gap,13,1,0,-0.003,0.0,0.0,0,False,0.0,0,False,-1
distractor_gap_context,oracle_context,context_control,numpy_rule,42,656,decision,long_distractor_gap,13,1,-1,-0.01,-0.01,-0.01,-1,True,-1.0,-1,True,656
distractor_gap_context,oracle_context,context_control,numpy_rule,42,657,none,none,-1,0,0,0.0,0.0,0.0,0,False,0.0,0,False,-1
distractor_gap_context,oracle_context,context_control,numpy_rule,42,658,none,none,-1,0,0,0.0,0.0,0.0,0,False,0.0,0,False,-1
distractor_gap_context,oracle_context,context_control,numpy_rule,42,659,none,none,-1,0,0,0.0,0.0,0.0,0,False,0.0,0,False,-1
distractor_gap_context,oracle_context,context_control,numpy_rule,42,660,none,none,-1,0,0,0.0,0.0,0.0,0,False,0.0,0,False,-1
distractor_gap_context,oracle_context,context_control,numpy_rule,42,661,none,none,-1,0,0,0.0,0.0,0.0,0,False,0.0,0,False,-1
distractor_gap_context,oracle_context,context_control,numpy_rule,42,662,none,none,-1,0,0,0.0,0.0,0.0,0,False,0.0,0,False,-1
distractor_gap_context,oracle_context,context_control,numpy_rule,42,663,none,none,-1,0,0,0.0,0.0,0.0,0,False,0.0,0,False,-1
distractor_gap_context,oracle_context,context_control,numpy_rule,42,664,none,none,-1,0,0,0.0,0.0,0.0,0,False,0.0,0,False,-1
distractor_gap_context,oracle_context,context_control,numpy_rule,42,665,none,none,-1,0,0,0.0,0.0,0.0,0,False,0.0,0,False,-1
distractor_gap_context,oracle_context,context_control,numpy_rule,42,666,none,none,-1,0,0,0.0,0.0,0.0,0,False,0.0,0,False,-1
distractor_gap_context,oracle_context,context_control,numpy_rule,42,667,none,none,-1,0,0,0.0,0.0,0.0,0,False,0.0,0,False,-1
distractor_gap_context,oracle_context,context_control,numpy_rule,42,668,none,none,-1,0,0,0.0,0.0,0.0,0,False,0.0,0,False,-1
distractor_gap_context,oracle_context,context_control,numpy_rule,42,669,none,none,-1,0,0,0.0,0.0,0.0,0,False,0.0,0,False,-1
distractor_gap_context,oracle_context,context_control,numpy_rule,42,670,none,none,-1,0,0,0.0,0.0,0.0,0,False,0.0,0,False,-1
distractor_gap_context,oracle_context,context_control,numpy_rule,42,671,none,none,-1,0,0,0.0,0.0,0.0,0,False,0.0,0,False,-1
distractor_gap_context,oracle_context,context_control,numpy_rule,42,672,context,long_distractor_gap,14,-1,0,-0.0055000000000000005,0.0,0.0,0,False,0.0,0,False,-1
distractor_gap_context,oracle_context,context_control,numpy_rule,42,673,distractor,long_distractor_gap,14,-1,0,0.003,0.0,0.0,0,False,0.0,0,False,-1
distractor_gap_context,oracle_context,context_control,numpy_rule,42,674,none,none,-1,0,0,0.0,0.0,0.0,0,False,0.0,0,False,-1
distractor_gap_context,oracle_context,context_control,numpy_rule,42,675,distractor,long_distractor_gap,14,-1,0,0.003,0.0,0.0,0,False,0.0,0,False,-1
distractor_gap_context,oracle_context,context_control,numpy_rule,42,676,distractor,long_distractor_gap,14,-1,0,-0.003,0.0,0.0,0,False,0.0,0,False,-1
distractor_gap_context,oracle_context,context_control,numpy_rule,42,677,distractor,long_distractor_gap,14,-1,0,-0.003,0.0,0.0,0,False,0.0,0,False,-1
distractor_gap_context,oracle_context,context_control,numpy_rule,42,678,distractor,long_distractor_gap,14,-1,0,-0.003,0.0,0.0,0,False,0.0,0,False,-1
distractor_gap_context,oracle_context,context_control,numpy_rule,42,679,none,none,-1,0,0,0.0,0.0,0.0,0,False,0.0,0,False,-1
distractor_gap_context,oracle_context,context_control,numpy_rule,42,680,distractor,long_distractor_gap,14,-1,0,-0.003,0.0,0.0,0,False,0.0,0,False,-1
distractor_gap_context,oracle_context,context_control,numpy_rule,42,681,none,none,-1,0,0,0.0,0.0,0.0,0,False,0.0,0,False,-1
distractor_gap_context,oracle_context,context_control,numpy_rule,42,682,none,none,-1,0,0,0.0,0.0,0.0,0,False,0.0,0,False,-1
distractor_gap_context,oracle_context,context_control,numpy_rule,42,683,distractor,long_distractor_gap,14,-1,0,0.003,0.0,0.0,0,False,0.0,0,False,-1
distractor_gap_context,oracle_context,context_control,numpy_rule,42,684,distractor,long_distractor_gap,14,-1,0,-0.003,0.0,0.0,0,False,0.0,0,False,-1
distractor_gap_context,oracle_context,context_control,numpy_rule,42,685,none,none,-1,0,0,0.0,0.0,0.0,0,False,0.0,0,False,-1
distractor_gap_context,oracle_context,context_control,numpy_rule,42,686,distractor,long_distractor_gap,14,-1,0,0.003,0.0,0.0,0,False,0.0,0,False,-1
distractor_gap_context,oracle_context,context_control,numpy_rule,42,687,none,none,-1,0,0,0.0,0.0,0.0,0,False,0.0,0,False,-1
distractor_gap_context,oracle_context,context_control,numpy_rule,42,688,distractor,long_distractor_gap,14,-1,0,-0.003,0.0,0.0,0,False,0.0,0,False,-1
distractor_gap_context,oracle_context,context_control,numpy_rule,42,689,distractor,long_distractor_gap,14,-1,0,0.003,0.0,0.0,0,False,0.0,0,False,-1
distractor_gap_context,oracle_context,context_control,numpy_rule,42,690,distractor,long_distractor_gap,14,-1,0,-0.003,0.0,0.0,0,False,0.0,0,False,-1
distractor_gap_context,oracle_context,context_control,numpy_rule,42,691,distractor,long_distractor_gap,14,-1,0,0.003,0.0,0.0,0,False,0.0,0,False,-1
distractor_gap_context,oracle_context,context_control,numpy_rule,42,692,distractor,long_distractor_gap,14,-1,0,-0.003,0.0,0.0,0,False,0.0,0,False,-1
distractor_gap_context,oracle_context,context_control,numpy_rule,42,693,distractor,long_distractor_gap,14,-1,0,-0.003,0.0,0.0,0,False,0.0,0,False,-1
distractor_gap_context,oracle_context,context_control,numpy_rule,42,694,distractor,long_distractor_gap,14,-1,0,-0.003,0.0,0.0,0,False,0.0,0,False,-1
distractor_gap_context,oracle_context,context_control,numpy_rule,42,695,distractor,long_distractor_gap,14,-1,0,0.003,0.0,0.0,0,False,0.0,0,False,-1
distractor_gap_context,oracle_context,context_control,numpy_rule,42,696,none,none,-1,0,0,0.0,0.0,0.0,0,False,0.0,0,False,-1
distractor_gap_context,oracle_context,context_control,numpy_rule,42,697,none,none,-1,0,0,0.0,0.0,0.0,0,False,0.0,0,False,-1
distractor_gap_context,oracle_context,context_control,numpy_rule,42,698,distractor,long_distractor_gap,14,-1,0,0.003,0.0,0.0,0,False,0.0,0,False,-1
distractor_gap_context,oracle_context,context_control,numpy_rule,42,699,distractor,long_distractor_gap,14,-1,0,0.003,0.0,0.0,0,False,0.0,0,False,-1
distractor_gap_context,oracle_context,context_control,numpy_rule,42,700,none,none,-1,0,0,0.0,0.0,0.0,0,False,0.0,0,False,-1
distractor_gap_context,oracle_context,context_control,numpy_rule,42,701,none,none,-1,0,0,0.0,0.0,0.0,0,False,0.0,0,False,-1
distractor_gap_context,oracle_context,context_control,numpy_rule,42,702,none,none,-1,0,0,0.0,0.0,0.0,0,False,0.0,0,False,-1
distractor_gap_context,oracle_context,context_control,numpy_rule,42,703,distractor,long_distractor_gap,14,-1,0,0.003,0.0,0.0,0,False,0.0,0,False,-1
distractor_gap_context,oracle_context,context_control,numpy_rule,42,704,decision,long_distractor_gap,14,-1,1,0.01,-0.01,-0.01,-1,True,-1.0,-1,True,704
distractor_gap_context,oracle_context,context_control,numpy_rule,42,705,none,none,-1,0,0,0.0,0.0,0.0,0,False,0.0,0,False,-1
distractor_gap_context,oracle_context,context_control,numpy_rule,42,706,none,none,-1,0,0,0.0,0.0,0.0,0,False,0.0,0,False,-1
distractor_gap_context,oracle_context,context_control,numpy_rule,42,707,none,none,-1,0,0,0.0,0.0,0.0,0,False,0.0,0,False,-1
distractor_gap_context,oracle_context,context_control,numpy_rule,42,708,none,none,-1,0,0,0.0,0.0,0.0,0,False,0.0,0,False,-1
distractor_gap_context,oracle_context,context_control,numpy_rule,42,709,none,none,-1,0,0,0.0,0.0,0.0,0,False,0.0,0,False,-1
distractor_gap_context,oracle_context,context_control,numpy_rule,42,710,none,none,-1,0,0,0.0,0.0,0.0,0,False,0.0,0,False,-1
distractor_gap_context,oracle_context,context_control,numpy_rule,42,711,none,none,-1,0,0,0.0,0.0,0.0,0,False,0.0,0,False,-1
distractor_gap_context,oracle_context,context_control,numpy_rule,42,712,none,none,-1,0,0,0.0,0.0,0.0,0,False,0.0,0,False,-1
distractor_gap_context,oracle_context,context_control,numpy_rule,42,713,none,none,-1,0,0,0.0,0.0,0.0,0,False,0.0,0,False,-1
distractor_gap_context,oracle_context,context_control,numpy_rule,42,714,none,none,-1,0,0,0.0,0.0,0.0,0,False,0.0,0,False,-1
distractor_gap_context,oracle_context,context_control,numpy_rule,42,715,none,none,-1,0,0,0.0,0.0,0.0,0,False,0.0,0,False,-1
distractor_gap_context,oracle_context,context_control,numpy_rule,42,716,none,none,-1,0,0,0.0,0.0,0.0,0,False,0.0,0,False,-1
distractor_gap_context,oracle_context,context_control,numpy_rule,42,717,none,none,-1,0,0,0.0,0.0,0.0,0,False,0.0,0,False,-1
distractor_gap_context,oracle_context,context_control,numpy_rule,42,718,none,none,-1,0,0,0.0,0.0,0.0,0,False,0.0,0,False,-1
distractor_gap_context,oracle_context,context_control,numpy_rule,42,719,none,none,-1,0,0,0.0,0.0,0.0,0,False,0.0,0,False,-1
