task,length,seed,capacity_units,reference_probe_id,probe_id,probe_family,linear_cka_to_candidate
mackey_glass,8000,42,16,partitioned_driver_full_16,partition_labels_shuffled_16,partition_labels_shuffled,0.8950239863637934
mackey_glass,8000,42,16,partitioned_driver_full_16,partition_merged_unpartitioned_16,partition_merged_unpartitioned,0.9451494573087187
mackey_glass,8000,42,16,partitioned_driver_full_16,linear_lag_partitioned_16,linear_lag_partitioned,0.939103967565872
mackey_glass,8000,42,16,partitioned_driver_full_16,diversity_pressure_disabled_repeat_16,diversity_pressure_disabled_repeat,0.9970766167132721
mackey_glass,8000,42,16,partitioned_driver_full_16,nonlinear_lag_unpartitioned_same_budget_16,nonlinear_lag_unpartitioned_same_budget,0.9281999255442254
mackey_glass,8000,42,16,partitioned_driver_full_16,same_feature_count_random_projection_16,same_feature_count_random_projection,0.8410748472669365
mackey_glass,8000,42,16,partitioned_driver_full_16,readout_budget_matched_single_pool_16,readout_budget_matched_single_pool,0.8859410982935354
mackey_glass,8000,42,16,partitioned_driver_full_16,remove_fast_trace_drivers_16,remove_fast_trace_drivers,1.0
mackey_glass,8000,42,16,partitioned_driver_full_16,remove_lag_drivers_16,remove_lag_drivers,1.0
mackey_glass,8000,42,16,partitioned_driver_full_16,remove_nonlinear_drivers_16,remove_nonlinear_drivers,0.9966514197730191
mackey_glass,8000,42,16,partitioned_driver_full_16,remove_slow_trace_drivers_16,remove_slow_trace_drivers,1.0
mackey_glass,8000,42,16,partitioned_driver_full_16,permuted_recurrence_16_offset_71,permuted_recurrence,0.9517921149407801
mackey_glass,8000,42,16,partitioned_driver_full_16,permuted_recurrence_16_offset_101,permuted_recurrence,0.9546797204592489
mackey_glass,8000,42,16,partitioned_driver_full_16,permuted_recurrence_16_offset_131,permuted_recurrence,0.8662046406955046
mackey_glass,8000,42,16,partitioned_driver_full_16,target_shuffle_candidate_16,target_shuffle_candidate,1.0
mackey_glass,8000,42,16,partitioned_driver_full_16,time_shuffle_candidate_16,time_shuffle_candidate,0.00025114034929375517
mackey_glass,8000,42,32,partitioned_driver_full_32,partition_labels_shuffled_32,partition_labels_shuffled,0.9595988919416332
mackey_glass,8000,42,32,partitioned_driver_full_32,partition_merged_unpartitioned_32,partition_merged_unpartitioned,0.92150527111315
mackey_glass,8000,42,32,partitioned_driver_full_32,linear_lag_partitioned_32,linear_lag_partitioned,0.9652170402657285
mackey_glass,8000,42,32,partitioned_driver_full_32,diversity_pressure_disabled_repeat_32,diversity_pressure_disabled_repeat,0.997757927154288
mackey_glass,8000,42,32,partitioned_driver_full_32,nonlinear_lag_unpartitioned_same_budget_32,nonlinear_lag_unpartitioned_same_budget,0.8945289104251518
mackey_glass,8000,42,32,partitioned_driver_full_32,same_feature_count_random_projection_32,same_feature_count_random_projection,0.978081455739794
mackey_glass,8000,42,32,partitioned_driver_full_32,readout_budget_matched_single_pool_32,readout_budget_matched_single_pool,0.8989662269756579
mackey_glass,8000,42,32,partitioned_driver_full_32,remove_fast_trace_drivers_32,remove_fast_trace_drivers,1.0
mackey_glass,8000,42,32,partitioned_driver_full_32,remove_lag_drivers_32,remove_lag_drivers,1.0
mackey_glass,8000,42,32,partitioned_driver_full_32,remove_nonlinear_drivers_32,remove_nonlinear_drivers,0.995679501702734
mackey_glass,8000,42,32,partitioned_driver_full_32,remove_slow_trace_drivers_32,remove_slow_trace_drivers,1.0
mackey_glass,8000,42,32,partitioned_driver_full_32,permuted_recurrence_32_offset_71,permuted_recurrence,0.9380412347543635
mackey_glass,8000,42,32,partitioned_driver_full_32,permuted_recurrence_32_offset_101,permuted_recurrence,0.8937166339787127
mackey_glass,8000,42,32,partitioned_driver_full_32,permuted_recurrence_32_offset_131,permuted_recurrence,0.8305503193462451
mackey_glass,8000,42,32,partitioned_driver_full_32,target_shuffle_candidate_32,target_shuffle_candidate,1.0
mackey_glass,8000,42,32,partitioned_driver_full_32,time_shuffle_candidate_32,time_shuffle_candidate,0.0004247442940994655
mackey_glass,8000,42,64,partitioned_driver_full_64,partition_labels_shuffled_64,partition_labels_shuffled,0.9060646313184619
mackey_glass,8000,42,64,partitioned_driver_full_64,partition_merged_unpartitioned_64,partition_merged_unpartitioned,0.9297179803578457
mackey_glass,8000,42,64,partitioned_driver_full_64,linear_lag_partitioned_64,linear_lag_partitioned,0.9625890373209254
mackey_glass,8000,42,64,partitioned_driver_full_64,diversity_pressure_disabled_repeat_64,diversity_pressure_disabled_repeat,0.9992760462909736
mackey_glass,8000,42,64,partitioned_driver_full_64,nonlinear_lag_unpartitioned_same_budget_64,nonlinear_lag_unpartitioned_same_budget,0.930996961815007
mackey_glass,8000,42,64,partitioned_driver_full_64,same_feature_count_random_projection_64,same_feature_count_random_projection,0.9132674323452823
mackey_glass,8000,42,64,partitioned_driver_full_64,readout_budget_matched_single_pool_64,readout_budget_matched_single_pool,0.9615884747917677
mackey_glass,8000,42,64,partitioned_driver_full_64,remove_fast_trace_drivers_64,remove_fast_trace_drivers,0.9999999999999996
mackey_glass,8000,42,64,partitioned_driver_full_64,remove_lag_drivers_64,remove_lag_drivers,0.9999999999999996
mackey_glass,8000,42,64,partitioned_driver_full_64,remove_nonlinear_drivers_64,remove_nonlinear_drivers,0.9984367742072645
mackey_glass,8000,42,64,partitioned_driver_full_64,remove_slow_trace_drivers_64,remove_slow_trace_drivers,0.9999999999999996
mackey_glass,8000,42,64,partitioned_driver_full_64,permuted_recurrence_64_offset_71,permuted_recurrence,0.9755042317135404
mackey_glass,8000,42,64,partitioned_driver_full_64,permuted_recurrence_64_offset_101,permuted_recurrence,0.9629290459266063
mackey_glass,8000,42,64,partitioned_driver_full_64,permuted_recurrence_64_offset_131,permuted_recurrence,0.9496925961170453
mackey_glass,8000,42,64,partitioned_driver_full_64,target_shuffle_candidate_64,target_shuffle_candidate,0.9999999999999996
mackey_glass,8000,42,64,partitioned_driver_full_64,time_shuffle_candidate_64,time_shuffle_candidate,0.000456685306796861
mackey_glass,8000,42,128,partitioned_driver_full_128,partition_labels_shuffled_128,partition_labels_shuffled,0.979873082921066
mackey_glass,8000,42,128,partitioned_driver_full_128,partition_merged_unpartitioned_128,partition_merged_unpartitioned,0.9465025757805228
mackey_glass,8000,42,128,partitioned_driver_full_128,linear_lag_partitioned_128,linear_lag_partitioned,0.979008573260266
mackey_glass,8000,42,128,partitioned_driver_full_128,diversity_pressure_disabled_repeat_128,diversity_pressure_disabled_repeat,0.9999151204002592
mackey_glass,8000,42,128,partitioned_driver_full_128,nonlinear_lag_unpartitioned_same_budget_128,nonlinear_lag_unpartitioned_same_budget,0.9820565076942184
mackey_glass,8000,42,128,partitioned_driver_full_128,same_feature_count_random_projection_128,same_feature_count_random_projection,0.9880679968068085
mackey_glass,8000,42,128,partitioned_driver_full_128,readout_budget_matched_single_pool_128,readout_budget_matched_single_pool,0.9489331814890276
mackey_glass,8000,42,128,partitioned_driver_full_128,remove_fast_trace_drivers_128,remove_fast_trace_drivers,1.0
mackey_glass,8000,42,128,partitioned_driver_full_128,remove_lag_drivers_128,remove_lag_drivers,1.0
mackey_glass,8000,42,128,partitioned_driver_full_128,remove_nonlinear_drivers_128,remove_nonlinear_drivers,0.9983431082231953
mackey_glass,8000,42,128,partitioned_driver_full_128,remove_slow_trace_drivers_128,remove_slow_trace_drivers,1.0
mackey_glass,8000,42,128,partitioned_driver_full_128,permuted_recurrence_128_offset_71,permuted_recurrence,0.955967335561725
mackey_glass,8000,42,128,partitioned_driver_full_128,permuted_recurrence_128_offset_101,permuted_recurrence,0.9551083328022821
mackey_glass,8000,42,128,partitioned_driver_full_128,permuted_recurrence_128_offset_131,permuted_recurrence,0.9497676431044094
mackey_glass,8000,42,128,partitioned_driver_full_128,target_shuffle_candidate_128,target_shuffle_candidate,1.0
mackey_glass,8000,42,128,partitioned_driver_full_128,time_shuffle_candidate_128,time_shuffle_candidate,0.0005767414343887062
lorenz,8000,42,16,partitioned_driver_full_16,partition_labels_shuffled_16,partition_labels_shuffled,0.903798627500306
lorenz,8000,42,16,partitioned_driver_full_16,partition_merged_unpartitioned_16,partition_merged_unpartitioned,0.9576669590238203
lorenz,8000,42,16,partitioned_driver_full_16,linear_lag_partitioned_16,linear_lag_partitioned,0.9511589982053904
lorenz,8000,42,16,partitioned_driver_full_16,diversity_pressure_disabled_repeat_16,diversity_pressure_disabled_repeat,0.9980966877785618
lorenz,8000,42,16,partitioned_driver_full_16,nonlinear_lag_unpartitioned_same_budget_16,nonlinear_lag_unpartitioned_same_budget,0.8851848284259438
lorenz,8000,42,16,partitioned_driver_full_16,same_feature_count_random_projection_16,same_feature_count_random_projection,0.9278073587937596
lorenz,8000,42,16,partitioned_driver_full_16,readout_budget_matched_single_pool_16,readout_budget_matched_single_pool,0.7998395837555435
lorenz,8000,42,16,partitioned_driver_full_16,remove_fast_trace_drivers_16,remove_fast_trace_drivers,1.0
lorenz,8000,42,16,partitioned_driver_full_16,remove_lag_drivers_16,remove_lag_drivers,1.0
lorenz,8000,42,16,partitioned_driver_full_16,remove_nonlinear_drivers_16,remove_nonlinear_drivers,0.9897036539993525
lorenz,8000,42,16,partitioned_driver_full_16,remove_slow_trace_drivers_16,remove_slow_trace_drivers,1.0
lorenz,8000,42,16,partitioned_driver_full_16,permuted_recurrence_16_offset_71,permuted_recurrence,0.8974988219937651
lorenz,8000,42,16,partitioned_driver_full_16,permuted_recurrence_16_offset_101,permuted_recurrence,0.8838612799923442
lorenz,8000,42,16,partitioned_driver_full_16,permuted_recurrence_16_offset_131,permuted_recurrence,0.7637522983839511
lorenz,8000,42,16,partitioned_driver_full_16,target_shuffle_candidate_16,target_shuffle_candidate,1.0
lorenz,8000,42,16,partitioned_driver_full_16,time_shuffle_candidate_16,time_shuffle_candidate,0.0003522740616476844
lorenz,8000,42,32,partitioned_driver_full_32,partition_labels_shuffled_32,partition_labels_shuffled,0.9525431189321109
lorenz,8000,42,32,partitioned_driver_full_32,partition_merged_unpartitioned_32,partition_merged_unpartitioned,0.9386710430852407
lorenz,8000,42,32,partitioned_driver_full_32,linear_lag_partitioned_32,linear_lag_partitioned,0.9583887907496342
lorenz,8000,42,32,partitioned_driver_full_32,diversity_pressure_disabled_repeat_32,diversity_pressure_disabled_repeat,0.9930045132823324
lorenz,8000,42,32,partitioned_driver_full_32,nonlinear_lag_unpartitioned_same_budget_32,nonlinear_lag_unpartitioned_same_budget,0.9145737051612962
lorenz,8000,42,32,partitioned_driver_full_32,same_feature_count_random_projection_32,same_feature_count_random_projection,0.9517251713971818
lorenz,8000,42,32,partitioned_driver_full_32,readout_budget_matched_single_pool_32,readout_budget_matched_single_pool,0.9036936101581127
lorenz,8000,42,32,partitioned_driver_full_32,remove_fast_trace_drivers_32,remove_fast_trace_drivers,1.0
lorenz,8000,42,32,partitioned_driver_full_32,remove_lag_drivers_32,remove_lag_drivers,1.0
lorenz,8000,42,32,partitioned_driver_full_32,remove_nonlinear_drivers_32,remove_nonlinear_drivers,0.9941547068654447
lorenz,8000,42,32,partitioned_driver_full_32,remove_slow_trace_drivers_32,remove_slow_trace_drivers,1.0
lorenz,8000,42,32,partitioned_driver_full_32,permuted_recurrence_32_offset_71,permuted_recurrence,0.921755671138624
lorenz,8000,42,32,partitioned_driver_full_32,permuted_recurrence_32_offset_101,permuted_recurrence,0.91361229376005
lorenz,8000,42,32,partitioned_driver_full_32,permuted_recurrence_32_offset_131,permuted_recurrence,0.8681067773050322
lorenz,8000,42,32,partitioned_driver_full_32,target_shuffle_candidate_32,target_shuffle_candidate,1.0
lorenz,8000,42,32,partitioned_driver_full_32,time_shuffle_candidate_32,time_shuffle_candidate,0.0008912447470971668
lorenz,8000,42,64,partitioned_driver_full_64,partition_labels_shuffled_64,partition_labels_shuffled,0.9756484745100691
lorenz,8000,42,64,partitioned_driver_full_64,partition_merged_unpartitioned_64,partition_merged_unpartitioned,0.9782616879081534
lorenz,8000,42,64,partitioned_driver_full_64,linear_lag_partitioned_64,linear_lag_partitioned,0.9826891582501778
lorenz,8000,42,64,partitioned_driver_full_64,diversity_pressure_disabled_repeat_64,diversity_pressure_disabled_repeat,0.9995516834946894
lorenz,8000,42,64,partitioned_driver_full_64,nonlinear_lag_unpartitioned_same_budget_64,nonlinear_lag_unpartitioned_same_budget,0.9599386722994322
lorenz,8000,42,64,partitioned_driver_full_64,same_feature_count_random_projection_64,same_feature_count_random_projection,0.9745221240030052
lorenz,8000,42,64,partitioned_driver_full_64,readout_budget_matched_single_pool_64,readout_budget_matched_single_pool,0.9403329262979756
lorenz,8000,42,64,partitioned_driver_full_64,remove_fast_trace_drivers_64,remove_fast_trace_drivers,1.0
lorenz,8000,42,64,partitioned_driver_full_64,remove_lag_drivers_64,remove_lag_drivers,1.0
lorenz,8000,42,64,partitioned_driver_full_64,remove_nonlinear_drivers_64,remove_nonlinear_drivers,0.9977778299691403
lorenz,8000,42,64,partitioned_driver_full_64,remove_slow_trace_drivers_64,remove_slow_trace_drivers,1.0
lorenz,8000,42,64,partitioned_driver_full_64,permuted_recurrence_64_offset_71,permuted_recurrence,0.955906068869171
lorenz,8000,42,64,partitioned_driver_full_64,permuted_recurrence_64_offset_101,permuted_recurrence,0.9497001016010386
lorenz,8000,42,64,partitioned_driver_full_64,permuted_recurrence_64_offset_131,permuted_recurrence,0.9781830367672595
lorenz,8000,42,64,partitioned_driver_full_64,target_shuffle_candidate_64,target_shuffle_candidate,1.0
lorenz,8000,42,64,partitioned_driver_full_64,time_shuffle_candidate_64,time_shuffle_candidate,0.0007677846255755563
lorenz,8000,42,128,partitioned_driver_full_128,partition_labels_shuffled_128,partition_labels_shuffled,0.9750254410784235
lorenz,8000,42,128,partitioned_driver_full_128,partition_merged_unpartitioned_128,partition_merged_unpartitioned,0.967935993268739
lorenz,8000,42,128,partitioned_driver_full_128,linear_lag_partitioned_128,linear_lag_partitioned,0.9825561859479552
lorenz,8000,42,128,partitioned_driver_full_128,diversity_pressure_disabled_repeat_128,diversity_pressure_disabled_repeat,0.9998891625493936
lorenz,8000,42,128,partitioned_driver_full_128,nonlinear_lag_unpartitioned_same_budget_128,nonlinear_lag_unpartitioned_same_budget,0.9627286131614433
lorenz,8000,42,128,partitioned_driver_full_128,same_feature_count_random_projection_128,same_feature_count_random_projection,0.9778636975454307
lorenz,8000,42,128,partitioned_driver_full_128,readout_budget_matched_single_pool_128,readout_budget_matched_single_pool,0.9871505457199821
lorenz,8000,42,128,partitioned_driver_full_128,remove_fast_trace_drivers_128,remove_fast_trace_drivers,1.0
lorenz,8000,42,128,partitioned_driver_full_128,remove_lag_drivers_128,remove_lag_drivers,1.0
lorenz,8000,42,128,partitioned_driver_full_128,remove_nonlinear_drivers_128,remove_nonlinear_drivers,0.9957834484023911
lorenz,8000,42,128,partitioned_driver_full_128,remove_slow_trace_drivers_128,remove_slow_trace_drivers,1.0
lorenz,8000,42,128,partitioned_driver_full_128,permuted_recurrence_128_offset_71,permuted_recurrence,0.9837324811833112
lorenz,8000,42,128,partitioned_driver_full_128,permuted_recurrence_128_offset_101,permuted_recurrence,0.9754537554797561
lorenz,8000,42,128,partitioned_driver_full_128,permuted_recurrence_128_offset_131,permuted_recurrence,0.9705496997984301
lorenz,8000,42,128,partitioned_driver_full_128,target_shuffle_candidate_128,target_shuffle_candidate,1.0
lorenz,8000,42,128,partitioned_driver_full_128,time_shuffle_candidate_128,time_shuffle_candidate,0.0009617858643219428
narma10,8000,42,16,partitioned_driver_full_16,partition_labels_shuffled_16,partition_labels_shuffled,0.7520576460414886
narma10,8000,42,16,partitioned_driver_full_16,partition_merged_unpartitioned_16,partition_merged_unpartitioned,0.8041506775124275
narma10,8000,42,16,partitioned_driver_full_16,linear_lag_partitioned_16,linear_lag_partitioned,0.8068746417076943
narma10,8000,42,16,partitioned_driver_full_16,diversity_pressure_disabled_repeat_16,diversity_pressure_disabled_repeat,0.9915366443244654
narma10,8000,42,16,partitioned_driver_full_16,nonlinear_lag_unpartitioned_same_budget_16,nonlinear_lag_unpartitioned_same_budget,0.7966372945010433
narma10,8000,42,16,partitioned_driver_full_16,same_feature_count_random_projection_16,same_feature_count_random_projection,0.6614309668244372
narma10,8000,42,16,partitioned_driver_full_16,readout_budget_matched_single_pool_16,readout_budget_matched_single_pool,0.7237913902097426
narma10,8000,42,16,partitioned_driver_full_16,remove_fast_trace_drivers_16,remove_fast_trace_drivers,1.0
narma10,8000,42,16,partitioned_driver_full_16,remove_lag_drivers_16,remove_lag_drivers,1.0
narma10,8000,42,16,partitioned_driver_full_16,remove_nonlinear_drivers_16,remove_nonlinear_drivers,0.9853318259143184
narma10,8000,42,16,partitioned_driver_full_16,remove_slow_trace_drivers_16,remove_slow_trace_drivers,1.0
narma10,8000,42,16,partitioned_driver_full_16,permuted_recurrence_16_offset_71,permuted_recurrence,0.647688093242545
narma10,8000,42,16,partitioned_driver_full_16,permuted_recurrence_16_offset_101,permuted_recurrence,0.5921762808825851
narma10,8000,42,16,partitioned_driver_full_16,permuted_recurrence_16_offset_131,permuted_recurrence,0.7456594980441158
narma10,8000,42,16,partitioned_driver_full_16,target_shuffle_candidate_16,target_shuffle_candidate,1.0
narma10,8000,42,16,partitioned_driver_full_16,time_shuffle_candidate_16,time_shuffle_candidate,0.0010849808295507696
narma10,8000,42,32,partitioned_driver_full_32,partition_labels_shuffled_32,partition_labels_shuffled,0.9094651569987986
narma10,8000,42,32,partitioned_driver_full_32,partition_merged_unpartitioned_32,partition_merged_unpartitioned,0.7747566941153158
narma10,8000,42,32,partitioned_driver_full_32,linear_lag_partitioned_32,linear_lag_partitioned,0.7029020846865793
narma10,8000,42,32,partitioned_driver_full_32,diversity_pressure_disabled_repeat_32,diversity_pressure_disabled_repeat,0.9979174577799913
narma10,8000,42,32,partitioned_driver_full_32,nonlinear_lag_unpartitioned_same_budget_32,nonlinear_lag_unpartitioned_same_budget,0.7204237413464663
narma10,8000,42,32,partitioned_driver_full_32,same_feature_count_random_projection_32,same_feature_count_random_projection,0.8547881130052273
narma10,8000,42,32,partitioned_driver_full_32,readout_budget_matched_single_pool_32,readout_budget_matched_single_pool,0.7784115900952634
narma10,8000,42,32,partitioned_driver_full_32,remove_fast_trace_drivers_32,remove_fast_trace_drivers,1.0000000000000002
narma10,8000,42,32,partitioned_driver_full_32,remove_lag_drivers_32,remove_lag_drivers,1.0000000000000002
narma10,8000,42,32,partitioned_driver_full_32,remove_nonlinear_drivers_32,remove_nonlinear_drivers,0.9788390522004794
narma10,8000,42,32,partitioned_driver_full_32,remove_slow_trace_drivers_32,remove_slow_trace_drivers,1.0000000000000002
narma10,8000,42,32,partitioned_driver_full_32,permuted_recurrence_32_offset_71,permuted_recurrence,0.7217525019694931
narma10,8000,42,32,partitioned_driver_full_32,permuted_recurrence_32_offset_101,permuted_recurrence,0.6777965058869769
narma10,8000,42,32,partitioned_driver_full_32,permuted_recurrence_32_offset_131,permuted_recurrence,0.6929274266446676
narma10,8000,42,32,partitioned_driver_full_32,target_shuffle_candidate_32,target_shuffle_candidate,1.0000000000000002
narma10,8000,42,32,partitioned_driver_full_32,time_shuffle_candidate_32,time_shuffle_candidate,0.0013926707684421744
narma10,8000,42,64,partitioned_driver_full_64,partition_labels_shuffled_64,partition_labels_shuffled,0.9272267497854079
narma10,8000,42,64,partitioned_driver_full_64,partition_merged_unpartitioned_64,partition_merged_unpartitioned,0.7691345595459576
narma10,8000,42,64,partitioned_driver_full_64,linear_lag_partitioned_64,linear_lag_partitioned,0.8753224523865689
narma10,8000,42,64,partitioned_driver_full_64,diversity_pressure_disabled_repeat_64,diversity_pressure_disabled_repeat,0.9994571665044132
narma10,8000,42,64,partitioned_driver_full_64,nonlinear_lag_unpartitioned_same_budget_64,nonlinear_lag_unpartitioned_same_budget,0.9224265713914649
narma10,8000,42,64,partitioned_driver_full_64,same_feature_count_random_projection_64,same_feature_count_random_projection,0.8587815990834521
narma10,8000,42,64,partitioned_driver_full_64,readout_budget_matched_single_pool_64,readout_budget_matched_single_pool,0.7183581323987559
narma10,8000,42,64,partitioned_driver_full_64,remove_fast_trace_drivers_64,remove_fast_trace_drivers,1.0000000000000002
narma10,8000,42,64,partitioned_driver_full_64,remove_lag_drivers_64,remove_lag_drivers,1.0000000000000002
narma10,8000,42,64,partitioned_driver_full_64,remove_nonlinear_drivers_64,remove_nonlinear_drivers,0.9895629768437102
narma10,8000,42,64,partitioned_driver_full_64,remove_slow_trace_drivers_64,remove_slow_trace_drivers,1.0000000000000002
narma10,8000,42,64,partitioned_driver_full_64,permuted_recurrence_64_offset_71,permuted_recurrence,0.74420477137931
narma10,8000,42,64,partitioned_driver_full_64,permuted_recurrence_64_offset_101,permuted_recurrence,0.7755237637426463
narma10,8000,42,64,partitioned_driver_full_64,permuted_recurrence_64_offset_131,permuted_recurrence,0.6420755529008876
narma10,8000,42,64,partitioned_driver_full_64,target_shuffle_candidate_64,target_shuffle_candidate,1.0000000000000002
narma10,8000,42,64,partitioned_driver_full_64,time_shuffle_candidate_64,time_shuffle_candidate,0.0015508758675857447
narma10,8000,42,128,partitioned_driver_full_128,partition_labels_shuffled_128,partition_labels_shuffled,0.9472519246651442
narma10,8000,42,128,partitioned_driver_full_128,partition_merged_unpartitioned_128,partition_merged_unpartitioned,0.8175016205007059
narma10,8000,42,128,partitioned_driver_full_128,linear_lag_partitioned_128,linear_lag_partitioned,0.9243844205631453
narma10,8000,42,128,partitioned_driver_full_128,diversity_pressure_disabled_repeat_128,diversity_pressure_disabled_repeat,0.9996467619714524
narma10,8000,42,128,partitioned_driver_full_128,nonlinear_lag_unpartitioned_same_budget_128,nonlinear_lag_unpartitioned_same_budget,0.9223196656722652
narma10,8000,42,128,partitioned_driver_full_128,same_feature_count_random_projection_128,same_feature_count_random_projection,0.8779871813846379
narma10,8000,42,128,partitioned_driver_full_128,readout_budget_matched_single_pool_128,readout_budget_matched_single_pool,0.7834737023997483
narma10,8000,42,128,partitioned_driver_full_128,remove_fast_trace_drivers_128,remove_fast_trace_drivers,1.0
narma10,8000,42,128,partitioned_driver_full_128,remove_lag_drivers_128,remove_lag_drivers,1.0
narma10,8000,42,128,partitioned_driver_full_128,remove_nonlinear_drivers_128,remove_nonlinear_drivers,0.9896523414960599
narma10,8000,42,128,partitioned_driver_full_128,remove_slow_trace_drivers_128,remove_slow_trace_drivers,1.0
narma10,8000,42,128,partitioned_driver_full_128,permuted_recurrence_128_offset_71,permuted_recurrence,0.7481576924922655
narma10,8000,42,128,partitioned_driver_full_128,permuted_recurrence_128_offset_101,permuted_recurrence,0.7808041364260804
narma10,8000,42,128,partitioned_driver_full_128,permuted_recurrence_128_offset_131,permuted_recurrence,0.7780837750325382
narma10,8000,42,128,partitioned_driver_full_128,target_shuffle_candidate_128,target_shuffle_candidate,1.0
narma10,8000,42,128,partitioned_driver_full_128,time_shuffle_candidate_128,time_shuffle_candidate,0.0018190392899991076
mackey_glass,8000,43,16,partitioned_driver_full_16,partition_labels_shuffled_16,partition_labels_shuffled,0.8778303764862765
mackey_glass,8000,43,16,partitioned_driver_full_16,partition_merged_unpartitioned_16,partition_merged_unpartitioned,0.9517924828841587
mackey_glass,8000,43,16,partitioned_driver_full_16,linear_lag_partitioned_16,linear_lag_partitioned,0.8668848636793025
mackey_glass,8000,43,16,partitioned_driver_full_16,diversity_pressure_disabled_repeat_16,diversity_pressure_disabled_repeat,0.9959295145647886
mackey_glass,8000,43,16,partitioned_driver_full_16,nonlinear_lag_unpartitioned_same_budget_16,nonlinear_lag_unpartitioned_same_budget,0.8081328410078524
mackey_glass,8000,43,16,partitioned_driver_full_16,same_feature_count_random_projection_16,same_feature_count_random_projection,0.8450793955010938
mackey_glass,8000,43,16,partitioned_driver_full_16,readout_budget_matched_single_pool_16,readout_budget_matched_single_pool,0.8619991977460467
mackey_glass,8000,43,16,partitioned_driver_full_16,remove_fast_trace_drivers_16,remove_fast_trace_drivers,1.0
mackey_glass,8000,43,16,partitioned_driver_full_16,remove_lag_drivers_16,remove_lag_drivers,1.0
mackey_glass,8000,43,16,partitioned_driver_full_16,remove_nonlinear_drivers_16,remove_nonlinear_drivers,0.9969335993347666
mackey_glass,8000,43,16,partitioned_driver_full_16,remove_slow_trace_drivers_16,remove_slow_trace_drivers,1.0
mackey_glass,8000,43,16,partitioned_driver_full_16,permuted_recurrence_16_offset_71,permuted_recurrence,0.8367751756254621
mackey_glass,8000,43,16,partitioned_driver_full_16,permuted_recurrence_16_offset_101,permuted_recurrence,0.6922024079423903
mackey_glass,8000,43,16,partitioned_driver_full_16,permuted_recurrence_16_offset_131,permuted_recurrence,0.6333639233668357
mackey_glass,8000,43,16,partitioned_driver_full_16,target_shuffle_candidate_16,target_shuffle_candidate,1.0
mackey_glass,8000,43,16,partitioned_driver_full_16,time_shuffle_candidate_16,time_shuffle_candidate,0.0002042973088341188
mackey_glass,8000,43,32,partitioned_driver_full_32,partition_labels_shuffled_32,partition_labels_shuffled,0.9508690110098117
mackey_glass,8000,43,32,partitioned_driver_full_32,partition_merged_unpartitioned_32,partition_merged_unpartitioned,0.9635238041157494
mackey_glass,8000,43,32,partitioned_driver_full_32,linear_lag_partitioned_32,linear_lag_partitioned,0.9329127110820316
mackey_glass,8000,43,32,partitioned_driver_full_32,diversity_pressure_disabled_repeat_32,diversity_pressure_disabled_repeat,0.9975760936187845
mackey_glass,8000,43,32,partitioned_driver_full_32,nonlinear_lag_unpartitioned_same_budget_32,nonlinear_lag_unpartitioned_same_budget,0.9360979793581445
mackey_glass,8000,43,32,partitioned_driver_full_32,same_feature_count_random_projection_32,same_feature_count_random_projection,0.8902878072432235
mackey_glass,8000,43,32,partitioned_driver_full_32,readout_budget_matched_single_pool_32,readout_budget_matched_single_pool,0.9258369142015326
mackey_glass,8000,43,32,partitioned_driver_full_32,remove_fast_trace_drivers_32,remove_fast_trace_drivers,0.9999999999999996
mackey_glass,8000,43,32,partitioned_driver_full_32,remove_lag_drivers_32,remove_lag_drivers,0.9999999999999996
mackey_glass,8000,43,32,partitioned_driver_full_32,remove_nonlinear_drivers_32,remove_nonlinear_drivers,0.9947912236002385
mackey_glass,8000,43,32,partitioned_driver_full_32,remove_slow_trace_drivers_32,remove_slow_trace_drivers,0.9999999999999996
mackey_glass,8000,43,32,partitioned_driver_full_32,permuted_recurrence_32_offset_71,permuted_recurrence,0.8946061957042195
mackey_glass,8000,43,32,partitioned_driver_full_32,permuted_recurrence_32_offset_101,permuted_recurrence,0.8546016923317595
mackey_glass,8000,43,32,partitioned_driver_full_32,permuted_recurrence_32_offset_131,permuted_recurrence,0.9489684374825935
mackey_glass,8000,43,32,partitioned_driver_full_32,target_shuffle_candidate_32,target_shuffle_candidate,0.9999999999999996
mackey_glass,8000,43,32,partitioned_driver_full_32,time_shuffle_candidate_32,time_shuffle_candidate,0.00040343185283920897
mackey_glass,8000,43,64,partitioned_driver_full_64,partition_labels_shuffled_64,partition_labels_shuffled,0.9777050705750772
mackey_glass,8000,43,64,partitioned_driver_full_64,partition_merged_unpartitioned_64,partition_merged_unpartitioned,0.9325440737024927
mackey_glass,8000,43,64,partitioned_driver_full_64,linear_lag_partitioned_64,linear_lag_partitioned,0.9636461144230704
mackey_glass,8000,43,64,partitioned_driver_full_64,diversity_pressure_disabled_repeat_64,diversity_pressure_disabled_repeat,0.9997874806926973
mackey_glass,8000,43,64,partitioned_driver_full_64,nonlinear_lag_unpartitioned_same_budget_64,nonlinear_lag_unpartitioned_same_budget,0.9699858392461719
mackey_glass,8000,43,64,partitioned_driver_full_64,same_feature_count_random_projection_64,same_feature_count_random_projection,0.9810750793138784
mackey_glass,8000,43,64,partitioned_driver_full_64,readout_budget_matched_single_pool_64,readout_budget_matched_single_pool,0.9591753535953292
mackey_glass,8000,43,64,partitioned_driver_full_64,remove_fast_trace_drivers_64,remove_fast_trace_drivers,1.0
mackey_glass,8000,43,64,partitioned_driver_full_64,remove_lag_drivers_64,remove_lag_drivers,1.0
mackey_glass,8000,43,64,partitioned_driver_full_64,remove_nonlinear_drivers_64,remove_nonlinear_drivers,0.9900479644635068
mackey_glass,8000,43,64,partitioned_driver_full_64,remove_slow_trace_drivers_64,remove_slow_trace_drivers,1.0
mackey_glass,8000,43,64,partitioned_driver_full_64,permuted_recurrence_64_offset_71,permuted_recurrence,0.9399187468010611
mackey_glass,8000,43,64,partitioned_driver_full_64,permuted_recurrence_64_offset_101,permuted_recurrence,0.9529369423960643
mackey_glass,8000,43,64,partitioned_driver_full_64,permuted_recurrence_64_offset_131,permuted_recurrence,0.9595724885193021
mackey_glass,8000,43,64,partitioned_driver_full_64,target_shuffle_candidate_64,target_shuffle_candidate,1.0
mackey_glass,8000,43,64,partitioned_driver_full_64,time_shuffle_candidate_64,time_shuffle_candidate,0.0005070666048660974
mackey_glass,8000,43,128,partitioned_driver_full_128,partition_labels_shuffled_128,partition_labels_shuffled,0.9907513131496587
mackey_glass,8000,43,128,partitioned_driver_full_128,partition_merged_unpartitioned_128,partition_merged_unpartitioned,0.9613135323946178
mackey_glass,8000,43,128,partitioned_driver_full_128,linear_lag_partitioned_128,linear_lag_partitioned,0.9833626937104978
mackey_glass,8000,43,128,partitioned_driver_full_128,diversity_pressure_disabled_repeat_128,diversity_pressure_disabled_repeat,0.9998849929828625
mackey_glass,8000,43,128,partitioned_driver_full_128,nonlinear_lag_unpartitioned_same_budget_128,nonlinear_lag_unpartitioned_same_budget,0.9747066615589322
mackey_glass,8000,43,128,partitioned_driver_full_128,same_feature_count_random_projection_128,same_feature_count_random_projection,0.9811569463680258
mackey_glass,8000,43,128,partitioned_driver_full_128,readout_budget_matched_single_pool_128,readout_budget_matched_single_pool,0.9673532512845228
mackey_glass,8000,43,128,partitioned_driver_full_128,remove_fast_trace_drivers_128,remove_fast_trace_drivers,1.0
mackey_glass,8000,43,128,partitioned_driver_full_128,remove_lag_drivers_128,remove_lag_drivers,1.0
mackey_glass,8000,43,128,partitioned_driver_full_128,remove_nonlinear_drivers_128,remove_nonlinear_drivers,0.9966973118055754
mackey_glass,8000,43,128,partitioned_driver_full_128,remove_slow_trace_drivers_128,remove_slow_trace_drivers,1.0
mackey_glass,8000,43,128,partitioned_driver_full_128,permuted_recurrence_128_offset_71,permuted_recurrence,0.9625827050116322
mackey_glass,8000,43,128,partitioned_driver_full_128,permuted_recurrence_128_offset_101,permuted_recurrence,0.9614131591014884
mackey_glass,8000,43,128,partitioned_driver_full_128,permuted_recurrence_128_offset_131,permuted_recurrence,0.9710839939857566
mackey_glass,8000,43,128,partitioned_driver_full_128,target_shuffle_candidate_128,target_shuffle_candidate,1.0
mackey_glass,8000,43,128,partitioned_driver_full_128,time_shuffle_candidate_128,time_shuffle_candidate,0.0003993713388729928
lorenz,8000,43,16,partitioned_driver_full_16,partition_labels_shuffled_16,partition_labels_shuffled,0.7853279409729839
lorenz,8000,43,16,partitioned_driver_full_16,partition_merged_unpartitioned_16,partition_merged_unpartitioned,0.7971628836353448
lorenz,8000,43,16,partitioned_driver_full_16,linear_lag_partitioned_16,linear_lag_partitioned,0.6632757632041318
lorenz,8000,43,16,partitioned_driver_full_16,diversity_pressure_disabled_repeat_16,diversity_pressure_disabled_repeat,0.9929407039655892
lorenz,8000,43,16,partitioned_driver_full_16,nonlinear_lag_unpartitioned_same_budget_16,nonlinear_lag_unpartitioned_same_budget,0.7159864672475904
lorenz,8000,43,16,partitioned_driver_full_16,same_feature_count_random_projection_16,same_feature_count_random_projection,0.8645940652067171
lorenz,8000,43,16,partitioned_driver_full_16,readout_budget_matched_single_pool_16,readout_budget_matched_single_pool,0.7639039831177067
lorenz,8000,43,16,partitioned_driver_full_16,remove_fast_trace_drivers_16,remove_fast_trace_drivers,1.0
lorenz,8000,43,16,partitioned_driver_full_16,remove_lag_drivers_16,remove_lag_drivers,1.0
lorenz,8000,43,16,partitioned_driver_full_16,remove_nonlinear_drivers_16,remove_nonlinear_drivers,0.9879189813281073
lorenz,8000,43,16,partitioned_driver_full_16,remove_slow_trace_drivers_16,remove_slow_trace_drivers,1.0
lorenz,8000,43,16,partitioned_driver_full_16,permuted_recurrence_16_offset_71,permuted_recurrence,0.7235909123824991
lorenz,8000,43,16,partitioned_driver_full_16,permuted_recurrence_16_offset_101,permuted_recurrence,0.689563283990622
lorenz,8000,43,16,partitioned_driver_full_16,permuted_recurrence_16_offset_131,permuted_recurrence,0.7149023889012908
lorenz,8000,43,16,partitioned_driver_full_16,target_shuffle_candidate_16,target_shuffle_candidate,1.0
lorenz,8000,43,16,partitioned_driver_full_16,time_shuffle_candidate_16,time_shuffle_candidate,0.0007444495619397924
lorenz,8000,43,32,partitioned_driver_full_32,partition_labels_shuffled_32,partition_labels_shuffled,0.8610661501900772
lorenz,8000,43,32,partitioned_driver_full_32,partition_merged_unpartitioned_32,partition_merged_unpartitioned,0.9403177404078797
lorenz,8000,43,32,partitioned_driver_full_32,linear_lag_partitioned_32,linear_lag_partitioned,0.8905866386099403
lorenz,8000,43,32,partitioned_driver_full_32,diversity_pressure_disabled_repeat_32,diversity_pressure_disabled_repeat,0.9988245379879487
lorenz,8000,43,32,partitioned_driver_full_32,nonlinear_lag_unpartitioned_same_budget_32,nonlinear_lag_unpartitioned_same_budget,0.8756226637056765
lorenz,8000,43,32,partitioned_driver_full_32,same_feature_count_random_projection_32,same_feature_count_random_projection,0.8429272617502735
lorenz,8000,43,32,partitioned_driver_full_32,readout_budget_matched_single_pool_32,readout_budget_matched_single_pool,0.7849452018205895
lorenz,8000,43,32,partitioned_driver_full_32,remove_fast_trace_drivers_32,remove_fast_trace_drivers,1.0
lorenz,8000,43,32,partitioned_driver_full_32,remove_lag_drivers_32,remove_lag_drivers,1.0
lorenz,8000,43,32,partitioned_driver_full_32,remove_nonlinear_drivers_32,remove_nonlinear_drivers,0.9926678719178879
lorenz,8000,43,32,partitioned_driver_full_32,remove_slow_trace_drivers_32,remove_slow_trace_drivers,1.0
lorenz,8000,43,32,partitioned_driver_full_32,permuted_recurrence_32_offset_71,permuted_recurrence,0.8330944409967671
lorenz,8000,43,32,partitioned_driver_full_32,permuted_recurrence_32_offset_101,permuted_recurrence,0.6341807341695229
lorenz,8000,43,32,partitioned_driver_full_32,permuted_recurrence_32_offset_131,permuted_recurrence,0.7673511287596043
lorenz,8000,43,32,partitioned_driver_full_32,target_shuffle_candidate_32,target_shuffle_candidate,1.0
lorenz,8000,43,32,partitioned_driver_full_32,time_shuffle_candidate_32,time_shuffle_candidate,0.000658162657807747
lorenz,8000,43,64,partitioned_driver_full_64,partition_labels_shuffled_64,partition_labels_shuffled,0.9787537367784731
lorenz,8000,43,64,partitioned_driver_full_64,partition_merged_unpartitioned_64,partition_merged_unpartitioned,0.9525804556272702
lorenz,8000,43,64,partitioned_driver_full_64,linear_lag_partitioned_64,linear_lag_partitioned,0.9566371714464965
lorenz,8000,43,64,partitioned_driver_full_64,diversity_pressure_disabled_repeat_64,diversity_pressure_disabled_repeat,0.9997143357849917
lorenz,8000,43,64,partitioned_driver_full_64,nonlinear_lag_unpartitioned_same_budget_64,nonlinear_lag_unpartitioned_same_budget,0.968555051130887
lorenz,8000,43,64,partitioned_driver_full_64,same_feature_count_random_projection_64,same_feature_count_random_projection,0.9627629416943455
lorenz,8000,43,64,partitioned_driver_full_64,readout_budget_matched_single_pool_64,readout_budget_matched_single_pool,0.9060947058267315
lorenz,8000,43,64,partitioned_driver_full_64,remove_fast_trace_drivers_64,remove_fast_trace_drivers,1.0
lorenz,8000,43,64,partitioned_driver_full_64,remove_lag_drivers_64,remove_lag_drivers,1.0
lorenz,8000,43,64,partitioned_driver_full_64,remove_nonlinear_drivers_64,remove_nonlinear_drivers,0.9972755306728626
lorenz,8000,43,64,partitioned_driver_full_64,remove_slow_trace_drivers_64,remove_slow_trace_drivers,1.0
lorenz,8000,43,64,partitioned_driver_full_64,permuted_recurrence_64_offset_71,permuted_recurrence,0.9331438899409946
lorenz,8000,43,64,partitioned_driver_full_64,permuted_recurrence_64_offset_101,permuted_recurrence,0.9332660467608045
lorenz,8000,43,64,partitioned_driver_full_64,permuted_recurrence_64_offset_131,permuted_recurrence,0.9278537197127134
lorenz,8000,43,64,partitioned_driver_full_64,target_shuffle_candidate_64,target_shuffle_candidate,1.0
lorenz,8000,43,64,partitioned_driver_full_64,time_shuffle_candidate_64,time_shuffle_candidate,0.0007565293917924584
lorenz,8000,43,128,partitioned_driver_full_128,partition_labels_shuffled_128,partition_labels_shuffled,0.991790962802136
lorenz,8000,43,128,partitioned_driver_full_128,partition_merged_unpartitioned_128,partition_merged_unpartitioned,0.9769297113431088
lorenz,8000,43,128,partitioned_driver_full_128,linear_lag_partitioned_128,linear_lag_partitioned,0.9866235662642298
lorenz,8000,43,128,partitioned_driver_full_128,diversity_pressure_disabled_repeat_128,diversity_pressure_disabled_repeat,0.9998400928096278
lorenz,8000,43,128,partitioned_driver_full_128,nonlinear_lag_unpartitioned_same_budget_128,nonlinear_lag_unpartitioned_same_budget,0.9673788798920344
lorenz,8000,43,128,partitioned_driver_full_128,same_feature_count_random_projection_128,same_feature_count_random_projection,0.9689870900867753
lorenz,8000,43,128,partitioned_driver_full_128,readout_budget_matched_single_pool_128,readout_budget_matched_single_pool,0.9695440644230007
lorenz,8000,43,128,partitioned_driver_full_128,remove_fast_trace_drivers_128,remove_fast_trace_drivers,1.0
lorenz,8000,43,128,partitioned_driver_full_128,remove_lag_drivers_128,remove_lag_drivers,1.0
lorenz,8000,43,128,partitioned_driver_full_128,remove_nonlinear_drivers_128,remove_nonlinear_drivers,0.9980926397900296
lorenz,8000,43,128,partitioned_driver_full_128,remove_slow_trace_drivers_128,remove_slow_trace_drivers,1.0
lorenz,8000,43,128,partitioned_driver_full_128,permuted_recurrence_128_offset_71,permuted_recurrence,0.9731462670308793
lorenz,8000,43,128,partitioned_driver_full_128,permuted_recurrence_128_offset_101,permuted_recurrence,0.9688483798941724
lorenz,8000,43,128,partitioned_driver_full_128,permuted_recurrence_128_offset_131,permuted_recurrence,0.9629737946811563
lorenz,8000,43,128,partitioned_driver_full_128,target_shuffle_candidate_128,target_shuffle_candidate,1.0
lorenz,8000,43,128,partitioned_driver_full_128,time_shuffle_candidate_128,time_shuffle_candidate,0.000853810303790006
narma10,8000,43,16,partitioned_driver_full_16,partition_labels_shuffled_16,partition_labels_shuffled,0.7544863442002542
narma10,8000,43,16,partitioned_driver_full_16,partition_merged_unpartitioned_16,partition_merged_unpartitioned,0.6916297637638567
narma10,8000,43,16,partitioned_driver_full_16,linear_lag_partitioned_16,linear_lag_partitioned,0.6246985040290765
narma10,8000,43,16,partitioned_driver_full_16,diversity_pressure_disabled_repeat_16,diversity_pressure_disabled_repeat,0.9920194717643346
narma10,8000,43,16,partitioned_driver_full_16,nonlinear_lag_unpartitioned_same_budget_16,nonlinear_lag_unpartitioned_same_budget,0.6436262400785591
narma10,8000,43,16,partitioned_driver_full_16,same_feature_count_random_projection_16,same_feature_count_random_projection,0.7813707539962518
narma10,8000,43,16,partitioned_driver_full_16,readout_budget_matched_single_pool_16,readout_budget_matched_single_pool,0.5645535505029067
narma10,8000,43,16,partitioned_driver_full_16,remove_fast_trace_drivers_16,remove_fast_trace_drivers,1.0000000000000002
narma10,8000,43,16,partitioned_driver_full_16,remove_lag_drivers_16,remove_lag_drivers,1.0000000000000002
narma10,8000,43,16,partitioned_driver_full_16,remove_nonlinear_drivers_16,remove_nonlinear_drivers,0.9713465532319767
narma10,8000,43,16,partitioned_driver_full_16,remove_slow_trace_drivers_16,remove_slow_trace_drivers,1.0000000000000002
narma10,8000,43,16,partitioned_driver_full_16,permuted_recurrence_16_offset_71,permuted_recurrence,0.6589544268261426
narma10,8000,43,16,partitioned_driver_full_16,permuted_recurrence_16_offset_101,permuted_recurrence,0.5260687600044618
narma10,8000,43,16,partitioned_driver_full_16,permuted_recurrence_16_offset_131,permuted_recurrence,0.3030830847925722
narma10,8000,43,16,partitioned_driver_full_16,target_shuffle_candidate_16,target_shuffle_candidate,1.0000000000000002
narma10,8000,43,16,partitioned_driver_full_16,time_shuffle_candidate_16,time_shuffle_candidate,0.0014825759154577097
narma10,8000,43,32,partitioned_driver_full_32,partition_labels_shuffled_32,partition_labels_shuffled,0.8507401641901124
narma10,8000,43,32,partitioned_driver_full_32,partition_merged_unpartitioned_32,partition_merged_unpartitioned,0.7693018607055557
narma10,8000,43,32,partitioned_driver_full_32,linear_lag_partitioned_32,linear_lag_partitioned,0.7827165380218367
narma10,8000,43,32,partitioned_driver_full_32,diversity_pressure_disabled_repeat_32,diversity_pressure_disabled_repeat,0.9957297917886936
narma10,8000,43,32,partitioned_driver_full_32,nonlinear_lag_unpartitioned_same_budget_32,nonlinear_lag_unpartitioned_same_budget,0.7454642003352628
narma10,8000,43,32,partitioned_driver_full_32,same_feature_count_random_projection_32,same_feature_count_random_projection,0.6867292566438973
narma10,8000,43,32,partitioned_driver_full_32,readout_budget_matched_single_pool_32,readout_budget_matched_single_pool,0.6456459265699122
narma10,8000,43,32,partitioned_driver_full_32,remove_fast_trace_drivers_32,remove_fast_trace_drivers,0.9999999999999997
narma10,8000,43,32,partitioned_driver_full_32,remove_lag_drivers_32,remove_lag_drivers,0.9999999999999997
narma10,8000,43,32,partitioned_driver_full_32,remove_nonlinear_drivers_32,remove_nonlinear_drivers,0.9686663569752111
narma10,8000,43,32,partitioned_driver_full_32,remove_slow_trace_drivers_32,remove_slow_trace_drivers,0.9999999999999997
narma10,8000,43,32,partitioned_driver_full_32,permuted_recurrence_32_offset_71,permuted_recurrence,0.6537489464085374
narma10,8000,43,32,partitioned_driver_full_32,permuted_recurrence_32_offset_101,permuted_recurrence,0.5129743625708059
narma10,8000,43,32,partitioned_driver_full_32,permuted_recurrence_32_offset_131,permuted_recurrence,0.6734657914508332
narma10,8000,43,32,partitioned_driver_full_32,target_shuffle_candidate_32,target_shuffle_candidate,0.9999999999999997
narma10,8000,43,32,partitioned_driver_full_32,time_shuffle_candidate_32,time_shuffle_candidate,0.001980459644900973
narma10,8000,43,64,partitioned_driver_full_64,partition_labels_shuffled_64,partition_labels_shuffled,0.9490303281494078
narma10,8000,43,64,partitioned_driver_full_64,partition_merged_unpartitioned_64,partition_merged_unpartitioned,0.82283574902088
narma10,8000,43,64,partitioned_driver_full_64,linear_lag_partitioned_64,linear_lag_partitioned,0.9402880273880183
narma10,8000,43,64,partitioned_driver_full_64,diversity_pressure_disabled_repeat_64,diversity_pressure_disabled_repeat,0.9991196048843363
narma10,8000,43,64,partitioned_driver_full_64,nonlinear_lag_unpartitioned_same_budget_64,nonlinear_lag_unpartitioned_same_budget,0.8473646463631558
narma10,8000,43,64,partitioned_driver_full_64,same_feature_count_random_projection_64,same_feature_count_random_projection,0.873752866914401
narma10,8000,43,64,partitioned_driver_full_64,readout_budget_matched_single_pool_64,readout_budget_matched_single_pool,0.6868074177187247
narma10,8000,43,64,partitioned_driver_full_64,remove_fast_trace_drivers_64,remove_fast_trace_drivers,1.0
narma10,8000,43,64,partitioned_driver_full_64,remove_lag_drivers_64,remove_lag_drivers,1.0
narma10,8000,43,64,partitioned_driver_full_64,remove_nonlinear_drivers_64,remove_nonlinear_drivers,0.9854451282168976
narma10,8000,43,64,partitioned_driver_full_64,remove_slow_trace_drivers_64,remove_slow_trace_drivers,1.0
narma10,8000,43,64,partitioned_driver_full_64,permuted_recurrence_64_offset_71,permuted_recurrence,0.6692048253290649
narma10,8000,43,64,partitioned_driver_full_64,permuted_recurrence_64_offset_101,permuted_recurrence,0.739047309439897
narma10,8000,43,64,partitioned_driver_full_64,permuted_recurrence_64_offset_131,permuted_recurrence,0.7474376464338846
narma10,8000,43,64,partitioned_driver_full_64,target_shuffle_candidate_64,target_shuffle_candidate,1.0
narma10,8000,43,64,partitioned_driver_full_64,time_shuffle_candidate_64,time_shuffle_candidate,0.0018707568312874778
narma10,8000,43,128,partitioned_driver_full_128,partition_labels_shuffled_128,partition_labels_shuffled,0.9605821670234784
narma10,8000,43,128,partitioned_driver_full_128,partition_merged_unpartitioned_128,partition_merged_unpartitioned,0.8689585159416274
narma10,8000,43,128,partitioned_driver_full_128,linear_lag_partitioned_128,linear_lag_partitioned,0.9280392005246823
narma10,8000,43,128,partitioned_driver_full_128,diversity_pressure_disabled_repeat_128,diversity_pressure_disabled_repeat,0.9996846581903043
narma10,8000,43,128,partitioned_driver_full_128,nonlinear_lag_unpartitioned_same_budget_128,nonlinear_lag_unpartitioned_same_budget,0.9252202413542121
narma10,8000,43,128,partitioned_driver_full_128,same_feature_count_random_projection_128,same_feature_count_random_projection,0.8588245845553654
narma10,8000,43,128,partitioned_driver_full_128,readout_budget_matched_single_pool_128,readout_budget_matched_single_pool,0.837145682124497
narma10,8000,43,128,partitioned_driver_full_128,remove_fast_trace_drivers_128,remove_fast_trace_drivers,1.0
narma10,8000,43,128,partitioned_driver_full_128,remove_lag_drivers_128,remove_lag_drivers,1.0
narma10,8000,43,128,partitioned_driver_full_128,remove_nonlinear_drivers_128,remove_nonlinear_drivers,0.9927389396235757
narma10,8000,43,128,partitioned_driver_full_128,remove_slow_trace_drivers_128,remove_slow_trace_drivers,1.0
narma10,8000,43,128,partitioned_driver_full_128,permuted_recurrence_128_offset_71,permuted_recurrence,0.8286546902166723
narma10,8000,43,128,partitioned_driver_full_128,permuted_recurrence_128_offset_101,permuted_recurrence,0.8331416425812833
narma10,8000,43,128,partitioned_driver_full_128,permuted_recurrence_128_offset_131,permuted_recurrence,0.8530127986376529
narma10,8000,43,128,partitioned_driver_full_128,target_shuffle_candidate_128,target_shuffle_candidate,1.0
narma10,8000,43,128,partitioned_driver_full_128,time_shuffle_candidate_128,time_shuffle_candidate,0.0020327345505145823
mackey_glass,8000,44,16,partitioned_driver_full_16,partition_labels_shuffled_16,partition_labels_shuffled,0.9688930601428533
mackey_glass,8000,44,16,partitioned_driver_full_16,partition_merged_unpartitioned_16,partition_merged_unpartitioned,0.838847369666428
mackey_glass,8000,44,16,partitioned_driver_full_16,linear_lag_partitioned_16,linear_lag_partitioned,0.6951492590665759
mackey_glass,8000,44,16,partitioned_driver_full_16,diversity_pressure_disabled_repeat_16,diversity_pressure_disabled_repeat,0.9957534115655587
mackey_glass,8000,44,16,partitioned_driver_full_16,nonlinear_lag_unpartitioned_same_budget_16,nonlinear_lag_unpartitioned_same_budget,0.8416823622162186
mackey_glass,8000,44,16,partitioned_driver_full_16,same_feature_count_random_projection_16,same_feature_count_random_projection,0.9091097634026227
mackey_glass,8000,44,16,partitioned_driver_full_16,readout_budget_matched_single_pool_16,readout_budget_matched_single_pool,0.9219095731193923
mackey_glass,8000,44,16,partitioned_driver_full_16,remove_fast_trace_drivers_16,remove_fast_trace_drivers,1.0
mackey_glass,8000,44,16,partitioned_driver_full_16,remove_lag_drivers_16,remove_lag_drivers,1.0
mackey_glass,8000,44,16,partitioned_driver_full_16,remove_nonlinear_drivers_16,remove_nonlinear_drivers,0.9958618802493973
mackey_glass,8000,44,16,partitioned_driver_full_16,remove_slow_trace_drivers_16,remove_slow_trace_drivers,1.0
mackey_glass,8000,44,16,partitioned_driver_full_16,permuted_recurrence_16_offset_71,permuted_recurrence,0.921520934767592
mackey_glass,8000,44,16,partitioned_driver_full_16,permuted_recurrence_16_offset_101,permuted_recurrence,0.9322150923747697
mackey_glass,8000,44,16,partitioned_driver_full_16,permuted_recurrence_16_offset_131,permuted_recurrence,0.9344970816030554
mackey_glass,8000,44,16,partitioned_driver_full_16,target_shuffle_candidate_16,target_shuffle_candidate,1.0
mackey_glass,8000,44,16,partitioned_driver_full_16,time_shuffle_candidate_16,time_shuffle_candidate,0.0008345163978760859
mackey_glass,8000,44,32,partitioned_driver_full_32,partition_labels_shuffled_32,partition_labels_shuffled,0.9692430511653736
mackey_glass,8000,44,32,partitioned_driver_full_32,partition_merged_unpartitioned_32,partition_merged_unpartitioned,0.9467234183226794
mackey_glass,8000,44,32,partitioned_driver_full_32,linear_lag_partitioned_32,linear_lag_partitioned,0.9812890090963517
mackey_glass,8000,44,32,partitioned_driver_full_32,diversity_pressure_disabled_repeat_32,diversity_pressure_disabled_repeat,0.9851088934086127
mackey_glass,8000,44,32,partitioned_driver_full_32,nonlinear_lag_unpartitioned_same_budget_32,nonlinear_lag_unpartitioned_same_budget,0.9645698925066395
mackey_glass,8000,44,32,partitioned_driver_full_32,same_feature_count_random_projection_32,same_feature_count_random_projection,0.9428799258550077
mackey_glass,8000,44,32,partitioned_driver_full_32,readout_budget_matched_single_pool_32,readout_budget_matched_single_pool,0.9554173546052015
mackey_glass,8000,44,32,partitioned_driver_full_32,remove_fast_trace_drivers_32,remove_fast_trace_drivers,0.9999999999999998
mackey_glass,8000,44,32,partitioned_driver_full_32,remove_lag_drivers_32,remove_lag_drivers,0.9999999999999998
mackey_glass,8000,44,32,partitioned_driver_full_32,remove_nonlinear_drivers_32,remove_nonlinear_drivers,0.9918928645763312
mackey_glass,8000,44,32,partitioned_driver_full_32,remove_slow_trace_drivers_32,remove_slow_trace_drivers,0.9999999999999998
mackey_glass,8000,44,32,partitioned_driver_full_32,permuted_recurrence_32_offset_71,permuted_recurrence,0.9657174316399396
mackey_glass,8000,44,32,partitioned_driver_full_32,permuted_recurrence_32_offset_101,permuted_recurrence,0.9694146722323749
mackey_glass,8000,44,32,partitioned_driver_full_32,permuted_recurrence_32_offset_131,permuted_recurrence,0.8866160530057365
mackey_glass,8000,44,32,partitioned_driver_full_32,target_shuffle_candidate_32,target_shuffle_candidate,0.9999999999999998
mackey_glass,8000,44,32,partitioned_driver_full_32,time_shuffle_candidate_32,time_shuffle_candidate,0.0006374540414932567
mackey_glass,8000,44,64,partitioned_driver_full_64,partition_labels_shuffled_64,partition_labels_shuffled,0.9714983349062556
mackey_glass,8000,44,64,partitioned_driver_full_64,partition_merged_unpartitioned_64,partition_merged_unpartitioned,0.9833899638421735
mackey_glass,8000,44,64,partitioned_driver_full_64,linear_lag_partitioned_64,linear_lag_partitioned,0.9756239169730457
mackey_glass,8000,44,64,partitioned_driver_full_64,diversity_pressure_disabled_repeat_64,diversity_pressure_disabled_repeat,0.9997247972171309
mackey_glass,8000,44,64,partitioned_driver_full_64,nonlinear_lag_unpartitioned_same_budget_64,nonlinear_lag_unpartitioned_same_budget,0.9185723149626298
mackey_glass,8000,44,64,partitioned_driver_full_64,same_feature_count_random_projection_64,same_feature_count_random_projection,0.9370232302793949
mackey_glass,8000,44,64,partitioned_driver_full_64,readout_budget_matched_single_pool_64,readout_budget_matched_single_pool,0.962665789557274
mackey_glass,8000,44,64,partitioned_driver_full_64,remove_fast_trace_drivers_64,remove_fast_trace_drivers,1.0
mackey_glass,8000,44,64,partitioned_driver_full_64,remove_lag_drivers_64,remove_lag_drivers,1.0
mackey_glass,8000,44,64,partitioned_driver_full_64,remove_nonlinear_drivers_64,remove_nonlinear_drivers,0.9976362394521386
mackey_glass,8000,44,64,partitioned_driver_full_64,remove_slow_trace_drivers_64,remove_slow_trace_drivers,1.0
mackey_glass,8000,44,64,partitioned_driver_full_64,permuted_recurrence_64_offset_71,permuted_recurrence,0.9637364732750208
mackey_glass,8000,44,64,partitioned_driver_full_64,permuted_recurrence_64_offset_101,permuted_recurrence,0.9745682352189221
mackey_glass,8000,44,64,partitioned_driver_full_64,permuted_recurrence_64_offset_131,permuted_recurrence,0.9825968275093105
mackey_glass,8000,44,64,partitioned_driver_full_64,target_shuffle_candidate_64,target_shuffle_candidate,1.0
mackey_glass,8000,44,64,partitioned_driver_full_64,time_shuffle_candidate_64,time_shuffle_candidate,0.00030017224306558396
mackey_glass,8000,44,128,partitioned_driver_full_128,partition_labels_shuffled_128,partition_labels_shuffled,0.9867384300016876
mackey_glass,8000,44,128,partitioned_driver_full_128,partition_merged_unpartitioned_128,partition_merged_unpartitioned,0.9684504476917956
mackey_glass,8000,44,128,partitioned_driver_full_128,linear_lag_partitioned_128,linear_lag_partitioned,0.9879530345188673
mackey_glass,8000,44,128,partitioned_driver_full_128,diversity_pressure_disabled_repeat_128,diversity_pressure_disabled_repeat,0.9998616353031331
mackey_glass,8000,44,128,partitioned_driver_full_128,nonlinear_lag_unpartitioned_same_budget_128,nonlinear_lag_unpartitioned_same_budget,0.964629877262464
mackey_glass,8000,44,128,partitioned_driver_full_128,same_feature_count_random_projection_128,same_feature_count_random_projection,0.9764009835516907
mackey_glass,8000,44,128,partitioned_driver_full_128,readout_budget_matched_single_pool_128,readout_budget_matched_single_pool,0.971660259866779
mackey_glass,8000,44,128,partitioned_driver_full_128,remove_fast_trace_drivers_128,remove_fast_trace_drivers,1.0
mackey_glass,8000,44,128,partitioned_driver_full_128,remove_lag_drivers_128,remove_lag_drivers,1.0
mackey_glass,8000,44,128,partitioned_driver_full_128,remove_nonlinear_drivers_128,remove_nonlinear_drivers,0.9977396265936535
mackey_glass,8000,44,128,partitioned_driver_full_128,remove_slow_trace_drivers_128,remove_slow_trace_drivers,1.0
mackey_glass,8000,44,128,partitioned_driver_full_128,permuted_recurrence_128_offset_71,permuted_recurrence,0.9693720206074856
mackey_glass,8000,44,128,partitioned_driver_full_128,permuted_recurrence_128_offset_101,permuted_recurrence,0.9796637013134034
mackey_glass,8000,44,128,partitioned_driver_full_128,permuted_recurrence_128_offset_131,permuted_recurrence,0.9526225486790292
mackey_glass,8000,44,128,partitioned_driver_full_128,target_shuffle_candidate_128,target_shuffle_candidate,1.0
mackey_glass,8000,44,128,partitioned_driver_full_128,time_shuffle_candidate_128,time_shuffle_candidate,0.000594305904194606
lorenz,8000,44,16,partitioned_driver_full_16,partition_labels_shuffled_16,partition_labels_shuffled,0.8872267732459113
lorenz,8000,44,16,partitioned_driver_full_16,partition_merged_unpartitioned_16,partition_merged_unpartitioned,0.7186656120381655
lorenz,8000,44,16,partitioned_driver_full_16,linear_lag_partitioned_16,linear_lag_partitioned,0.8075558903289126
lorenz,8000,44,16,partitioned_driver_full_16,diversity_pressure_disabled_repeat_16,diversity_pressure_disabled_repeat,0.9947169593032489
lorenz,8000,44,16,partitioned_driver_full_16,nonlinear_lag_unpartitioned_same_budget_16,nonlinear_lag_unpartitioned_same_budget,0.8324409312808837
lorenz,8000,44,16,partitioned_driver_full_16,same_feature_count_random_projection_16,same_feature_count_random_projection,0.9037251674243962
lorenz,8000,44,16,partitioned_driver_full_16,readout_budget_matched_single_pool_16,readout_budget_matched_single_pool,0.8448842832118305
lorenz,8000,44,16,partitioned_driver_full_16,remove_fast_trace_drivers_16,remove_fast_trace_drivers,0.9999999999999997
lorenz,8000,44,16,partitioned_driver_full_16,remove_lag_drivers_16,remove_lag_drivers,0.9999999999999997
lorenz,8000,44,16,partitioned_driver_full_16,remove_nonlinear_drivers_16,remove_nonlinear_drivers,0.9912870598084106
lorenz,8000,44,16,partitioned_driver_full_16,remove_slow_trace_drivers_16,remove_slow_trace_drivers,0.9999999999999997
lorenz,8000,44,16,partitioned_driver_full_16,permuted_recurrence_16_offset_71,permuted_recurrence,0.8361778362094205
lorenz,8000,44,16,partitioned_driver_full_16,permuted_recurrence_16_offset_101,permuted_recurrence,0.8410972554604709
lorenz,8000,44,16,partitioned_driver_full_16,permuted_recurrence_16_offset_131,permuted_recurrence,0.8448069851826184
lorenz,8000,44,16,partitioned_driver_full_16,target_shuffle_candidate_16,target_shuffle_candidate,0.9999999999999997
lorenz,8000,44,16,partitioned_driver_full_16,time_shuffle_candidate_16,time_shuffle_candidate,0.0006891203265945163
lorenz,8000,44,32,partitioned_driver_full_32,partition_labels_shuffled_32,partition_labels_shuffled,0.9750300827400414
lorenz,8000,44,32,partitioned_driver_full_32,partition_merged_unpartitioned_32,partition_merged_unpartitioned,0.9146264082048429
lorenz,8000,44,32,partitioned_driver_full_32,linear_lag_partitioned_32,linear_lag_partitioned,0.9579161138124745
lorenz,8000,44,32,partitioned_driver_full_32,diversity_pressure_disabled_repeat_32,diversity_pressure_disabled_repeat,0.9971253893895948
lorenz,8000,44,32,partitioned_driver_full_32,nonlinear_lag_unpartitioned_same_budget_32,nonlinear_lag_unpartitioned_same_budget,0.9615103318686764
lorenz,8000,44,32,partitioned_driver_full_32,same_feature_count_random_projection_32,same_feature_count_random_projection,0.8986341547985703
lorenz,8000,44,32,partitioned_driver_full_32,readout_budget_matched_single_pool_32,readout_budget_matched_single_pool,0.9737031675762529
lorenz,8000,44,32,partitioned_driver_full_32,remove_fast_trace_drivers_32,remove_fast_trace_drivers,0.9999999999999994
lorenz,8000,44,32,partitioned_driver_full_32,remove_lag_drivers_32,remove_lag_drivers,0.9999999999999994
lorenz,8000,44,32,partitioned_driver_full_32,remove_nonlinear_drivers_32,remove_nonlinear_drivers,0.9916199725453609
lorenz,8000,44,32,partitioned_driver_full_32,remove_slow_trace_drivers_32,remove_slow_trace_drivers,0.9999999999999994
lorenz,8000,44,32,partitioned_driver_full_32,permuted_recurrence_32_offset_71,permuted_recurrence,0.9584401917070388
lorenz,8000,44,32,partitioned_driver_full_32,permuted_recurrence_32_offset_101,permuted_recurrence,0.9704320219778444
lorenz,8000,44,32,partitioned_driver_full_32,permuted_recurrence_32_offset_131,permuted_recurrence,0.973803868564537
lorenz,8000,44,32,partitioned_driver_full_32,target_shuffle_candidate_32,target_shuffle_candidate,0.9999999999999994
lorenz,8000,44,32,partitioned_driver_full_32,time_shuffle_candidate_32,time_shuffle_candidate,0.0006163616698784602
lorenz,8000,44,64,partitioned_driver_full_64,partition_labels_shuffled_64,partition_labels_shuffled,0.9427535968399768
lorenz,8000,44,64,partitioned_driver_full_64,partition_merged_unpartitioned_64,partition_merged_unpartitioned,0.9469915834398943
lorenz,8000,44,64,partitioned_driver_full_64,linear_lag_partitioned_64,linear_lag_partitioned,0.9792793773745356
lorenz,8000,44,64,partitioned_driver_full_64,diversity_pressure_disabled_repeat_64,diversity_pressure_disabled_repeat,0.9996406071013844
lorenz,8000,44,64,partitioned_driver_full_64,nonlinear_lag_unpartitioned_same_budget_64,nonlinear_lag_unpartitioned_same_budget,0.9535321723290643
lorenz,8000,44,64,partitioned_driver_full_64,same_feature_count_random_projection_64,same_feature_count_random_projection,0.9595628918557271
lorenz,8000,44,64,partitioned_driver_full_64,readout_budget_matched_single_pool_64,readout_budget_matched_single_pool,0.9740144583067233
lorenz,8000,44,64,partitioned_driver_full_64,remove_fast_trace_drivers_64,remove_fast_trace_drivers,1.0
lorenz,8000,44,64,partitioned_driver_full_64,remove_lag_drivers_64,remove_lag_drivers,1.0
lorenz,8000,44,64,partitioned_driver_full_64,remove_nonlinear_drivers_64,remove_nonlinear_drivers,0.998591283323311
lorenz,8000,44,64,partitioned_driver_full_64,remove_slow_trace_drivers_64,remove_slow_trace_drivers,1.0
lorenz,8000,44,64,partitioned_driver_full_64,permuted_recurrence_64_offset_71,permuted_recurrence,0.9735934243227294
lorenz,8000,44,64,partitioned_driver_full_64,permuted_recurrence_64_offset_101,permuted_recurrence,0.9609072624535229
lorenz,8000,44,64,partitioned_driver_full_64,permuted_recurrence_64_offset_131,permuted_recurrence,0.9736554855231446
lorenz,8000,44,64,partitioned_driver_full_64,target_shuffle_candidate_64,target_shuffle_candidate,1.0
lorenz,8000,44,64,partitioned_driver_full_64,time_shuffle_candidate_64,time_shuffle_candidate,0.00047722615425571744
lorenz,8000,44,128,partitioned_driver_full_128,partition_labels_shuffled_128,partition_labels_shuffled,0.9810783594364582
lorenz,8000,44,128,partitioned_driver_full_128,partition_merged_unpartitioned_128,partition_merged_unpartitioned,0.9656681926983685
lorenz,8000,44,128,partitioned_driver_full_128,linear_lag_partitioned_128,linear_lag_partitioned,0.9750144172270129
lorenz,8000,44,128,partitioned_driver_full_128,diversity_pressure_disabled_repeat_128,diversity_pressure_disabled_repeat,0.9998217096743371
lorenz,8000,44,128,partitioned_driver_full_128,nonlinear_lag_unpartitioned_same_budget_128,nonlinear_lag_unpartitioned_same_budget,0.9630041727012487
lorenz,8000,44,128,partitioned_driver_full_128,same_feature_count_random_projection_128,same_feature_count_random_projection,0.9734836044913834
lorenz,8000,44,128,partitioned_driver_full_128,readout_budget_matched_single_pool_128,readout_budget_matched_single_pool,0.9595175639380947
lorenz,8000,44,128,partitioned_driver_full_128,remove_fast_trace_drivers_128,remove_fast_trace_drivers,1.0
lorenz,8000,44,128,partitioned_driver_full_128,remove_lag_drivers_128,remove_lag_drivers,1.0
lorenz,8000,44,128,partitioned_driver_full_128,remove_nonlinear_drivers_128,remove_nonlinear_drivers,0.9978918282705797
lorenz,8000,44,128,partitioned_driver_full_128,remove_slow_trace_drivers_128,remove_slow_trace_drivers,1.0
lorenz,8000,44,128,partitioned_driver_full_128,permuted_recurrence_128_offset_71,permuted_recurrence,0.9760128046718153
lorenz,8000,44,128,partitioned_driver_full_128,permuted_recurrence_128_offset_101,permuted_recurrence,0.967740853030296
lorenz,8000,44,128,partitioned_driver_full_128,permuted_recurrence_128_offset_131,permuted_recurrence,0.939982228745015
lorenz,8000,44,128,partitioned_driver_full_128,target_shuffle_candidate_128,target_shuffle_candidate,1.0
lorenz,8000,44,128,partitioned_driver_full_128,time_shuffle_candidate_128,time_shuffle_candidate,0.0007579197566570623
narma10,8000,44,16,partitioned_driver_full_16,partition_labels_shuffled_16,partition_labels_shuffled,0.7456704675131652
narma10,8000,44,16,partitioned_driver_full_16,partition_merged_unpartitioned_16,partition_merged_unpartitioned,0.770146359817154
narma10,8000,44,16,partitioned_driver_full_16,linear_lag_partitioned_16,linear_lag_partitioned,0.6220647677455968
narma10,8000,44,16,partitioned_driver_full_16,diversity_pressure_disabled_repeat_16,diversity_pressure_disabled_repeat,0.9905490946358572
narma10,8000,44,16,partitioned_driver_full_16,nonlinear_lag_unpartitioned_same_budget_16,nonlinear_lag_unpartitioned_same_budget,0.6937455625278833
narma10,8000,44,16,partitioned_driver_full_16,same_feature_count_random_projection_16,same_feature_count_random_projection,0.7312068912194439
narma10,8000,44,16,partitioned_driver_full_16,readout_budget_matched_single_pool_16,readout_budget_matched_single_pool,0.797142228461008
narma10,8000,44,16,partitioned_driver_full_16,remove_fast_trace_drivers_16,remove_fast_trace_drivers,0.9999999999999996
narma10,8000,44,16,partitioned_driver_full_16,remove_lag_drivers_16,remove_lag_drivers,0.9999999999999996
narma10,8000,44,16,partitioned_driver_full_16,remove_nonlinear_drivers_16,remove_nonlinear_drivers,0.9828095551781713
narma10,8000,44,16,partitioned_driver_full_16,remove_slow_trace_drivers_16,remove_slow_trace_drivers,0.9999999999999996
narma10,8000,44,16,partitioned_driver_full_16,permuted_recurrence_16_offset_71,permuted_recurrence,0.7656373436845051
narma10,8000,44,16,partitioned_driver_full_16,permuted_recurrence_16_offset_101,permuted_recurrence,0.7623200180822548
narma10,8000,44,16,partitioned_driver_full_16,permuted_recurrence_16_offset_131,permuted_recurrence,0.7832895007102907
narma10,8000,44,16,partitioned_driver_full_16,target_shuffle_candidate_16,target_shuffle_candidate,0.9999999999999996
narma10,8000,44,16,partitioned_driver_full_16,time_shuffle_candidate_16,time_shuffle_candidate,0.0014013049188833784
narma10,8000,44,32,partitioned_driver_full_32,partition_labels_shuffled_32,partition_labels_shuffled,0.8681621436031457
narma10,8000,44,32,partitioned_driver_full_32,partition_merged_unpartitioned_32,partition_merged_unpartitioned,0.8129433366389083
narma10,8000,44,32,partitioned_driver_full_32,linear_lag_partitioned_32,linear_lag_partitioned,0.8630418654523235
narma10,8000,44,32,partitioned_driver_full_32,diversity_pressure_disabled_repeat_32,diversity_pressure_disabled_repeat,0.9928526798358523
narma10,8000,44,32,partitioned_driver_full_32,nonlinear_lag_unpartitioned_same_budget_32,nonlinear_lag_unpartitioned_same_budget,0.8654653067701183
narma10,8000,44,32,partitioned_driver_full_32,same_feature_count_random_projection_32,same_feature_count_random_projection,0.8414406243412378
narma10,8000,44,32,partitioned_driver_full_32,readout_budget_matched_single_pool_32,readout_budget_matched_single_pool,0.6188019213229197
narma10,8000,44,32,partitioned_driver_full_32,remove_fast_trace_drivers_32,remove_fast_trace_drivers,1.0
narma10,8000,44,32,partitioned_driver_full_32,remove_lag_drivers_32,remove_lag_drivers,1.0
narma10,8000,44,32,partitioned_driver_full_32,remove_nonlinear_drivers_32,remove_nonlinear_drivers,0.9761493427338789
narma10,8000,44,32,partitioned_driver_full_32,remove_slow_trace_drivers_32,remove_slow_trace_drivers,1.0
narma10,8000,44,32,partitioned_driver_full_32,permuted_recurrence_32_offset_71,permuted_recurrence,0.6686937572596835
narma10,8000,44,32,partitioned_driver_full_32,permuted_recurrence_32_offset_101,permuted_recurrence,0.6102410596435177
narma10,8000,44,32,partitioned_driver_full_32,permuted_recurrence_32_offset_131,permuted_recurrence,0.59498291363752
narma10,8000,44,32,partitioned_driver_full_32,target_shuffle_candidate_32,target_shuffle_candidate,1.0
narma10,8000,44,32,partitioned_driver_full_32,time_shuffle_candidate_32,time_shuffle_candidate,0.0019421705991493113
narma10,8000,44,64,partitioned_driver_full_64,partition_labels_shuffled_64,partition_labels_shuffled,0.9524461148236631
narma10,8000,44,64,partitioned_driver_full_64,partition_merged_unpartitioned_64,partition_merged_unpartitioned,0.8168849392030275
narma10,8000,44,64,partitioned_driver_full_64,linear_lag_partitioned_64,linear_lag_partitioned,0.9428886111855188
narma10,8000,44,64,partitioned_driver_full_64,diversity_pressure_disabled_repeat_64,diversity_pressure_disabled_repeat,0.9996822108026521
narma10,8000,44,64,partitioned_driver_full_64,nonlinear_lag_unpartitioned_same_budget_64,nonlinear_lag_unpartitioned_same_budget,0.8840462382549754
narma10,8000,44,64,partitioned_driver_full_64,same_feature_count_random_projection_64,same_feature_count_random_projection,0.8052823599293174
narma10,8000,44,64,partitioned_driver_full_64,readout_budget_matched_single_pool_64,readout_budget_matched_single_pool,0.780509202101601
narma10,8000,44,64,partitioned_driver_full_64,remove_fast_trace_drivers_64,remove_fast_trace_drivers,1.0
narma10,8000,44,64,partitioned_driver_full_64,remove_lag_drivers_64,remove_lag_drivers,1.0
narma10,8000,44,64,partitioned_driver_full_64,remove_nonlinear_drivers_64,remove_nonlinear_drivers,0.9891203820599741
narma10,8000,44,64,partitioned_driver_full_64,remove_slow_trace_drivers_64,remove_slow_trace_drivers,1.0
narma10,8000,44,64,partitioned_driver_full_64,permuted_recurrence_64_offset_71,permuted_recurrence,0.772525402203495
narma10,8000,44,64,partitioned_driver_full_64,permuted_recurrence_64_offset_101,permuted_recurrence,0.8147538337795442
narma10,8000,44,64,partitioned_driver_full_64,permuted_recurrence_64_offset_131,permuted_recurrence,0.7867304914978536
narma10,8000,44,64,partitioned_driver_full_64,target_shuffle_candidate_64,target_shuffle_candidate,1.0
narma10,8000,44,64,partitioned_driver_full_64,time_shuffle_candidate_64,time_shuffle_candidate,0.0017229709990242222
narma10,8000,44,128,partitioned_driver_full_128,partition_labels_shuffled_128,partition_labels_shuffled,0.9652451268340356
narma10,8000,44,128,partitioned_driver_full_128,partition_merged_unpartitioned_128,partition_merged_unpartitioned,0.8053275579468159
narma10,8000,44,128,partitioned_driver_full_128,linear_lag_partitioned_128,linear_lag_partitioned,0.9282695729134586
narma10,8000,44,128,partitioned_driver_full_128,diversity_pressure_disabled_repeat_128,diversity_pressure_disabled_repeat,0.999533437565248
narma10,8000,44,128,partitioned_driver_full_128,nonlinear_lag_unpartitioned_same_budget_128,nonlinear_lag_unpartitioned_same_budget,0.929078807858323
narma10,8000,44,128,partitioned_driver_full_128,same_feature_count_random_projection_128,same_feature_count_random_projection,0.8388597666685464
narma10,8000,44,128,partitioned_driver_full_128,readout_budget_matched_single_pool_128,readout_budget_matched_single_pool,0.7768789365747754
narma10,8000,44,128,partitioned_driver_full_128,remove_fast_trace_drivers_128,remove_fast_trace_drivers,1.0
narma10,8000,44,128,partitioned_driver_full_128,remove_lag_drivers_128,remove_lag_drivers,1.0
narma10,8000,44,128,partitioned_driver_full_128,remove_nonlinear_drivers_128,remove_nonlinear_drivers,0.9900567399390519
narma10,8000,44,128,partitioned_driver_full_128,remove_slow_trace_drivers_128,remove_slow_trace_drivers,1.0
narma10,8000,44,128,partitioned_driver_full_128,permuted_recurrence_128_offset_71,permuted_recurrence,0.7725045370854562
narma10,8000,44,128,partitioned_driver_full_128,permuted_recurrence_128_offset_101,permuted_recurrence,0.8129509457498906
narma10,8000,44,128,partitioned_driver_full_128,permuted_recurrence_128_offset_131,permuted_recurrence,0.7406146830986841
narma10,8000,44,128,partitioned_driver_full_128,target_shuffle_candidate_128,target_shuffle_candidate,1.0
narma10,8000,44,128,partitioned_driver_full_128,time_shuffle_candidate_128,time_shuffle_candidate,0.002017765787299013
mackey_glass,16000,42,16,partitioned_driver_full_16,partition_labels_shuffled_16,partition_labels_shuffled,0.901343206338176
mackey_glass,16000,42,16,partitioned_driver_full_16,partition_merged_unpartitioned_16,partition_merged_unpartitioned,0.9463469447082321
mackey_glass,16000,42,16,partitioned_driver_full_16,linear_lag_partitioned_16,linear_lag_partitioned,0.9395036982722983
mackey_glass,16000,42,16,partitioned_driver_full_16,diversity_pressure_disabled_repeat_16,diversity_pressure_disabled_repeat,0.9970701926908965
mackey_glass,16000,42,16,partitioned_driver_full_16,nonlinear_lag_unpartitioned_same_budget_16,nonlinear_lag_unpartitioned_same_budget,0.9295679763758028
mackey_glass,16000,42,16,partitioned_driver_full_16,same_feature_count_random_projection_16,same_feature_count_random_projection,0.8411090931051933
mackey_glass,16000,42,16,partitioned_driver_full_16,readout_budget_matched_single_pool_16,readout_budget_matched_single_pool,0.8924344034389745
mackey_glass,16000,42,16,partitioned_driver_full_16,remove_fast_trace_drivers_16,remove_fast_trace_drivers,1.0000000000000002
mackey_glass,16000,42,16,partitioned_driver_full_16,remove_lag_drivers_16,remove_lag_drivers,1.0000000000000002
mackey_glass,16000,42,16,partitioned_driver_full_16,remove_nonlinear_drivers_16,remove_nonlinear_drivers,0.9968813264538365
mackey_glass,16000,42,16,partitioned_driver_full_16,remove_slow_trace_drivers_16,remove_slow_trace_drivers,1.0000000000000002
mackey_glass,16000,42,16,partitioned_driver_full_16,permuted_recurrence_16_offset_71,permuted_recurrence,0.9525588349667498
mackey_glass,16000,42,16,partitioned_driver_full_16,permuted_recurrence_16_offset_101,permuted_recurrence,0.9542013445546232
mackey_glass,16000,42,16,partitioned_driver_full_16,permuted_recurrence_16_offset_131,permuted_recurrence,0.8703592897484407
mackey_glass,16000,42,16,partitioned_driver_full_16,target_shuffle_candidate_16,target_shuffle_candidate,1.0000000000000002
mackey_glass,16000,42,16,partitioned_driver_full_16,time_shuffle_candidate_16,time_shuffle_candidate,0.0008394975168793404
mackey_glass,16000,42,32,partitioned_driver_full_32,partition_labels_shuffled_32,partition_labels_shuffled,0.9603798935064121
mackey_glass,16000,42,32,partitioned_driver_full_32,partition_merged_unpartitioned_32,partition_merged_unpartitioned,0.9221288524582727
mackey_glass,16000,42,32,partitioned_driver_full_32,linear_lag_partitioned_32,linear_lag_partitioned,0.9668087085777722
mackey_glass,16000,42,32,partitioned_driver_full_32,diversity_pressure_disabled_repeat_32,diversity_pressure_disabled_repeat,0.9978213053224513
mackey_glass,16000,42,32,partitioned_driver_full_32,nonlinear_lag_unpartitioned_same_budget_32,nonlinear_lag_unpartitioned_same_budget,0.8935074346213245
mackey_glass,16000,42,32,partitioned_driver_full_32,same_feature_count_random_projection_32,same_feature_count_random_projection,0.9796251995117122
mackey_glass,16000,42,32,partitioned_driver_full_32,readout_budget_matched_single_pool_32,readout_budget_matched_single_pool,0.9038223885316784
mackey_glass,16000,42,32,partitioned_driver_full_32,remove_fast_trace_drivers_32,remove_fast_trace_drivers,1.0
mackey_glass,16000,42,32,partitioned_driver_full_32,remove_lag_drivers_32,remove_lag_drivers,1.0
mackey_glass,16000,42,32,partitioned_driver_full_32,remove_nonlinear_drivers_32,remove_nonlinear_drivers,0.9958950037430148
mackey_glass,16000,42,32,partitioned_driver_full_32,remove_slow_trace_drivers_32,remove_slow_trace_drivers,1.0
mackey_glass,16000,42,32,partitioned_driver_full_32,permuted_recurrence_32_offset_71,permuted_recurrence,0.9414502281096766
mackey_glass,16000,42,32,partitioned_driver_full_32,permuted_recurrence_32_offset_101,permuted_recurrence,0.8947751018521655
mackey_glass,16000,42,32,partitioned_driver_full_32,permuted_recurrence_32_offset_131,permuted_recurrence,0.8369434930821799
mackey_glass,16000,42,32,partitioned_driver_full_32,target_shuffle_candidate_32,target_shuffle_candidate,1.0
mackey_glass,16000,42,32,partitioned_driver_full_32,time_shuffle_candidate_32,time_shuffle_candidate,0.0007901420557700859
mackey_glass,16000,42,64,partitioned_driver_full_64,partition_labels_shuffled_64,partition_labels_shuffled,0.9089356524937543
mackey_glass,16000,42,64,partitioned_driver_full_64,partition_merged_unpartitioned_64,partition_merged_unpartitioned,0.9293596009282928
mackey_glass,16000,42,64,partitioned_driver_full_64,linear_lag_partitioned_64,linear_lag_partitioned,0.9635980612578803
mackey_glass,16000,42,64,partitioned_driver_full_64,diversity_pressure_disabled_repeat_64,diversity_pressure_disabled_repeat,0.9992769728664936
mackey_glass,16000,42,64,partitioned_driver_full_64,nonlinear_lag_unpartitioned_same_budget_64,nonlinear_lag_unpartitioned_same_budget,0.9317519490964375
mackey_glass,16000,42,64,partitioned_driver_full_64,same_feature_count_random_projection_64,same_feature_count_random_projection,0.9150821993017337
mackey_glass,16000,42,64,partitioned_driver_full_64,readout_budget_matched_single_pool_64,readout_budget_matched_single_pool,0.9600650492811033
mackey_glass,16000,42,64,partitioned_driver_full_64,remove_fast_trace_drivers_64,remove_fast_trace_drivers,1.0
mackey_glass,16000,42,64,partitioned_driver_full_64,remove_lag_drivers_64,remove_lag_drivers,1.0
mackey_glass,16000,42,64,partitioned_driver_full_64,remove_nonlinear_drivers_64,remove_nonlinear_drivers,0.9985298251578382
mackey_glass,16000,42,64,partitioned_driver_full_64,remove_slow_trace_drivers_64,remove_slow_trace_drivers,1.0
mackey_glass,16000,42,64,partitioned_driver_full_64,permuted_recurrence_64_offset_71,permuted_recurrence,0.975155895461617
mackey_glass,16000,42,64,partitioned_driver_full_64,permuted_recurrence_64_offset_101,permuted_recurrence,0.9617885074684867
mackey_glass,16000,42,64,partitioned_driver_full_64,permuted_recurrence_64_offset_131,permuted_recurrence,0.9487147761152359
mackey_glass,16000,42,64,partitioned_driver_full_64,target_shuffle_candidate_64,target_shuffle_candidate,1.0
mackey_glass,16000,42,64,partitioned_driver_full_64,time_shuffle_candidate_64,time_shuffle_candidate,0.0006892851166066273
mackey_glass,16000,42,128,partitioned_driver_full_128,partition_labels_shuffled_128,partition_labels_shuffled,0.9814433711496631
mackey_glass,16000,42,128,partitioned_driver_full_128,partition_merged_unpartitioned_128,partition_merged_unpartitioned,0.9465274327111892
mackey_glass,16000,42,128,partitioned_driver_full_128,linear_lag_partitioned_128,linear_lag_partitioned,0.9788726700314317
mackey_glass,16000,42,128,partitioned_driver_full_128,diversity_pressure_disabled_repeat_128,diversity_pressure_disabled_repeat,0.9999214367600456
mackey_glass,16000,42,128,partitioned_driver_full_128,nonlinear_lag_unpartitioned_same_budget_128,nonlinear_lag_unpartitioned_same_budget,0.9827750346941599
mackey_glass,16000,42,128,partitioned_driver_full_128,same_feature_count_random_projection_128,same_feature_count_random_projection,0.9888793582962538
mackey_glass,16000,42,128,partitioned_driver_full_128,readout_budget_matched_single_pool_128,readout_budget_matched_single_pool,0.9483928119409677
mackey_glass,16000,42,128,partitioned_driver_full_128,remove_fast_trace_drivers_128,remove_fast_trace_drivers,1.0
mackey_glass,16000,42,128,partitioned_driver_full_128,remove_lag_drivers_128,remove_lag_drivers,1.0
mackey_glass,16000,42,128,partitioned_driver_full_128,remove_nonlinear_drivers_128,remove_nonlinear_drivers,0.9984927089173308
mackey_glass,16000,42,128,partitioned_driver_full_128,remove_slow_trace_drivers_128,remove_slow_trace_drivers,1.0
mackey_glass,16000,42,128,partitioned_driver_full_128,permuted_recurrence_128_offset_71,permuted_recurrence,0.955312612282302
mackey_glass,16000,42,128,partitioned_driver_full_128,permuted_recurrence_128_offset_101,permuted_recurrence,0.9552200229977147
mackey_glass,16000,42,128,partitioned_driver_full_128,permuted_recurrence_128_offset_131,permuted_recurrence,0.9498132484841826
mackey_glass,16000,42,128,partitioned_driver_full_128,target_shuffle_candidate_128,target_shuffle_candidate,1.0
mackey_glass,16000,42,128,partitioned_driver_full_128,time_shuffle_candidate_128,time_shuffle_candidate,0.0009129059828764901
lorenz,16000,42,16,partitioned_driver_full_16,partition_labels_shuffled_16,partition_labels_shuffled,0.9012993593386114
lorenz,16000,42,16,partitioned_driver_full_16,partition_merged_unpartitioned_16,partition_merged_unpartitioned,0.9590462462156178
lorenz,16000,42,16,partitioned_driver_full_16,linear_lag_partitioned_16,linear_lag_partitioned,0.9465096550880768
lorenz,16000,42,16,partitioned_driver_full_16,diversity_pressure_disabled_repeat_16,diversity_pressure_disabled_repeat,0.9975791077247064
lorenz,16000,42,16,partitioned_driver_full_16,nonlinear_lag_unpartitioned_same_budget_16,nonlinear_lag_unpartitioned_same_budget,0.8946457182946169
lorenz,16000,42,16,partitioned_driver_full_16,same_feature_count_random_projection_16,same_feature_count_random_projection,0.9228379606179833
lorenz,16000,42,16,partitioned_driver_full_16,readout_budget_matched_single_pool_16,readout_budget_matched_single_pool,0.8174826014257368
lorenz,16000,42,16,partitioned_driver_full_16,remove_fast_trace_drivers_16,remove_fast_trace_drivers,1.0
lorenz,16000,42,16,partitioned_driver_full_16,remove_lag_drivers_16,remove_lag_drivers,1.0
lorenz,16000,42,16,partitioned_driver_full_16,remove_nonlinear_drivers_16,remove_nonlinear_drivers,0.9891556237885304
lorenz,16000,42,16,partitioned_driver_full_16,remove_slow_trace_drivers_16,remove_slow_trace_drivers,1.0
lorenz,16000,42,16,partitioned_driver_full_16,permuted_recurrence_16_offset_71,permuted_recurrence,0.8881075332568766
lorenz,16000,42,16,partitioned_driver_full_16,permuted_recurrence_16_offset_101,permuted_recurrence,0.861092350649932
lorenz,16000,42,16,partitioned_driver_full_16,permuted_recurrence_16_offset_131,permuted_recurrence,0.7826325421971418
lorenz,16000,42,16,partitioned_driver_full_16,target_shuffle_candidate_16,target_shuffle_candidate,1.0
lorenz,16000,42,16,partitioned_driver_full_16,time_shuffle_candidate_16,time_shuffle_candidate,0.0004042981254501504
lorenz,16000,42,32,partitioned_driver_full_32,partition_labels_shuffled_32,partition_labels_shuffled,0.9543351259922913
lorenz,16000,42,32,partitioned_driver_full_32,partition_merged_unpartitioned_32,partition_merged_unpartitioned,0.94533040303798
lorenz,16000,42,32,partitioned_driver_full_32,linear_lag_partitioned_32,linear_lag_partitioned,0.9616335987737464
lorenz,16000,42,32,partitioned_driver_full_32,diversity_pressure_disabled_repeat_32,diversity_pressure_disabled_repeat,0.9935281753850559
lorenz,16000,42,32,partitioned_driver_full_32,nonlinear_lag_unpartitioned_same_budget_32,nonlinear_lag_unpartitioned_same_budget,0.9207980780531992
lorenz,16000,42,32,partitioned_driver_full_32,same_feature_count_random_projection_32,same_feature_count_random_projection,0.957344709371997
lorenz,16000,42,32,partitioned_driver_full_32,readout_budget_matched_single_pool_32,readout_budget_matched_single_pool,0.9097916451369991
lorenz,16000,42,32,partitioned_driver_full_32,remove_fast_trace_drivers_32,remove_fast_trace_drivers,0.9999999999999996
lorenz,16000,42,32,partitioned_driver_full_32,remove_lag_drivers_32,remove_lag_drivers,0.9999999999999996
lorenz,16000,42,32,partitioned_driver_full_32,remove_nonlinear_drivers_32,remove_nonlinear_drivers,0.9935432114942363
lorenz,16000,42,32,partitioned_driver_full_32,remove_slow_trace_drivers_32,remove_slow_trace_drivers,0.9999999999999996
lorenz,16000,42,32,partitioned_driver_full_32,permuted_recurrence_32_offset_71,permuted_recurrence,0.9258685630553876
lorenz,16000,42,32,partitioned_driver_full_32,permuted_recurrence_32_offset_101,permuted_recurrence,0.9152268953046374
lorenz,16000,42,32,partitioned_driver_full_32,permuted_recurrence_32_offset_131,permuted_recurrence,0.8793903162862896
lorenz,16000,42,32,partitioned_driver_full_32,target_shuffle_candidate_32,target_shuffle_candidate,0.9999999999999996
lorenz,16000,42,32,partitioned_driver_full_32,time_shuffle_candidate_32,time_shuffle_candidate,0.0004910768048885801
lorenz,16000,42,64,partitioned_driver_full_64,partition_labels_shuffled_64,partition_labels_shuffled,0.9800578304379464
lorenz,16000,42,64,partitioned_driver_full_64,partition_merged_unpartitioned_64,partition_merged_unpartitioned,0.9798742455912309
lorenz,16000,42,64,partitioned_driver_full_64,linear_lag_partitioned_64,linear_lag_partitioned,0.9839890948880189
lorenz,16000,42,64,partitioned_driver_full_64,diversity_pressure_disabled_repeat_64,diversity_pressure_disabled_repeat,0.9996652226389392
lorenz,16000,42,64,partitioned_driver_full_64,nonlinear_lag_unpartitioned_same_budget_64,nonlinear_lag_unpartitioned_same_budget,0.96284252755791
lorenz,16000,42,64,partitioned_driver_full_64,same_feature_count_random_projection_64,same_feature_count_random_projection,0.9767912596257757
lorenz,16000,42,64,partitioned_driver_full_64,readout_budget_matched_single_pool_64,readout_budget_matched_single_pool,0.9458632071160206
lorenz,16000,42,64,partitioned_driver_full_64,remove_fast_trace_drivers_64,remove_fast_trace_drivers,1.0
lorenz,16000,42,64,partitioned_driver_full_64,remove_lag_drivers_64,remove_lag_drivers,1.0
lorenz,16000,42,64,partitioned_driver_full_64,remove_nonlinear_drivers_64,remove_nonlinear_drivers,0.9979520351603726
lorenz,16000,42,64,partitioned_driver_full_64,remove_slow_trace_drivers_64,remove_slow_trace_drivers,1.0
lorenz,16000,42,64,partitioned_driver_full_64,permuted_recurrence_64_offset_71,permuted_recurrence,0.95523691506072
lorenz,16000,42,64,partitioned_driver_full_64,permuted_recurrence_64_offset_101,permuted_recurrence,0.9508091714081667
lorenz,16000,42,64,partitioned_driver_full_64,permuted_recurrence_64_offset_131,permuted_recurrence,0.9757782402476295
lorenz,16000,42,64,partitioned_driver_full_64,target_shuffle_candidate_64,target_shuffle_candidate,1.0
lorenz,16000,42,64,partitioned_driver_full_64,time_shuffle_candidate_64,time_shuffle_candidate,0.00048641646848887973
lorenz,16000,42,128,partitioned_driver_full_128,partition_labels_shuffled_128,partition_labels_shuffled,0.9781057081983
lorenz,16000,42,128,partitioned_driver_full_128,partition_merged_unpartitioned_128,partition_merged_unpartitioned,0.9694074122936662
lorenz,16000,42,128,partitioned_driver_full_128,linear_lag_partitioned_128,linear_lag_partitioned,0.9847143620245122
lorenz,16000,42,128,partitioned_driver_full_128,diversity_pressure_disabled_repeat_128,diversity_pressure_disabled_repeat,0.9998901580490959
lorenz,16000,42,128,partitioned_driver_full_128,nonlinear_lag_unpartitioned_same_budget_128,nonlinear_lag_unpartitioned_same_budget,0.9623373360081552
lorenz,16000,42,128,partitioned_driver_full_128,same_feature_count_random_projection_128,same_feature_count_random_projection,0.9801307933885377
lorenz,16000,42,128,partitioned_driver_full_128,readout_budget_matched_single_pool_128,readout_budget_matched_single_pool,0.9881381300637186
lorenz,16000,42,128,partitioned_driver_full_128,remove_fast_trace_drivers_128,remove_fast_trace_drivers,1.0
lorenz,16000,42,128,partitioned_driver_full_128,remove_lag_drivers_128,remove_lag_drivers,1.0
lorenz,16000,42,128,partitioned_driver_full_128,remove_nonlinear_drivers_128,remove_nonlinear_drivers,0.9958854012583305
lorenz,16000,42,128,partitioned_driver_full_128,remove_slow_trace_drivers_128,remove_slow_trace_drivers,1.0
lorenz,16000,42,128,partitioned_driver_full_128,permuted_recurrence_128_offset_71,permuted_recurrence,0.9855956492082448
lorenz,16000,42,128,partitioned_driver_full_128,permuted_recurrence_128_offset_101,permuted_recurrence,0.9784148882456125
lorenz,16000,42,128,partitioned_driver_full_128,permuted_recurrence_128_offset_131,permuted_recurrence,0.9743529226476363
lorenz,16000,42,128,partitioned_driver_full_128,target_shuffle_candidate_128,target_shuffle_candidate,1.0
lorenz,16000,42,128,partitioned_driver_full_128,time_shuffle_candidate_128,time_shuffle_candidate,0.0006128008403853404
narma10,16000,42,16,partitioned_driver_full_16,partition_labels_shuffled_16,partition_labels_shuffled,0.748111786819638
narma10,16000,42,16,partitioned_driver_full_16,partition_merged_unpartitioned_16,partition_merged_unpartitioned,0.8003094429598301
narma10,16000,42,16,partitioned_driver_full_16,linear_lag_partitioned_16,linear_lag_partitioned,0.8061346949974441
narma10,16000,42,16,partitioned_driver_full_16,diversity_pressure_disabled_repeat_16,diversity_pressure_disabled_repeat,0.991677792451783
narma10,16000,42,16,partitioned_driver_full_16,nonlinear_lag_unpartitioned_same_budget_16,nonlinear_lag_unpartitioned_same_budget,0.7962244006917151
narma10,16000,42,16,partitioned_driver_full_16,same_feature_count_random_projection_16,same_feature_count_random_projection,0.662506704243424
narma10,16000,42,16,partitioned_driver_full_16,readout_budget_matched_single_pool_16,readout_budget_matched_single_pool,0.7136337268703135
narma10,16000,42,16,partitioned_driver_full_16,remove_fast_trace_drivers_16,remove_fast_trace_drivers,1.0000000000000002
narma10,16000,42,16,partitioned_driver_full_16,remove_lag_drivers_16,remove_lag_drivers,1.0000000000000002
narma10,16000,42,16,partitioned_driver_full_16,remove_nonlinear_drivers_16,remove_nonlinear_drivers,0.9856369842983624
narma10,16000,42,16,partitioned_driver_full_16,remove_slow_trace_drivers_16,remove_slow_trace_drivers,1.0000000000000002
narma10,16000,42,16,partitioned_driver_full_16,permuted_recurrence_16_offset_71,permuted_recurrence,0.6505332038535614
narma10,16000,42,16,partitioned_driver_full_16,permuted_recurrence_16_offset_101,permuted_recurrence,0.5963571068866181
narma10,16000,42,16,partitioned_driver_full_16,permuted_recurrence_16_offset_131,permuted_recurrence,0.7336895462604451
narma10,16000,42,16,partitioned_driver_full_16,target_shuffle_candidate_16,target_shuffle_candidate,1.0000000000000002
narma10,16000,42,16,partitioned_driver_full_16,time_shuffle_candidate_16,time_shuffle_candidate,0.0006203784009929943
narma10,16000,42,32,partitioned_driver_full_32,partition_labels_shuffled_32,partition_labels_shuffled,0.9083670662147355
narma10,16000,42,32,partitioned_driver_full_32,partition_merged_unpartitioned_32,partition_merged_unpartitioned,0.7716877066011816
narma10,16000,42,32,partitioned_driver_full_32,linear_lag_partitioned_32,linear_lag_partitioned,0.7098247373767974
narma10,16000,42,32,partitioned_driver_full_32,diversity_pressure_disabled_repeat_32,diversity_pressure_disabled_repeat,0.9977273922540114
narma10,16000,42,32,partitioned_driver_full_32,nonlinear_lag_unpartitioned_same_budget_32,nonlinear_lag_unpartitioned_same_budget,0.7210778944657872
narma10,16000,42,32,partitioned_driver_full_32,same_feature_count_random_projection_32,same_feature_count_random_projection,0.8510232005330604
narma10,16000,42,32,partitioned_driver_full_32,readout_budget_matched_single_pool_32,readout_budget_matched_single_pool,0.7765963909706914
narma10,16000,42,32,partitioned_driver_full_32,remove_fast_trace_drivers_32,remove_fast_trace_drivers,1.0
narma10,16000,42,32,partitioned_driver_full_32,remove_lag_drivers_32,remove_lag_drivers,1.0
narma10,16000,42,32,partitioned_driver_full_32,remove_nonlinear_drivers_32,remove_nonlinear_drivers,0.9784977167669424
narma10,16000,42,32,partitioned_driver_full_32,remove_slow_trace_drivers_32,remove_slow_trace_drivers,1.0
narma10,16000,42,32,partitioned_driver_full_32,permuted_recurrence_32_offset_71,permuted_recurrence,0.7217329196803998
narma10,16000,42,32,partitioned_driver_full_32,permuted_recurrence_32_offset_101,permuted_recurrence,0.6795713640934732
narma10,16000,42,32,partitioned_driver_full_32,permuted_recurrence_32_offset_131,permuted_recurrence,0.6792123472713391
narma10,16000,42,32,partitioned_driver_full_32,target_shuffle_candidate_32,target_shuffle_candidate,1.0
narma10,16000,42,32,partitioned_driver_full_32,time_shuffle_candidate_32,time_shuffle_candidate,0.00070505911052198
narma10,16000,42,64,partitioned_driver_full_64,partition_labels_shuffled_64,partition_labels_shuffled,0.9265747345405836
narma10,16000,42,64,partitioned_driver_full_64,partition_merged_unpartitioned_64,partition_merged_unpartitioned,0.7753615782893114
narma10,16000,42,64,partitioned_driver_full_64,linear_lag_partitioned_64,linear_lag_partitioned,0.8734439034645723
narma10,16000,42,64,partitioned_driver_full_64,diversity_pressure_disabled_repeat_64,diversity_pressure_disabled_repeat,0.9993923345574137
narma10,16000,42,64,partitioned_driver_full_64,nonlinear_lag_unpartitioned_same_budget_64,nonlinear_lag_unpartitioned_same_budget,0.9212099749688156
narma10,16000,42,64,partitioned_driver_full_64,same_feature_count_random_projection_64,same_feature_count_random_projection,0.8537168559852939
narma10,16000,42,64,partitioned_driver_full_64,readout_budget_matched_single_pool_64,readout_budget_matched_single_pool,0.7171639004191872
narma10,16000,42,64,partitioned_driver_full_64,remove_fast_trace_drivers_64,remove_fast_trace_drivers,1.0000000000000002
narma10,16000,42,64,partitioned_driver_full_64,remove_lag_drivers_64,remove_lag_drivers,1.0000000000000002
narma10,16000,42,64,partitioned_driver_full_64,remove_nonlinear_drivers_64,remove_nonlinear_drivers,0.9893620093423706
narma10,16000,42,64,partitioned_driver_full_64,remove_slow_trace_drivers_64,remove_slow_trace_drivers,1.0000000000000002
narma10,16000,42,64,partitioned_driver_full_64,permuted_recurrence_64_offset_71,permuted_recurrence,0.749921656640505
narma10,16000,42,64,partitioned_driver_full_64,permuted_recurrence_64_offset_101,permuted_recurrence,0.7762164840712809
narma10,16000,42,64,partitioned_driver_full_64,permuted_recurrence_64_offset_131,permuted_recurrence,0.6638232674209322
narma10,16000,42,64,partitioned_driver_full_64,target_shuffle_candidate_64,target_shuffle_candidate,1.0000000000000002
narma10,16000,42,64,partitioned_driver_full_64,time_shuffle_candidate_64,time_shuffle_candidate,0.0008541267362916649
narma10,16000,42,128,partitioned_driver_full_128,partition_labels_shuffled_128,partition_labels_shuffled,0.9475232140702655
narma10,16000,42,128,partitioned_driver_full_128,partition_merged_unpartitioned_128,partition_merged_unpartitioned,0.8172864153418404
narma10,16000,42,128,partitioned_driver_full_128,linear_lag_partitioned_128,linear_lag_partitioned,0.9222914572971119
narma10,16000,42,128,partitioned_driver_full_128,diversity_pressure_disabled_repeat_128,diversity_pressure_disabled_repeat,0.999664862314367
narma10,16000,42,128,partitioned_driver_full_128,nonlinear_lag_unpartitioned_same_budget_128,nonlinear_lag_unpartitioned_same_budget,0.920480425033947
narma10,16000,42,128,partitioned_driver_full_128,same_feature_count_random_projection_128,same_feature_count_random_projection,0.8720995914767341
narma10,16000,42,128,partitioned_driver_full_128,readout_budget_matched_single_pool_128,readout_budget_matched_single_pool,0.788773769886457
narma10,16000,42,128,partitioned_driver_full_128,remove_fast_trace_drivers_128,remove_fast_trace_drivers,1.0
narma10,16000,42,128,partitioned_driver_full_128,remove_lag_drivers_128,remove_lag_drivers,1.0
narma10,16000,42,128,partitioned_driver_full_128,remove_nonlinear_drivers_128,remove_nonlinear_drivers,0.9895716084844517
narma10,16000,42,128,partitioned_driver_full_128,remove_slow_trace_drivers_128,remove_slow_trace_drivers,1.0
narma10,16000,42,128,partitioned_driver_full_128,permuted_recurrence_128_offset_71,permuted_recurrence,0.7545214037180582
narma10,16000,42,128,partitioned_driver_full_128,permuted_recurrence_128_offset_101,permuted_recurrence,0.7830934172388241
narma10,16000,42,128,partitioned_driver_full_128,permuted_recurrence_128_offset_131,permuted_recurrence,0.7813207027177544
narma10,16000,42,128,partitioned_driver_full_128,target_shuffle_candidate_128,target_shuffle_candidate,1.0
narma10,16000,42,128,partitioned_driver_full_128,time_shuffle_candidate_128,time_shuffle_candidate,0.000997214045122345
mackey_glass,16000,43,16,partitioned_driver_full_16,partition_labels_shuffled_16,partition_labels_shuffled,0.8809042022448557
mackey_glass,16000,43,16,partitioned_driver_full_16,partition_merged_unpartitioned_16,partition_merged_unpartitioned,0.9542055281460545
mackey_glass,16000,43,16,partitioned_driver_full_16,linear_lag_partitioned_16,linear_lag_partitioned,0.8724791865124482
mackey_glass,16000,43,16,partitioned_driver_full_16,diversity_pressure_disabled_repeat_16,diversity_pressure_disabled_repeat,0.9959603397498836
mackey_glass,16000,43,16,partitioned_driver_full_16,nonlinear_lag_unpartitioned_same_budget_16,nonlinear_lag_unpartitioned_same_budget,0.8118199682874754
mackey_glass,16000,43,16,partitioned_driver_full_16,same_feature_count_random_projection_16,same_feature_count_random_projection,0.8475273981592234
mackey_glass,16000,43,16,partitioned_driver_full_16,readout_budget_matched_single_pool_16,readout_budget_matched_single_pool,0.8694524184597291
mackey_glass,16000,43,16,partitioned_driver_full_16,remove_fast_trace_drivers_16,remove_fast_trace_drivers,0.9999999999999996
mackey_glass,16000,43,16,partitioned_driver_full_16,remove_lag_drivers_16,remove_lag_drivers,0.9999999999999996
mackey_glass,16000,43,16,partitioned_driver_full_16,remove_nonlinear_drivers_16,remove_nonlinear_drivers,0.996978867510192
mackey_glass,16000,43,16,partitioned_driver_full_16,remove_slow_trace_drivers_16,remove_slow_trace_drivers,0.9999999999999996
mackey_glass,16000,43,16,partitioned_driver_full_16,permuted_recurrence_16_offset_71,permuted_recurrence,0.8492280978396104
mackey_glass,16000,43,16,partitioned_driver_full_16,permuted_recurrence_16_offset_101,permuted_recurrence,0.6992612984427489
mackey_glass,16000,43,16,partitioned_driver_full_16,permuted_recurrence_16_offset_131,permuted_recurrence,0.653832371421606
mackey_glass,16000,43,16,partitioned_driver_full_16,target_shuffle_candidate_16,target_shuffle_candidate,0.9999999999999996
mackey_glass,16000,43,16,partitioned_driver_full_16,time_shuffle_candidate_16,time_shuffle_candidate,0.0004429854605725711
mackey_glass,16000,43,32,partitioned_driver_full_32,partition_labels_shuffled_32,partition_labels_shuffled,0.9551873004752154
mackey_glass,16000,43,32,partitioned_driver_full_32,partition_merged_unpartitioned_32,partition_merged_unpartitioned,0.961542322200365
mackey_glass,16000,43,32,partitioned_driver_full_32,linear_lag_partitioned_32,linear_lag_partitioned,0.9325733010565758
mackey_glass,16000,43,32,partitioned_driver_full_32,diversity_pressure_disabled_repeat_32,diversity_pressure_disabled_repeat,0.997584894948279
mackey_glass,16000,43,32,partitioned_driver_full_32,nonlinear_lag_unpartitioned_same_budget_32,nonlinear_lag_unpartitioned_same_budget,0.9380718345439265
mackey_glass,16000,43,32,partitioned_driver_full_32,same_feature_count_random_projection_32,same_feature_count_random_projection,0.8948375888773472
mackey_glass,16000,43,32,partitioned_driver_full_32,readout_budget_matched_single_pool_32,readout_budget_matched_single_pool,0.9297770464604656
mackey_glass,16000,43,32,partitioned_driver_full_32,remove_fast_trace_drivers_32,remove_fast_trace_drivers,1.0000000000000004
mackey_glass,16000,43,32,partitioned_driver_full_32,remove_lag_drivers_32,remove_lag_drivers,1.0000000000000004
mackey_glass,16000,43,32,partitioned_driver_full_32,remove_nonlinear_drivers_32,remove_nonlinear_drivers,0.9949510720114455
mackey_glass,16000,43,32,partitioned_driver_full_32,remove_slow_trace_drivers_32,remove_slow_trace_drivers,1.0000000000000004
mackey_glass,16000,43,32,partitioned_driver_full_32,permuted_recurrence_32_offset_71,permuted_recurrence,0.89741679000515
mackey_glass,16000,43,32,partitioned_driver_full_32,permuted_recurrence_32_offset_101,permuted_recurrence,0.864281776968297
mackey_glass,16000,43,32,partitioned_driver_full_32,permuted_recurrence_32_offset_131,permuted_recurrence,0.950764996436781
mackey_glass,16000,43,32,partitioned_driver_full_32,target_shuffle_candidate_32,target_shuffle_candidate,1.0000000000000004
mackey_glass,16000,43,32,partitioned_driver_full_32,time_shuffle_candidate_32,time_shuffle_candidate,0.0005743397489819428
mackey_glass,16000,43,64,partitioned_driver_full_64,partition_labels_shuffled_64,partition_labels_shuffled,0.9794160861317999
mackey_glass,16000,43,64,partitioned_driver_full_64,partition_merged_unpartitioned_64,partition_merged_unpartitioned,0.9320902136537771
mackey_glass,16000,43,64,partitioned_driver_full_64,linear_lag_partitioned_64,linear_lag_partitioned,0.9648641415115683
mackey_glass,16000,43,64,partitioned_driver_full_64,diversity_pressure_disabled_repeat_64,diversity_pressure_disabled_repeat,0.999789240349783
mackey_glass,16000,43,64,partitioned_driver_full_64,nonlinear_lag_unpartitioned_same_budget_64,nonlinear_lag_unpartitioned_same_budget,0.9712200665991984
mackey_glass,16000,43,64,partitioned_driver_full_64,same_feature_count_random_projection_64,same_feature_count_random_projection,0.9817612453415756
mackey_glass,16000,43,64,partitioned_driver_full_64,readout_budget_matched_single_pool_64,readout_budget_matched_single_pool,0.9592551970134393
mackey_glass,16000,43,64,partitioned_driver_full_64,remove_fast_trace_drivers_64,remove_fast_trace_drivers,1.0
mackey_glass,16000,43,64,partitioned_driver_full_64,remove_lag_drivers_64,remove_lag_drivers,1.0
mackey_glass,16000,43,64,partitioned_driver_full_64,remove_nonlinear_drivers_64,remove_nonlinear_drivers,0.9901340626328009
mackey_glass,16000,43,64,partitioned_driver_full_64,remove_slow_trace_drivers_64,remove_slow_trace_drivers,1.0
mackey_glass,16000,43,64,partitioned_driver_full_64,permuted_recurrence_64_offset_71,permuted_recurrence,0.9398730524019456
mackey_glass,16000,43,64,partitioned_driver_full_64,permuted_recurrence_64_offset_101,permuted_recurrence,0.9541350590610916
mackey_glass,16000,43,64,partitioned_driver_full_64,permuted_recurrence_64_offset_131,permuted_recurrence,0.959816168512049
mackey_glass,16000,43,64,partitioned_driver_full_64,target_shuffle_candidate_64,target_shuffle_candidate,1.0
mackey_glass,16000,43,64,partitioned_driver_full_64,time_shuffle_candidate_64,time_shuffle_candidate,0.0009272290334152895
mackey_glass,16000,43,128,partitioned_driver_full_128,partition_labels_shuffled_128,partition_labels_shuffled,0.9908600108838221
mackey_glass,16000,43,128,partitioned_driver_full_128,partition_merged_unpartitioned_128,partition_merged_unpartitioned,0.9610709220579317
mackey_glass,16000,43,128,partitioned_driver_full_128,linear_lag_partitioned_128,linear_lag_partitioned,0.9840848647222618
mackey_glass,16000,43,128,partitioned_driver_full_128,diversity_pressure_disabled_repeat_128,diversity_pressure_disabled_repeat,0.9998835639956367
mackey_glass,16000,43,128,partitioned_driver_full_128,nonlinear_lag_unpartitioned_same_budget_128,nonlinear_lag_unpartitioned_same_budget,0.9760137663371566
mackey_glass,16000,43,128,partitioned_driver_full_128,same_feature_count_random_projection_128,same_feature_count_random_projection,0.9821967823708564
mackey_glass,16000,43,128,partitioned_driver_full_128,readout_budget_matched_single_pool_128,readout_budget_matched_single_pool,0.9670496183444187
mackey_glass,16000,43,128,partitioned_driver_full_128,remove_fast_trace_drivers_128,remove_fast_trace_drivers,1.0
mackey_glass,16000,43,128,partitioned_driver_full_128,remove_lag_drivers_128,remove_lag_drivers,1.0
mackey_glass,16000,43,128,partitioned_driver_full_128,remove_nonlinear_drivers_128,remove_nonlinear_drivers,0.9968254791015881
mackey_glass,16000,43,128,partitioned_driver_full_128,remove_slow_trace_drivers_128,remove_slow_trace_drivers,1.0
mackey_glass,16000,43,128,partitioned_driver_full_128,permuted_recurrence_128_offset_71,permuted_recurrence,0.9632527209679028
mackey_glass,16000,43,128,partitioned_driver_full_128,permuted_recurrence_128_offset_101,permuted_recurrence,0.9615474377241715
mackey_glass,16000,43,128,partitioned_driver_full_128,permuted_recurrence_128_offset_131,permuted_recurrence,0.9718239570498354
mackey_glass,16000,43,128,partitioned_driver_full_128,target_shuffle_candidate_128,target_shuffle_candidate,1.0
mackey_glass,16000,43,128,partitioned_driver_full_128,time_shuffle_candidate_128,time_shuffle_candidate,0.0007157664064129118
lorenz,16000,43,16,partitioned_driver_full_16,partition_labels_shuffled_16,partition_labels_shuffled,0.7988215538092052
lorenz,16000,43,16,partitioned_driver_full_16,partition_merged_unpartitioned_16,partition_merged_unpartitioned,0.8134392774894613
lorenz,16000,43,16,partitioned_driver_full_16,linear_lag_partitioned_16,linear_lag_partitioned,0.6752269973570219
lorenz,16000,43,16,partitioned_driver_full_16,diversity_pressure_disabled_repeat_16,diversity_pressure_disabled_repeat,0.9926693370539067
lorenz,16000,43,16,partitioned_driver_full_16,nonlinear_lag_unpartitioned_same_budget_16,nonlinear_lag_unpartitioned_same_budget,0.7105230911720447
lorenz,16000,43,16,partitioned_driver_full_16,same_feature_count_random_projection_16,same_feature_count_random_projection,0.8760508084132839
lorenz,16000,43,16,partitioned_driver_full_16,readout_budget_matched_single_pool_16,readout_budget_matched_single_pool,0.7688892596173511
lorenz,16000,43,16,partitioned_driver_full_16,remove_fast_trace_drivers_16,remove_fast_trace_drivers,1.0000000000000004
lorenz,16000,43,16,partitioned_driver_full_16,remove_lag_drivers_16,remove_lag_drivers,1.0000000000000004
lorenz,16000,43,16,partitioned_driver_full_16,remove_nonlinear_drivers_16,remove_nonlinear_drivers,0.9858140742328662
lorenz,16000,43,16,partitioned_driver_full_16,remove_slow_trace_drivers_16,remove_slow_trace_drivers,1.0000000000000004
lorenz,16000,43,16,partitioned_driver_full_16,permuted_recurrence_16_offset_71,permuted_recurrence,0.7285206839039707
lorenz,16000,43,16,partitioned_driver_full_16,permuted_recurrence_16_offset_101,permuted_recurrence,0.6825748480854874
lorenz,16000,43,16,partitioned_driver_full_16,permuted_recurrence_16_offset_131,permuted_recurrence,0.7380150430916195
lorenz,16000,43,16,partitioned_driver_full_16,target_shuffle_candidate_16,target_shuffle_candidate,1.0000000000000004
lorenz,16000,43,16,partitioned_driver_full_16,time_shuffle_candidate_16,time_shuffle_candidate,0.00014410746917968388
lorenz,16000,43,32,partitioned_driver_full_32,partition_labels_shuffled_32,partition_labels_shuffled,0.8658309042173659
lorenz,16000,43,32,partitioned_driver_full_32,partition_merged_unpartitioned_32,partition_merged_unpartitioned,0.9409903239102628
lorenz,16000,43,32,partitioned_driver_full_32,linear_lag_partitioned_32,linear_lag_partitioned,0.8968231474760625
lorenz,16000,43,32,partitioned_driver_full_32,diversity_pressure_disabled_repeat_32,diversity_pressure_disabled_repeat,0.9988924871456378
lorenz,16000,43,32,partitioned_driver_full_32,nonlinear_lag_unpartitioned_same_budget_32,nonlinear_lag_unpartitioned_same_budget,0.8874973492198241
lorenz,16000,43,32,partitioned_driver_full_32,same_feature_count_random_projection_32,same_feature_count_random_projection,0.8512876336637688
lorenz,16000,43,32,partitioned_driver_full_32,readout_budget_matched_single_pool_32,readout_budget_matched_single_pool,0.812524172951851
lorenz,16000,43,32,partitioned_driver_full_32,remove_fast_trace_drivers_32,remove_fast_trace_drivers,1.0
lorenz,16000,43,32,partitioned_driver_full_32,remove_lag_drivers_32,remove_lag_drivers,1.0
lorenz,16000,43,32,partitioned_driver_full_32,remove_nonlinear_drivers_32,remove_nonlinear_drivers,0.9939615926905273
lorenz,16000,43,32,partitioned_driver_full_32,remove_slow_trace_drivers_32,remove_slow_trace_drivers,1.0
lorenz,16000,43,32,partitioned_driver_full_32,permuted_recurrence_32_offset_71,permuted_recurrence,0.8423525042789651
lorenz,16000,43,32,partitioned_driver_full_32,permuted_recurrence_32_offset_101,permuted_recurrence,0.6578095754443601
lorenz,16000,43,32,partitioned_driver_full_32,permuted_recurrence_32_offset_131,permuted_recurrence,0.794473253367837
lorenz,16000,43,32,partitioned_driver_full_32,target_shuffle_candidate_32,target_shuffle_candidate,1.0
lorenz,16000,43,32,partitioned_driver_full_32,time_shuffle_candidate_32,time_shuffle_candidate,0.00027590331344286707
lorenz,16000,43,64,partitioned_driver_full_64,partition_labels_shuffled_64,partition_labels_shuffled,0.9821024782490706
lorenz,16000,43,64,partitioned_driver_full_64,partition_merged_unpartitioned_64,partition_merged_unpartitioned,0.9523603337681116
lorenz,16000,43,64,partitioned_driver_full_64,linear_lag_partitioned_64,linear_lag_partitioned,0.963034970873167
lorenz,16000,43,64,partitioned_driver_full_64,diversity_pressure_disabled_repeat_64,diversity_pressure_disabled_repeat,0.9996909691199642
lorenz,16000,43,64,partitioned_driver_full_64,nonlinear_lag_unpartitioned_same_budget_64,nonlinear_lag_unpartitioned_same_budget,0.9708005099179756
lorenz,16000,43,64,partitioned_driver_full_64,same_feature_count_random_projection_64,same_feature_count_random_projection,0.9711921323915044
lorenz,16000,43,64,partitioned_driver_full_64,readout_budget_matched_single_pool_64,readout_budget_matched_single_pool,0.9185895850755008
lorenz,16000,43,64,partitioned_driver_full_64,remove_fast_trace_drivers_64,remove_fast_trace_drivers,1.0
lorenz,16000,43,64,partitioned_driver_full_64,remove_lag_drivers_64,remove_lag_drivers,1.0
lorenz,16000,43,64,partitioned_driver_full_64,remove_nonlinear_drivers_64,remove_nonlinear_drivers,0.9976716703917473
lorenz,16000,43,64,partitioned_driver_full_64,remove_slow_trace_drivers_64,remove_slow_trace_drivers,1.0
lorenz,16000,43,64,partitioned_driver_full_64,permuted_recurrence_64_offset_71,permuted_recurrence,0.9401821356092238
lorenz,16000,43,64,partitioned_driver_full_64,permuted_recurrence_64_offset_101,permuted_recurrence,0.9468575547935641
lorenz,16000,43,64,partitioned_driver_full_64,permuted_recurrence_64_offset_131,permuted_recurrence,0.9324236722977682
lorenz,16000,43,64,partitioned_driver_full_64,target_shuffle_candidate_64,target_shuffle_candidate,1.0
lorenz,16000,43,64,partitioned_driver_full_64,time_shuffle_candidate_64,time_shuffle_candidate,0.00020530781195596539
lorenz,16000,43,128,partitioned_driver_full_128,partition_labels_shuffled_128,partition_labels_shuffled,0.9918605293072872
lorenz,16000,43,128,partitioned_driver_full_128,partition_merged_unpartitioned_128,partition_merged_unpartitioned,0.98081900450504
lorenz,16000,43,128,partitioned_driver_full_128,linear_lag_partitioned_128,linear_lag_partitioned,0.988223803724553
lorenz,16000,43,128,partitioned_driver_full_128,diversity_pressure_disabled_repeat_128,diversity_pressure_disabled_repeat,0.9998272965706616
lorenz,16000,43,128,partitioned_driver_full_128,nonlinear_lag_unpartitioned_same_budget_128,nonlinear_lag_unpartitioned_same_budget,0.9779289208975687
lorenz,16000,43,128,partitioned_driver_full_128,same_feature_count_random_projection_128,same_feature_count_random_projection,0.9751698655012467
lorenz,16000,43,128,partitioned_driver_full_128,readout_budget_matched_single_pool_128,readout_budget_matched_single_pool,0.9713770773621705
lorenz,16000,43,128,partitioned_driver_full_128,remove_fast_trace_drivers_128,remove_fast_trace_drivers,1.0
lorenz,16000,43,128,partitioned_driver_full_128,remove_lag_drivers_128,remove_lag_drivers,1.0
lorenz,16000,43,128,partitioned_driver_full_128,remove_nonlinear_drivers_128,remove_nonlinear_drivers,0.9982060960715972
lorenz,16000,43,128,partitioned_driver_full_128,remove_slow_trace_drivers_128,remove_slow_trace_drivers,1.0
lorenz,16000,43,128,partitioned_driver_full_128,permuted_recurrence_128_offset_71,permuted_recurrence,0.9761608250515841
lorenz,16000,43,128,partitioned_driver_full_128,permuted_recurrence_128_offset_101,permuted_recurrence,0.9714551232485037
lorenz,16000,43,128,partitioned_driver_full_128,permuted_recurrence_128_offset_131,permuted_recurrence,0.9678133847490387
lorenz,16000,43,128,partitioned_driver_full_128,target_shuffle_candidate_128,target_shuffle_candidate,1.0
lorenz,16000,43,128,partitioned_driver_full_128,time_shuffle_candidate_128,time_shuffle_candidate,0.00023355377436978946
narma10,16000,43,16,partitioned_driver_full_16,partition_labels_shuffled_16,partition_labels_shuffled,0.7505248982223048
narma10,16000,43,16,partitioned_driver_full_16,partition_merged_unpartitioned_16,partition_merged_unpartitioned,0.6835957462911156
narma10,16000,43,16,partitioned_driver_full_16,linear_lag_partitioned_16,linear_lag_partitioned,0.614431501989293
narma10,16000,43,16,partitioned_driver_full_16,diversity_pressure_disabled_repeat_16,diversity_pressure_disabled_repeat,0.9917789978521241
narma10,16000,43,16,partitioned_driver_full_16,nonlinear_lag_unpartitioned_same_budget_16,nonlinear_lag_unpartitioned_same_budget,0.6387070630326225
narma10,16000,43,16,partitioned_driver_full_16,same_feature_count_random_projection_16,same_feature_count_random_projection,0.7728953917538615
narma10,16000,43,16,partitioned_driver_full_16,readout_budget_matched_single_pool_16,readout_budget_matched_single_pool,0.562422529185837
narma10,16000,43,16,partitioned_driver_full_16,remove_fast_trace_drivers_16,remove_fast_trace_drivers,1.0
narma10,16000,43,16,partitioned_driver_full_16,remove_lag_drivers_16,remove_lag_drivers,1.0
narma10,16000,43,16,partitioned_driver_full_16,remove_nonlinear_drivers_16,remove_nonlinear_drivers,0.9718424384920095
narma10,16000,43,16,partitioned_driver_full_16,remove_slow_trace_drivers_16,remove_slow_trace_drivers,1.0
narma10,16000,43,16,partitioned_driver_full_16,permuted_recurrence_16_offset_71,permuted_recurrence,0.6555665085271762
narma10,16000,43,16,partitioned_driver_full_16,permuted_recurrence_16_offset_101,permuted_recurrence,0.5094007344129612
narma10,16000,43,16,partitioned_driver_full_16,permuted_recurrence_16_offset_131,permuted_recurrence,0.28211317213939613
narma10,16000,43,16,partitioned_driver_full_16,target_shuffle_candidate_16,target_shuffle_candidate,1.0
narma10,16000,43,16,partitioned_driver_full_16,time_shuffle_candidate_16,time_shuffle_candidate,0.0010076016755915965
narma10,16000,43,32,partitioned_driver_full_32,partition_labels_shuffled_32,partition_labels_shuffled,0.8475045538505966
narma10,16000,43,32,partitioned_driver_full_32,partition_merged_unpartitioned_32,partition_merged_unpartitioned,0.763067238845771
narma10,16000,43,32,partitioned_driver_full_32,linear_lag_partitioned_32,linear_lag_partitioned,0.7787685375352881
narma10,16000,43,32,partitioned_driver_full_32,diversity_pressure_disabled_repeat_32,diversity_pressure_disabled_repeat,0.9957042564109099
narma10,16000,43,32,partitioned_driver_full_32,nonlinear_lag_unpartitioned_same_budget_32,nonlinear_lag_unpartitioned_same_budget,0.7386976678653865
narma10,16000,43,32,partitioned_driver_full_32,same_feature_count_random_projection_32,same_feature_count_random_projection,0.6814217324368621
narma10,16000,43,32,partitioned_driver_full_32,readout_budget_matched_single_pool_32,readout_budget_matched_single_pool,0.6500947428437162
narma10,16000,43,32,partitioned_driver_full_32,remove_fast_trace_drivers_32,remove_fast_trace_drivers,1.0
narma10,16000,43,32,partitioned_driver_full_32,remove_lag_drivers_32,remove_lag_drivers,1.0
narma10,16000,43,32,partitioned_driver_full_32,remove_nonlinear_drivers_32,remove_nonlinear_drivers,0.9687934960887682
narma10,16000,43,32,partitioned_driver_full_32,remove_slow_trace_drivers_32,remove_slow_trace_drivers,1.0
narma10,16000,43,32,partitioned_driver_full_32,permuted_recurrence_32_offset_71,permuted_recurrence,0.6424922934344128
narma10,16000,43,32,partitioned_driver_full_32,permuted_recurrence_32_offset_101,permuted_recurrence,0.5251479934910034
narma10,16000,43,32,partitioned_driver_full_32,permuted_recurrence_32_offset_131,permuted_recurrence,0.6617239649121824
narma10,16000,43,32,partitioned_driver_full_32,target_shuffle_candidate_32,target_shuffle_candidate,1.0
narma10,16000,43,32,partitioned_driver_full_32,time_shuffle_candidate_32,time_shuffle_candidate,0.00092556301090252
narma10,16000,43,64,partitioned_driver_full_64,partition_labels_shuffled_64,partition_labels_shuffled,0.9490304352920915
narma10,16000,43,64,partitioned_driver_full_64,partition_merged_unpartitioned_64,partition_merged_unpartitioned,0.8233303448690088
narma10,16000,43,64,partitioned_driver_full_64,linear_lag_partitioned_64,linear_lag_partitioned,0.9370407625719476
narma10,16000,43,64,partitioned_driver_full_64,diversity_pressure_disabled_repeat_64,diversity_pressure_disabled_repeat,0.9991399031184844
narma10,16000,43,64,partitioned_driver_full_64,nonlinear_lag_unpartitioned_same_budget_64,nonlinear_lag_unpartitioned_same_budget,0.8468068010828518
narma10,16000,43,64,partitioned_driver_full_64,same_feature_count_random_projection_64,same_feature_count_random_projection,0.8722757579978664
narma10,16000,43,64,partitioned_driver_full_64,readout_budget_matched_single_pool_64,readout_budget_matched_single_pool,0.6883919835891522
narma10,16000,43,64,partitioned_driver_full_64,remove_fast_trace_drivers_64,remove_fast_trace_drivers,1.0
narma10,16000,43,64,partitioned_driver_full_64,remove_lag_drivers_64,remove_lag_drivers,1.0
narma10,16000,43,64,partitioned_driver_full_64,remove_nonlinear_drivers_64,remove_nonlinear_drivers,0.9853669900479969
narma10,16000,43,64,partitioned_driver_full_64,remove_slow_trace_drivers_64,remove_slow_trace_drivers,1.0
narma10,16000,43,64,partitioned_driver_full_64,permuted_recurrence_64_offset_71,permuted_recurrence,0.6675692173051383
narma10,16000,43,64,partitioned_driver_full_64,permuted_recurrence_64_offset_101,permuted_recurrence,0.7284401807168778
narma10,16000,43,64,partitioned_driver_full_64,permuted_recurrence_64_offset_131,permuted_recurrence,0.7340409636587527
narma10,16000,43,64,partitioned_driver_full_64,target_shuffle_candidate_64,target_shuffle_candidate,1.0
narma10,16000,43,64,partitioned_driver_full_64,time_shuffle_candidate_64,time_shuffle_candidate,0.0008669911033728811
narma10,16000,43,128,partitioned_driver_full_128,partition_labels_shuffled_128,partition_labels_shuffled,0.9595643313862342
narma10,16000,43,128,partitioned_driver_full_128,partition_merged_unpartitioned_128,partition_merged_unpartitioned,0.8665951039490539
narma10,16000,43,128,partitioned_driver_full_128,linear_lag_partitioned_128,linear_lag_partitioned,0.9267996309621035
narma10,16000,43,128,partitioned_driver_full_128,diversity_pressure_disabled_repeat_128,diversity_pressure_disabled_repeat,0.9996790334636441
narma10,16000,43,128,partitioned_driver_full_128,nonlinear_lag_unpartitioned_same_budget_128,nonlinear_lag_unpartitioned_same_budget,0.9224281323820229
narma10,16000,43,128,partitioned_driver_full_128,same_feature_count_random_projection_128,same_feature_count_random_projection,0.8581193775415678
narma10,16000,43,128,partitioned_driver_full_128,readout_budget_matched_single_pool_128,readout_budget_matched_single_pool,0.8380836580147374
narma10,16000,43,128,partitioned_driver_full_128,remove_fast_trace_drivers_128,remove_fast_trace_drivers,1.0000000000000002
narma10,16000,43,128,partitioned_driver_full_128,remove_lag_drivers_128,remove_lag_drivers,1.0000000000000002
narma10,16000,43,128,partitioned_driver_full_128,remove_nonlinear_drivers_128,remove_nonlinear_drivers,0.9927010615882482
narma10,16000,43,128,partitioned_driver_full_128,remove_slow_trace_drivers_128,remove_slow_trace_drivers,1.0000000000000002
narma10,16000,43,128,partitioned_driver_full_128,permuted_recurrence_128_offset_71,permuted_recurrence,0.8263008800052798
narma10,16000,43,128,partitioned_driver_full_128,permuted_recurrence_128_offset_101,permuted_recurrence,0.8327187256791933
narma10,16000,43,128,partitioned_driver_full_128,permuted_recurrence_128_offset_131,permuted_recurrence,0.8473291418957152
narma10,16000,43,128,partitioned_driver_full_128,target_shuffle_candidate_128,target_shuffle_candidate,1.0000000000000002
narma10,16000,43,128,partitioned_driver_full_128,time_shuffle_candidate_128,time_shuffle_candidate,0.000918210191834331
mackey_glass,16000,44,16,partitioned_driver_full_16,partition_labels_shuffled_16,partition_labels_shuffled,0.9676308144554192
mackey_glass,16000,44,16,partitioned_driver_full_16,partition_merged_unpartitioned_16,partition_merged_unpartitioned,0.8301688321281007
mackey_glass,16000,44,16,partitioned_driver_full_16,linear_lag_partitioned_16,linear_lag_partitioned,0.6888092345121967
mackey_glass,16000,44,16,partitioned_driver_full_16,diversity_pressure_disabled_repeat_16,diversity_pressure_disabled_repeat,0.9956952836081621
mackey_glass,16000,44,16,partitioned_driver_full_16,nonlinear_lag_unpartitioned_same_budget_16,nonlinear_lag_unpartitioned_same_budget,0.8377726124252592
mackey_glass,16000,44,16,partitioned_driver_full_16,same_feature_count_random_projection_16,same_feature_count_random_projection,0.9080211524467797
mackey_glass,16000,44,16,partitioned_driver_full_16,readout_budget_matched_single_pool_16,readout_budget_matched_single_pool,0.9168240842822775
mackey_glass,16000,44,16,partitioned_driver_full_16,remove_fast_trace_drivers_16,remove_fast_trace_drivers,1.0
mackey_glass,16000,44,16,partitioned_driver_full_16,remove_lag_drivers_16,remove_lag_drivers,1.0
mackey_glass,16000,44,16,partitioned_driver_full_16,remove_nonlinear_drivers_16,remove_nonlinear_drivers,0.9956255462358548
mackey_glass,16000,44,16,partitioned_driver_full_16,remove_slow_trace_drivers_16,remove_slow_trace_drivers,1.0
mackey_glass,16000,44,16,partitioned_driver_full_16,permuted_recurrence_16_offset_71,permuted_recurrence,0.9177811665823992
mackey_glass,16000,44,16,partitioned_driver_full_16,permuted_recurrence_16_offset_101,permuted_recurrence,0.927703211182914
mackey_glass,16000,44,16,partitioned_driver_full_16,permuted_recurrence_16_offset_131,permuted_recurrence,0.9301885539038127
mackey_glass,16000,44,16,partitioned_driver_full_16,target_shuffle_candidate_16,target_shuffle_candidate,1.0
mackey_glass,16000,44,16,partitioned_driver_full_16,time_shuffle_candidate_16,time_shuffle_candidate,0.00033879439957953017
mackey_glass,16000,44,32,partitioned_driver_full_32,partition_labels_shuffled_32,partition_labels_shuffled,0.9678853459366676
mackey_glass,16000,44,32,partitioned_driver_full_32,partition_merged_unpartitioned_32,partition_merged_unpartitioned,0.9465535863960975
mackey_glass,16000,44,32,partitioned_driver_full_32,linear_lag_partitioned_32,linear_lag_partitioned,0.9790219904850269
mackey_glass,16000,44,32,partitioned_driver_full_32,diversity_pressure_disabled_repeat_32,diversity_pressure_disabled_repeat,0.9852151123643736
mackey_glass,16000,44,32,partitioned_driver_full_32,nonlinear_lag_unpartitioned_same_budget_32,nonlinear_lag_unpartitioned_same_budget,0.963153855170784
mackey_glass,16000,44,32,partitioned_driver_full_32,same_feature_count_random_projection_32,same_feature_count_random_projection,0.9413905658956249
mackey_glass,16000,44,32,partitioned_driver_full_32,readout_budget_matched_single_pool_32,readout_budget_matched_single_pool,0.9530634134238576
mackey_glass,16000,44,32,partitioned_driver_full_32,remove_fast_trace_drivers_32,remove_fast_trace_drivers,1.0000000000000002
mackey_glass,16000,44,32,partitioned_driver_full_32,remove_lag_drivers_32,remove_lag_drivers,1.0000000000000002
mackey_glass,16000,44,32,partitioned_driver_full_32,remove_nonlinear_drivers_32,remove_nonlinear_drivers,0.9915205641696045
mackey_glass,16000,44,32,partitioned_driver_full_32,remove_slow_trace_drivers_32,remove_slow_trace_drivers,1.0000000000000002
mackey_glass,16000,44,32,partitioned_driver_full_32,permuted_recurrence_32_offset_71,permuted_recurrence,0.9631093072388093
mackey_glass,16000,44,32,partitioned_driver_full_32,permuted_recurrence_32_offset_101,permuted_recurrence,0.9675067076470403
mackey_glass,16000,44,32,partitioned_driver_full_32,permuted_recurrence_32_offset_131,permuted_recurrence,0.8845495524915312
mackey_glass,16000,44,32,partitioned_driver_full_32,target_shuffle_candidate_32,target_shuffle_candidate,1.0000000000000002
mackey_glass,16000,44,32,partitioned_driver_full_32,time_shuffle_candidate_32,time_shuffle_candidate,0.00035002760770196984
mackey_glass,16000,44,64,partitioned_driver_full_64,partition_labels_shuffled_64,partition_labels_shuffled,0.9715541751359263
mackey_glass,16000,44,64,partitioned_driver_full_64,partition_merged_unpartitioned_64,partition_merged_unpartitioned,0.9838916828707466
mackey_glass,16000,44,64,partitioned_driver_full_64,linear_lag_partitioned_64,linear_lag_partitioned,0.975311862911009
mackey_glass,16000,44,64,partitioned_driver_full_64,diversity_pressure_disabled_repeat_64,diversity_pressure_disabled_repeat,0.9997247520835574
mackey_glass,16000,44,64,partitioned_driver_full_64,nonlinear_lag_unpartitioned_same_budget_64,nonlinear_lag_unpartitioned_same_budget,0.9170454012960254
mackey_glass,16000,44,64,partitioned_driver_full_64,same_feature_count_random_projection_64,same_feature_count_random_projection,0.935667628853241
mackey_glass,16000,44,64,partitioned_driver_full_64,readout_budget_matched_single_pool_64,readout_budget_matched_single_pool,0.9585130877271024
mackey_glass,16000,44,64,partitioned_driver_full_64,remove_fast_trace_drivers_64,remove_fast_trace_drivers,0.9999999999999996
mackey_glass,16000,44,64,partitioned_driver_full_64,remove_lag_drivers_64,remove_lag_drivers,0.9999999999999996
mackey_glass,16000,44,64,partitioned_driver_full_64,remove_nonlinear_drivers_64,remove_nonlinear_drivers,0.997549014573158
mackey_glass,16000,44,64,partitioned_driver_full_64,remove_slow_trace_drivers_64,remove_slow_trace_drivers,0.9999999999999996
mackey_glass,16000,44,64,partitioned_driver_full_64,permuted_recurrence_64_offset_71,permuted_recurrence,0.9597654269095732
mackey_glass,16000,44,64,partitioned_driver_full_64,permuted_recurrence_64_offset_101,permuted_recurrence,0.9716172336388573
mackey_glass,16000,44,64,partitioned_driver_full_64,permuted_recurrence_64_offset_131,permuted_recurrence,0.9811896886193336
mackey_glass,16000,44,64,partitioned_driver_full_64,target_shuffle_candidate_64,target_shuffle_candidate,0.9999999999999996
mackey_glass,16000,44,64,partitioned_driver_full_64,time_shuffle_candidate_64,time_shuffle_candidate,0.00017493788206085844
mackey_glass,16000,44,128,partitioned_driver_full_128,partition_labels_shuffled_128,partition_labels_shuffled,0.986552434589901
mackey_glass,16000,44,128,partitioned_driver_full_128,partition_merged_unpartitioned_128,partition_merged_unpartitioned,0.9678094609901989
mackey_glass,16000,44,128,partitioned_driver_full_128,linear_lag_partitioned_128,linear_lag_partitioned,0.9872571898887356
mackey_glass,16000,44,128,partitioned_driver_full_128,diversity_pressure_disabled_repeat_128,diversity_pressure_disabled_repeat,0.9998607097601409
mackey_glass,16000,44,128,partitioned_driver_full_128,nonlinear_lag_unpartitioned_same_budget_128,nonlinear_lag_unpartitioned_same_budget,0.9635451890526676
mackey_glass,16000,44,128,partitioned_driver_full_128,same_feature_count_random_projection_128,same_feature_count_random_projection,0.9757012444224369
mackey_glass,16000,44,128,partitioned_driver_full_128,readout_budget_matched_single_pool_128,readout_budget_matched_single_pool,0.9704290480375706
mackey_glass,16000,44,128,partitioned_driver_full_128,remove_fast_trace_drivers_128,remove_fast_trace_drivers,1.0
mackey_glass,16000,44,128,partitioned_driver_full_128,remove_lag_drivers_128,remove_lag_drivers,1.0
mackey_glass,16000,44,128,partitioned_driver_full_128,remove_nonlinear_drivers_128,remove_nonlinear_drivers,0.9976339839672156
mackey_glass,16000,44,128,partitioned_driver_full_128,remove_slow_trace_drivers_128,remove_slow_trace_drivers,1.0
mackey_glass,16000,44,128,partitioned_driver_full_128,permuted_recurrence_128_offset_71,permuted_recurrence,0.9688883311248235
mackey_glass,16000,44,128,partitioned_driver_full_128,permuted_recurrence_128_offset_101,permuted_recurrence,0.978027809959306
mackey_glass,16000,44,128,partitioned_driver_full_128,permuted_recurrence_128_offset_131,permuted_recurrence,0.9498019972450273
mackey_glass,16000,44,128,partitioned_driver_full_128,target_shuffle_candidate_128,target_shuffle_candidate,1.0
mackey_glass,16000,44,128,partitioned_driver_full_128,time_shuffle_candidate_128,time_shuffle_candidate,0.0003460261516332153
lorenz,16000,44,16,partitioned_driver_full_16,partition_labels_shuffled_16,partition_labels_shuffled,0.9142271151332776
lorenz,16000,44,16,partitioned_driver_full_16,partition_merged_unpartitioned_16,partition_merged_unpartitioned,0.7570322437294388
lorenz,16000,44,16,partitioned_driver_full_16,linear_lag_partitioned_16,linear_lag_partitioned,0.8000054206698479
lorenz,16000,44,16,partitioned_driver_full_16,diversity_pressure_disabled_repeat_16,diversity_pressure_disabled_repeat,0.993898659029307
lorenz,16000,44,16,partitioned_driver_full_16,nonlinear_lag_unpartitioned_same_budget_16,nonlinear_lag_unpartitioned_same_budget,0.8483151167332686
lorenz,16000,44,16,partitioned_driver_full_16,same_feature_count_random_projection_16,same_feature_count_random_projection,0.9092030598155314
lorenz,16000,44,16,partitioned_driver_full_16,readout_budget_matched_single_pool_16,readout_budget_matched_single_pool,0.8725016403489952
lorenz,16000,44,16,partitioned_driver_full_16,remove_fast_trace_drivers_16,remove_fast_trace_drivers,1.0
lorenz,16000,44,16,partitioned_driver_full_16,remove_lag_drivers_16,remove_lag_drivers,1.0
lorenz,16000,44,16,partitioned_driver_full_16,remove_nonlinear_drivers_16,remove_nonlinear_drivers,0.9926093117481588
lorenz,16000,44,16,partitioned_driver_full_16,remove_slow_trace_drivers_16,remove_slow_trace_drivers,1.0
lorenz,16000,44,16,partitioned_driver_full_16,permuted_recurrence_16_offset_71,permuted_recurrence,0.8385006828470314
lorenz,16000,44,16,partitioned_driver_full_16,permuted_recurrence_16_offset_101,permuted_recurrence,0.8600642568851411
lorenz,16000,44,16,partitioned_driver_full_16,permuted_recurrence_16_offset_131,permuted_recurrence,0.8701345150579544
lorenz,16000,44,16,partitioned_driver_full_16,target_shuffle_candidate_16,target_shuffle_candidate,1.0
lorenz,16000,44,16,partitioned_driver_full_16,time_shuffle_candidate_16,time_shuffle_candidate,0.0002436900343690534
lorenz,16000,44,32,partitioned_driver_full_32,partition_labels_shuffled_32,partition_labels_shuffled,0.975313670949728
lorenz,16000,44,32,partitioned_driver_full_32,partition_merged_unpartitioned_32,partition_merged_unpartitioned,0.9055707654981204
lorenz,16000,44,32,partitioned_driver_full_32,linear_lag_partitioned_32,linear_lag_partitioned,0.9621811593375588
lorenz,16000,44,32,partitioned_driver_full_32,diversity_pressure_disabled_repeat_32,diversity_pressure_disabled_repeat,0.99739059223667
lorenz,16000,44,32,partitioned_driver_full_32,nonlinear_lag_unpartitioned_same_budget_32,nonlinear_lag_unpartitioned_same_budget,0.9708019741813912
lorenz,16000,44,32,partitioned_driver_full_32,same_feature_count_random_projection_32,same_feature_count_random_projection,0.9097956228603841
lorenz,16000,44,32,partitioned_driver_full_32,readout_budget_matched_single_pool_32,readout_budget_matched_single_pool,0.9764988306258001
lorenz,16000,44,32,partitioned_driver_full_32,remove_fast_trace_drivers_32,remove_fast_trace_drivers,1.0
lorenz,16000,44,32,partitioned_driver_full_32,remove_lag_drivers_32,remove_lag_drivers,1.0
lorenz,16000,44,32,partitioned_driver_full_32,remove_nonlinear_drivers_32,remove_nonlinear_drivers,0.992271235519648
lorenz,16000,44,32,partitioned_driver_full_32,remove_slow_trace_drivers_32,remove_slow_trace_drivers,1.0
lorenz,16000,44,32,partitioned_driver_full_32,permuted_recurrence_32_offset_71,permuted_recurrence,0.9529610899841826
lorenz,16000,44,32,partitioned_driver_full_32,permuted_recurrence_32_offset_101,permuted_recurrence,0.9712331155571532
lorenz,16000,44,32,partitioned_driver_full_32,permuted_recurrence_32_offset_131,permuted_recurrence,0.9731408999446712
lorenz,16000,44,32,partitioned_driver_full_32,target_shuffle_candidate_32,target_shuffle_candidate,1.0
lorenz,16000,44,32,partitioned_driver_full_32,time_shuffle_candidate_32,time_shuffle_candidate,0.00021986203889421882
lorenz,16000,44,64,partitioned_driver_full_64,partition_labels_shuffled_64,partition_labels_shuffled,0.9521495252025108
lorenz,16000,44,64,partitioned_driver_full_64,partition_merged_unpartitioned_64,partition_merged_unpartitioned,0.9571346707524137
lorenz,16000,44,64,partitioned_driver_full_64,linear_lag_partitioned_64,linear_lag_partitioned,0.981872370667969
lorenz,16000,44,64,partitioned_driver_full_64,diversity_pressure_disabled_repeat_64,diversity_pressure_disabled_repeat,0.9995153193095967
lorenz,16000,44,64,partitioned_driver_full_64,nonlinear_lag_unpartitioned_same_budget_64,nonlinear_lag_unpartitioned_same_budget,0.9626831866125753
lorenz,16000,44,64,partitioned_driver_full_64,same_feature_count_random_projection_64,same_feature_count_random_projection,0.9704252478780541
lorenz,16000,44,64,partitioned_driver_full_64,readout_budget_matched_single_pool_64,readout_budget_matched_single_pool,0.9773752630750923
lorenz,16000,44,64,partitioned_driver_full_64,remove_fast_trace_drivers_64,remove_fast_trace_drivers,1.0
lorenz,16000,44,64,partitioned_driver_full_64,remove_lag_drivers_64,remove_lag_drivers,1.0
lorenz,16000,44,64,partitioned_driver_full_64,remove_nonlinear_drivers_64,remove_nonlinear_drivers,0.9986693474051931
lorenz,16000,44,64,partitioned_driver_full_64,remove_slow_trace_drivers_64,remove_slow_trace_drivers,1.0
lorenz,16000,44,64,partitioned_driver_full_64,permuted_recurrence_64_offset_71,permuted_recurrence,0.9725363081062245
lorenz,16000,44,64,partitioned_driver_full_64,permuted_recurrence_64_offset_101,permuted_recurrence,0.9586800111052824
lorenz,16000,44,64,partitioned_driver_full_64,permuted_recurrence_64_offset_131,permuted_recurrence,0.9736123126962918
lorenz,16000,44,64,partitioned_driver_full_64,target_shuffle_candidate_64,target_shuffle_candidate,1.0
lorenz,16000,44,64,partitioned_driver_full_64,time_shuffle_candidate_64,time_shuffle_candidate,0.00012928867025601201
lorenz,16000,44,128,partitioned_driver_full_128,partition_labels_shuffled_128,partition_labels_shuffled,0.9811097128512918
lorenz,16000,44,128,partitioned_driver_full_128,partition_merged_unpartitioned_128,partition_merged_unpartitioned,0.9738058482910293
lorenz,16000,44,128,partitioned_driver_full_128,linear_lag_partitioned_128,linear_lag_partitioned,0.9771773914714864
lorenz,16000,44,128,partitioned_driver_full_128,diversity_pressure_disabled_repeat_128,diversity_pressure_disabled_repeat,0.9996847475537696
lorenz,16000,44,128,partitioned_driver_full_128,nonlinear_lag_unpartitioned_same_budget_128,nonlinear_lag_unpartitioned_same_budget,0.9687837292343217
lorenz,16000,44,128,partitioned_driver_full_128,same_feature_count_random_projection_128,same_feature_count_random_projection,0.974811559243097
lorenz,16000,44,128,partitioned_driver_full_128,readout_budget_matched_single_pool_128,readout_budget_matched_single_pool,0.9652127178634886
lorenz,16000,44,128,partitioned_driver_full_128,remove_fast_trace_drivers_128,remove_fast_trace_drivers,1.0
lorenz,16000,44,128,partitioned_driver_full_128,remove_lag_drivers_128,remove_lag_drivers,1.0
lorenz,16000,44,128,partitioned_driver_full_128,remove_nonlinear_drivers_128,remove_nonlinear_drivers,0.9975605873890042
lorenz,16000,44,128,partitioned_driver_full_128,remove_slow_trace_drivers_128,remove_slow_trace_drivers,1.0
lorenz,16000,44,128,partitioned_driver_full_128,permuted_recurrence_128_offset_71,permuted_recurrence,0.9808739500054751
lorenz,16000,44,128,partitioned_driver_full_128,permuted_recurrence_128_offset_101,permuted_recurrence,0.9700167880962364
lorenz,16000,44,128,partitioned_driver_full_128,permuted_recurrence_128_offset_131,permuted_recurrence,0.9495058184749797
lorenz,16000,44,128,partitioned_driver_full_128,target_shuffle_candidate_128,target_shuffle_candidate,1.0
lorenz,16000,44,128,partitioned_driver_full_128,time_shuffle_candidate_128,time_shuffle_candidate,0.00026878846181582565
narma10,16000,44,16,partitioned_driver_full_16,partition_labels_shuffled_16,partition_labels_shuffled,0.7464517858511347
narma10,16000,44,16,partitioned_driver_full_16,partition_merged_unpartitioned_16,partition_merged_unpartitioned,0.7793064297284287
narma10,16000,44,16,partitioned_driver_full_16,linear_lag_partitioned_16,linear_lag_partitioned,0.6291401683304407
narma10,16000,44,16,partitioned_driver_full_16,diversity_pressure_disabled_repeat_16,diversity_pressure_disabled_repeat,0.9904441009182993
narma10,16000,44,16,partitioned_driver_full_16,nonlinear_lag_unpartitioned_same_budget_16,nonlinear_lag_unpartitioned_same_budget,0.7022038487735122
narma10,16000,44,16,partitioned_driver_full_16,same_feature_count_random_projection_16,same_feature_count_random_projection,0.7356702077957122
narma10,16000,44,16,partitioned_driver_full_16,readout_budget_matched_single_pool_16,readout_budget_matched_single_pool,0.8036674808790623
narma10,16000,44,16,partitioned_driver_full_16,remove_fast_trace_drivers_16,remove_fast_trace_drivers,1.0000000000000002
narma10,16000,44,16,partitioned_driver_full_16,remove_lag_drivers_16,remove_lag_drivers,1.0000000000000002
narma10,16000,44,16,partitioned_driver_full_16,remove_nonlinear_drivers_16,remove_nonlinear_drivers,0.9831848901473754
narma10,16000,44,16,partitioned_driver_full_16,remove_slow_trace_drivers_16,remove_slow_trace_drivers,1.0000000000000002
narma10,16000,44,16,partitioned_driver_full_16,permuted_recurrence_16_offset_71,permuted_recurrence,0.7741577974181457
narma10,16000,44,16,partitioned_driver_full_16,permuted_recurrence_16_offset_101,permuted_recurrence,0.7684140281020538
narma10,16000,44,16,partitioned_driver_full_16,permuted_recurrence_16_offset_131,permuted_recurrence,0.7913138520923525
narma10,16000,44,16,partitioned_driver_full_16,target_shuffle_candidate_16,target_shuffle_candidate,1.0000000000000002
narma10,16000,44,16,partitioned_driver_full_16,time_shuffle_candidate_16,time_shuffle_candidate,0.0004889859491452518
narma10,16000,44,32,partitioned_driver_full_32,partition_labels_shuffled_32,partition_labels_shuffled,0.8683377077143669
narma10,16000,44,32,partitioned_driver_full_32,partition_merged_unpartitioned_32,partition_merged_unpartitioned,0.8145758357472668
narma10,16000,44,32,partitioned_driver_full_32,linear_lag_partitioned_32,linear_lag_partitioned,0.8621613263855795
narma10,16000,44,32,partitioned_driver_full_32,diversity_pressure_disabled_repeat_32,diversity_pressure_disabled_repeat,0.9927104331315786
narma10,16000,44,32,partitioned_driver_full_32,nonlinear_lag_unpartitioned_same_budget_32,nonlinear_lag_unpartitioned_same_budget,0.8662385439607514
narma10,16000,44,32,partitioned_driver_full_32,same_feature_count_random_projection_32,same_feature_count_random_projection,0.8421551450166764
narma10,16000,44,32,partitioned_driver_full_32,readout_budget_matched_single_pool_32,readout_budget_matched_single_pool,0.6311481960066345
narma10,16000,44,32,partitioned_driver_full_32,remove_fast_trace_drivers_32,remove_fast_trace_drivers,1.0
narma10,16000,44,32,partitioned_driver_full_32,remove_lag_drivers_32,remove_lag_drivers,1.0
narma10,16000,44,32,partitioned_driver_full_32,remove_nonlinear_drivers_32,remove_nonlinear_drivers,0.9755483706160658
narma10,16000,44,32,partitioned_driver_full_32,remove_slow_trace_drivers_32,remove_slow_trace_drivers,1.0
narma10,16000,44,32,partitioned_driver_full_32,permuted_recurrence_32_offset_71,permuted_recurrence,0.6805597068260679
narma10,16000,44,32,partitioned_driver_full_32,permuted_recurrence_32_offset_101,permuted_recurrence,0.6223045831524234
narma10,16000,44,32,partitioned_driver_full_32,permuted_recurrence_32_offset_131,permuted_recurrence,0.6102813527544647
narma10,16000,44,32,partitioned_driver_full_32,target_shuffle_candidate_32,target_shuffle_candidate,1.0
narma10,16000,44,32,partitioned_driver_full_32,time_shuffle_candidate_32,time_shuffle_candidate,0.0007067251388216143
narma10,16000,44,64,partitioned_driver_full_64,partition_labels_shuffled_64,partition_labels_shuffled,0.9520454905975775
narma10,16000,44,64,partitioned_driver_full_64,partition_merged_unpartitioned_64,partition_merged_unpartitioned,0.8223714020826287
narma10,16000,44,64,partitioned_driver_full_64,linear_lag_partitioned_64,linear_lag_partitioned,0.9427100408604138
narma10,16000,44,64,partitioned_driver_full_64,diversity_pressure_disabled_repeat_64,diversity_pressure_disabled_repeat,0.9996911399206945
narma10,16000,44,64,partitioned_driver_full_64,nonlinear_lag_unpartitioned_same_budget_64,nonlinear_lag_unpartitioned_same_budget,0.8845115990552921
narma10,16000,44,64,partitioned_driver_full_64,same_feature_count_random_projection_64,same_feature_count_random_projection,0.8055081543347398
narma10,16000,44,64,partitioned_driver_full_64,readout_budget_matched_single_pool_64,readout_budget_matched_single_pool,0.788755565077977
narma10,16000,44,64,partitioned_driver_full_64,remove_fast_trace_drivers_64,remove_fast_trace_drivers,1.0000000000000004
narma10,16000,44,64,partitioned_driver_full_64,remove_lag_drivers_64,remove_lag_drivers,1.0000000000000004
narma10,16000,44,64,partitioned_driver_full_64,remove_nonlinear_drivers_64,remove_nonlinear_drivers,0.9894933125661535
narma10,16000,44,64,partitioned_driver_full_64,remove_slow_trace_drivers_64,remove_slow_trace_drivers,1.0000000000000004
narma10,16000,44,64,partitioned_driver_full_64,permuted_recurrence_64_offset_71,permuted_recurrence,0.7779364989906431
narma10,16000,44,64,partitioned_driver_full_64,permuted_recurrence_64_offset_101,permuted_recurrence,0.8224500299536377
narma10,16000,44,64,partitioned_driver_full_64,permuted_recurrence_64_offset_131,permuted_recurrence,0.7918906340812146
narma10,16000,44,64,partitioned_driver_full_64,target_shuffle_candidate_64,target_shuffle_candidate,1.0000000000000004
narma10,16000,44,64,partitioned_driver_full_64,time_shuffle_candidate_64,time_shuffle_candidate,0.0005375687565793459
narma10,16000,44,128,partitioned_driver_full_128,partition_labels_shuffled_128,partition_labels_shuffled,0.9639471222719018
narma10,16000,44,128,partitioned_driver_full_128,partition_merged_unpartitioned_128,partition_merged_unpartitioned,0.8065940493170173
narma10,16000,44,128,partitioned_driver_full_128,linear_lag_partitioned_128,linear_lag_partitioned,0.9282201215817389
narma10,16000,44,128,partitioned_driver_full_128,diversity_pressure_disabled_repeat_128,diversity_pressure_disabled_repeat,0.9995443564946228
narma10,16000,44,128,partitioned_driver_full_128,nonlinear_lag_unpartitioned_same_budget_128,nonlinear_lag_unpartitioned_same_budget,0.9305099390576448
narma10,16000,44,128,partitioned_driver_full_128,same_feature_count_random_projection_128,same_feature_count_random_projection,0.8427226599852273
narma10,16000,44,128,partitioned_driver_full_128,readout_budget_matched_single_pool_128,readout_budget_matched_single_pool,0.7800834214817319
narma10,16000,44,128,partitioned_driver_full_128,remove_fast_trace_drivers_128,remove_fast_trace_drivers,1.0
narma10,16000,44,128,partitioned_driver_full_128,remove_lag_drivers_128,remove_lag_drivers,1.0
narma10,16000,44,128,partitioned_driver_full_128,remove_nonlinear_drivers_128,remove_nonlinear_drivers,0.990121322794245
narma10,16000,44,128,partitioned_driver_full_128,remove_slow_trace_drivers_128,remove_slow_trace_drivers,1.0
narma10,16000,44,128,partitioned_driver_full_128,permuted_recurrence_128_offset_71,permuted_recurrence,0.7762161170787437
narma10,16000,44,128,partitioned_driver_full_128,permuted_recurrence_128_offset_101,permuted_recurrence,0.8144629048650339
narma10,16000,44,128,partitioned_driver_full_128,permuted_recurrence_128_offset_131,permuted_recurrence,0.7457639306616581
narma10,16000,44,128,partitioned_driver_full_128,target_shuffle_candidate_128,target_shuffle_candidate,1.0
narma10,16000,44,128,partitioned_driver_full_128,time_shuffle_candidate_128,time_shuffle_candidate,0.0008629358995021414
mackey_glass,32000,42,16,partitioned_driver_full_16,partition_labels_shuffled_16,partition_labels_shuffled,0.8946443017467134
mackey_glass,32000,42,16,partitioned_driver_full_16,partition_merged_unpartitioned_16,partition_merged_unpartitioned,0.9439196959111158
mackey_glass,32000,42,16,partitioned_driver_full_16,linear_lag_partitioned_16,linear_lag_partitioned,0.9388669529179661
mackey_glass,32000,42,16,partitioned_driver_full_16,diversity_pressure_disabled_repeat_16,diversity_pressure_disabled_repeat,0.997026598863622
mackey_glass,32000,42,16,partitioned_driver_full_16,nonlinear_lag_unpartitioned_same_budget_16,nonlinear_lag_unpartitioned_same_budget,0.927520625345887
mackey_glass,32000,42,16,partitioned_driver_full_16,same_feature_count_random_projection_16,same_feature_count_random_projection,0.8406998506572109
mackey_glass,32000,42,16,partitioned_driver_full_16,readout_budget_matched_single_pool_16,readout_budget_matched_single_pool,0.886497120968749
mackey_glass,32000,42,16,partitioned_driver_full_16,remove_fast_trace_drivers_16,remove_fast_trace_drivers,1.0000000000000004
mackey_glass,32000,42,16,partitioned_driver_full_16,remove_lag_drivers_16,remove_lag_drivers,1.0000000000000004
mackey_glass,32000,42,16,partitioned_driver_full_16,remove_nonlinear_drivers_16,remove_nonlinear_drivers,0.9966201954840719
mackey_glass,32000,42,16,partitioned_driver_full_16,remove_slow_trace_drivers_16,remove_slow_trace_drivers,1.0000000000000004
mackey_glass,32000,42,16,partitioned_driver_full_16,permuted_recurrence_16_offset_71,permuted_recurrence,0.9517497777796966
mackey_glass,32000,42,16,partitioned_driver_full_16,permuted_recurrence_16_offset_101,permuted_recurrence,0.9545486586968661
mackey_glass,32000,42,16,partitioned_driver_full_16,permuted_recurrence_16_offset_131,permuted_recurrence,0.8662895909310692
mackey_glass,32000,42,16,partitioned_driver_full_16,target_shuffle_candidate_16,target_shuffle_candidate,1.0000000000000004
mackey_glass,32000,42,16,partitioned_driver_full_16,time_shuffle_candidate_16,time_shuffle_candidate,7.82176040761594e-05
mackey_glass,32000,42,32,partitioned_driver_full_32,partition_labels_shuffled_32,partition_labels_shuffled,0.9594700689833221
mackey_glass,32000,42,32,partitioned_driver_full_32,partition_merged_unpartitioned_32,partition_merged_unpartitioned,0.920869506503128
mackey_glass,32000,42,32,partitioned_driver_full_32,linear_lag_partitioned_32,linear_lag_partitioned,0.9654068419028613
mackey_glass,32000,42,32,partitioned_driver_full_32,diversity_pressure_disabled_repeat_32,diversity_pressure_disabled_repeat,0.9977482370969022
mackey_glass,32000,42,32,partitioned_driver_full_32,nonlinear_lag_unpartitioned_same_budget_32,nonlinear_lag_unpartitioned_same_budget,0.8941060084937091
mackey_glass,32000,42,32,partitioned_driver_full_32,same_feature_count_random_projection_32,same_feature_count_random_projection,0.9779003124882782
mackey_glass,32000,42,32,partitioned_driver_full_32,readout_budget_matched_single_pool_32,readout_budget_matched_single_pool,0.9003956235083712
mackey_glass,32000,42,32,partitioned_driver_full_32,remove_fast_trace_drivers_32,remove_fast_trace_drivers,0.9999999999999996
mackey_glass,32000,42,32,partitioned_driver_full_32,remove_lag_drivers_32,remove_lag_drivers,0.9999999999999996
mackey_glass,32000,42,32,partitioned_driver_full_32,remove_nonlinear_drivers_32,remove_nonlinear_drivers,0.9956256126152649
mackey_glass,32000,42,32,partitioned_driver_full_32,remove_slow_trace_drivers_32,remove_slow_trace_drivers,0.9999999999999996
mackey_glass,32000,42,32,partitioned_driver_full_32,permuted_recurrence_32_offset_71,permuted_recurrence,0.9388453595277086
mackey_glass,32000,42,32,partitioned_driver_full_32,permuted_recurrence_32_offset_101,permuted_recurrence,0.8941711890481521
mackey_glass,32000,42,32,partitioned_driver_full_32,permuted_recurrence_32_offset_131,permuted_recurrence,0.831801759489954
mackey_glass,32000,42,32,partitioned_driver_full_32,target_shuffle_candidate_32,target_shuffle_candidate,0.9999999999999996
mackey_glass,32000,42,32,partitioned_driver_full_32,time_shuffle_candidate_32,time_shuffle_candidate,9.228435337841564e-05
mackey_glass,32000,42,64,partitioned_driver_full_64,partition_labels_shuffled_64,partition_labels_shuffled,0.9056735803337894
mackey_glass,32000,42,64,partitioned_driver_full_64,partition_merged_unpartitioned_64,partition_merged_unpartitioned,0.9296155854651472
mackey_glass,32000,42,64,partitioned_driver_full_64,linear_lag_partitioned_64,linear_lag_partitioned,0.9626775284698392
mackey_glass,32000,42,64,partitioned_driver_full_64,diversity_pressure_disabled_repeat_64,diversity_pressure_disabled_repeat,0.9992696297486898
mackey_glass,32000,42,64,partitioned_driver_full_64,nonlinear_lag_unpartitioned_same_budget_64,nonlinear_lag_unpartitioned_same_budget,0.9300029600099048
mackey_glass,32000,42,64,partitioned_driver_full_64,same_feature_count_random_projection_64,same_feature_count_random_projection,0.9128607984255591
mackey_glass,32000,42,64,partitioned_driver_full_64,readout_budget_matched_single_pool_64,readout_budget_matched_single_pool,0.9612471518725797
mackey_glass,32000,42,64,partitioned_driver_full_64,remove_fast_trace_drivers_64,remove_fast_trace_drivers,1.0
mackey_glass,32000,42,64,partitioned_driver_full_64,remove_lag_drivers_64,remove_lag_drivers,1.0
mackey_glass,32000,42,64,partitioned_driver_full_64,remove_nonlinear_drivers_64,remove_nonlinear_drivers,0.9984318633614753
mackey_glass,32000,42,64,partitioned_driver_full_64,remove_slow_trace_drivers_64,remove_slow_trace_drivers,1.0
mackey_glass,32000,42,64,partitioned_driver_full_64,permuted_recurrence_64_offset_71,permuted_recurrence,0.9750774787629911
mackey_glass,32000,42,64,partitioned_driver_full_64,permuted_recurrence_64_offset_101,permuted_recurrence,0.9621545298890123
mackey_glass,32000,42,64,partitioned_driver_full_64,permuted_recurrence_64_offset_131,permuted_recurrence,0.9489129671025298
mackey_glass,32000,42,64,partitioned_driver_full_64,target_shuffle_candidate_64,target_shuffle_candidate,1.0
mackey_glass,32000,42,64,partitioned_driver_full_64,time_shuffle_candidate_64,time_shuffle_candidate,0.00011091492179380707
mackey_glass,32000,42,128,partitioned_driver_full_128,partition_labels_shuffled_128,partition_labels_shuffled,0.9798012731112523
mackey_glass,32000,42,128,partitioned_driver_full_128,partition_merged_unpartitioned_128,partition_merged_unpartitioned,0.9461761429394406
mackey_glass,32000,42,128,partitioned_driver_full_128,linear_lag_partitioned_128,linear_lag_partitioned,0.978736138300838
mackey_glass,32000,42,128,partitioned_driver_full_128,diversity_pressure_disabled_repeat_128,diversity_pressure_disabled_repeat,0.9999149488182819
mackey_glass,32000,42,128,partitioned_driver_full_128,nonlinear_lag_unpartitioned_same_budget_128,nonlinear_lag_unpartitioned_same_budget,0.9817279871385837
mackey_glass,32000,42,128,partitioned_driver_full_128,same_feature_count_random_projection_128,same_feature_count_random_projection,0.9878660730080551
mackey_glass,32000,42,128,partitioned_driver_full_128,readout_budget_matched_single_pool_128,readout_budget_matched_single_pool,0.9487607797409413
mackey_glass,32000,42,128,partitioned_driver_full_128,remove_fast_trace_drivers_128,remove_fast_trace_drivers,1.0
mackey_glass,32000,42,128,partitioned_driver_full_128,remove_lag_drivers_128,remove_lag_drivers,1.0
mackey_glass,32000,42,128,partitioned_driver_full_128,remove_nonlinear_drivers_128,remove_nonlinear_drivers,0.99835650815222
mackey_glass,32000,42,128,partitioned_driver_full_128,remove_slow_trace_drivers_128,remove_slow_trace_drivers,1.0
mackey_glass,32000,42,128,partitioned_driver_full_128,permuted_recurrence_128_offset_71,permuted_recurrence,0.9557116999696993
mackey_glass,32000,42,128,partitioned_driver_full_128,permuted_recurrence_128_offset_101,permuted_recurrence,0.9549166496841929
mackey_glass,32000,42,128,partitioned_driver_full_128,permuted_recurrence_128_offset_131,permuted_recurrence,0.9495572201280612
mackey_glass,32000,42,128,partitioned_driver_full_128,target_shuffle_candidate_128,target_shuffle_candidate,1.0
mackey_glass,32000,42,128,partitioned_driver_full_128,time_shuffle_candidate_128,time_shuffle_candidate,0.00012540321627467114
lorenz,32000,42,16,partitioned_driver_full_16,partition_labels_shuffled_16,partition_labels_shuffled,0.9136054505854665
lorenz,32000,42,16,partitioned_driver_full_16,partition_merged_unpartitioned_16,partition_merged_unpartitioned,0.961810087157807
lorenz,32000,42,16,partitioned_driver_full_16,linear_lag_partitioned_16,linear_lag_partitioned,0.9442536964828935
lorenz,32000,42,16,partitioned_driver_full_16,diversity_pressure_disabled_repeat_16,diversity_pressure_disabled_repeat,0.9982208656927932
lorenz,32000,42,16,partitioned_driver_full_16,nonlinear_lag_unpartitioned_same_budget_16,nonlinear_lag_unpartitioned_same_budget,0.8928112595121209
lorenz,32000,42,16,partitioned_driver_full_16,same_feature_count_random_projection_16,same_feature_count_random_projection,0.9291164061520968
lorenz,32000,42,16,partitioned_driver_full_16,readout_budget_matched_single_pool_16,readout_budget_matched_single_pool,0.820617076866618
lorenz,32000,42,16,partitioned_driver_full_16,remove_fast_trace_drivers_16,remove_fast_trace_drivers,1.0
lorenz,32000,42,16,partitioned_driver_full_16,remove_lag_drivers_16,remove_lag_drivers,1.0
lorenz,32000,42,16,partitioned_driver_full_16,remove_nonlinear_drivers_16,remove_nonlinear_drivers,0.9903198339859595
lorenz,32000,42,16,partitioned_driver_full_16,remove_slow_trace_drivers_16,remove_slow_trace_drivers,1.0
lorenz,32000,42,16,partitioned_driver_full_16,permuted_recurrence_16_offset_71,permuted_recurrence,0.8872801346910923
lorenz,32000,42,16,partitioned_driver_full_16,permuted_recurrence_16_offset_101,permuted_recurrence,0.8597227377108186
lorenz,32000,42,16,partitioned_driver_full_16,permuted_recurrence_16_offset_131,permuted_recurrence,0.7845493755619326
lorenz,32000,42,16,partitioned_driver_full_16,target_shuffle_candidate_16,target_shuffle_candidate,1.0
lorenz,32000,42,16,partitioned_driver_full_16,time_shuffle_candidate_16,time_shuffle_candidate,4.005654797733713e-05
lorenz,32000,42,32,partitioned_driver_full_32,partition_labels_shuffled_32,partition_labels_shuffled,0.9568288306800375
lorenz,32000,42,32,partitioned_driver_full_32,partition_merged_unpartitioned_32,partition_merged_unpartitioned,0.9438561265934767
lorenz,32000,42,32,partitioned_driver_full_32,linear_lag_partitioned_32,linear_lag_partitioned,0.9615035217179245
lorenz,32000,42,32,partitioned_driver_full_32,diversity_pressure_disabled_repeat_32,diversity_pressure_disabled_repeat,0.9935196061263804
lorenz,32000,42,32,partitioned_driver_full_32,nonlinear_lag_unpartitioned_same_budget_32,nonlinear_lag_unpartitioned_same_budget,0.9245735759514168
lorenz,32000,42,32,partitioned_driver_full_32,same_feature_count_random_projection_32,same_feature_count_random_projection,0.9568867519507293
lorenz,32000,42,32,partitioned_driver_full_32,readout_budget_matched_single_pool_32,readout_budget_matched_single_pool,0.9113921392880623
lorenz,32000,42,32,partitioned_driver_full_32,remove_fast_trace_drivers_32,remove_fast_trace_drivers,1.0
lorenz,32000,42,32,partitioned_driver_full_32,remove_lag_drivers_32,remove_lag_drivers,1.0
lorenz,32000,42,32,partitioned_driver_full_32,remove_nonlinear_drivers_32,remove_nonlinear_drivers,0.994324023400328
lorenz,32000,42,32,partitioned_driver_full_32,remove_slow_trace_drivers_32,remove_slow_trace_drivers,1.0
lorenz,32000,42,32,partitioned_driver_full_32,permuted_recurrence_32_offset_71,permuted_recurrence,0.9277796831355721
lorenz,32000,42,32,partitioned_driver_full_32,permuted_recurrence_32_offset_101,permuted_recurrence,0.9179531506808799
lorenz,32000,42,32,partitioned_driver_full_32,permuted_recurrence_32_offset_131,permuted_recurrence,0.8806475414534111
lorenz,32000,42,32,partitioned_driver_full_32,target_shuffle_candidate_32,target_shuffle_candidate,1.0
lorenz,32000,42,32,partitioned_driver_full_32,time_shuffle_candidate_32,time_shuffle_candidate,0.00010870554152639023
lorenz,32000,42,64,partitioned_driver_full_64,partition_labels_shuffled_64,partition_labels_shuffled,0.9795423288137824
lorenz,32000,42,64,partitioned_driver_full_64,partition_merged_unpartitioned_64,partition_merged_unpartitioned,0.9804280947004667
lorenz,32000,42,64,partitioned_driver_full_64,linear_lag_partitioned_64,linear_lag_partitioned,0.9842434098029248
lorenz,32000,42,64,partitioned_driver_full_64,diversity_pressure_disabled_repeat_64,diversity_pressure_disabled_repeat,0.9996408191583596
lorenz,32000,42,64,partitioned_driver_full_64,nonlinear_lag_unpartitioned_same_budget_64,nonlinear_lag_unpartitioned_same_budget,0.9664983601667384
lorenz,32000,42,64,partitioned_driver_full_64,same_feature_count_random_projection_64,same_feature_count_random_projection,0.9766813070850503
lorenz,32000,42,64,partitioned_driver_full_64,readout_budget_matched_single_pool_64,readout_budget_matched_single_pool,0.9461998154727632
lorenz,32000,42,64,partitioned_driver_full_64,remove_fast_trace_drivers_64,remove_fast_trace_drivers,1.0000000000000004
lorenz,32000,42,64,partitioned_driver_full_64,remove_lag_drivers_64,remove_lag_drivers,1.0000000000000004
lorenz,32000,42,64,partitioned_driver_full_64,remove_nonlinear_drivers_64,remove_nonlinear_drivers,0.9976991876846315
lorenz,32000,42,64,partitioned_driver_full_64,remove_slow_trace_drivers_64,remove_slow_trace_drivers,1.0000000000000004
lorenz,32000,42,64,partitioned_driver_full_64,permuted_recurrence_64_offset_71,permuted_recurrence,0.957329297789442
lorenz,32000,42,64,partitioned_driver_full_64,permuted_recurrence_64_offset_101,permuted_recurrence,0.9513707603373402
lorenz,32000,42,64,partitioned_driver_full_64,permuted_recurrence_64_offset_131,permuted_recurrence,0.9773731696781742
lorenz,32000,42,64,partitioned_driver_full_64,target_shuffle_candidate_64,target_shuffle_candidate,1.0000000000000004
lorenz,32000,42,64,partitioned_driver_full_64,time_shuffle_candidate_64,time_shuffle_candidate,7.66150249045886e-05
lorenz,32000,42,128,partitioned_driver_full_128,partition_labels_shuffled_128,partition_labels_shuffled,0.9791056771380962
lorenz,32000,42,128,partitioned_driver_full_128,partition_merged_unpartitioned_128,partition_merged_unpartitioned,0.9701994178421158
lorenz,32000,42,128,partitioned_driver_full_128,linear_lag_partitioned_128,linear_lag_partitioned,0.9852947925382345
lorenz,32000,42,128,partitioned_driver_full_128,diversity_pressure_disabled_repeat_128,diversity_pressure_disabled_repeat,0.9998986804670457
lorenz,32000,42,128,partitioned_driver_full_128,nonlinear_lag_unpartitioned_same_budget_128,nonlinear_lag_unpartitioned_same_budget,0.9649339284416031
lorenz,32000,42,128,partitioned_driver_full_128,same_feature_count_random_projection_128,same_feature_count_random_projection,0.9798327426226929
lorenz,32000,42,128,partitioned_driver_full_128,readout_budget_matched_single_pool_128,readout_budget_matched_single_pool,0.9880423350559112
lorenz,32000,42,128,partitioned_driver_full_128,remove_fast_trace_drivers_128,remove_fast_trace_drivers,1.0
lorenz,32000,42,128,partitioned_driver_full_128,remove_lag_drivers_128,remove_lag_drivers,1.0
lorenz,32000,42,128,partitioned_driver_full_128,remove_nonlinear_drivers_128,remove_nonlinear_drivers,0.9960901361754536
lorenz,32000,42,128,partitioned_driver_full_128,remove_slow_trace_drivers_128,remove_slow_trace_drivers,1.0
lorenz,32000,42,128,partitioned_driver_full_128,permuted_recurrence_128_offset_71,permuted_recurrence,0.9854343427218212
lorenz,32000,42,128,partitioned_driver_full_128,permuted_recurrence_128_offset_101,permuted_recurrence,0.978400907255835
lorenz,32000,42,128,partitioned_driver_full_128,permuted_recurrence_128_offset_131,permuted_recurrence,0.9746675586340776
lorenz,32000,42,128,partitioned_driver_full_128,target_shuffle_candidate_128,target_shuffle_candidate,1.0
lorenz,32000,42,128,partitioned_driver_full_128,time_shuffle_candidate_128,time_shuffle_candidate,9.16785254229597e-05
narma10,32000,42,16,partitioned_driver_full_16,partition_labels_shuffled_16,partition_labels_shuffled,0.7492515798046763
narma10,32000,42,16,partitioned_driver_full_16,partition_merged_unpartitioned_16,partition_merged_unpartitioned,0.8050938752086281
narma10,32000,42,16,partitioned_driver_full_16,linear_lag_partitioned_16,linear_lag_partitioned,0.810844732612005
narma10,32000,42,16,partitioned_driver_full_16,diversity_pressure_disabled_repeat_16,diversity_pressure_disabled_repeat,0.9916097341312204
narma10,32000,42,16,partitioned_driver_full_16,nonlinear_lag_unpartitioned_same_budget_16,nonlinear_lag_unpartitioned_same_budget,0.8007272280762597
narma10,32000,42,16,partitioned_driver_full_16,same_feature_count_random_projection_16,same_feature_count_random_projection,0.6601732013235921
narma10,32000,42,16,partitioned_driver_full_16,readout_budget_matched_single_pool_16,readout_budget_matched_single_pool,0.7206145671984661
narma10,32000,42,16,partitioned_driver_full_16,remove_fast_trace_drivers_16,remove_fast_trace_drivers,0.9999999999999997
narma10,32000,42,16,partitioned_driver_full_16,remove_lag_drivers_16,remove_lag_drivers,0.9999999999999997
narma10,32000,42,16,partitioned_driver_full_16,remove_nonlinear_drivers_16,remove_nonlinear_drivers,0.9857593933447706
narma10,32000,42,16,partitioned_driver_full_16,remove_slow_trace_drivers_16,remove_slow_trace_drivers,0.9999999999999997
narma10,32000,42,16,partitioned_driver_full_16,permuted_recurrence_16_offset_71,permuted_recurrence,0.6503870470091473
narma10,32000,42,16,partitioned_driver_full_16,permuted_recurrence_16_offset_101,permuted_recurrence,0.5988725831037205
narma10,32000,42,16,partitioned_driver_full_16,permuted_recurrence_16_offset_131,permuted_recurrence,0.739682664710883
narma10,32000,42,16,partitioned_driver_full_16,target_shuffle_candidate_16,target_shuffle_candidate,0.9999999999999997
narma10,32000,42,16,partitioned_driver_full_16,time_shuffle_candidate_16,time_shuffle_candidate,0.00035169166983920033
narma10,32000,42,32,partitioned_driver_full_32,partition_labels_shuffled_32,partition_labels_shuffled,0.9082758663621213
narma10,32000,42,32,partitioned_driver_full_32,partition_merged_unpartitioned_32,partition_merged_unpartitioned,0.7723334583919688
narma10,32000,42,32,partitioned_driver_full_32,linear_lag_partitioned_32,linear_lag_partitioned,0.7153727820048434
narma10,32000,42,32,partitioned_driver_full_32,diversity_pressure_disabled_repeat_32,diversity_pressure_disabled_repeat,0.9976637655471762
narma10,32000,42,32,partitioned_driver_full_32,nonlinear_lag_unpartitioned_same_budget_32,nonlinear_lag_unpartitioned_same_budget,0.7214380497165381
narma10,32000,42,32,partitioned_driver_full_32,same_feature_count_random_projection_32,same_feature_count_random_projection,0.851444385708293
narma10,32000,42,32,partitioned_driver_full_32,readout_budget_matched_single_pool_32,readout_budget_matched_single_pool,0.7751259042093429
narma10,32000,42,32,partitioned_driver_full_32,remove_fast_trace_drivers_32,remove_fast_trace_drivers,1.0000000000000002
narma10,32000,42,32,partitioned_driver_full_32,remove_lag_drivers_32,remove_lag_drivers,1.0000000000000002
narma10,32000,42,32,partitioned_driver_full_32,remove_nonlinear_drivers_32,remove_nonlinear_drivers,0.9789210940513917
narma10,32000,42,32,partitioned_driver_full_32,remove_slow_trace_drivers_32,remove_slow_trace_drivers,1.0000000000000002
narma10,32000,42,32,partitioned_driver_full_32,permuted_recurrence_32_offset_71,permuted_recurrence,0.7213446775511156
narma10,32000,42,32,partitioned_driver_full_32,permuted_recurrence_32_offset_101,permuted_recurrence,0.6764351720834006
narma10,32000,42,32,partitioned_driver_full_32,permuted_recurrence_32_offset_131,permuted_recurrence,0.677599858449867
narma10,32000,42,32,partitioned_driver_full_32,target_shuffle_candidate_32,target_shuffle_candidate,1.0000000000000002
narma10,32000,42,32,partitioned_driver_full_32,time_shuffle_candidate_32,time_shuffle_candidate,0.0002686862875409478
narma10,32000,42,64,partitioned_driver_full_64,partition_labels_shuffled_64,partition_labels_shuffled,0.9271168564983908
narma10,32000,42,64,partitioned_driver_full_64,partition_merged_unpartitioned_64,partition_merged_unpartitioned,0.7756320979824771
narma10,32000,42,64,partitioned_driver_full_64,linear_lag_partitioned_64,linear_lag_partitioned,0.874618931289855
narma10,32000,42,64,partitioned_driver_full_64,diversity_pressure_disabled_repeat_64,diversity_pressure_disabled_repeat,0.9993871645170683
narma10,32000,42,64,partitioned_driver_full_64,nonlinear_lag_unpartitioned_same_budget_64,nonlinear_lag_unpartitioned_same_budget,0.9216354780444678
narma10,32000,42,64,partitioned_driver_full_64,same_feature_count_random_projection_64,same_feature_count_random_projection,0.8519826454738283
narma10,32000,42,64,partitioned_driver_full_64,readout_budget_matched_single_pool_64,readout_budget_matched_single_pool,0.7157383969047143
narma10,32000,42,64,partitioned_driver_full_64,remove_fast_trace_drivers_64,remove_fast_trace_drivers,0.9999999999999996
narma10,32000,42,64,partitioned_driver_full_64,remove_lag_drivers_64,remove_lag_drivers,0.9999999999999996
narma10,32000,42,64,partitioned_driver_full_64,remove_nonlinear_drivers_64,remove_nonlinear_drivers,0.9894083320788453
narma10,32000,42,64,partitioned_driver_full_64,remove_slow_trace_drivers_64,remove_slow_trace_drivers,0.9999999999999996
narma10,32000,42,64,partitioned_driver_full_64,permuted_recurrence_64_offset_71,permuted_recurrence,0.7501349279866424
narma10,32000,42,64,partitioned_driver_full_64,permuted_recurrence_64_offset_101,permuted_recurrence,0.7781680883553002
narma10,32000,42,64,partitioned_driver_full_64,permuted_recurrence_64_offset_131,permuted_recurrence,0.6592639335578729
narma10,32000,42,64,partitioned_driver_full_64,target_shuffle_candidate_64,target_shuffle_candidate,0.9999999999999996
narma10,32000,42,64,partitioned_driver_full_64,time_shuffle_candidate_64,time_shuffle_candidate,0.0003996775370835772
narma10,32000,42,128,partitioned_driver_full_128,partition_labels_shuffled_128,partition_labels_shuffled,0.9471016844951283
narma10,32000,42,128,partitioned_driver_full_128,partition_merged_unpartitioned_128,partition_merged_unpartitioned,0.818239283772453
narma10,32000,42,128,partitioned_driver_full_128,linear_lag_partitioned_128,linear_lag_partitioned,0.9234506171114645
narma10,32000,42,128,partitioned_driver_full_128,diversity_pressure_disabled_repeat_128,diversity_pressure_disabled_repeat,0.9996741614049945
narma10,32000,42,128,partitioned_driver_full_128,nonlinear_lag_unpartitioned_same_budget_128,nonlinear_lag_unpartitioned_same_budget,0.9213915808434416
narma10,32000,42,128,partitioned_driver_full_128,same_feature_count_random_projection_128,same_feature_count_random_projection,0.8728009190425855
narma10,32000,42,128,partitioned_driver_full_128,readout_budget_matched_single_pool_128,readout_budget_matched_single_pool,0.7864905798259624
narma10,32000,42,128,partitioned_driver_full_128,remove_fast_trace_drivers_128,remove_fast_trace_drivers,1.0
narma10,32000,42,128,partitioned_driver_full_128,remove_lag_drivers_128,remove_lag_drivers,1.0
narma10,32000,42,128,partitioned_driver_full_128,remove_nonlinear_drivers_128,remove_nonlinear_drivers,0.9896575811742075
narma10,32000,42,128,partitioned_driver_full_128,remove_slow_trace_drivers_128,remove_slow_trace_drivers,1.0
narma10,32000,42,128,partitioned_driver_full_128,permuted_recurrence_128_offset_71,permuted_recurrence,0.7536972817550032
narma10,32000,42,128,partitioned_driver_full_128,permuted_recurrence_128_offset_101,permuted_recurrence,0.7821959498735443
narma10,32000,42,128,partitioned_driver_full_128,permuted_recurrence_128_offset_131,permuted_recurrence,0.7813686228340662
narma10,32000,42,128,partitioned_driver_full_128,target_shuffle_candidate_128,target_shuffle_candidate,1.0
narma10,32000,42,128,partitioned_driver_full_128,time_shuffle_candidate_128,time_shuffle_candidate,0.0005038493245223094
mackey_glass,32000,43,16,partitioned_driver_full_16,partition_labels_shuffled_16,partition_labels_shuffled,0.8795814184184861
mackey_glass,32000,43,16,partitioned_driver_full_16,partition_merged_unpartitioned_16,partition_merged_unpartitioned,0.9512305852469296
mackey_glass,32000,43,16,partitioned_driver_full_16,linear_lag_partitioned_16,linear_lag_partitioned,0.8680672096972355
mackey_glass,32000,43,16,partitioned_driver_full_16,diversity_pressure_disabled_repeat_16,diversity_pressure_disabled_repeat,0.9959003807730673
mackey_glass,32000,43,16,partitioned_driver_full_16,nonlinear_lag_unpartitioned_same_budget_16,nonlinear_lag_unpartitioned_same_budget,0.8095742653660639
mackey_glass,32000,43,16,partitioned_driver_full_16,same_feature_count_random_projection_16,same_feature_count_random_projection,0.8455208763264741
mackey_glass,32000,43,16,partitioned_driver_full_16,readout_budget_matched_single_pool_16,readout_budget_matched_single_pool,0.8647219919505732
mackey_glass,32000,43,16,partitioned_driver_full_16,remove_fast_trace_drivers_16,remove_fast_trace_drivers,0.9999999999999998
mackey_glass,32000,43,16,partitioned_driver_full_16,remove_lag_drivers_16,remove_lag_drivers,0.9999999999999998
mackey_glass,32000,43,16,partitioned_driver_full_16,remove_nonlinear_drivers_16,remove_nonlinear_drivers,0.9969192331807708
mackey_glass,32000,43,16,partitioned_driver_full_16,remove_slow_trace_drivers_16,remove_slow_trace_drivers,0.9999999999999998
mackey_glass,32000,43,16,partitioned_driver_full_16,permuted_recurrence_16_offset_71,permuted_recurrence,0.8454572557636996
mackey_glass,32000,43,16,partitioned_driver_full_16,permuted_recurrence_16_offset_101,permuted_recurrence,0.6962816760590528
mackey_glass,32000,43,16,partitioned_driver_full_16,permuted_recurrence_16_offset_131,permuted_recurrence,0.6486217091698719
mackey_glass,32000,43,16,partitioned_driver_full_16,target_shuffle_candidate_16,target_shuffle_candidate,0.9999999999999998
mackey_glass,32000,43,16,partitioned_driver_full_16,time_shuffle_candidate_16,time_shuffle_candidate,0.00010136117124009344
mackey_glass,32000,43,32,partitioned_driver_full_32,partition_labels_shuffled_32,partition_labels_shuffled,0.9544295071054741
mackey_glass,32000,43,32,partitioned_driver_full_32,partition_merged_unpartitioned_32,partition_merged_unpartitioned,0.9610991525444281
mackey_glass,32000,43,32,partitioned_driver_full_32,linear_lag_partitioned_32,linear_lag_partitioned,0.932643278815189
mackey_glass,32000,43,32,partitioned_driver_full_32,diversity_pressure_disabled_repeat_32,diversity_pressure_disabled_repeat,0.9975982632381399
mackey_glass,32000,43,32,partitioned_driver_full_32,nonlinear_lag_unpartitioned_same_budget_32,nonlinear_lag_unpartitioned_same_budget,0.9367277113806839
mackey_glass,32000,43,32,partitioned_driver_full_32,same_feature_count_random_projection_32,same_feature_count_random_projection,0.8928878980212163
mackey_glass,32000,43,32,partitioned_driver_full_32,readout_budget_matched_single_pool_32,readout_budget_matched_single_pool,0.9274261042949127
mackey_glass,32000,43,32,partitioned_driver_full_32,remove_fast_trace_drivers_32,remove_fast_trace_drivers,1.0
mackey_glass,32000,43,32,partitioned_driver_full_32,remove_lag_drivers_32,remove_lag_drivers,1.0
mackey_glass,32000,43,32,partitioned_driver_full_32,remove_nonlinear_drivers_32,remove_nonlinear_drivers,0.9947913440960428
mackey_glass,32000,43,32,partitioned_driver_full_32,remove_slow_trace_drivers_32,remove_slow_trace_drivers,1.0
mackey_glass,32000,43,32,partitioned_driver_full_32,permuted_recurrence_32_offset_71,permuted_recurrence,0.8943531634192925
mackey_glass,32000,43,32,partitioned_driver_full_32,permuted_recurrence_32_offset_101,permuted_recurrence,0.8618382466930751
mackey_glass,32000,43,32,partitioned_driver_full_32,permuted_recurrence_32_offset_131,permuted_recurrence,0.9491166633290177
mackey_glass,32000,43,32,partitioned_driver_full_32,target_shuffle_candidate_32,target_shuffle_candidate,1.0
mackey_glass,32000,43,32,partitioned_driver_full_32,time_shuffle_candidate_32,time_shuffle_candidate,0.0001352699055410195
mackey_glass,32000,43,64,partitioned_driver_full_64,partition_labels_shuffled_64,partition_labels_shuffled,0.979023159745028
mackey_glass,32000,43,64,partitioned_driver_full_64,partition_merged_unpartitioned_64,partition_merged_unpartitioned,0.931103099486912
mackey_glass,32000,43,64,partitioned_driver_full_64,linear_lag_partitioned_64,linear_lag_partitioned,0.9644308420904206
mackey_glass,32000,43,64,partitioned_driver_full_64,diversity_pressure_disabled_repeat_64,diversity_pressure_disabled_repeat,0.9997841807371165
mackey_glass,32000,43,64,partitioned_driver_full_64,nonlinear_lag_unpartitioned_same_budget_64,nonlinear_lag_unpartitioned_same_budget,0.9707925267111074
mackey_glass,32000,43,64,partitioned_driver_full_64,same_feature_count_random_projection_64,same_feature_count_random_projection,0.9811685482039274
mackey_glass,32000,43,64,partitioned_driver_full_64,readout_budget_matched_single_pool_64,readout_budget_matched_single_pool,0.9571508301425091
mackey_glass,32000,43,64,partitioned_driver_full_64,remove_fast_trace_drivers_64,remove_fast_trace_drivers,1.0
mackey_glass,32000,43,64,partitioned_driver_full_64,remove_lag_drivers_64,remove_lag_drivers,1.0
mackey_glass,32000,43,64,partitioned_driver_full_64,remove_nonlinear_drivers_64,remove_nonlinear_drivers,0.9900326922855116
mackey_glass,32000,43,64,partitioned_driver_full_64,remove_slow_trace_drivers_64,remove_slow_trace_drivers,1.0
mackey_glass,32000,43,64,partitioned_driver_full_64,permuted_recurrence_64_offset_71,permuted_recurrence,0.9389414718933062
mackey_glass,32000,43,64,partitioned_driver_full_64,permuted_recurrence_64_offset_101,permuted_recurrence,0.9533477433961617
mackey_glass,32000,43,64,partitioned_driver_full_64,permuted_recurrence_64_offset_131,permuted_recurrence,0.9592683170171605
mackey_glass,32000,43,64,partitioned_driver_full_64,target_shuffle_candidate_64,target_shuffle_candidate,1.0
mackey_glass,32000,43,64,partitioned_driver_full_64,time_shuffle_candidate_64,time_shuffle_candidate,0.0002296679910657093
mackey_glass,32000,43,128,partitioned_driver_full_128,partition_labels_shuffled_128,partition_labels_shuffled,0.9907856030642693
mackey_glass,32000,43,128,partitioned_driver_full_128,partition_merged_unpartitioned_128,partition_merged_unpartitioned,0.960524588931867
mackey_glass,32000,43,128,partitioned_driver_full_128,linear_lag_partitioned_128,linear_lag_partitioned,0.9838016908981426
mackey_glass,32000,43,128,partitioned_driver_full_128,diversity_pressure_disabled_repeat_128,diversity_pressure_disabled_repeat,0.9998830421730696
mackey_glass,32000,43,128,partitioned_driver_full_128,nonlinear_lag_unpartitioned_same_budget_128,nonlinear_lag_unpartitioned_same_budget,0.9751448217758918
mackey_glass,32000,43,128,partitioned_driver_full_128,same_feature_count_random_projection_128,same_feature_count_random_projection,0.9814629411232705
mackey_glass,32000,43,128,partitioned_driver_full_128,readout_budget_matched_single_pool_128,readout_budget_matched_single_pool,0.966871210378557
mackey_glass,32000,43,128,partitioned_driver_full_128,remove_fast_trace_drivers_128,remove_fast_trace_drivers,1.0
mackey_glass,32000,43,128,partitioned_driver_full_128,remove_lag_drivers_128,remove_lag_drivers,1.0
mackey_glass,32000,43,128,partitioned_driver_full_128,remove_nonlinear_drivers_128,remove_nonlinear_drivers,0.996793562629873
mackey_glass,32000,43,128,partitioned_driver_full_128,remove_slow_trace_drivers_128,remove_slow_trace_drivers,1.0
mackey_glass,32000,43,128,partitioned_driver_full_128,permuted_recurrence_128_offset_71,permuted_recurrence,0.9626979216882042
mackey_glass,32000,43,128,partitioned_driver_full_128,permuted_recurrence_128_offset_101,permuted_recurrence,0.9609709982276728
mackey_glass,32000,43,128,partitioned_driver_full_128,permuted_recurrence_128_offset_131,permuted_recurrence,0.9713573356928406
mackey_glass,32000,43,128,partitioned_driver_full_128,target_shuffle_candidate_128,target_shuffle_candidate,1.0
mackey_glass,32000,43,128,partitioned_driver_full_128,time_shuffle_candidate_128,time_shuffle_candidate,0.00020625344522341062
lorenz,32000,43,16,partitioned_driver_full_16,partition_labels_shuffled_16,partition_labels_shuffled,0.8037964177802208
lorenz,32000,43,16,partitioned_driver_full_16,partition_merged_unpartitioned_16,partition_merged_unpartitioned,0.8226110913467396
lorenz,32000,43,16,partitioned_driver_full_16,linear_lag_partitioned_16,linear_lag_partitioned,0.6862657616918076
lorenz,32000,43,16,partitioned_driver_full_16,diversity_pressure_disabled_repeat_16,diversity_pressure_disabled_repeat,0.9922937430348814
lorenz,32000,43,16,partitioned_driver_full_16,nonlinear_lag_unpartitioned_same_budget_16,nonlinear_lag_unpartitioned_same_budget,0.7316531825300182
lorenz,32000,43,16,partitioned_driver_full_16,same_feature_count_random_projection_16,same_feature_count_random_projection,0.8728007254565123
lorenz,32000,43,16,partitioned_driver_full_16,readout_budget_matched_single_pool_16,readout_budget_matched_single_pool,0.7804606116201385
lorenz,32000,43,16,partitioned_driver_full_16,remove_fast_trace_drivers_16,remove_fast_trace_drivers,0.9999999999999989
lorenz,32000,43,16,partitioned_driver_full_16,remove_lag_drivers_16,remove_lag_drivers,0.9999999999999989
lorenz,32000,43,16,partitioned_driver_full_16,remove_nonlinear_drivers_16,remove_nonlinear_drivers,0.9814134326918061
lorenz,32000,43,16,partitioned_driver_full_16,remove_slow_trace_drivers_16,remove_slow_trace_drivers,0.9999999999999989
lorenz,32000,43,16,partitioned_driver_full_16,permuted_recurrence_16_offset_71,permuted_recurrence,0.7418474632168413
lorenz,32000,43,16,partitioned_driver_full_16,permuted_recurrence_16_offset_101,permuted_recurrence,0.6990680926776005
lorenz,32000,43,16,partitioned_driver_full_16,permuted_recurrence_16_offset_131,permuted_recurrence,0.7552595721672566
lorenz,32000,43,16,partitioned_driver_full_16,target_shuffle_candidate_16,target_shuffle_candidate,0.9999999999999989
lorenz,32000,43,16,partitioned_driver_full_16,time_shuffle_candidate_16,time_shuffle_candidate,0.0002784943314818526
lorenz,32000,43,32,partitioned_driver_full_32,partition_labels_shuffled_32,partition_labels_shuffled,0.8711151389659959
lorenz,32000,43,32,partitioned_driver_full_32,partition_merged_unpartitioned_32,partition_merged_unpartitioned,0.9389229607479889
lorenz,32000,43,32,partitioned_driver_full_32,linear_lag_partitioned_32,linear_lag_partitioned,0.8969140591648825
lorenz,32000,43,32,partitioned_driver_full_32,diversity_pressure_disabled_repeat_32,diversity_pressure_disabled_repeat,0.9987211218661907
lorenz,32000,43,32,partitioned_driver_full_32,nonlinear_lag_unpartitioned_same_budget_32,nonlinear_lag_unpartitioned_same_budget,0.8775564934241522
lorenz,32000,43,32,partitioned_driver_full_32,same_feature_count_random_projection_32,same_feature_count_random_projection,0.8554034506728134
lorenz,32000,43,32,partitioned_driver_full_32,readout_budget_matched_single_pool_32,readout_budget_matched_single_pool,0.8195342877829059
lorenz,32000,43,32,partitioned_driver_full_32,remove_fast_trace_drivers_32,remove_fast_trace_drivers,1.0000000000000004
lorenz,32000,43,32,partitioned_driver_full_32,remove_lag_drivers_32,remove_lag_drivers,1.0000000000000004
lorenz,32000,43,32,partitioned_driver_full_32,remove_nonlinear_drivers_32,remove_nonlinear_drivers,0.9939393029364367
lorenz,32000,43,32,partitioned_driver_full_32,remove_slow_trace_drivers_32,remove_slow_trace_drivers,1.0000000000000004
lorenz,32000,43,32,partitioned_driver_full_32,permuted_recurrence_32_offset_71,permuted_recurrence,0.846512021871702
lorenz,32000,43,32,partitioned_driver_full_32,permuted_recurrence_32_offset_101,permuted_recurrence,0.6762705732062009
lorenz,32000,43,32,partitioned_driver_full_32,permuted_recurrence_32_offset_131,permuted_recurrence,0.8064386203089294
lorenz,32000,43,32,partitioned_driver_full_32,target_shuffle_candidate_32,target_shuffle_candidate,1.0000000000000004
lorenz,32000,43,32,partitioned_driver_full_32,time_shuffle_candidate_32,time_shuffle_candidate,0.0002890701831735979
lorenz,32000,43,64,partitioned_driver_full_64,partition_labels_shuffled_64,partition_labels_shuffled,0.9819366178789035
lorenz,32000,43,64,partitioned_driver_full_64,partition_merged_unpartitioned_64,partition_merged_unpartitioned,0.9526490077709737
lorenz,32000,43,64,partitioned_driver_full_64,linear_lag_partitioned_64,linear_lag_partitioned,0.9644295168597544
lorenz,32000,43,64,partitioned_driver_full_64,diversity_pressure_disabled_repeat_64,diversity_pressure_disabled_repeat,0.9997502745350143
lorenz,32000,43,64,partitioned_driver_full_64,nonlinear_lag_unpartitioned_same_budget_64,nonlinear_lag_unpartitioned_same_budget,0.9723462354238231
lorenz,32000,43,64,partitioned_driver_full_64,same_feature_count_random_projection_64,same_feature_count_random_projection,0.9691780782577435
lorenz,32000,43,64,partitioned_driver_full_64,readout_budget_matched_single_pool_64,readout_budget_matched_single_pool,0.9268979352132717
lorenz,32000,43,64,partitioned_driver_full_64,remove_fast_trace_drivers_64,remove_fast_trace_drivers,1.0
lorenz,32000,43,64,partitioned_driver_full_64,remove_lag_drivers_64,remove_lag_drivers,1.0
lorenz,32000,43,64,partitioned_driver_full_64,remove_nonlinear_drivers_64,remove_nonlinear_drivers,0.9977418608198503
lorenz,32000,43,64,partitioned_driver_full_64,remove_slow_trace_drivers_64,remove_slow_trace_drivers,1.0
lorenz,32000,43,64,partitioned_driver_full_64,permuted_recurrence_64_offset_71,permuted_recurrence,0.9448059696704167
lorenz,32000,43,64,partitioned_driver_full_64,permuted_recurrence_64_offset_101,permuted_recurrence,0.9499383587236072
lorenz,32000,43,64,partitioned_driver_full_64,permuted_recurrence_64_offset_131,permuted_recurrence,0.9377474209132172
lorenz,32000,43,64,partitioned_driver_full_64,target_shuffle_candidate_64,target_shuffle_candidate,1.0
lorenz,32000,43,64,partitioned_driver_full_64,time_shuffle_candidate_64,time_shuffle_candidate,0.00035211619778956085
lorenz,32000,43,128,partitioned_driver_full_128,partition_labels_shuffled_128,partition_labels_shuffled,0.9924739982393224
lorenz,32000,43,128,partitioned_driver_full_128,partition_merged_unpartitioned_128,partition_merged_unpartitioned,0.9803023647473509
lorenz,32000,43,128,partitioned_driver_full_128,linear_lag_partitioned_128,linear_lag_partitioned,0.9874854661947244
lorenz,32000,43,128,partitioned_driver_full_128,diversity_pressure_disabled_repeat_128,diversity_pressure_disabled_repeat,0.9998382165624001
lorenz,32000,43,128,partitioned_driver_full_128,nonlinear_lag_unpartitioned_same_budget_128,nonlinear_lag_unpartitioned_same_budget,0.9766965762189369
lorenz,32000,43,128,partitioned_driver_full_128,same_feature_count_random_projection_128,same_feature_count_random_projection,0.9782561089725608
lorenz,32000,43,128,partitioned_driver_full_128,readout_budget_matched_single_pool_128,readout_budget_matched_single_pool,0.9727762822452196
lorenz,32000,43,128,partitioned_driver_full_128,remove_fast_trace_drivers_128,remove_fast_trace_drivers,1.0000000000000002
lorenz,32000,43,128,partitioned_driver_full_128,remove_lag_drivers_128,remove_lag_drivers,1.0000000000000002
lorenz,32000,43,128,partitioned_driver_full_128,remove_nonlinear_drivers_128,remove_nonlinear_drivers,0.9982961755912
lorenz,32000,43,128,partitioned_driver_full_128,remove_slow_trace_drivers_128,remove_slow_trace_drivers,1.0000000000000002
lorenz,32000,43,128,partitioned_driver_full_128,permuted_recurrence_128_offset_71,permuted_recurrence,0.9775589934701605
lorenz,32000,43,128,partitioned_driver_full_128,permuted_recurrence_128_offset_101,permuted_recurrence,0.9740750169492425
lorenz,32000,43,128,partitioned_driver_full_128,permuted_recurrence_128_offset_131,permuted_recurrence,0.9700292901367764
lorenz,32000,43,128,partitioned_driver_full_128,target_shuffle_candidate_128,target_shuffle_candidate,1.0000000000000002
lorenz,32000,43,128,partitioned_driver_full_128,time_shuffle_candidate_128,time_shuffle_candidate,0.00035356872695181267
narma10,32000,43,16,partitioned_driver_full_16,partition_labels_shuffled_16,partition_labels_shuffled,0.7515926251020384
narma10,32000,43,16,partitioned_driver_full_16,partition_merged_unpartitioned_16,partition_merged_unpartitioned,0.6890428039534638
narma10,32000,43,16,partitioned_driver_full_16,linear_lag_partitioned_16,linear_lag_partitioned,0.6191963586955095
narma10,32000,43,16,partitioned_driver_full_16,diversity_pressure_disabled_repeat_16,diversity_pressure_disabled_repeat,0.9918578456204585
narma10,32000,43,16,partitioned_driver_full_16,nonlinear_lag_unpartitioned_same_budget_16,nonlinear_lag_unpartitioned_same_budget,0.6423830067882574
narma10,32000,43,16,partitioned_driver_full_16,same_feature_count_random_projection_16,same_feature_count_random_projection,0.7779753020216742
narma10,32000,43,16,partitioned_driver_full_16,readout_budget_matched_single_pool_16,readout_budget_matched_single_pool,0.5670384266024773
narma10,32000,43,16,partitioned_driver_full_16,remove_fast_trace_drivers_16,remove_fast_trace_drivers,0.9999999999999991
narma10,32000,43,16,partitioned_driver_full_16,remove_lag_drivers_16,remove_lag_drivers,0.9999999999999991
narma10,32000,43,16,partitioned_driver_full_16,remove_nonlinear_drivers_16,remove_nonlinear_drivers,0.9720421766684059
narma10,32000,43,16,partitioned_driver_full_16,remove_slow_trace_drivers_16,remove_slow_trace_drivers,0.9999999999999991
narma10,32000,43,16,partitioned_driver_full_16,permuted_recurrence_16_offset_71,permuted_recurrence,0.6560838188685293
narma10,32000,43,16,partitioned_driver_full_16,permuted_recurrence_16_offset_101,permuted_recurrence,0.5147452231657631
narma10,32000,43,16,partitioned_driver_full_16,permuted_recurrence_16_offset_131,permuted_recurrence,0.29264096276982027
narma10,32000,43,16,partitioned_driver_full_16,target_shuffle_candidate_16,target_shuffle_candidate,0.9999999999999991
narma10,32000,43,16,partitioned_driver_full_16,time_shuffle_candidate_16,time_shuffle_candidate,0.0002606842801320105
narma10,32000,43,32,partitioned_driver_full_32,partition_labels_shuffled_32,partition_labels_shuffled,0.8470101128887967
narma10,32000,43,32,partitioned_driver_full_32,partition_merged_unpartitioned_32,partition_merged_unpartitioned,0.7697363750837197
narma10,32000,43,32,partitioned_driver_full_32,linear_lag_partitioned_32,linear_lag_partitioned,0.7790764842696976
narma10,32000,43,32,partitioned_driver_full_32,diversity_pressure_disabled_repeat_32,diversity_pressure_disabled_repeat,0.995625270310179
narma10,32000,43,32,partitioned_driver_full_32,nonlinear_lag_unpartitioned_same_budget_32,nonlinear_lag_unpartitioned_same_budget,0.7416386560236117
narma10,32000,43,32,partitioned_driver_full_32,same_feature_count_random_projection_32,same_feature_count_random_projection,0.6830836742266345
narma10,32000,43,32,partitioned_driver_full_32,readout_budget_matched_single_pool_32,readout_budget_matched_single_pool,0.6512616232422728
narma10,32000,43,32,partitioned_driver_full_32,remove_fast_trace_drivers_32,remove_fast_trace_drivers,0.9999999999999997
narma10,32000,43,32,partitioned_driver_full_32,remove_lag_drivers_32,remove_lag_drivers,0.9999999999999997
narma10,32000,43,32,partitioned_driver_full_32,remove_nonlinear_drivers_32,remove_nonlinear_drivers,0.9682207450216902
narma10,32000,43,32,partitioned_driver_full_32,remove_slow_trace_drivers_32,remove_slow_trace_drivers,0.9999999999999997
narma10,32000,43,32,partitioned_driver_full_32,permuted_recurrence_32_offset_71,permuted_recurrence,0.6460195232349868
narma10,32000,43,32,partitioned_driver_full_32,permuted_recurrence_32_offset_101,permuted_recurrence,0.5259164499315294
narma10,32000,43,32,partitioned_driver_full_32,permuted_recurrence_32_offset_131,permuted_recurrence,0.6680429934854196
narma10,32000,43,32,partitioned_driver_full_32,target_shuffle_candidate_32,target_shuffle_candidate,0.9999999999999997
narma10,32000,43,32,partitioned_driver_full_32,time_shuffle_candidate_32,time_shuffle_candidate,0.0004255098680246731
narma10,32000,43,64,partitioned_driver_full_64,partition_labels_shuffled_64,partition_labels_shuffled,0.9486188944201105
narma10,32000,43,64,partitioned_driver_full_64,partition_merged_unpartitioned_64,partition_merged_unpartitioned,0.8234690847826751
narma10,32000,43,64,partitioned_driver_full_64,linear_lag_partitioned_64,linear_lag_partitioned,0.9369263781321033
narma10,32000,43,64,partitioned_driver_full_64,diversity_pressure_disabled_repeat_64,diversity_pressure_disabled_repeat,0.9991380289945235
narma10,32000,43,64,partitioned_driver_full_64,nonlinear_lag_unpartitioned_same_budget_64,nonlinear_lag_unpartitioned_same_budget,0.8472261009507622
narma10,32000,43,64,partitioned_driver_full_64,same_feature_count_random_projection_64,same_feature_count_random_projection,0.8734457354559048
narma10,32000,43,64,partitioned_driver_full_64,readout_budget_matched_single_pool_64,readout_budget_matched_single_pool,0.691365959774481
narma10,32000,43,64,partitioned_driver_full_64,remove_fast_trace_drivers_64,remove_fast_trace_drivers,0.9999999999999996
narma10,32000,43,64,partitioned_driver_full_64,remove_lag_drivers_64,remove_lag_drivers,0.9999999999999996
narma10,32000,43,64,partitioned_driver_full_64,remove_nonlinear_drivers_64,remove_nonlinear_drivers,0.9849801772670456
narma10,32000,43,64,partitioned_driver_full_64,remove_slow_trace_drivers_64,remove_slow_trace_drivers,0.9999999999999996
narma10,32000,43,64,partitioned_driver_full_64,permuted_recurrence_64_offset_71,permuted_recurrence,0.6713675529931241
narma10,32000,43,64,partitioned_driver_full_64,permuted_recurrence_64_offset_101,permuted_recurrence,0.7347220369923511
narma10,32000,43,64,partitioned_driver_full_64,permuted_recurrence_64_offset_131,permuted_recurrence,0.7414851292809133
narma10,32000,43,64,partitioned_driver_full_64,target_shuffle_candidate_64,target_shuffle_candidate,0.9999999999999996
narma10,32000,43,64,partitioned_driver_full_64,time_shuffle_candidate_64,time_shuffle_candidate,0.0004611736374774997
narma10,32000,43,128,partitioned_driver_full_128,partition_labels_shuffled_128,partition_labels_shuffled,0.9599692225048306
narma10,32000,43,128,partitioned_driver_full_128,partition_merged_unpartitioned_128,partition_merged_unpartitioned,0.868192398068982
narma10,32000,43,128,partitioned_driver_full_128,linear_lag_partitioned_128,linear_lag_partitioned,0.9276476904407599
narma10,32000,43,128,partitioned_driver_full_128,diversity_pressure_disabled_repeat_128,diversity_pressure_disabled_repeat,0.999680261204967
narma10,32000,43,128,partitioned_driver_full_128,nonlinear_lag_unpartitioned_same_budget_128,nonlinear_lag_unpartitioned_same_budget,0.9232823484845503
narma10,32000,43,128,partitioned_driver_full_128,same_feature_count_random_projection_128,same_feature_count_random_projection,0.8585148892525994
narma10,32000,43,128,partitioned_driver_full_128,readout_budget_matched_single_pool_128,readout_budget_matched_single_pool,0.839441302622548
narma10,32000,43,128,partitioned_driver_full_128,remove_fast_trace_drivers_128,remove_fast_trace_drivers,1.0
narma10,32000,43,128,partitioned_driver_full_128,remove_lag_drivers_128,remove_lag_drivers,1.0
narma10,32000,43,128,partitioned_driver_full_128,remove_nonlinear_drivers_128,remove_nonlinear_drivers,0.9927888224476006
narma10,32000,43,128,partitioned_driver_full_128,remove_slow_trace_drivers_128,remove_slow_trace_drivers,1.0
narma10,32000,43,128,partitioned_driver_full_128,permuted_recurrence_128_offset_71,permuted_recurrence,0.8288404546907004
narma10,32000,43,128,partitioned_driver_full_128,permuted_recurrence_128_offset_101,permuted_recurrence,0.8349843139312811
narma10,32000,43,128,partitioned_driver_full_128,permuted_recurrence_128_offset_131,permuted_recurrence,0.8514507292450084
narma10,32000,43,128,partitioned_driver_full_128,target_shuffle_candidate_128,target_shuffle_candidate,1.0
narma10,32000,43,128,partitioned_driver_full_128,time_shuffle_candidate_128,time_shuffle_candidate,0.00048689498419267997
mackey_glass,32000,44,16,partitioned_driver_full_16,partition_labels_shuffled_16,partition_labels_shuffled,0.9665376203937146
mackey_glass,32000,44,16,partitioned_driver_full_16,partition_merged_unpartitioned_16,partition_merged_unpartitioned,0.8259037562515327
mackey_glass,32000,44,16,partitioned_driver_full_16,linear_lag_partitioned_16,linear_lag_partitioned,0.6871934887760175
mackey_glass,32000,44,16,partitioned_driver_full_16,diversity_pressure_disabled_repeat_16,diversity_pressure_disabled_repeat,0.995545087571393
mackey_glass,32000,44,16,partitioned_driver_full_16,nonlinear_lag_unpartitioned_same_budget_16,nonlinear_lag_unpartitioned_same_budget,0.834022624674977
mackey_glass,32000,44,16,partitioned_driver_full_16,same_feature_count_random_projection_16,same_feature_count_random_projection,0.9072899798673494
mackey_glass,32000,44,16,partitioned_driver_full_16,readout_budget_matched_single_pool_16,readout_budget_matched_single_pool,0.9146781493241732
mackey_glass,32000,44,16,partitioned_driver_full_16,remove_fast_trace_drivers_16,remove_fast_trace_drivers,1.0
mackey_glass,32000,44,16,partitioned_driver_full_16,remove_lag_drivers_16,remove_lag_drivers,1.0
mackey_glass,32000,44,16,partitioned_driver_full_16,remove_nonlinear_drivers_16,remove_nonlinear_drivers,0.9953310780239097
mackey_glass,32000,44,16,partitioned_driver_full_16,remove_slow_trace_drivers_16,remove_slow_trace_drivers,1.0
mackey_glass,32000,44,16,partitioned_driver_full_16,permuted_recurrence_16_offset_71,permuted_recurrence,0.9157072075309703
mackey_glass,32000,44,16,partitioned_driver_full_16,permuted_recurrence_16_offset_101,permuted_recurrence,0.9253750520497717
mackey_glass,32000,44,16,partitioned_driver_full_16,permuted_recurrence_16_offset_131,permuted_recurrence,0.9280605837243624
mackey_glass,32000,44,16,partitioned_driver_full_16,target_shuffle_candidate_16,target_shuffle_candidate,1.0
mackey_glass,32000,44,16,partitioned_driver_full_16,time_shuffle_candidate_16,time_shuffle_candidate,0.00015658609526616302
mackey_glass,32000,44,32,partitioned_driver_full_32,partition_labels_shuffled_32,partition_labels_shuffled,0.9667005950212921
mackey_glass,32000,44,32,partitioned_driver_full_32,partition_merged_unpartitioned_32,partition_merged_unpartitioned,0.9459024108489054
mackey_glass,32000,44,32,partitioned_driver_full_32,linear_lag_partitioned_32,linear_lag_partitioned,0.9775755797235532
mackey_glass,32000,44,32,partitioned_driver_full_32,diversity_pressure_disabled_repeat_32,diversity_pressure_disabled_repeat,0.9853636457101298
mackey_glass,32000,44,32,partitioned_driver_full_32,nonlinear_lag_unpartitioned_same_budget_32,nonlinear_lag_unpartitioned_same_budget,0.9616714987729731
mackey_glass,32000,44,32,partitioned_driver_full_32,same_feature_count_random_projection_32,same_feature_count_random_projection,0.9403000253376507
mackey_glass,32000,44,32,partitioned_driver_full_32,readout_budget_matched_single_pool_32,readout_budget_matched_single_pool,0.9517077246398321
mackey_glass,32000,44,32,partitioned_driver_full_32,remove_fast_trace_drivers_32,remove_fast_trace_drivers,0.9999999999999998
mackey_glass,32000,44,32,partitioned_driver_full_32,remove_lag_drivers_32,remove_lag_drivers,0.9999999999999998
mackey_glass,32000,44,32,partitioned_driver_full_32,remove_nonlinear_drivers_32,remove_nonlinear_drivers,0.9913037464137516
mackey_glass,32000,44,32,partitioned_driver_full_32,remove_slow_trace_drivers_32,remove_slow_trace_drivers,0.9999999999999998
mackey_glass,32000,44,32,partitioned_driver_full_32,permuted_recurrence_32_offset_71,permuted_recurrence,0.9614519471675455
mackey_glass,32000,44,32,partitioned_driver_full_32,permuted_recurrence_32_offset_101,permuted_recurrence,0.9664515381533475
mackey_glass,32000,44,32,partitioned_driver_full_32,permuted_recurrence_32_offset_131,permuted_recurrence,0.88386005607252
mackey_glass,32000,44,32,partitioned_driver_full_32,target_shuffle_candidate_32,target_shuffle_candidate,0.9999999999999998
mackey_glass,32000,44,32,partitioned_driver_full_32,time_shuffle_candidate_32,time_shuffle_candidate,0.0002009945587006685
mackey_glass,32000,44,64,partitioned_driver_full_64,partition_labels_shuffled_64,partition_labels_shuffled,0.9715125982011726
mackey_glass,32000,44,64,partitioned_driver_full_64,partition_merged_unpartitioned_64,partition_merged_unpartitioned,0.9839301559158842
mackey_glass,32000,44,64,partitioned_driver_full_64,linear_lag_partitioned_64,linear_lag_partitioned,0.9753177663328251
mackey_glass,32000,44,64,partitioned_driver_full_64,diversity_pressure_disabled_repeat_64,diversity_pressure_disabled_repeat,0.9997252833426817
mackey_glass,32000,44,64,partitioned_driver_full_64,nonlinear_lag_unpartitioned_same_budget_64,nonlinear_lag_unpartitioned_same_budget,0.9151284360447507
mackey_glass,32000,44,64,partitioned_driver_full_64,same_feature_count_random_projection_64,same_feature_count_random_projection,0.9343914227384473
mackey_glass,32000,44,64,partitioned_driver_full_64,readout_budget_matched_single_pool_64,readout_budget_matched_single_pool,0.9569683962995607
mackey_glass,32000,44,64,partitioned_driver_full_64,remove_fast_trace_drivers_64,remove_fast_trace_drivers,0.9999999999999998
mackey_glass,32000,44,64,partitioned_driver_full_64,remove_lag_drivers_64,remove_lag_drivers,0.9999999999999998
mackey_glass,32000,44,64,partitioned_driver_full_64,remove_nonlinear_drivers_64,remove_nonlinear_drivers,0.9974990938884389
mackey_glass,32000,44,64,partitioned_driver_full_64,remove_slow_trace_drivers_64,remove_slow_trace_drivers,0.9999999999999998
mackey_glass,32000,44,64,partitioned_driver_full_64,permuted_recurrence_64_offset_71,permuted_recurrence,0.9579999041330528
mackey_glass,32000,44,64,partitioned_driver_full_64,permuted_recurrence_64_offset_101,permuted_recurrence,0.9702251582127824
mackey_glass,32000,44,64,partitioned_driver_full_64,permuted_recurrence_64_offset_131,permuted_recurrence,0.9804278259108531
mackey_glass,32000,44,64,partitioned_driver_full_64,target_shuffle_candidate_64,target_shuffle_candidate,0.9999999999999998
mackey_glass,32000,44,64,partitioned_driver_full_64,time_shuffle_candidate_64,time_shuffle_candidate,9.073001754868457e-05
mackey_glass,32000,44,128,partitioned_driver_full_128,partition_labels_shuffled_128,partition_labels_shuffled,0.9865072416960532
mackey_glass,32000,44,128,partitioned_driver_full_128,partition_merged_unpartitioned_128,partition_merged_unpartitioned,0.9667476441076652
mackey_glass,32000,44,128,partitioned_driver_full_128,linear_lag_partitioned_128,linear_lag_partitioned,0.9869131695540194
mackey_glass,32000,44,128,partitioned_driver_full_128,diversity_pressure_disabled_repeat_128,diversity_pressure_disabled_repeat,0.9998583246022793
mackey_glass,32000,44,128,partitioned_driver_full_128,nonlinear_lag_unpartitioned_same_budget_128,nonlinear_lag_unpartitioned_same_budget,0.9629967130436338
mackey_glass,32000,44,128,partitioned_driver_full_128,same_feature_count_random_projection_128,same_feature_count_random_projection,0.9751369497822437
mackey_glass,32000,44,128,partitioned_driver_full_128,readout_budget_matched_single_pool_128,readout_budget_matched_single_pool,0.9695749994978655
mackey_glass,32000,44,128,partitioned_driver_full_128,remove_fast_trace_drivers_128,remove_fast_trace_drivers,1.0
mackey_glass,32000,44,128,partitioned_driver_full_128,remove_lag_drivers_128,remove_lag_drivers,1.0
mackey_glass,32000,44,128,partitioned_driver_full_128,remove_nonlinear_drivers_128,remove_nonlinear_drivers,0.9976156675688891
mackey_glass,32000,44,128,partitioned_driver_full_128,remove_slow_trace_drivers_128,remove_slow_trace_drivers,1.0
mackey_glass,32000,44,128,partitioned_driver_full_128,permuted_recurrence_128_offset_71,permuted_recurrence,0.968232713684188
mackey_glass,32000,44,128,partitioned_driver_full_128,permuted_recurrence_128_offset_101,permuted_recurrence,0.9771350873474126
mackey_glass,32000,44,128,partitioned_driver_full_128,permuted_recurrence_128_offset_131,permuted_recurrence,0.9481212786024124
mackey_glass,32000,44,128,partitioned_driver_full_128,target_shuffle_candidate_128,target_shuffle_candidate,1.0
mackey_glass,32000,44,128,partitioned_driver_full_128,time_shuffle_candidate_128,time_shuffle_candidate,0.000177292380138837
lorenz,32000,44,16,partitioned_driver_full_16,partition_labels_shuffled_16,partition_labels_shuffled,0.9017677047047097
lorenz,32000,44,16,partitioned_driver_full_16,partition_merged_unpartitioned_16,partition_merged_unpartitioned,0.7383719804504717
lorenz,32000,44,16,partitioned_driver_full_16,linear_lag_partitioned_16,linear_lag_partitioned,0.7994818789327973
lorenz,32000,44,16,partitioned_driver_full_16,diversity_pressure_disabled_repeat_16,diversity_pressure_disabled_repeat,0.9923171961426318
lorenz,32000,44,16,partitioned_driver_full_16,nonlinear_lag_unpartitioned_same_budget_16,nonlinear_lag_unpartitioned_same_budget,0.8454077419417957
lorenz,32000,44,16,partitioned_driver_full_16,same_feature_count_random_projection_16,same_feature_count_random_projection,0.8993505686066123
lorenz,32000,44,16,partitioned_driver_full_16,readout_budget_matched_single_pool_16,readout_budget_matched_single_pool,0.8639870571180829
lorenz,32000,44,16,partitioned_driver_full_16,remove_fast_trace_drivers_16,remove_fast_trace_drivers,0.9999999999999999
lorenz,32000,44,16,partitioned_driver_full_16,remove_lag_drivers_16,remove_lag_drivers,0.9999999999999999
lorenz,32000,44,16,partitioned_driver_full_16,remove_nonlinear_drivers_16,remove_nonlinear_drivers,0.9919942621239813
lorenz,32000,44,16,partitioned_driver_full_16,remove_slow_trace_drivers_16,remove_slow_trace_drivers,0.9999999999999999
lorenz,32000,44,16,partitioned_driver_full_16,permuted_recurrence_16_offset_71,permuted_recurrence,0.8518016047149464
lorenz,32000,44,16,partitioned_driver_full_16,permuted_recurrence_16_offset_101,permuted_recurrence,0.8561999839959964
lorenz,32000,44,16,partitioned_driver_full_16,permuted_recurrence_16_offset_131,permuted_recurrence,0.864596450088637
lorenz,32000,44,16,partitioned_driver_full_16,target_shuffle_candidate_16,target_shuffle_candidate,0.9999999999999999
lorenz,32000,44,16,partitioned_driver_full_16,time_shuffle_candidate_16,time_shuffle_candidate,0.00013925567708465952
lorenz,32000,44,32,partitioned_driver_full_32,partition_labels_shuffled_32,partition_labels_shuffled,0.9703132697769838
lorenz,32000,44,32,partitioned_driver_full_32,partition_merged_unpartitioned_32,partition_merged_unpartitioned,0.906913236032432
lorenz,32000,44,32,partitioned_driver_full_32,linear_lag_partitioned_32,linear_lag_partitioned,0.9586818681750873
lorenz,32000,44,32,partitioned_driver_full_32,diversity_pressure_disabled_repeat_32,diversity_pressure_disabled_repeat,0.9974631172642374
lorenz,32000,44,32,partitioned_driver_full_32,nonlinear_lag_unpartitioned_same_budget_32,nonlinear_lag_unpartitioned_same_budget,0.9643959187408361
lorenz,32000,44,32,partitioned_driver_full_32,same_feature_count_random_projection_32,same_feature_count_random_projection,0.9146063935755534
lorenz,32000,44,32,partitioned_driver_full_32,readout_budget_matched_single_pool_32,readout_budget_matched_single_pool,0.9745601064571293
lorenz,32000,44,32,partitioned_driver_full_32,remove_fast_trace_drivers_32,remove_fast_trace_drivers,1.0000000000000004
lorenz,32000,44,32,partitioned_driver_full_32,remove_lag_drivers_32,remove_lag_drivers,1.0000000000000004
lorenz,32000,44,32,partitioned_driver_full_32,remove_nonlinear_drivers_32,remove_nonlinear_drivers,0.9891544052658535
lorenz,32000,44,32,partitioned_driver_full_32,remove_slow_trace_drivers_32,remove_slow_trace_drivers,1.0000000000000004
lorenz,32000,44,32,partitioned_driver_full_32,permuted_recurrence_32_offset_71,permuted_recurrence,0.9502436535140419
lorenz,32000,44,32,partitioned_driver_full_32,permuted_recurrence_32_offset_101,permuted_recurrence,0.9630925838972078
lorenz,32000,44,32,partitioned_driver_full_32,permuted_recurrence_32_offset_131,permuted_recurrence,0.9673051682049058
lorenz,32000,44,32,partitioned_driver_full_32,target_shuffle_candidate_32,target_shuffle_candidate,1.0000000000000004
lorenz,32000,44,32,partitioned_driver_full_32,time_shuffle_candidate_32,time_shuffle_candidate,0.00023443953208045028
lorenz,32000,44,64,partitioned_driver_full_64,partition_labels_shuffled_64,partition_labels_shuffled,0.9526029986680853
lorenz,32000,44,64,partitioned_driver_full_64,partition_merged_unpartitioned_64,partition_merged_unpartitioned,0.9562505993205658
lorenz,32000,44,64,partitioned_driver_full_64,linear_lag_partitioned_64,linear_lag_partitioned,0.9827009161921393
lorenz,32000,44,64,partitioned_driver_full_64,diversity_pressure_disabled_repeat_64,diversity_pressure_disabled_repeat,0.999629398351993
lorenz,32000,44,64,partitioned_driver_full_64,nonlinear_lag_unpartitioned_same_budget_64,nonlinear_lag_unpartitioned_same_budget,0.9588545876132551
lorenz,32000,44,64,partitioned_driver_full_64,same_feature_count_random_projection_64,same_feature_count_random_projection,0.9635892081631479
lorenz,32000,44,64,partitioned_driver_full_64,readout_budget_matched_single_pool_64,readout_budget_matched_single_pool,0.976924823474847
lorenz,32000,44,64,partitioned_driver_full_64,remove_fast_trace_drivers_64,remove_fast_trace_drivers,1.0000000000000004
lorenz,32000,44,64,partitioned_driver_full_64,remove_lag_drivers_64,remove_lag_drivers,1.0000000000000004
lorenz,32000,44,64,partitioned_driver_full_64,remove_nonlinear_drivers_64,remove_nonlinear_drivers,0.9989761633721945
lorenz,32000,44,64,partitioned_driver_full_64,remove_slow_trace_drivers_64,remove_slow_trace_drivers,1.0000000000000004
lorenz,32000,44,64,partitioned_driver_full_64,permuted_recurrence_64_offset_71,permuted_recurrence,0.9725339452600411
lorenz,32000,44,64,partitioned_driver_full_64,permuted_recurrence_64_offset_101,permuted_recurrence,0.9578797906938372
lorenz,32000,44,64,partitioned_driver_full_64,permuted_recurrence_64_offset_131,permuted_recurrence,0.9729222270919153
lorenz,32000,44,64,partitioned_driver_full_64,target_shuffle_candidate_64,target_shuffle_candidate,1.0000000000000004
lorenz,32000,44,64,partitioned_driver_full_64,time_shuffle_candidate_64,time_shuffle_candidate,9.394909757038948e-05
lorenz,32000,44,128,partitioned_driver_full_128,partition_labels_shuffled_128,partition_labels_shuffled,0.9789602546055978
lorenz,32000,44,128,partitioned_driver_full_128,partition_merged_unpartitioned_128,partition_merged_unpartitioned,0.9696634260454544
lorenz,32000,44,128,partitioned_driver_full_128,linear_lag_partitioned_128,linear_lag_partitioned,0.9751625553570764
lorenz,32000,44,128,partitioned_driver_full_128,diversity_pressure_disabled_repeat_128,diversity_pressure_disabled_repeat,0.9997794280837295
lorenz,32000,44,128,partitioned_driver_full_128,nonlinear_lag_unpartitioned_same_budget_128,nonlinear_lag_unpartitioned_same_budget,0.966911030596777
lorenz,32000,44,128,partitioned_driver_full_128,same_feature_count_random_projection_128,same_feature_count_random_projection,0.9769885157382946
lorenz,32000,44,128,partitioned_driver_full_128,readout_budget_matched_single_pool_128,readout_budget_matched_single_pool,0.9625657689800945
lorenz,32000,44,128,partitioned_driver_full_128,remove_fast_trace_drivers_128,remove_fast_trace_drivers,1.0
lorenz,32000,44,128,partitioned_driver_full_128,remove_lag_drivers_128,remove_lag_drivers,1.0
lorenz,32000,44,128,partitioned_driver_full_128,remove_nonlinear_drivers_128,remove_nonlinear_drivers,0.9977060289673475
lorenz,32000,44,128,partitioned_driver_full_128,remove_slow_trace_drivers_128,remove_slow_trace_drivers,1.0
lorenz,32000,44,128,partitioned_driver_full_128,permuted_recurrence_128_offset_71,permuted_recurrence,0.9777116958532803
lorenz,32000,44,128,partitioned_driver_full_128,permuted_recurrence_128_offset_101,permuted_recurrence,0.969463732802439
lorenz,32000,44,128,partitioned_driver_full_128,permuted_recurrence_128_offset_131,permuted_recurrence,0.9455048786608505
lorenz,32000,44,128,partitioned_driver_full_128,target_shuffle_candidate_128,target_shuffle_candidate,1.0
lorenz,32000,44,128,partitioned_driver_full_128,time_shuffle_candidate_128,time_shuffle_candidate,0.00021126297724713807
narma10,32000,44,16,partitioned_driver_full_16,partition_labels_shuffled_16,partition_labels_shuffled,0.7550462328814577
narma10,32000,44,16,partitioned_driver_full_16,partition_merged_unpartitioned_16,partition_merged_unpartitioned,0.7811887173126499
narma10,32000,44,16,partitioned_driver_full_16,linear_lag_partitioned_16,linear_lag_partitioned,0.6331983892588037
narma10,32000,44,16,partitioned_driver_full_16,diversity_pressure_disabled_repeat_16,diversity_pressure_disabled_repeat,0.9904945688361771
narma10,32000,44,16,partitioned_driver_full_16,nonlinear_lag_unpartitioned_same_budget_16,nonlinear_lag_unpartitioned_same_budget,0.703436552551454
narma10,32000,44,16,partitioned_driver_full_16,same_feature_count_random_projection_16,same_feature_count_random_projection,0.738578661819764
narma10,32000,44,16,partitioned_driver_full_16,readout_budget_matched_single_pool_16,readout_budget_matched_single_pool,0.8088281647625094
narma10,32000,44,16,partitioned_driver_full_16,remove_fast_trace_drivers_16,remove_fast_trace_drivers,0.9999999999999987
narma10,32000,44,16,partitioned_driver_full_16,remove_lag_drivers_16,remove_lag_drivers,0.9999999999999987
narma10,32000,44,16,partitioned_driver_full_16,remove_nonlinear_drivers_16,remove_nonlinear_drivers,0.9834525528635158
narma10,32000,44,16,partitioned_driver_full_16,remove_slow_trace_drivers_16,remove_slow_trace_drivers,0.9999999999999987
narma10,32000,44,16,partitioned_driver_full_16,permuted_recurrence_16_offset_71,permuted_recurrence,0.778958972672882
narma10,32000,44,16,partitioned_driver_full_16,permuted_recurrence_16_offset_101,permuted_recurrence,0.771691945732138
narma10,32000,44,16,partitioned_driver_full_16,permuted_recurrence_16_offset_131,permuted_recurrence,0.7969227222672739
narma10,32000,44,16,partitioned_driver_full_16,target_shuffle_candidate_16,target_shuffle_candidate,0.9999999999999987
narma10,32000,44,16,partitioned_driver_full_16,time_shuffle_candidate_16,time_shuffle_candidate,0.0004898636079655745
narma10,32000,44,32,partitioned_driver_full_32,partition_labels_shuffled_32,partition_labels_shuffled,0.8718801757443966
narma10,32000,44,32,partitioned_driver_full_32,partition_merged_unpartitioned_32,partition_merged_unpartitioned,0.8185982208391241
narma10,32000,44,32,partitioned_driver_full_32,linear_lag_partitioned_32,linear_lag_partitioned,0.8668170725413264
narma10,32000,44,32,partitioned_driver_full_32,diversity_pressure_disabled_repeat_32,diversity_pressure_disabled_repeat,0.9925805720094182
narma10,32000,44,32,partitioned_driver_full_32,nonlinear_lag_unpartitioned_same_budget_32,nonlinear_lag_unpartitioned_same_budget,0.8689186858602816
narma10,32000,44,32,partitioned_driver_full_32,same_feature_count_random_projection_32,same_feature_count_random_projection,0.844935106191292
narma10,32000,44,32,partitioned_driver_full_32,readout_budget_matched_single_pool_32,readout_budget_matched_single_pool,0.6365076469843216
narma10,32000,44,32,partitioned_driver_full_32,remove_fast_trace_drivers_32,remove_fast_trace_drivers,1.0
narma10,32000,44,32,partitioned_driver_full_32,remove_lag_drivers_32,remove_lag_drivers,1.0
narma10,32000,44,32,partitioned_driver_full_32,remove_nonlinear_drivers_32,remove_nonlinear_drivers,0.9763550070933541
narma10,32000,44,32,partitioned_driver_full_32,remove_slow_trace_drivers_32,remove_slow_trace_drivers,1.0
narma10,32000,44,32,partitioned_driver_full_32,permuted_recurrence_32_offset_71,permuted_recurrence,0.6878579004547621
narma10,32000,44,32,partitioned_driver_full_32,permuted_recurrence_32_offset_101,permuted_recurrence,0.6287754373847065
narma10,32000,44,32,partitioned_driver_full_32,permuted_recurrence_32_offset_131,permuted_recurrence,0.6215198537022129
narma10,32000,44,32,partitioned_driver_full_32,target_shuffle_candidate_32,target_shuffle_candidate,1.0
narma10,32000,44,32,partitioned_driver_full_32,time_shuffle_candidate_32,time_shuffle_candidate,0.0003281262074068129
narma10,32000,44,64,partitioned_driver_full_64,partition_labels_shuffled_64,partition_labels_shuffled,0.9526278305033229
narma10,32000,44,64,partitioned_driver_full_64,partition_merged_unpartitioned_64,partition_merged_unpartitioned,0.8217255154200479
narma10,32000,44,64,partitioned_driver_full_64,linear_lag_partitioned_64,linear_lag_partitioned,0.9436355448307917
narma10,32000,44,64,partitioned_driver_full_64,diversity_pressure_disabled_repeat_64,diversity_pressure_disabled_repeat,0.9996939200335647
narma10,32000,44,64,partitioned_driver_full_64,nonlinear_lag_unpartitioned_same_budget_64,nonlinear_lag_unpartitioned_same_budget,0.8874177642197333
narma10,32000,44,64,partitioned_driver_full_64,same_feature_count_random_projection_64,same_feature_count_random_projection,0.8089652831358563
narma10,32000,44,64,partitioned_driver_full_64,readout_budget_matched_single_pool_64,readout_budget_matched_single_pool,0.7952887066637329
narma10,32000,44,64,partitioned_driver_full_64,remove_fast_trace_drivers_64,remove_fast_trace_drivers,1.0
narma10,32000,44,64,partitioned_driver_full_64,remove_lag_drivers_64,remove_lag_drivers,1.0
narma10,32000,44,64,partitioned_driver_full_64,remove_nonlinear_drivers_64,remove_nonlinear_drivers,0.9896220532909507
narma10,32000,44,64,partitioned_driver_full_64,remove_slow_trace_drivers_64,remove_slow_trace_drivers,1.0
narma10,32000,44,64,partitioned_driver_full_64,permuted_recurrence_64_offset_71,permuted_recurrence,0.7823521285418733
narma10,32000,44,64,partitioned_driver_full_64,permuted_recurrence_64_offset_101,permuted_recurrence,0.8245278303074769
narma10,32000,44,64,partitioned_driver_full_64,permuted_recurrence_64_offset_131,permuted_recurrence,0.7965081718834067
narma10,32000,44,64,partitioned_driver_full_64,target_shuffle_candidate_64,target_shuffle_candidate,1.0
narma10,32000,44,64,partitioned_driver_full_64,time_shuffle_candidate_64,time_shuffle_candidate,0.00037074368327044807
narma10,32000,44,128,partitioned_driver_full_128,partition_labels_shuffled_128,partition_labels_shuffled,0.9652435827356329
narma10,32000,44,128,partitioned_driver_full_128,partition_merged_unpartitioned_128,partition_merged_unpartitioned,0.8074932951431746
narma10,32000,44,128,partitioned_driver_full_128,linear_lag_partitioned_128,linear_lag_partitioned,0.9291279730778214
narma10,32000,44,128,partitioned_driver_full_128,diversity_pressure_disabled_repeat_128,diversity_pressure_disabled_repeat,0.9995498747798601
narma10,32000,44,128,partitioned_driver_full_128,nonlinear_lag_unpartitioned_same_budget_128,nonlinear_lag_unpartitioned_same_budget,0.9320208595159754
narma10,32000,44,128,partitioned_driver_full_128,same_feature_count_random_projection_128,same_feature_count_random_projection,0.8434798545106608
narma10,32000,44,128,partitioned_driver_full_128,readout_budget_matched_single_pool_128,readout_budget_matched_single_pool,0.7849138053038275
narma10,32000,44,128,partitioned_driver_full_128,remove_fast_trace_drivers_128,remove_fast_trace_drivers,1.0
narma10,32000,44,128,partitioned_driver_full_128,remove_lag_drivers_128,remove_lag_drivers,1.0
narma10,32000,44,128,partitioned_driver_full_128,remove_nonlinear_drivers_128,remove_nonlinear_drivers,0.9900713557250935
narma10,32000,44,128,partitioned_driver_full_128,remove_slow_trace_drivers_128,remove_slow_trace_drivers,1.0
narma10,32000,44,128,partitioned_driver_full_128,permuted_recurrence_128_offset_71,permuted_recurrence,0.7801727682378473
narma10,32000,44,128,partitioned_driver_full_128,permuted_recurrence_128_offset_101,permuted_recurrence,0.8193677845426077
narma10,32000,44,128,partitioned_driver_full_128,permuted_recurrence_128_offset_131,permuted_recurrence,0.7523237194560248
narma10,32000,44,128,partitioned_driver_full_128,target_shuffle_candidate_128,target_shuffle_candidate,1.0
narma10,32000,44,128,partitioned_driver_full_128,time_shuffle_candidate_128,time_shuffle_candidate,0.0004300178820908301
