step,dt_ms,n_polyps,n_alive,n_juvenile,n_adult,births_this_step,deaths_this_step,mean_trophic_health,min_trophic_health,max_trophic_health,colony_prediction,raw_dopamine,mean_directional_accuracy_ema,capital,position_size,direction_correct,n_edges,n_gap_junctions,n_ff,n_lat,n_fb,motif_message_total,ff_message_total,lat_message_total,fb_message_total,graph_context_mean_abs,graph_context_nonzero_count,macro_eligibility_trace_abs_sum,macro_eligibility_trace_nonzero_count,macro_eligibility_matured_updates,macro_eligibility_trace_mode,macro_eligibility_credit_mode,I_union_bits,changepoint_probability,spinnaker_wall_ms,host_compute_wall_ms,total_step_wall_ms,task,model,model_family,variant,variant_group,backend,seed,sensory_return_1m,target_return_1m,target_signal_horizon,target_signal_sign,target_signal_nonzero,prediction_sign,strict_direction_correct,feedback_due_step,configured_horizon_bars,configured_readout_lr,configured_delayed_readout_lr,configured_macro_eligibility_enabled,configured_macro_eligibility_decay,configured_macro_eligibility_trace_mode,configured_macro_eligibility_credit_mode,configured_macro_eligibility_residual_scale,configured_macro_eligibility_trace_clip,configured_macro_eligibility_learning_rate_scale,configured_initial_population,configured_max_population,trading_bridge_present_after_init,trading_bridge_present_after_step,phase,tier
0,1000.0,8,8,8,0,0,0,19.910199708645575,19.910199708645575,19.910199708645575,0.07208846377414718,0.0,0.5,1.0,0.06522833877929475,False,0,0,0,0,0,0.0,0.0,0.0,0.0,0.0,0,0.0,0,0,disabled,disabled,0.0,0.0,22.747833000039464,0.5440830000225105,25.919667000152913,hidden_regime_switching,multi_timescale_memory,CRA,multi_timescale_memory,candidate,NEST,44,0.009628497300261746,0.0,0.01,1,True,1,True,5,5,0.1,0.2,False,0.92,normal,replace,0.1,1.0,1.0,8,8,True,True,R0_identity,5.10
1,1000.0,8,8,8,0,0,0,19.82084699960904,19.82084699960904,19.82084699960904,-0.024100752675559733,-0.0,0.499982,1.0,-0.034771661220705255,False,0,0,0,0,0,0.0,0.0,0.0,0.0,0.0,0,0.0,0,0,disabled,disabled,0.0,0.0,20.953707999979088,0.5894580001495342,24.37083299992082,hidden_regime_switching,multi_timescale_memory,CRA,multi_timescale_memory,candidate,NEST,44,0.0,0.0,0.0,0,False,-1,False,-1,5,0.1,0.2,False,0.92,normal,replace,0.1,1.0,1.0,8,8,True,True,R0_identity,5.10
2,1000.0,8,8,8,0,0,0,19.731939640573223,19.731939640573223,19.731939640573223,0.05984775170263378,0.0,0.499946216,1.0,0.06522833877929475,False,0,0,0,0,0,0.0,0.0,0.0,0.0,0.0,0,0.0,0,0,disabled,disabled,0.0,0.0,18.838082999991457,0.5288749998726416,22.02558399994814,hidden_regime_switching,multi_timescale_memory,CRA,multi_timescale_memory,candidate,NEST,44,0.0,0.0,0.0,0,False,1,False,-1,5,0.1,0.2,False,0.92,normal,replace,0.1,1.0,1.0,8,8,True,True,R0_identity,5.10
3,1000.0,8,8,8,0,0,0,19.64347541035469,19.64347541035469,19.64347541035469,-0.035078410715342026,-0.0,0.49989286205600003,1.0,-0.034771661220705255,False,0,0,0,0,0,0.0,0.0,0.0,0.0,0.0,0,0.0,0,0,disabled,disabled,0.0,0.0,19.57937499992113,0.5487920000177837,22.737000000006446,hidden_regime_switching,multi_timescale_memory,CRA,multi_timescale_memory,candidate,NEST,44,0.0,0.0,0.0,0,False,-1,False,-1,5,0.1,0.2,False,0.92,normal,replace,0.1,1.0,1.0,8,8,True,True,R0_identity,5.10
4,1000.0,8,8,8,0,0,0,19.555452098848193,19.555452098848193,19.555452098848193,0.0012489951940402918,0.0,0.499822150295552,1.0,0.04409897550169467,False,0,0,0,0,0,0.0,0.0,0.0,0.0,0.0,0,0.0,0,0,disabled,disabled,0.0,0.0,19.63454199994885,0.6747909999376134,23.444500000096014,hidden_regime_switching,multi_timescale_memory,CRA,multi_timescale_memory,candidate,NEST,44,0.0,0.0,0.0,0,False,1,False,-1,5,0.1,0.2,False,0.92,normal,replace,0.1,1.0,1.0,8,8,True,True,R0_identity,5.10
5,1000.0,8,8,8,0,0,0,19.467867506971437,19.467867506971437,19.467867506971437,-0.019360843662784576,-0.19122507808855196,0.4997342909331953,1.000440989755017,-0.055901024498305335,False,0,0,0,0,0,0.0,0.0,0.0,0.0,0.0,0,0.0,0,0,disabled,disabled,0.0,0.0,82.88900000002286,0.6040000000666623,86.16295900014848,hidden_regime_switching,multi_timescale_memory,CRA,multi_timescale_memory,candidate,NEST,44,0.0,0.01,0.0,0,False,-1,False,-1,5,0.1,0.2,False,0.92,normal,replace,0.1,1.0,1.0,8,8,True,True,R0_identity,5.10
6,1000.0,8,8,8,0,0,0,19.380719446610097,19.380719446610097,19.380719446610097,0.009541072701840472,0.09512226282528706,0.4996294922857763,1.000440989755017,0.04409897550169467,True,0,0,0,0,0,0.0,0.0,0.0,0.0,0.0,0,0.0,0,0,disabled,disabled,0.0,0.0,18.58225000000857,0.5888749999485299,21.804292000069836,hidden_regime_switching,multi_timescale_memory,CRA,multi_timescale_memory,candidate,NEST,44,0.0,0.0,0.0,0,False,1,False,-1,5,0.1,0.2,False,0.92,normal,replace,0.1,1.0,1.0,8,8,True,True,R0_identity,5.10
7,1000.0,8,8,8,0,0,0,19.29400574056311,19.29400574056311,19.29400574056311,0.017220042944881643,0.17051829303309238,0.4995079607876527,1.000440989755017,0.14409897550169468,True,0,0,0,0,0,0.0,0.0,0.0,0.0,0.0,0,0.0,0,0,disabled,disabled,0.0,0.0,19.386708999945768,0.5990409999867552,22.584249999908934,hidden_regime_switching,multi_timescale_memory,CRA,multi_timescale_memory,candidate,NEST,44,0.0,0.0,0.0,0,False,1,False,-1,5,0.1,0.2,False,0.92,normal,replace,0.1,1.0,1.0,8,8,True,True,R0_identity,5.10
8,1000.0,8,8,8,0,0,0,19.207724222488253,19.207724222488253,19.207724222488253,0.14048604625717628,0.8863977393427115,0.4993699010057843,1.000440989755017,0.24409897550169468,True,0,0,0,0,0,0.0,0.0,0.0,0.0,0.0,0,0.0,0,0,disabled,disabled,0.0,0.0,19.566166999993584,0.5975410001610726,22.771374999820182,hidden_regime_switching,multi_timescale_memory,CRA,multi_timescale_memory,candidate,NEST,44,0.010476821405273515,0.0,0.01,1,True,1,True,13,5,0.1,0.2,False,0.92,normal,replace,0.1,1.0,1.0,8,8,True,True,R0_identity,5.10
9,1000.0,8,8,8,0,0,0,19.121872736847966,19.121872736847966,19.121872736847966,0.0290273495623624,0.2823865185986847,0.49925151565471,1.000440989755017,0.14409897550169468,True,0,0,0,0,0,0.0,0.0,0.0,0.0,0.0,0,0.0,0,0,disabled,disabled,0.0,0.0,19.001957999989827,0.8594999999331776,22.486291999939567,hidden_regime_switching,multi_timescale_memory,CRA,multi_timescale_memory,candidate,NEST,44,0.0,0.0,0.0,0,False,1,False,-1,5,0.1,0.2,False,0.92,normal,replace,0.1,1.0,1.0,8,8,True,True,R0_identity,5.10
10,1000.0,8,8,8,0,0,0,19.036449138855495,19.036449138855495,19.036449138855495,0.02550008361482766,0.0,0.4991165736114124,1.000440989755017,0.04409897550169467,False,0,0,0,0,0,0.0,0.0,0.0,0.0,0.0,0,0.0,0,0,disabled,disabled,0.0,0.0,20.05662500005201,0.8579580000969145,23.961958999962008,hidden_regime_switching,multi_timescale_memory,CRA,multi_timescale_memory,candidate,NEST,44,0.0,0.0,0.0,0,False,1,False,-1,5,0.1,0.2,False,0.92,normal,replace,0.1,1.0,1.0,8,8,True,True,R0_identity,5.10
11,1000.0,8,8,8,0,0,0,18.95145129442124,18.95145129442124,18.95145129442124,0.04035337482791566,0.0,0.49896527781807076,1.000440989755017,0.0,False,0,0,0,0,0,0.0,0.0,0.0,0.0,0.0,0,0.0,0,0,disabled,disabled,0.0,0.0,18.841667000060625,0.9582499999396532,22.38104100001692,hidden_regime_switching,multi_timescale_memory,CRA,multi_timescale_memory,candidate,NEST,44,0.0,0.0,0.0,0,False,1,False,-1,5,0.1,0.2,False,0.92,normal,replace,0.1,1.0,1.0,8,8,True,True,R0_identity,5.10
12,1000.0,8,8,8,0,0,0,18.867056810502035,18.867056810502035,18.867056810502035,0.02079873115114401,0.0,0.4987978293775992,1.000440989755017,0.0,False,0,0,0,0,0,0.0,0.0,0.0,0.0,0.0,0,0.0,0,0,disabled,disabled,0.011721611721611236,0.0,19.760499999847525,1.2655000000449945,23.645540999950754,hidden_regime_switching,multi_timescale_memory,CRA,multi_timescale_memory,candidate,NEST,44,0.0,0.0,0.0,0,False,1,False,-1,5,0.1,0.2,False,0.92,normal,replace,0.1,1.0,1.0,8,8,True,True,R0_identity,5.10
13,1000.0,8,8,8,0,0,0,18.78290321702849,18.78290321702849,18.78290321702849,0.009527669257426364,0.09888464397248542,0.4986144275684119,1.000440989755017,0.0,True,0,0,0,0,0,0.0,0.0,0.0,0.0,0.0,0,0.0,0,0,disabled,disabled,0.0,0.0,19.036208999978044,0.9125829999447888,22.561332999885053,hidden_regime_switching,multi_timescale_memory,CRA,multi_timescale_memory,candidate,NEST,44,0.0,0.01,0.0,0,False,1,False,-1,5,0.1,0.2,False,0.92,normal,replace,0.1,1.0,1.0,8,8,True,True,R0_identity,5.10
14,1000.0,8,8,8,0,0,0,18.69916904296606,18.69916904296606,18.69916904296606,-0.024985851861409933,-0.2574466741760622,0.4984152698590772,1.000440989755017,0.0,False,0,0,0,0,0,0.0,0.0,0.0,0.0,0.0,0,0.0,0,0,disabled,disabled,0.0,0.0,18.643792000148096,0.9253329999410198,22.164834000022893,hidden_regime_switching,multi_timescale_memory,CRA,multi_timescale_memory,candidate,NEST,44,0.0,0.0,0.0,0,False,-1,False,-1,5,0.1,0.2,False,0.92,normal,replace,0.1,1.0,1.0,8,8,True,True,R0_identity,5.10
15,1000.0,8,8,8,0,0,0,18.61585219646065,18.61585219646065,18.61585219646065,-0.1490739075400986,-0.9202280346392119,0.49820055192286206,1.000440989755017,0.0,False,0,0,0,0,0,0.0,0.0,0.0,0.0,0.0,0,0.0,0,0,disabled,disabled,0.0,0.0,19.682458000033876,0.9452919998693687,23.210709000068164,hidden_regime_switching,multi_timescale_memory,CRA,multi_timescale_memory,candidate,NEST,44,0.0,0.0,0.0,0,False,-1,False,-1,5,0.1,0.2,False,0.92,normal,replace,0.1,1.0,1.0,8,8,True,True,R0_identity,5.10
16,1000.0,8,8,8,0,0,0,18.532950596091343,18.532950596091343,18.532950596091343,0.21314225090150618,0.9796441375046672,0.49797046765216657,1.000440989755017,0.0,True,0,0,0,0,0,0.0,0.0,0.0,0.0,0.0,0,0.0,0,0,disabled,disabled,0.0,0.0,18.317709000029936,0.9476249999806896,21.863374999838925,hidden_regime_switching,multi_timescale_memory,CRA,multi_timescale_memory,candidate,NEST,44,0.009771721153338403,0.0,0.01,1,True,1,True,21,5,0.1,0.2,False,0.92,normal,replace,0.1,1.0,1.0,8,8,True,True,R0_identity,5.10
17,1000.0,8,8,8,0,0,0,18.45046217081834,18.45046217081834,18.45046217081834,-0.019086183097545378,-0.20271487799721452,0.49776120917285027,1.000440989755017,0.0,False,0,0,0,0,0,0.0,0.0,0.0,0.0,0.0,0,0.0,0,0,disabled,disabled,0.0,0.0,19.42691699991883,0.92708300007871,22.954374999926586,hidden_regime_switching,multi_timescale_memory,CRA,multi_timescale_memory,candidate,NEST,44,0.0,0.0,0.0,0,False,-1,False,-1,5,0.1,0.2,False,0.92,normal,replace,0.1,1.0,1.0,8,8,True,True,R0_identity,5.10
18,1000.0,8,8,8,0,0,0,18.368384859931208,18.368384859931208,18.368384859931208,-0.03833824066697216,-0.0,0.49753653485845023,1.000440989755017,0.0,False,0,0,0,0,0,0.0,0.0,0.0,0.0,0.0,0,0.0,0,0,disabled,disabled,0.0,0.0,18.748542000139423,1.0434999999233696,23.011958000097366,hidden_regime_switching,multi_timescale_memory,CRA,multi_timescale_memory,candidate,NEST,44,0.0,0.0,0.0,0,False,-1,False,-1,5,0.1,0.2,False,0.92,normal,replace,0.1,1.0,1.0,8,8,True,True,R0_identity,5.10
19,1000.0,8,8,8,0,0,0,18.286716612997342,18.286716612997342,18.286716612997342,-0.03382399271099261,-0.0,0.4972966372322928,1.000440989755017,0.0,False,0,0,0,0,0,0.0,0.0,0.0,0.0,0.0,0,0.0,0,0,disabled,disabled,0.0,0.0,19.214333000036277,0.9706249998089334,22.772165999867866,hidden_regime_switching,multi_timescale_memory,CRA,multi_timescale_memory,candidate,NEST,44,0.0,0.0,0.0,0,False,-1,False,-1,5,0.1,0.2,False,0.92,normal,replace,0.1,1.0,1.0,8,8,True,True,R0_identity,5.10
20,1000.0,8,8,8,0,0,0,18.205455389810712,18.205455389810712,18.205455389810712,-0.08339484849783955,-0.0,0.4970417070623943,1.000440989755017,0.0,False,0,0,0,0,0,0.0,0.0,0.0,0.0,0.0,0,0.0,0,0,disabled,disabled,0.0,0.0,18.900875000099404,1.1117500000636937,22.652249999964624,hidden_regime_switching,multi_timescale_memory,CRA,multi_timescale_memory,candidate,NEST,44,0.0,0.0,0.0,0,False,-1,False,-1,5,0.1,0.2,False,0.92,normal,replace,0.1,1.0,1.0,8,8,True,True,R0_identity,5.10
21,1000.0,8,8,8,0,0,0,18.12459916034086,18.12459916034086,18.12459916034086,0.035963715557583174,0.37372583001860227,0.4967719333755943,1.000440989755017,0.0,True,0,0,0,0,0,0.0,0.0,0.0,0.0,0.0,0,0.0,0,0,disabled,disabled,0.0,0.0,19.34379199997238,1.0034580000137794,23.141874999964784,hidden_regime_switching,multi_timescale_memory,CRA,multi_timescale_memory,candidate,NEST,44,0.0,0.01,0.0,0,False,1,False,-1,5,0.1,0.2,False,0.92,normal,replace,0.1,1.0,1.0,8,8,True,True,R0_identity,5.10
22,1000.0,8,8,8,0,0,0,18.04414590468215,18.04414590468215,18.04414590468215,-0.08909696030488459,-0.7515998262484874,0.4964875034715816,1.000440989755017,0.0,False,0,0,0,0,0,0.0,0.0,0.0,0.0,0.0,0,0.0,0,0,disabled,disabled,0.0,0.0,19.29874999996173,1.027292000117086,22.923374999891166,hidden_regime_switching,multi_timescale_memory,CRA,multi_timescale_memory,candidate,NEST,44,0.0,0.0,0.0,0,False,-1,False,-1,5,0.1,0.2,False,0.92,normal,replace,0.1,1.0,1.0,8,8,True,True,R0_identity,5.10
23,1000.0,8,8,8,0,0,0,17.96409361300326,17.96409361300326,17.96409361300326,0.01996297395527833,0.21611984728162714,0.49618860293681555,1.000440989755017,0.0,True,0,0,0,0,0,0.0,0.0,0.0,0.0,0.0,0,0.0,0,0,disabled,disabled,0.0,0.0,18.894332999934704,1.1050840000734752,22.598666000021694,hidden_regime_switching,multi_timescale_memory,CRA,multi_timescale_memory,candidate,NEST,44,0.0,0.0,0.0,0,False,1,False,-1,5,0.1,0.2,False,0.92,normal,replace,0.1,1.0,1.0,8,8,True,True,R0_identity,5.10
24,1000.0,8,8,8,0,0,0,17.884440285496947,17.884440285496947,17.884440285496947,0.2963084306188253,0.9971240140515589,0.4958754156583417,1.000440989755017,0.0,True,0,0,0,0,0,0.0,0.0,0.0,0.0,0.0,0,0.0,0,0,disabled,disabled,0.0,0.0,79.56504100002348,1.139666999961264,83.32558399979462,hidden_regime_switching,multi_timescale_memory,CRA,multi_timescale_memory,candidate,NEST,44,0.00982804326167757,0.0,0.01,1,True,1,True,29,5,0.1,0.2,False,0.92,normal,replace,0.1,1.0,1.0,8,8,True,True,R0_identity,5.10
25,1000.0,8,8,8,0,0,0,17.80518393233005,17.80518393233005,17.80518393233005,-0.011178357265119211,-0.12290860602328739,0.49558412383750383,1.000440989755017,0.0,False,0,0,0,0,0,0.0,0.0,0.0,0.0,0.0,0,0.0,0,0,disabled,disabled,0.0,0.0,18.970458000012513,1.01391699990927,22.590374999936103,hidden_regime_switching,multi_timescale_memory,CRA,multi_timescale_memory,candidate,NEST,44,0.0,0.0,0.0,0,False,-1,False,-1,5,0.1,0.2,False,0.92,normal,replace,0.1,1.0,1.0,8,8,True,True,R0_identity,5.10
26,1000.0,8,8,8,0,0,0,17.726322573593738,17.726322573593738,17.726322573593738,0.020481880056518256,0.0,0.4952784760035523,1.000440989755017,0.0,False,0,0,0,0,0,0.0,0.0,0.0,0.0,0.0,0,0.0,0,0,disabled,disabled,0.0,0.0,19.314041999905385,1.036915999975463,22.950957999910315,hidden_regime_switching,multi_timescale_memory,CRA,multi_timescale_memory,candidate,NEST,44,0.0,0.0,0.0,0,False,1,False,-1,5,0.1,0.2,False,0.92,normal,replace,0.1,1.0,1.0,8,8,True,True,R0_identity,5.10
27,1000.0,8,8,8,0,0,0,17.647854239254016,17.647854239254016,17.647854239254016,0.04116480830750039,0.0,0.49495865491515006,1.000440989755017,0.0,False,0,0,0,0,0,0.0,0.0,0.0,0.0,0.0,0,0.0,0,0,disabled,disabled,0.0,0.0,19.314375000021755,1.0622090001106699,23.400750000064363,hidden_regime_switching,multi_timescale_memory,CRA,multi_timescale_memory,candidate,NEST,44,0.0,0.0,0.0,0,False,1,False,-1,5,0.1,0.2,False,0.92,normal,replace,0.1,1.0,1.0,8,8,True,True,R0_identity,5.10
28,1000.0,8,8,8,0,0,0,17.56977696910248,17.56977696910248,17.56977696910248,0.09480696722214874,0.0,0.4946248416546725,1.000440989755017,0.0,False,0,0,0,0,0,0.0,0.0,0.0,0.0,0.0,0,0.0,0,0,disabled,disabled,0.0,0.0,18.720458000188955,1.0956669998449797,22.41995899998983,hidden_regime_switching,multi_timescale_memory,CRA,multi_timescale_memory,candidate,NEST,44,0.0,0.0,0.0,0,False,1,False,-1,5,0.1,0.2,False,0.92,normal,replace,0.1,1.0,1.0,8,8,True,True,R0_identity,5.10
29,1000.0,8,8,8,0,0,0,17.4920888127073,17.4920888127073,17.4920888127073,0.06461040975498311,0.615678401474848,0.49427721564174376,1.000440989755017,0.0,True,0,0,0,0,0,0.0,0.0,0.0,0.0,0.0,0,0.0,0,0,disabled,disabled,0.0,0.0,19.889709000153744,1.379124999857595,23.864582999976847,hidden_regime_switching,multi_timescale_memory,CRA,multi_timescale_memory,candidate,NEST,44,0.0,0.01,0.0,0,False,1,False,-1,5,0.1,0.2,False,0.92,normal,replace,0.1,1.0,1.0,8,8,True,True,R0_identity,5.10
30,1000.0,8,8,8,0,0,0,17.41478782936447,17.41478782936447,17.41478782936447,0.049754100671861715,0.5034248799962867,0.4939159546466706,1.000440989755017,0.0,True,0,0,0,0,0,0.0,0.0,0.0,0.0,0.0,0,0.0,0,0,disabled,disabled,0.0,0.0,18.94491600000947,1.0615419998885045,22.62074999998731,hidden_regime_switching,multi_timescale_memory,CRA,multi_timescale_memory,candidate,NEST,44,0.0,0.0,0.0,0,False,1,False,-1,5,0.1,0.2,False,0.92,normal,replace,0.1,1.0,1.0,8,8,True,True,R0_identity,5.10
31,1000.0,8,8,8,0,0,0,17.33787208804928,17.33787208804928,17.33787208804928,0.06778633175909424,0.6387623507440824,0.4935412348037752,1.000440989755017,0.0,True,0,0,0,0,0,0.0,0.0,0.0,0.0,0.0,0,0.0,0,0,disabled,disabled,0.0,0.0,20.837374999928215,1.0880000002089218,24.518707999959588,hidden_regime_switching,multi_timescale_memory,CRA,multi_timescale_memory,candidate,NEST,44,0.0,0.0,0.0,0,False,1,False,-1,5,0.1,0.2,False,0.92,normal,replace,0.1,1.0,1.0,8,8,True,True,R0_identity,5.10
32,1000.0,8,8,8,0,0,0,17.261339667368055,17.261339667368055,17.261339667368055,0.376076774847552,0.9995534146983935,0.49315323062462724,1.000440989755017,0.0,True,0,0,0,0,0,0.0,0.0,0.0,0.0,0.0,0,0.0,0,0,disabled,disabled,0.0,0.0,19.70054200000959,1.1070410000684205,24.144750000004933,hidden_regime_switching,multi_timescale_memory,CRA,multi_timescale_memory,candidate,NEST,44,0.009872348813540056,0.0,0.01,1,True,1,True,37,5,0.1,0.2,False,0.92,normal,replace,0.1,1.0,1.0,8,8,True,True,R0_identity,5.10
33,1000.0,8,8,8,0,0,0,17.185188655510096,17.185188655510096,17.185188655510096,0.0022800476635603454,0.025473802145485704,0.49278811501117614,1.000440989755017,0.0,True,0,0,0,0,0,0.0,0.0,0.0,0.0,0.0,0,0.0,0,0,disabled,disabled,0.0,0.0,19.925875000126325,1.1048329999994166,23.657333999835828,hidden_regime_switching,multi_timescale_memory,CRA,multi_timescale_memory,candidate,NEST,44,0.0,0.0,0.0,0,False,1,False,-1,5,0.1,0.2,False,0.92,normal,replace,0.1,1.0,1.0,8,8,True,True,R0_identity,5.10
34,1000.0,8,8,8,0,0,0,17.10941715019991,17.10941715019991,17.10941715019991,0.004209355645538846,0.0,0.49240962726878396,1.000440989755017,0.0,False,0,0,0,0,0,0.0,0.0,0.0,0.0,0.0,0,0.0,0,0,disabled,disabled,0.0,0.0,19.787167000004047,1.1627920000591985,23.543375000144806,hidden_regime_switching,multi_timescale_memory,CRA,multi_timescale_memory,candidate,NEST,44,0.0,0.0,0.0,0,False,1,False,-1,5,0.1,0.2,False,0.92,normal,replace,0.1,1.0,1.0,8,8,True,True,R0_identity,5.10
35,1000.0,8,8,8,0,0,0,17.034023258649636,17.034023258649636,17.034023258649636,-0.02233194179338172,-0.0,0.49201794100716006,1.000440989755017,0.0,False,0,0,0,0,0,0.0,0.0,0.0,0.0,0.0,0,0.0,0,0,disabled,disabled,0.0,0.0,19.393124999851352,1.152958000147919,23.181707999810897,hidden_regime_switching,multi_timescale_memory,CRA,multi_timescale_memory,candidate,NEST,44,0.0,0.0,0.0,0,False,-1,False,-1,5,0.1,0.2,False,0.92,normal,replace,0.1,1.0,1.0,8,8,True,True,R0_identity,5.10
36,1000.0,8,8,8,0,0,0,16.959005097511742,16.959005097511742,16.959005097511742,0.01395075093161519,0.0,0.491613228234094,1.000440989755017,0.0,False,0,0,0,0,0,0.0,0.0,0.0,0.0,0.0,0,0.0,0,0,disabled,disabled,0.0,0.0,19.242249999933847,1.5146250000270811,23.424666999972032,hidden_regime_switching,multi_timescale_memory,CRA,multi_timescale_memory,candidate,NEST,44,0.0,0.0,0.0,0,False,1,False,-1,5,0.1,0.2,False,0.92,normal,replace,0.1,1.0,1.0,8,8,True,True,R0_identity,5.10
37,1000.0,8,8,8,0,0,0,16.884360792831924,16.884360792831924,16.884360792831924,0.0515309660466915,0.5198764439509155,0.49119565936842846,1.000440989755017,0.0,True,0,0,0,0,0,0.0,0.0,0.0,0.0,0.0,0,0.0,0,0,disabled,disabled,0.0,0.0,18.67487499998788,1.1446250000517466,22.51070800002708,hidden_regime_switching,multi_timescale_memory,CRA,multi_timescale_memory,candidate,NEST,44,0.0,0.01,0.0,0,False,1,False,-1,5,0.1,0.2,False,0.92,normal,replace,0.1,1.0,1.0,8,8,True,True,R0_identity,5.10
38,1000.0,8,8,8,0,0,0,16.810088480002257,16.810088480002257,16.810088480002257,-0.0008923551348196776,-0.009981757330735915,0.4907654032529345,1.000440989755017,0.0,False,0,0,0,0,0,0.0,0.0,0.0,0.0,0.0,0,0.0,0,0,disabled,disabled,0.0,0.0,19.445457999836435,1.143000000183747,23.16683300000477,hidden_regime_switching,multi_timescale_memory,CRA,multi_timescale_memory,candidate,NEST,44,0.0,0.0,0.0,0,False,-1,False,-1,5,0.1,0.2,False,0.92,normal,replace,0.1,1.0,1.0,8,8,True,True,R0_identity,5.10
39,1000.0,8,8,8,0,0,0,16.736186303714597,16.736186303714597,16.736186303714597,-3.723028621484666e-05,-0.0004167107948880577,0.4903226271670892,1.000440989755017,0.0,False,0,0,0,0,0,0.0,0.0,0.0,0.0,0.0,0,0.0,0,0,disabled,disabled,0.0,0.0,19.31979100004355,1.2057090000325843,23.25612499998897,hidden_regime_switching,multi_timescale_memory,CRA,multi_timescale_memory,candidate,NEST,44,0.0,0.0,0.0,0,False,-1,False,-1,5,0.1,0.2,False,0.92,normal,replace,0.1,1.0,1.0,8,8,True,True,R0_identity,5.10
40,1000.0,8,8,8,0,0,0,16.662652417914188,16.662652417914188,16.662652417914188,0.46344637269116895,0.9999380240508895,0.4898674968397569,1.000440989755017,0.0,True,0,0,0,0,0,0.0,0.0,0.0,0.0,0.0,0,0.0,0,0,disabled,disabled,0.0,0.0,19.638458999907016,1.1520000000473374,23.399292000021887,hidden_regime_switching,multi_timescale_memory,CRA,multi_timescale_memory,candidate,NEST,44,0.01022991064954567,0.0,0.01,1,True,1,True,45,5,0.1,0.2,False,0.92,normal,replace,0.1,1.0,1.0,8,8,True,True,R0_identity,5.10
41,1000.0,8,8,8,0,0,0,16.5894849857535,16.5894849857535,16.5894849857535,-0.029308537721067365,-0.3166019931836493,0.48943617646177456,1.000440989755017,0.0,False,0,0,0,0,0,0.0,0.0,0.0,0.0,0.0,0,0.0,0,0,disabled,disabled,0.0,0.0,19.22879199992167,1.37441700007912,23.23554199983846,hidden_regime_switching,multi_timescale_memory,CRA,multi_timescale_memory,candidate,NEST,44,0.0,0.0,0.0,0,False,-1,False,-1,5,0.1,0.2,False,0.92,normal,replace,0.1,1.0,1.0,8,8,True,True,R0_identity,5.10
42,1000.0,8,8,8,0,0,0,16.516682179546326,16.516682179546326,16.516682179546326,0.07303649814467278,0.0,0.48899239669844186,1.000440989755017,0.0,False,0,0,0,0,0,0.0,0.0,0.0,0.0,0.0,0,0.0,0,0,disabled,disabled,0.0,0.0,19.49195899987899,1.1455410001417476,23.450333000027968,hidden_regime_switching,multi_timescale_memory,CRA,multi_timescale_memory,candidate,NEST,44,0.0,0.0,0.0,0,False,1,False,-1,5,0.1,0.2,False,0.92,normal,replace,0.1,1.0,1.0,8,8,True,True,R0_identity,5.10
43,1000.0,8,8,8,0,0,0,16.444242180722085,16.444242180722085,16.444242180722085,0.000850613498974195,0.0,0.48853632258991647,1.000440989755017,0.0,False,0,0,0,0,0,0.0,0.0,0.0,0.0,0.0,0,0.0,0,0,disabled,disabled,0.0,0.0,18.65770800009159,1.1972089998835145,22.438250000050175,hidden_regime_switching,multi_timescale_memory,CRA,multi_timescale_memory,candidate,NEST,44,0.0,0.0,0.0,0,False,1,False,-1,5,0.1,0.2,False,0.92,normal,replace,0.1,1.0,1.0,8,8,True,True,R0_identity,5.10
44,1000.0,8,8,8,0,0,0,16.372163179780344,16.372163179780344,16.372163179780344,0.025600235352805385,0.0,0.4880681176444122,1.000440989755017,0.0,False,0,0,0,0,0,0.0,0.0,0.0,0.0,0.0,0,0.0,0,0,disabled,disabled,0.0,0.0,19.829458000003797,1.2971670000752056,23.74091599995154,hidden_regime_switching,multi_timescale_memory,CRA,multi_timescale_memory,candidate,NEST,44,0.0,0.0,0.0,0,False,1,False,-1,5,0.1,0.2,False,0.92,normal,replace,0.1,1.0,1.0,8,8,True,True,R0_identity,5.10
45,1000.0,8,8,8,0,0,0,16.300443376245596,16.300443376245596,16.300443376245596,-0.009030695386607574,-0.10026625874817136,0.4875879438506408,1.000440989755017,0.0,False,0,0,0,0,0,0.0,0.0,0.0,0.0,0.0,0,0.0,0,0,disabled,disabled,0.0,0.0,18.914124999810156,1.21304100002817,22.779375000027358,hidden_regime_switching,multi_timescale_memory,CRA,multi_timescale_memory,candidate,NEST,44,0.0,0.01,0.0,0,False,-1,False,-1,5,0.1,0.2,False,0.92,normal,replace,0.1,1.0,1.0,8,8,True,True,R0_identity,5.10
46,1000.0,8,8,8,0,0,0,16.229080978622246,16.229080978622246,16.229080978622246,0.021029622863033393,0.2299020193009532,0.48709596169015945,1.000440989755017,0.0,True,0,0,0,0,0,0.0,0.0,0.0,0.0,0.0,0,0.0,0,0,disabled,disabled,0.0,0.0,80.17575000008037,1.2287079998714034,83.99429199994302,hidden_regime_switching,multi_timescale_memory,CRA,multi_timescale_memory,candidate,NEST,44,0.0,0.0,0.0,0,False,1,False,-1,5,0.1,0.2,False,0.92,normal,replace,0.1,1.0,1.0,8,8,True,True,R0_identity,5.10
47,1000.0,8,8,8,0,0,0,16.158074204349816,16.158074204349816,16.158074204349816,-0.08240495734677186,-0.7242941821793175,0.4865923301496253,1.000440989755017,0.0,False,0,0,0,0,0,0.0,0.0,0.0,0.0,0.0,0,0.0,0,0,disabled,disabled,0.0,0.0,19.42920800001957,1.6120000000228174,23.71099999982107,hidden_regime_switching,multi_timescale_memory,CRA,multi_timescale_memory,candidate,NEST,44,0.0,0.0,0.0,0,False,-1,False,-1,5,0.1,0.2,False,0.92,normal,replace,0.1,1.0,1.0,8,8,True,True,R0_identity,5.10
48,1000.0,8,8,8,0,0,0,16.087421279758388,16.087421279758388,16.087421279758388,0.5585556642899425,0.9999919011811843,0.4860772067329566,1.000440989755017,0.0,True,0,0,0,0,0,0.0,0.0,0.0,0.0,0.0,0,0.0,0,0,disabled,disabled,0.0,0.0,18.46008300003632,1.2503339999057062,22.567833000039172,hidden_regime_switching,multi_timescale_memory,CRA,multi_timescale_memory,candidate,NEST,44,0.010870701435845563,0.0,0.01,1,True,1,True,53,5,0.1,0.2,False,0.92,normal,replace,0.1,1.0,1.0,8,8,True,True,R0_identity,5.10
49,1000.0,8,8,0,8,0,0,16.017120440024254,16.017120440024254,16.017120440024254,0.005994909346403965,0.06638186721144346,0.48558674747340264,1.000440989755017,0.0,True,0,0,0,0,0,0.0,0.0,0.0,0.0,0.0,0,0.0,0,0,disabled,disabled,0.0,0.0,19.786915999929988,1.2293750000935688,23.658624999825406,hidden_regime_switching,multi_timescale_memory,CRA,multi_timescale_memory,candidate,NEST,44,0.0,0.0,0.0,0,False,1,False,-1,5,0.1,0.2,False,0.92,normal,replace,0.1,1.0,1.0,8,8,True,True,R0_identity,5.10
50,1000.0,8,8,0,8,0,0,15.947169929125806,15.947169929125806,15.947169929125806,-0.027768583712117365,-0.0,0.48508467494552093,1.000440989755017,0.0,False,0,0,0,0,0,0.0,0.0,0.0,0.0,0.0,0,0.0,0,0,disabled,disabled,0.0,0.0,19.947125000044252,1.2334169998666766,24.097415999904115,hidden_regime_switching,multi_timescale_memory,CRA,multi_timescale_memory,candidate,NEST,44,0.0,0.0,0.0,0,False,-1,False,-1,5,0.1,0.2,False,0.92,normal,replace,0.1,1.0,1.0,8,8,True,True,R0_identity,5.10
51,1000.0,8,8,0,8,0,0,15.87756799979963,15.87756799979963,15.87756799979963,0.05873725973471685,0.0,0.48457114616506475,1.000440989755017,0.0,False,0,0,0,0,0,0.0,0.0,0.0,0.0,0.0,0,0.0,0,0,disabled,disabled,0.0,0.0,18.704583000044295,1.3148339999133896,22.61666599997625,hidden_regime_switching,multi_timescale_memory,CRA,multi_timescale_memory,candidate,NEST,44,0.0,0.0,0.0,0,False,1,False,-1,5,0.1,0.2,False,0.92,normal,replace,0.1,1.0,1.0,8,8,True,True,R0_identity,5.10
52,1000.0,8,8,0,8,0,0,15.808312913496824,15.808312913496824,15.808312913496824,0.034757529522686535,0.0,0.48404631668167597,1.000440989755017,0.0,False,0,0,0,0,0,0.0,0.0,0.0,0.0,0.0,0,0.0,0,0,disabled,disabled,0.0,0.0,21.71350000003258,1.3590839998869342,25.683249999929103,hidden_regime_switching,multi_timescale_memory,CRA,multi_timescale_memory,candidate,NEST,44,0.0,0.0,0.0,0,False,1,False,-1,5,0.1,0.2,False,0.92,normal,replace,0.1,1.0,1.0,8,8,True,True,R0_identity,5.10
53,1000.0,8,8,0,8,0,0,15.73940294033953,15.73940294033953,15.73940294033953,-0.012523616754069914,-0.13682053722663,0.4835103405908259,1.000440989755017,0.0,False,0,0,0,0,0,0.0,0.0,0.0,0.0,0.0,0,0.0,0,0,disabled,disabled,0.0,0.0,19.824209000034898,1.4688750000004802,24.080749999939144,hidden_regime_switching,multi_timescale_memory,CRA,multi_timescale_memory,candidate,NEST,44,0.0,0.01,0.0,0,False,-1,False,-1,5,0.1,0.2,False,0.92,normal,replace,0.1,1.0,1.0,8,8,True,True,R0_identity,5.10
54,1000.0,8,8,0,8,0,0,15.670836359077699,15.670836359077699,15.670836359077699,-0.03228762199546274,-0.3401507015052729,0.48296337054566557,1.000440989755017,0.0,False,0,0,0,0,0,0.0,0.0,0.0,0.0,0.0,0,0.0,0,0,disabled,disabled,0.0,0.0,21.22991600003843,1.4352089999647433,25.434042000142654,hidden_regime_switching,multi_timescale_memory,CRA,multi_timescale_memory,candidate,NEST,44,0.0,0.0,0.0,0,False,-1,False,-1,5,0.1,0.2,False,0.92,normal,replace,0.1,1.0,1.0,8,8,True,True,R0_identity,5.10
55,1000.0,8,8,0,8,0,0,15.602611457046045,15.602611457046045,15.602611457046045,-0.041977296717942585,-0.4298280773726397,0.48240555776878585,1.000440989755017,0.0,False,0,0,0,0,0,0.0,0.0,0.0,0.0,0.0,0,0.0,0,0,disabled,disabled,0.0,0.0,19.821958999955314,1.3886249998904532,23.999166000066907,hidden_regime_switching,multi_timescale_memory,CRA,multi_timescale_memory,candidate,NEST,44,0.0,0.0,0.0,0,False,-1,False,-1,5,0.1,0.2,False,0.92,normal,replace,0.1,1.0,1.0,8,8,True,True,R0_identity,5.10
56,1000.0,8,8,0,8,0,0,15.534726530121238,15.534726530121238,15.534726530121238,0.6145040115699114,0.9999970683673435,0.48183705206388905,1.000440989755017,0.0,True,0,0,0,0,0,0.0,0.0,0.0,0.0,0.0,0,0.0,0,0,disabled,disabled,0.0,0.0,20.06858300001113,1.7008749998694839,24.532375000035245,hidden_regime_switching,multi_timescale_memory,CRA,multi_timescale_memory,candidate,NEST,44,0.010688865169674903,0.0,0.01,1,True,1,True,61,5,0.1,0.2,False,0.92,normal,replace,0.1,1.0,1.0,8,8,True,True,R0_identity,5.10
57,1000.0,8,8,0,8,0,0,15.467179882679304,15.467179882679304,15.467179882679304,0.02488270056712802,0.2646823132303194,0.4812940018273713,1.000440989755017,0.0,True,0,0,0,0,0,0.0,0.0,0.0,0.0,0.0,0,0.0,0,0,disabled,disabled,0.0,0.0,19.272084000022005,1.2830830000893911,23.32191700020303,hidden_regime_switching,multi_timescale_memory,CRA,multi_timescale_memory,candidate,NEST,44,0.0,0.0,0.0,0,False,1,False,-1,5,0.1,0.2,False,0.92,normal,replace,0.1,1.0,1.0,8,8,True,True,R0_identity,5.10
58,1000.0,8,8,0,8,0,0,15.39996982755322,15.39996982755322,15.39996982755322,-0.030621434747996015,-0.0,0.4807401220598175,1.000440989755017,0.0,False,0,0,0,0,0,0.0,0.0,0.0,0.0,0.0,0,0.0,0,0,disabled,disabled,0.0,0.0,19.787749999977677,1.2625420001768362,23.700250000047163,hidden_regime_switching,multi_timescale_memory,CRA,multi_timescale_memory,candidate,NEST,44,0.0,0.0,0.0,0,False,-1,False,-1,5,0.1,0.2,False,0.92,normal,replace,0.1,1.0,1.0,8,8,True,True,R0_identity,5.10
59,1000.0,8,8,0,8,0,0,15.333094685990746,15.333094685990746,15.333094685990746,0.07504759740199742,0.0,0.48017556226540853,1.000440989755017,0.0,False,0,0,0,0,0,0.0,0.0,0.0,0.0,0.0,0,0.0,0,0,disabled,disabled,0.0,0.0,19.682833999922877,1.2855410000156553,24.139541000067766,hidden_regime_switching,multi_timescale_memory,CRA,multi_timescale_memory,candidate,NEST,44,0.0,0.0,0.0,0,False,1,False,-1,5,0.1,0.2,False,0.92,normal,replace,0.1,1.0,1.0,8,8,True,True,R0_identity,5.10
60,1000.0,8,8,0,8,0,0,15.266552787612456,15.266552787612456,15.266552787612456,-0.04627579462303665,-0.0,0.47960047054413835,1.000440989755017,0.0,False,0,0,0,0,0,0.0,0.0,0.0,0.0,0.0,0,0.0,0,0,disabled,disabled,0.0,0.0,18.896708000056606,1.360291999844776,22.854374999951688,hidden_regime_switching,multi_timescale_memory,CRA,multi_timescale_memory,candidate,NEST,44,0.0,0.0,0.0,0,False,-1,False,-1,5,0.1,0.2,False,0.92,normal,replace,0.1,1.0,1.0,8,8,True,True,R0_identity,5.10
61,1000.0,8,8,0,8,0,0,15.200342470369973,15.200342470369973,15.200342470369973,-0.029024553343368512,-0.302780946288405,0.47901499360328187,1.000440989755017,0.0,False,0,0,0,0,0,0.0,0.0,0.0,0.0,0.0,0,0.0,0,0,disabled,disabled,0.0,0.0,20.2259170000616,1.4708749999954307,24.297709000165923,hidden_regime_switching,multi_timescale_memory,CRA,multi_timescale_memory,candidate,NEST,44,0.0,0.01,0.0,0,False,-1,False,-1,5,0.1,0.2,False,0.92,normal,replace,0.1,1.0,1.0,8,8,True,True,R0_identity,5.10
62,1000.0,8,8,0,8,0,0,15.134462080504424,15.134462080504424,15.134462080504424,-0.04427740730825548,-0.4426298342124878,0.47841927676877605,1.000440989755017,0.0,False,0,0,0,0,0,0.0,0.0,0.0,0.0,0.0,0,0.0,0,0,disabled,disabled,0.0,0.0,18.419959000084418,1.3434580000648566,22.438624999949752,hidden_regime_switching,multi_timescale_memory,CRA,multi_timescale_memory,candidate,NEST,44,0.0,0.0,0.0,0,False,-1,False,-1,5,0.1,0.2,False,0.92,normal,replace,0.1,1.0,1.0,8,8,True,True,R0_identity,5.10
63,1000.0,8,8,0,8,0,0,15.06890997250509,15.06890997250509,15.06890997250509,-0.06375308714808345,-0.5932958047309351,0.4778134639965146,1.000440989755017,0.0,False,0,0,0,0,0,0.0,0.0,0.0,0.0,0.0,0,0.0,0,0,disabled,disabled,0.0,0.0,19.33079200011889,1.4509579998502886,23.398000000042884,hidden_regime_switching,multi_timescale_memory,CRA,multi_timescale_memory,candidate,NEST,44,0.0,0.0,0.0,0,False,-1,False,-1,5,0.1,0.2,False,0.92,normal,replace,0.1,1.0,1.0,8,8,True,True,R0_identity,5.10
64,1000.0,8,8,0,8,0,0,15.003684509068266,15.003684509068266,15.003684509068266,-0.6525732602727818,-0.9999982310182304,0.4771976978835566,1.000440989755017,0.0,False,0,0,0,0,0,0.0,0.0,0.0,0.0,0.0,0,0.0,0,0,disabled,disabled,0.0,0.0,20.041292000087196,1.3872919998902944,24.372709000090254,hidden_regime_switching,multi_timescale_memory,CRA,multi_timescale_memory,candidate,NEST,44,-0.010264151941911711,0.0,-0.01,-1,True,-1,True,69,5,0.1,0.2,False,0.92,normal,replace,0.1,1.0,1.0,8,8,True,True,R0_identity,5.10
65,1000.0,8,8,0,8,0,0,14.938784061056344,14.938784061056344,14.938784061056344,0.016989070000230786,0.17879680981339285,0.4765721196792502,1.000440989755017,0.0,True,0,0,0,0,0,0.0,0.0,0.0,0.0,0.0,0,0.0,0,0,disabled,disabled,0.0,0.0,78.4689580000304,1.358834000029674,82.43445799985238,hidden_regime_switching,multi_timescale_memory,CRA,multi_timescale_memory,candidate,NEST,44,0.0,0.0,0.0,0,False,1,False,-1,5,0.1,0.2,False,0.92,normal,replace,0.1,1.0,1.0,8,8,True,True,R0_identity,5.10
66,1000.0,8,8,0,8,0,0,14.874207007457066,14.874207007457066,14.874207007457066,-0.035173278322075445,-0.0,0.47593686929627166,1.000440989755017,0.0,False,0,0,0,0,0,0.0,0.0,0.0,0.0,0.0,0,0.0,0,0,disabled,disabled,0.0,0.0,18.29045799991036,1.3811670000904996,22.27520800011007,hidden_regime_switching,multi_timescale_memory,CRA,multi_timescale_memory,candidate,NEST,44,0.0,0.0,0.0,0,False,-1,False,-1,5,0.1,0.2,False,0.92,normal,replace,0.1,1.0,1.0,8,8,True,True,R0_identity,5.10
67,1000.0,8,8,0,8,0,0,14.80995173534301,14.80995173534301,14.80995173534301,0.050127194701468224,0.0,0.4752920853215804,1.000440989755017,0.0,False,0,0,0,0,0,0.0,0.0,0.0,0.0,0.0,0,0.0,0,0,disabled,disabled,0.0,0.0,19.795874999999796,1.4627079999627313,23.878791000015553,hidden_regime_switching,multi_timescale_memory,CRA,multi_timescale_memory,candidate,NEST,44,0.0,0.0,0.0,0,False,1,False,-1,5,0.1,0.2,False,0.92,normal,replace,0.1,1.0,1.0,8,8,True,True,R0_identity,5.10
68,1000.0,8,8,0,8,0,0,14.746016639831256,14.746016639831256,14.746016639831256,0.0013721666409624745,0.0,0.4746379050272908,1.000440989755017,0.0,False,0,0,0,0,0,0.0,0.0,0.0,0.0,0.0,0,0.0,0,0,disabled,disabled,0.0,0.0,19.21283299998322,1.382292000016605,23.255790999883175,hidden_regime_switching,multi_timescale_memory,CRA,multi_timescale_memory,candidate,NEST,44,0.0,0.0,0.0,0,False,1,False,-1,5,0.1,0.2,False,0.92,normal,replace,0.1,1.0,1.0,8,8,True,True,R0_identity,5.10
69,1000.0,8,8,0,8,0,0,14.682400124043276,14.682400124043276,14.682400124043276,-0.08175761016453183,0.694671225837973,0.47397446438146107,1.000440989755017,0.0,True,0,0,0,0,0,0.0,0.0,0.0,0.0,0.0,0,0.0,0,0,disabled,disabled,0.0,0.0,19.01258299994879,1.7474170001605671,23.428041999977722,hidden_regime_switching,multi_timescale_memory,CRA,multi_timescale_memory,candidate,NEST,44,0.0,-0.01,0.0,0,False,-1,False,-1,5,0.1,0.2,False,0.92,normal,replace,0.1,1.0,1.0,8,8,True,True,R0_identity,5.10
70,1000.0,8,8,0,8,0,0,14.619100599065007,14.619100599065007,14.619100599065007,-0.03719289100516315,0.369994696809613,0.4733018980588003,1.000440989755017,0.0,True,0,0,0,0,0,0.0,0.0,0.0,0.0,0.0,0,0.0,0,0,disabled,disabled,0.0,0.0,20.005500000024767,1.3997089999975287,24.317249999967316,hidden_regime_switching,multi_timescale_memory,CRA,multi_timescale_memory,candidate,NEST,44,0.0,0.0,0.0,0,False,-1,False,-1,5,0.1,0.2,False,0.92,normal,replace,0.1,1.0,1.0,8,8,True,True,R0_identity,5.10
71,1000.0,8,8,0,8,0,0,14.556116483907127,14.556116483907127,14.556116483907127,-0.0024537725917334807,0.025528016251067535,0.4726203394512937,1.000440989755017,0.0,True,0,0,0,0,0,0.0,0.0,0.0,0.0,0.0,0,0.0,0,0,disabled,disabled,0.0,0.0,19.036708999919938,1.3888749999750871,23.026166999898123,hidden_regime_switching,multi_timescale_memory,CRA,multi_timescale_memory,candidate,NEST,44,0.0,0.0,0.0,0,False,-1,False,-1,5,0.1,0.2,False,0.92,normal,replace,0.1,1.0,1.0,8,8,True,True,R0_identity,5.10
72,1000.0,8,8,0,8,0,0,14.49344620546553,14.49344620546553,14.49344620546553,0.5839728203750125,-0.999988995850625,0.4719299206787471,1.000440989755017,0.0,False,0,0,0,0,0,0.0,0.0,0.0,0.0,0.0,0,0.0,0,0,disabled,disabled,0.0,0.0,20.394708999901923,1.420583000026454,24.975250000125016,hidden_regime_switching,multi_timescale_memory,CRA,multi_timescale_memory,candidate,NEST,44,0.009355149745039096,0.0,0.01,1,True,1,True,77,5,0.1,0.2,False,0.92,normal,replace,0.1,1.0,1.0,8,8,True,True,R0_identity,5.10
73,1000.0,8,8,0,8,0,0,14.431088198481998,14.431088198481998,14.431088198481998,0.05256446236482375,-0.4951433270239992,0.4712307725992509,1.000440989755017,0.0,False,0,0,0,0,0,0.0,0.0,0.0,0.0,0.0,0,0.0,0,0,disabled,disabled,0.0,0.0,18.211958999927447,1.4839160000974516,22.295083000017257,hidden_regime_switching,multi_timescale_memory,CRA,multi_timescale_memory,candidate,NEST,44,0.0,0.0,0.0,0,False,1,False,-1,5,0.1,0.2,False,0.92,normal,replace,0.1,1.0,1.0,8,8,True,True,R0_identity,5.10
74,1000.0,8,8,0,8,0,0,14.369040905505074,14.369040905505074,14.369040905505074,-0.02272929381985245,-0.0,0.47052302481956415,1.000440989755017,0.0,False,0,0,0,0,0,0.0,0.0,0.0,0.0,0.0,0,0.0,0,0,disabled,disabled,0.0,0.0,20.02841700004865,1.5991249999842694,24.256417000060537,hidden_regime_switching,multi_timescale_memory,CRA,multi_timescale_memory,candidate,NEST,44,0.0,0.0,0.0,0,False,-1,False,-1,5,0.1,0.2,False,0.92,normal,replace,0.1,1.0,1.0,8,8,True,True,R0_identity,5.10
75,1000.0,8,8,0,8,0,0,14.307302776851119,14.307302776851119,14.307302776851119,-0.014278909553418002,-0.0,0.4698068057054201,1.000440989755017,0.0,False,0,0,0,0,0,0.0,0.0,0.0,0.0,0.0,0,0.0,0,0,disabled,disabled,0.0,0.0,18.765959000120347,1.4190829999733978,22.84304200020415,hidden_regime_switching,multi_timescale_memory,CRA,multi_timescale_memory,candidate,NEST,44,0.0,0.0,0.0,0,False,-1,False,-1,5,0.1,0.2,False,0.92,normal,replace,0.1,1.0,1.0,8,8,True,True,R0_identity,5.10
76,1000.0,8,8,0,8,0,0,14.245929718147446,14.245929718147446,14.245929718147446,-0.06596268944099415,-0.0,0.4690822423917523,1.000440989755017,0.0,False,0,0,0,0,0,0.0,0.0,0.0,0.0,0.0,0,0.0,0,0,disabled,disabled,0.006450342172382939,0.0,18.447042000161673,1.4506669999718724,22.499334000031013,hidden_regime_switching,multi_timescale_memory,CRA,multi_timescale_memory,candidate,NEST,44,0.0,0.0,0.0,0,False,-1,False,-1,5,0.1,0.2,False,0.92,normal,replace,0.1,1.0,1.0,8,8,True,True,R0_identity,5.10
77,1000.0,8,8,0,8,0,0,14.185142462168816,14.185142462168816,14.185142462168816,0.05154841922082394,0.480827211542738,0.46834946079284306,1.000440989755017,0.0,True,0,0,0,0,0,0.0,0.0,0.0,0.0,0.0,0,0.0,0,0,disabled,disabled,0.013249868121348207,0.0,19.34533299981922,1.4833340001132456,24.13512500015713,hidden_regime_switching,multi_timescale_memory,CRA,multi_timescale_memory,candidate,NEST,44,0.0,0.01,0.0,0,False,1,False,-1,5,0.1,0.2,False,0.92,normal,replace,0.1,1.0,1.0,8,8,True,True,R0_identity,5.10
78,1000.0,8,8,0,8,0,0,14.124320637355673,14.124320637355673,14.124320637355673,-0.0952725238998165,-0.7464374676576072,0.46760858561239466,1.000440989755017,0.0,False,0,0,0,0,0,0.0,0.0,0.0,0.0,0.0,0,0.0,0,0,disabled,disabled,0.0,0.0,18.969541999922512,1.5294170000288432,23.107292000076995,hidden_regime_switching,multi_timescale_memory,CRA,multi_timescale_memory,candidate,NEST,44,0.0,0.0,0.0,0,False,-1,False,-1,5,0.1,0.2,False,0.92,normal,replace,0.1,1.0,1.0,8,8,True,True,R0_identity,5.10
79,1000.0,8,8,0,8,0,0,14.063853537699094,14.063853537699094,14.063853537699094,0.009304850878949745,0.09359917848624531,0.4668597403535231,1.000440989755017,0.0,True,0,0,0,0,0,0.0,0.0,0.0,0.0,0.0,0,0.0,0,0,disabled,disabled,0.007363805443645788,0.0,20.086042000002635,1.6227909998178802,24.325957999963066,hidden_regime_switching,multi_timescale_memory,CRA,multi_timescale_memory,candidate,NEST,44,0.0,0.0,0.0,0,False,1,False,-1,5,0.1,0.2,False,0.92,normal,replace,0.1,1.0,1.0,8,8,True,True,R0_identity,5.10
80,1000.0,8,8,0,8,0,0,14.003636048317272,14.003636048317272,14.003636048317272,-0.5809763798584383,-0.9999830485815933,0.46610304732867597,1.000440989755017,0.0,False,0,0,0,0,0,0.0,0.0,0.0,0.0,0.0,0,0.0,0,0,disabled,disabled,0.024288158035534302,0.0,18.37291699985144,1.5160830000695569,22.55583300006947,hidden_regime_switching,multi_timescale_memory,CRA,multi_timescale_memory,candidate,NEST,44,-0.009918280608960687,0.0,-0.01,-1,True,-1,True,85,5,0.1,0.2,False,0.92,normal,replace,0.1,1.0,1.0,8,8,True,True,R0_identity,5.10
81,1000.0,8,8,0,8,0,0,13.943718597128525,13.943718597128525,13.943718597128525,-0.0023116921006025143,-0.023131188012786744,0.46533862766947426,1.000440989755017,0.0,False,0,0,0,0,0,0.0,0.0,0.0,0.0,0.0,0,0.0,0,0,disabled,disabled,0.03479346603771383,0.0,19.265000000132204,1.8063329998767585,23.702250000042113,hidden_regime_switching,multi_timescale_memory,CRA,multi_timescale_memory,candidate,NEST,44,0.0,0.0,0.0,0,False,-1,False,-1,5,0.1,0.2,False,0.92,normal,replace,0.1,1.0,1.0,8,8,True,True,R0_identity,5.10
82,1000.0,8,8,0,8,0,0,13.88432067133949,13.88432067133949,13.88432067133949,0.011753512007093334,0.0,0.46456660133647915,1.000440989755017,0.0,False,0,0,0,0,0,0.0,0.0,0.0,0.0,0.0,0,0.0,0,0,disabled,disabled,0.06280351029648923,0.0,18.46816600004786,1.5147089998208685,22.899832999883074,hidden_regime_switching,multi_timescale_memory,CRA,multi_timescale_memory,candidate,NEST,44,0.0,0.0,0.0,0,False,1,False,-1,5,0.1,0.2,False,0.92,normal,replace,0.1,1.0,1.0,8,8,True,True,R0_identity,5.10
83,1000.0,8,8,0,8,0,0,13.825591431228949,13.825591431228949,13.825591431228949,0.024963524897327498,0.0,0.46378708712888383,1.000440989755017,0.0,False,0,0,0,0,0,0.0,0.0,0.0,0.0,0.0,0,0.0,0,0,disabled,disabled,0.07677410027991804,0.0,18.458000000009633,1.5775420001773455,23.343082999872422,hidden_regime_switching,multi_timescale_memory,CRA,multi_timescale_memory,candidate,NEST,44,0.0,0.0,0.0,0,False,1,False,-1,5,0.1,0.2,False,0.92,normal,replace,0.1,1.0,1.0,8,8,True,True,R0_identity,5.10
84,1000.0,8,8,0,8,0,0,13.767258746152281,13.767258746152281,13.767258746152281,0.04273045345169734,0.0,0.4630002026941316,1.000440989755017,0.0,False,0,0,0,0,0,0.0,0.0,0.0,0.0,0.0,0,0.0,0,0,disabled,disabled,0.07059257118304707,0.0,20.22370800000317,1.5887500001099397,24.39870900002461,hidden_regime_switching,multi_timescale_memory,CRA,multi_timescale_memory,candidate,NEST,44,0.0,0.0,0.0,0,False,1,False,-1,5,0.1,0.2,False,0.92,normal,replace,0.1,1.0,1.0,8,8,True,True,R0_identity,5.10
85,1000.0,8,8,0,8,0,0,13.7093645509752,13.7093645509752,13.7093645509752,0.00028809181133666303,-0.0028356087525985645,0.4622060645374597,1.000440989755017,0.0,False,0,0,0,0,0,0.0,0.0,0.0,0.0,0.0,0,0.0,0,0,disabled,disabled,0.07814108237026751,0.0,18.595000000004802,1.6509590000168828,22.84262500006662,hidden_regime_switching,multi_timescale_memory,CRA,multi_timescale_memory,candidate,NEST,44,0.0,-0.01,0.0,0,False,1,False,-1,5,0.1,0.2,False,0.92,normal,replace,0.1,1.0,1.0,8,8,True,True,R0_identity,5.10
86,1000.0,8,8,0,8,0,0,13.652942226632655,13.652942226632655,13.652942226632655,-0.07258702280850175,0.6116487557667464,0.4614047880313709,1.000440989755017,0.0,True,0,0,0,0,0,0.0,0.0,0.0,0.0,0.0,0,0.0,0,0,disabled,disabled,0.06800312610758752,0.0,82.72104200000285,1.539416000014171,86.92437500008054,hidden_regime_switching,multi_timescale_memory,CRA,multi_timescale_memory,candidate,NEST,44,0.0,0.0,0.0,0,False,-1,False,-1,5,0.1,0.2,False,0.92,normal,replace,0.1,1.0,1.0,8,8,True,True,R0_identity,5.10
87,1000.0,8,8,0,8,0,0,13.595036109627303,13.595036109627303,13.595036109627303,0.0639832145491953,-0.5543749159510288,0.46059648742503184,1.000440989755017,0.0,False,0,0,0,0,0,0.0,0.0,0.0,0.0,0.0,0,0.0,0,0,disabled,disabled,0.06170973996995244,0.0,19.943208000086088,1.576999999997497,24.746083000081853,hidden_regime_switching,multi_timescale_memory,CRA,multi_timescale_memory,candidate,NEST,44,0.0,0.0,0.0,0,False,1,False,-1,5,0.1,0.2,False,0.92,normal,replace,0.1,1.0,1.0,8,8,True,True,R0_identity,5.10
88,1000.0,8,8,0,8,0,0,13.537965979395398,13.537965979395398,13.537965979395398,0.5488558606455086,-0.999953728731473,0.4597812758535997,1.000440989755017,0.0,False,0,0,0,0,0,0.0,0.0,0.0,0.0,0.0,0,0.0,0,0,disabled,disabled,0.058867614729979145,0.0,19.518750000088403,1.6192499999760912,23.74570799997855,hidden_regime_switching,multi_timescale_memory,CRA,multi_timescale_memory,candidate,NEST,44,0.009879378331219936,0.0,-0.01,-1,True,1,False,93,5,0.1,0.2,False,0.92,normal,replace,0.1,1.0,1.0,8,8,True,True,R0_identity,5.10
89,1000.0,8,8,0,8,0,0,13.480549511537136,13.480549511537136,13.480549511537136,-0.026524987257481047,0.2513204672117469,0.4589592653474774,1.000440989755017,0.0,True,0,0,0,0,0,0.0,0.0,0.0,0.0,0.0,0,0.0,0,0,disabled,disabled,0.06933499853951108,0.0,19.25995800002056,1.807791999908659,23.692458000141414,hidden_regime_switching,multi_timescale_memory,CRA,multi_timescale_memory,candidate,NEST,44,0.0,0.0,0.0,0,False,-1,False,-1,5,0.1,0.2,False,0.92,normal,replace,0.1,1.0,1.0,8,8,True,True,R0_identity,5.10
90,1000.0,8,8,0,8,0,0,13.423807157379553,13.423807157379553,13.423807157379553,0.0360528646217076,0.0,0.4581305668414979,1.000440989755017,0.0,False,0,0,0,0,0,0.0,0.0,0.0,0.0,0.0,0,0.0,0,0,disabled,disabled,0.07813720672698299,0.0,18.455334000009316,1.5654159999485273,22.67970899993088,hidden_regime_switching,multi_timescale_memory,CRA,multi_timescale_memory,candidate,NEST,44,0.0,0.0,0.0,0,False,1,False,-1,5,0.1,0.2,False,0.92,normal,replace,0.1,1.0,1.0,8,8,True,True,R0_identity,5.10
91,1000.0,8,8,0,8,0,0,13.367634689451005,13.367634689451005,13.367634689451005,-0.013021818472345629,-0.0,0.4572952901840376,1.000440989755017,0.0,False,0,0,0,0,0,0.0,0.0,0.0,0.0,0.0,0,0.0,0,0,disabled,disabled,0.08946376339711826,0.0,19.651082999871505,2.1217500000147993,24.391666000155965,hidden_regime_switching,multi_timescale_memory,CRA,multi_timescale_memory,candidate,NEST,44,0.0,0.0,0.0,0,False,-1,False,-1,5,0.1,0.2,False,0.92,normal,replace,0.1,1.0,1.0,8,8,True,True,R0_identity,5.10
92,1000.0,8,8,0,8,0,0,13.31190637164282,13.31190637164282,13.31190637164282,0.02967620259373745,0.0,0.45645354414606054,1.000440989755017,0.0,False,0,0,0,0,0,0.0,0.0,0.0,0.0,0.0,0,0.0,0,0,disabled,disabled,0.09533995526986949,0.0,18.818750000036744,1.5914999999040447,23.414750000029017,hidden_regime_switching,multi_timescale_memory,CRA,multi_timescale_memory,candidate,NEST,44,0.0,0.0,0.0,0,False,1,False,-1,5,0.1,0.2,False,0.92,normal,replace,0.1,1.0,1.0,8,8,True,True,R0_identity,5.10
93,1000.0,8,8,0,8,0,0,13.256684308007758,13.256684308007758,13.256684308007758,-0.0026691742449091536,0.02540540311890176,0.4556054364300926,1.000440989755017,0.0,True,0,0,0,0,0,0.0,0.0,0.0,0.0,0.0,0,0.0,0,0,disabled,disabled,0.10422058552064506,0.0,19.423917000040092,1.6202910001084092,23.655125000004773,hidden_regime_switching,multi_timescale_memory,CRA,multi_timescale_memory,candidate,NEST,44,0.0,-0.01,0.0,0,False,-1,False,-1,5,0.1,0.2,False,0.92,normal,replace,0.1,1.0,1.0,8,8,True,True,R0_identity,5.10
94,1000.0,8,8,0,8,0,0,13.202319487372051,13.202319487372051,13.202319487372051,-0.018312723153050978,0.17189475142925975,0.454751073679127,1.000440989755017,0.0,True,0,0,0,0,0,0.0,0.0,0.0,0.0,0.0,0,0.0,0,0,disabled,disabled,0.10808336765048665,0.0,18.68966699998964,1.659458000176528,23.519999999962238,hidden_regime_switching,multi_timescale_memory,CRA,multi_timescale_memory,candidate,NEST,44,0.0,0.0,0.0,0,False,-1,False,-1,5,0.1,0.2,False,0.92,normal,replace,0.1,1.0,1.0,8,8,True,True,R0_identity,5.10
95,1000.0,8,8,0,8,0,0,13.146914118901096,13.146914118901096,13.146914118901096,0.034567977485998116,-0.3152686704662916,0.4538905614854615,1.000440989755017,0.0,False,0,0,0,0,0,0.0,0.0,0.0,0.0,0.0,0,0.0,0,0,disabled,disabled,0.10213231099396136,0.0,19.58775000002788,1.6413749999628635,23.843208000016602,hidden_regime_switching,multi_timescale_memory,CRA,multi_timescale_memory,candidate,NEST,44,0.0,0.0,0.0,0,False,1,False,-1,5,0.1,0.2,False,0.92,normal,replace,0.1,1.0,1.0,8,8,True,True,R0_identity,5.10
96,1000.0,8,8,0,8,0,0,13.091470157769642,13.091470157769642,13.091470157769642,-0.46041505088113266,0.9996529063274846,0.4530240043994675,1.000440989755017,0.0,True,0,0,0,0,0,0.0,0.0,0.0,0.0,0.0,0,0.0,0,0,disabled,disabled,0.10852446738631194,0.0,18.75737500017749,1.9298749998597486,23.292541000046185,hidden_regime_switching,multi_timescale_memory,CRA,multi_timescale_memory,candidate,NEST,44,-0.01018002713349028,0.0,-0.01,-1,True,-1,True,101,5,0.1,0.2,False,0.92,normal,replace,0.1,1.0,1.0,8,8,True,True,R0_identity,5.10
97,1000.0,8,8,0,8,0,0,13.040595091536336,13.040595091536336,13.040595091536336,-0.10218799505645593,0.7428418944645965,0.452187505938292,1.000440989755017,0.0,True,0,0,0,0,0,0.0,0.0,0.0,0.0,0.0,0,0.0,0,0,disabled,disabled,0.09565231975824062,0.0,19.919374999972206,1.6494589999638265,24.260542000092755,hidden_regime_switching,multi_timescale_memory,CRA,multi_timescale_memory,candidate,NEST,44,0.0,0.0,0.0,0,False,-1,False,-1,5,0.1,0.2,False,0.92,normal,replace,0.1,1.0,1.0,8,8,True,True,R0_identity,5.10
98,1000.0,8,8,0,8,0,0,12.988075965819169,12.988075965819169,12.988075965819169,-0.015576836937511525,-0.0,0.4513447365944922,1.000440989755017,0.0,False,0,0,0,0,0,0.0,0.0,0.0,0.0,0.0,0,0.0,0,0,disabled,disabled,0.08798520239873042,0.0,19.77404200010824,2.2169579999626876,24.684750000005806,hidden_regime_switching,multi_timescale_memory,CRA,multi_timescale_memory,candidate,NEST,44,0.0,0.0,0.0,0,False,-1,False,-1,5,0.1,0.2,False,0.92,normal,replace,0.1,1.0,1.0,8,8,True,True,R0_identity,5.10
99,1000.0,8,8,0,8,0,0,12.934754183740928,12.934754183740928,12.934754183740928,-0.0008451068544811135,-0.0,0.45049580173260423,1.000440989755017,0.0,False,0,0,0,0,0,0.0,0.0,0.0,0.0,0.0,0,0.0,0,0,disabled,disabled,0.07356765926154019,0.0,18.946750000168322,1.647124999863081,23.2296670001233,hidden_regime_switching,multi_timescale_memory,CRA,multi_timescale_memory,candidate,NEST,44,0.0,0.0,0.0,0,False,-1,False,-1,5,0.1,0.2,False,0.92,normal,replace,0.1,1.0,1.0,8,8,True,True,R0_identity,5.10
100,1000.0,8,8,0,8,0,0,12.881229922456912,12.881229922456912,12.881229922456912,0.012648884988165101,0.0,0.44964080567854153,1.000440989755017,0.0,False,0,0,0,0,0,0.0,0.0,0.0,0.0,0.0,0,0.0,0,0,disabled,disabled,0.06468794742276796,0.0,19.505125000023327,1.672249999955966,23.783916999946086,hidden_regime_switching,multi_timescale_memory,CRA,multi_timescale_memory,candidate,NEST,44,0.0,0.0,0.0,0,False,1,False,-1,5,0.1,0.2,False,0.92,normal,replace,0.1,1.0,1.0,8,8,True,True,R0_identity,5.10
101,1000.0,8,8,0,8,0,0,12.828315288186475,12.828315288186475,12.828315288186475,-0.02512964060368047,0.22729480961259782,0.4487798517282652,1.000440989755017,0.0,True,0,0,0,0,0,0.0,0.0,0.0,0.0,0.0,0,0.0,0,0,disabled,disabled,0.06687198109457082,0.0,18.811583999877257,1.706666000018231,23.72937500012995,hidden_regime_switching,multi_timescale_memory,CRA,multi_timescale_memory,candidate,NEST,44,0.0,-0.01,0.0,0,False,-1,False,-1,5,0.1,0.2,False,0.92,normal,replace,0.1,1.0,1.0,8,8,True,True,R0_identity,5.10
102,1000.0,8,8,0,8,0,0,12.776547663502473,12.776547663502473,12.776547663502473,-0.07879132380525658,0.6183382615561531,0.4479130421563878,1.000440989755017,0.0,True,0,0,0,0,0,0.0,0.0,0.0,0.0,0.0,0,0.0,0,0,disabled,disabled,0.06519164440120484,0.0,19.494291000000885,1.7116250000981381,23.79737500018564,hidden_regime_switching,multi_timescale_memory,CRA,multi_timescale_memory,candidate,NEST,44,0.0,0.0,0.0,0,False,-1,False,-1,5,0.1,0.2,False,0.92,normal,replace,0.1,1.0,1.0,8,8,True,True,R0_identity,5.10
103,1000.0,8,8,0,8,0,0,12.724087722110893,12.724087722110893,12.724087722110893,0.010984383360632132,-0.09994643507181854,0.44704047822471066,1.000440989755017,0.0,False,0,0,0,0,0,0.0,0.0,0.0,0.0,0.0,0,0.0,0,0,disabled,disabled,0.06521734969296311,0.0,19.63166700011243,1.896708000003855,24.13320899995597,hidden_regime_switching,multi_timescale_memory,CRA,multi_timescale_memory,candidate,NEST,44,0.0,0.0,0.0,0,False,1,False,-1,5,0.1,0.2,False,0.92,normal,replace,0.1,1.0,1.0,8,8,True,True,R0_identity,5.10
104,1000.0,8,8,0,8,0,0,12.672065331154565,12.672065331154565,12.672065331154565,0.5177415513565666,-0.999836950101126,0.44616226019069605,1.000440989755017,0.0,False,0,0,0,0,0,0.0,0.0,0.0,0.0,0.0,0,0.0,0,0,disabled,disabled,0.06922987413162929,0.0,19.594833999917682,1.7456660000334523,23.96645800013175,hidden_regime_switching,multi_timescale_memory,CRA,multi_timescale_memory,candidate,NEST,44,0.009903724074040067,0.0,0.01,1,True,1,True,109,5,0.1,0.2,False,0.92,normal,replace,0.1,1.0,1.0,8,8,True,True,R0_identity,5.10
105,1000.0,8,8,0,8,0,0,12.619544525563315,12.619544525563315,12.619544525563315,-0.04883952641185752,0.4154076976887682,0.4452784873158735,1.000440989755017,0.0,True,0,0,0,0,0,0.0,0.0,0.0,0.0,0.0,0,0.0,0,0,disabled,disabled,0.06553078689036251,0.0,18.57849999987593,2.2475840000879543,23.42941699998846,hidden_regime_switching,multi_timescale_memory,CRA,multi_timescale_memory,candidate,NEST,44,0.0,0.0,0.0,0,False,-1,False,-1,5,0.1,0.2,False,0.92,normal,replace,0.1,1.0,1.0,8,8,True,True,R0_identity,5.10
106,1000.0,8,8,0,8,0,0,12.56719606700298,12.56719606700298,12.56719606700298,0.02258938473548271,0.0,0.44438925787418193,1.000440989755017,0.0,False,0,0,0,0,0,0.0,0.0,0.0,0.0,0.0,0,0.0,0,0,disabled,disabled,0.056623004563682855,0.0,19.37929099995017,1.7390420000538143,23.735541000178273,hidden_regime_switching,multi_timescale_memory,CRA,multi_timescale_memory,candidate,NEST,44,0.0,0.0,0.0,0,False,1,False,-1,5,0.1,0.2,False,0.92,normal,replace,0.1,1.0,1.0,8,8,True,True,R0_identity,5.10
107,1000.0,8,8,0,8,0,0,12.514955046581226,12.514955046581226,12.514955046581226,0.012516488746489075,0.0,0.4434946691602473,1.000440989755017,0.0,False,0,0,0,0,0,0.0,0.0,0.0,0.0,0.0,0,0.0,0,0,disabled,disabled,0.043066506980645514,0.0,18.897791999961555,1.7303750000792206,23.236750000023676,hidden_regime_switching,multi_timescale_memory,CRA,multi_timescale_memory,candidate,NEST,44,0.0,0.0,0.0,0,False,1,False,-1,5,0.1,0.2,False,0.92,normal,replace,0.1,1.0,1.0,8,8,True,True,R0_identity,5.10
108,1000.0,8,8,0,8,0,0,12.462897531594086,12.462897531594086,12.462897531594086,-0.0030858117684693185,-0.0,0.4425948174975965,1.000440989755017,0.0,False,0,0,0,0,0,0.0,0.0,0.0,0.0,0.0,0,0.0,0,0,disabled,disabled,0.03643456426049774,0.0,79.69883299983849,2.1125830000983115,84.87749999994776,hidden_regime_switching,multi_timescale_memory,CRA,multi_timescale_memory,candidate,NEST,44,0.0,0.0,0.0,0,False,-1,False,-1,5,0.1,0.2,False,0.92,normal,replace,0.1,1.0,1.0,8,8,True,True,R0_identity,5.10
109,1000.0,8,8,0,8,0,0,12.411579246396677,12.411579246396677,12.411579246396677,0.057758252889007676,0.4730822596823553,0.44168979824680765,1.000440989755017,0.0,True,0,0,0,0,0,0.0,0.0,0.0,0.0,0.0,0,0.0,0,0,disabled,disabled,0.03462560828171046,0.0,19.63979099991775,1.7617089999930613,24.170874999981606,hidden_regime_switching,multi_timescale_memory,CRA,multi_timescale_memory,candidate,NEST,44,0.0,0.01,0.0,0,False,1,False,-1,5,0.1,0.2,False,0.92,normal,replace,0.1,1.0,1.0,8,8,True,True,R0_identity,5.10
110,1000.0,8,8,0,8,0,0,12.360976328682996,12.360976328682996,12.360976328682996,0.04399703241199754,0.3712945080222333,0.4407797058135984,1.000440989755017,0.0,True,0,0,0,0,0,0.0,0.0,0.0,0.0,0.0,0,0.0,0,0,disabled,disabled,0.04514624638850151,0.0,18.853375000162487,1.8469159999767726,23.338624999951207,hidden_regime_switching,multi_timescale_memory,CRA,multi_timescale_memory,candidate,NEST,44,0.0,0.0,0.0,0,False,1,False,-1,5,0.1,0.2,False,0.92,normal,replace,0.1,1.0,1.0,8,8,True,True,R0_identity,5.10
111,1000.0,8,8,0,8,0,0,12.309748607828956,12.309748607828956,12.309748607828956,-0.042195192522640215,-0.35608892492270566,0.43986463365685075,1.000440989755017,0.0,False,0,0,0,0,0,0.0,0.0,0.0,0.0,0.0,0,0.0,0,0,disabled,disabled,0.04793069242207082,0.0,19.88858300001084,1.7750839999735035,25.102250000145432,hidden_regime_switching,multi_timescale_memory,CRA,multi_timescale_memory,candidate,NEST,44,0.0,0.0,0.0,0,False,-1,False,-1,5,0.1,0.2,False,0.92,normal,replace,0.1,1.0,1.0,8,8,True,True,R0_identity,5.10
112,1000.0,8,8,0,8,0,0,12.261052005231386,12.261052005231386,12.261052005231386,0.4775838746729806,0.9995481589088937,0.4389446742965748,1.000440989755017,0.0,True,0,0,0,0,0,0.0,0.0,0.0,0.0,0.0,0,0.0,0,0,disabled,disabled,0.03582552012714135,0.0,19.458874999827458,1.833792000070389,23.88758400002189,hidden_regime_switching,multi_timescale_memory,CRA,multi_timescale_memory,candidate,NEST,44,0.009740235954582172,0.0,0.01,1,True,1,True,117,5,0.1,0.2,False,0.92,normal,replace,0.1,1.0,1.0,8,8,True,True,R0_identity,5.10
113,1000.0,8,8,0,8,0,0,12.210198191123995,12.210198191123995,12.210198191123995,-0.07163861035876813,-0.5559423377934034,0.4380559193218105,1.000440989755017,0.0,False,0,0,0,0,0,0.0,0.0,0.0,0.0,0.0,0,0.0,0,0,disabled,disabled,0.03785135617603519,0.0,19.496749999916574,1.7855410001175187,24.375040999984776,hidden_regime_switching,multi_timescale_memory,CRA,multi_timescale_memory,candidate,NEST,44,0.0,0.0,0.0,0,False,-1,False,-1,5,0.1,0.2,False,0.92,normal,replace,0.1,1.0,1.0,8,8,True,True,R0_identity,5.10
114,1000.0,8,8,0,8,0,0,12.159934530754004,12.159934530754004,12.159934530754004,0.051459138841520015,0.0,0.43716202739846866,1.000440989755017,0.0,False,0,0,0,0,0,0.0,0.0,0.0,0.0,0.0,0,0.0,0,0,disabled,disabled,0.06536069946094347,0.0,19.435499999872263,1.8256250000376895,23.901374999923064,hidden_regime_switching,multi_timescale_memory,CRA,multi_timescale_memory,candidate,NEST,44,0.0,0.0,0.0,0,False,1,False,-1,5,0.1,0.2,False,0.92,normal,replace,0.1,1.0,1.0,8,8,True,True,R0_identity,5.10
115,1000.0,8,8,0,8,0,0,12.110072703177048,12.110072703177048,12.110072703177048,0.08627517862740999,0.0,0.43626309216511133,1.000440989755017,0.0,False,0,0,0,0,0,0.0,0.0,0.0,0.0,0.0,0,0.0,0,0,disabled,disabled,0.0759467034935879,0.0,19.520416999966983,1.8148330000258284,23.94183400019756,hidden_regime_switching,multi_timescale_memory,CRA,multi_timescale_memory,candidate,NEST,44,0.0,0.0,0.0,0,False,1,False,-1,5,0.1,0.2,False,0.92,normal,replace,0.1,1.0,1.0,8,8,True,True,R0_identity,5.10
116,1000.0,8,8,0,8,0,0,12.060458785891571,12.060458785891571,12.060458785891571,-0.030069828429823347,-0.0,0.435359206321568,1.000440989755017,0.0,False,0,0,0,0,0,0.0,0.0,0.0,0.0,0.0,0,0.0,0,0,disabled,disabled,0.07416015184373048,0.0,19.76620800019191,1.9793749997916166,24.352790999955687,hidden_regime_switching,multi_timescale_memory,CRA,multi_timescale_memory,candidate,NEST,44,0.0,0.0,0.0,0,False,-1,False,-1,5,0.1,0.2,False,0.92,normal,replace,0.1,1.0,1.0,8,8,True,True,R0_identity,5.10
117,1000.0,8,8,0,8,0,0,12.011347681798574,12.011347681798574,12.011347681798574,0.009327727147619471,0.08008471736647428,0.4344504616368292,1.000440989755017,0.0,True,0,0,0,0,0,0.0,0.0,0.0,0.0,0.0,0,0.0,0,0,disabled,disabled,0.07912661553284295,0.0,19.072290999929464,2.4559170001339226,24.179125000046042,hidden_regime_switching,multi_timescale_memory,CRA,multi_timescale_memory,candidate,NEST,44,0.0,0.01,0.0,0,False,1,False,-1,5,0.1,0.2,False,0.92,normal,replace,0.1,1.0,1.0,8,8,True,True,R0_identity,5.10
118,1000.0,8,8,0,8,0,0,11.96163821644652,11.96163821644652,11.96163821644652,-0.038584018564800635,-0.319053936012745,0.4335369489568797,1.000440989755017,0.0,False,0,0,0,0,0,0.0,0.0,0.0,0.0,0.0,0,0.0,0,0,disabled,disabled,0.07951745967277724,0.0,19.515666999950554,1.8141670000204613,24.0078330000415,hidden_regime_switching,multi_timescale_memory,CRA,multi_timescale_memory,candidate,NEST,44,0.0,0.0,0.0,0,False,-1,False,-1,5,0.1,0.2,False,0.92,normal,replace,0.1,1.0,1.0,8,8,True,True,R0_identity,5.10
119,1000.0,8,8,0,8,0,0,11.911954679896436,11.911954679896436,11.911954679896436,-0.027342769980649394,-0.2291604005939529,0.4326187582124707,1.000440989755017,0.0,False,0,0,0,0,0,0.0,0.0,0.0,0.0,0.0,0,0.0,0,0,disabled,disabled,0.06672594267618681,0.0,18.578124999976353,1.8857079999179405,23.07274999998299,hidden_regime_switching,multi_timescale_memory,CRA,multi_timescale_memory,candidate,NEST,44,0.0,0.0,0.0,0,False,-1,False,-1,5,0.1,0.2,False,0.92,normal,replace,0.1,1.0,1.0,8,8,True,True,R0_identity,5.10
120,1000.0,8,8,0,8,0,0,11.862457926281422,11.862457926281422,11.862457926281422,-0.5658700862874259,-0.9998667942309613,0.43169597842683216,1.000440989755017,0.0,False,0,0,0,0,0,0.0,0.0,0.0,0.0,0.0,0,0.0,0,0,disabled,disabled,0.0660913366468403,0.0,18.94575000005716,1.8495409999559342,24.12116700020306,hidden_regime_switching,multi_timescale_memory,CRA,multi_timescale_memory,candidate,NEST,44,-0.010287836856508978,0.0,-0.01,-1,True,-1,True,125,5,0.1,0.2,False,0.92,normal,replace,0.1,1.0,1.0,8,8,True,True,R0_identity,5.10
121,1000.0,8,8,0,8,0,0,11.814243783540563,11.814243783540563,11.814243783540563,0.10994214611659323,0.730646530809547,0.43076869772332566,1.000440989755017,0.0,True,0,0,0,0,0,0.0,0.0,0.0,0.0,0.0,0,0.0,0,0,disabled,disabled,0.06389921448010316,0.0,18.688375000010637,1.8422499999815045,23.13679200005936,hidden_regime_switching,multi_timescale_memory,CRA,multi_timescale_memory,candidate,NEST,44,0.0,0.0,0.0,0,False,1,False,-1,5,0.1,0.2,False,0.92,normal,replace,0.1,1.0,1.0,8,8,True,True,R0_identity,5.10
122,1000.0,8,8,0,8,0,0,11.766094050178022,11.766094050178022,11.766094050178022,0.014588383960098459,0.0,0.42983700333303787,1.000440989755017,0.0,False,0,0,0,0,0,0.0,0.0,0.0,0.0,0.0,0,0.0,0,0,disabled,disabled,0.060784517623559964,0.0,19.702333000168437,1.9436249999671418,24.234458000137238,hidden_regime_switching,multi_timescale_memory,CRA,multi_timescale_memory,candidate,NEST,44,0.0,0.0,0.0,0,False,1,False,-1,5,0.1,0.2,False,0.92,normal,replace,0.1,1.0,1.0,8,8,True,True,R0_identity,5.10
123,1000.0,8,8,0,8,0,0,11.718154020711696,11.718154020711696,11.718154020711696,0.0015012205248814982,0.0,0.4289009816023155,1.000440989755017,0.0,False,0,0,0,0,0,0.0,0.0,0.0,0.0,0.0,0,0.0,0,0,disabled,disabled,0.06340237814631422,0.0,19.36562499986394,1.8619170000420127,23.831666999967638,hidden_regime_switching,multi_timescale_memory,CRA,multi_timescale_memory,candidate,NEST,44,0.0,0.0,0.0,0,False,1,False,-1,5,0.1,0.2,False,0.92,normal,replace,0.1,1.0,1.0,8,8,True,True,R0_identity,5.10
124,1000.0,8,8,0,8,0,0,11.670498826836196,11.670498826836196,11.670498826836196,0.004042402995361936,0.0,0.4279607180002417,1.000440989755017,0.0,False,0,0,0,0,0,0.0,0.0,0.0,0.0,0.0,0,0.0,0,0,disabled,disabled,0.06991465468012326,0.0,19.000917000084883,2.1307499998783896,23.73091699996621,hidden_regime_switching,multi_timescale_memory,CRA,multi_timescale_memory,candidate,NEST,44,0.0,0.0,0.0,0,False,1,False,-1,5,0.1,0.2,False,0.92,normal,replace,0.1,1.0,1.0,8,8,True,True,R0_identity,5.10
125,1000.0,8,8,0,8,0,0,11.624116538014274,11.624116538014274,11.624116538014274,-0.048170089883764027,0.3803815704047505,0.4270162971260552,1.000440989755017,0.0,True,0,0,0,0,0,0.0,0.0,0.0,0.0,0.0,0,0.0,0,0,disabled,disabled,0.08112307691452703,0.0,19.514707999860548,1.8465000000560394,23.98066699993251,hidden_regime_switching,multi_timescale_memory,CRA,multi_timescale_memory,candidate,NEST,44,0.0,-0.01,0.0,0,False,-1,False,-1,5,0.1,0.2,False,0.92,normal,replace,0.1,1.0,1.0,8,8,True,True,R0_identity,5.10
126,1000.0,8,8,0,8,0,0,11.577130767183467,11.577130767183467,11.577130767183467,0.012790057835192074,-0.10549292106924554,0.4260678027165109,1.000440989755017,0.0,False,0,0,0,0,0,0.0,0.0,0.0,0.0,0.0,0,0.0,0,0,disabled,disabled,0.0734744715543183,0.0,18.99766700012151,2.1699169999465084,23.788666999962516,hidden_regime_switching,multi_timescale_memory,CRA,multi_timescale_memory,candidate,NEST,44,0.0,0.0,0.0,0,False,1,False,-1,5,0.1,0.2,False,0.92,normal,replace,0.1,1.0,1.0,8,8,True,True,R0_identity,5.10
127,1000.0,8,8,0,8,0,0,11.529301872969945,11.529301872969945,11.529301872969945,0.06832661097191019,-0.5103913012528998,0.42511531765318455,1.000440989755017,0.0,False,0,0,0,0,0,0.0,0.0,0.0,0.0,0.0,0,0.0,0,0,disabled,disabled,0.08139598088140954,0.0,78.80033300011746,2.542333999826951,84.11995899996327,hidden_regime_switching,multi_timescale_memory,CRA,multi_timescale_memory,candidate,NEST,44,0.0,0.0,0.0,0,False,1,False,-1,5,0.1,0.2,False,0.92,normal,replace,0.1,1.0,1.0,8,8,True,True,R0_identity,5.10
128,1000.0,8,8,0,8,0,0,11.482602217532271,11.482602217532271,11.482602217532271,0.5257570675407761,-0.9996433015469107,0.4241589239697204,1.000440989755017,0.0,False,0,0,0,0,0,0.0,0.0,0.0,0.0,0.0,0,0.0,0,0,disabled,disabled,0.07847433468549703,0.0,18.652959000064584,1.9181249999746797,23.298000000067987,hidden_regime_switching,multi_timescale_memory,CRA,multi_timescale_memory,candidate,NEST,44,0.010102036037071672,0.0,0.01,1,True,1,True,133,5,0.1,0.2,False,0.92,normal,replace,0.1,1.0,1.0,8,8,True,True,R0_identity,5.10
129,1000.0,8,8,0,8,0,0,11.435244191698759,11.435244191698759,11.435244191698759,0.05377062953644911,-0.4131873246449158,0.4231987028590222,1.000440989755017,0.0,False,0,0,0,0,0,0.0,0.0,0.0,0.0,0.0,0,0.0,0,0,disabled,disabled,0.0756322659743649,0.0,18.729916999973284,1.8873750000238942,23.233957999991617,hidden_regime_switching,multi_timescale_memory,CRA,multi_timescale_memory,candidate,NEST,44,0.0,0.0,0.0,0,False,1,False,-1,5,0.1,0.2,False,0.92,normal,replace,0.1,1.0,1.0,8,8,True,True,R0_identity,5.10
130,1000.0,8,8,0,8,0,0,11.388122067653736,11.388122067653736,11.388122067653736,-0.019540507961529428,-0.0,0.4222347346803895,1.000440989755017,0.0,False,0,0,0,0,0,0.0,0.0,0.0,0.0,0.0,0,0.0,0,0,disabled,disabled,0.08136825398594905,0.0,18.591874999856373,1.9186250001439475,23.619666999820765,hidden_regime_switching,multi_timescale_memory,CRA,multi_timescale_memory,candidate,NEST,44,0.0,0.0,0.0,0,False,-1,False,-1,5,0.1,0.2,False,0.92,normal,replace,0.1,1.0,1.0,8,8,True,True,R0_identity,5.10
131,1000.0,8,8,0,8,0,0,11.341580371086255,11.341580371086255,11.341580371086255,-0.03360271813337707,-0.0,0.42126709896659753,1.000440989755017,0.0,False,0,0,0,0,0,0.0,0.0,0.0,0.0,0.0,0,0.0,0,0,disabled,disabled,0.08115508977496244,0.0,18.322874999967098,1.978209000071729,22.908041000164303,hidden_regime_switching,multi_timescale_memory,CRA,multi_timescale_memory,candidate,NEST,44,0.0,0.0,0.0,0,False,-1,False,-1,5,0.1,0.2,False,0.92,normal,replace,0.1,1.0,1.0,8,8,True,True,R0_identity,5.10
132,1000.0,8,8,0,8,0,0,11.295585353096921,11.295585353096921,11.295585353096921,0.023964235853457458,0.0,0.42029587443092253,1.000440989755017,0.0,False,0,0,0,0,0,0.0,0.0,0.0,0.0,0.0,0,0.0,0,0,disabled,disabled,0.08153387991405303,0.0,19.54416700004913,2.107750000050146,24.262625000119442,hidden_regime_switching,multi_timescale_memory,CRA,multi_timescale_memory,candidate,NEST,44,0.0,0.0,0.0,0,False,1,False,-1,5,0.1,0.2,False,0.92,normal,replace,0.1,1.0,1.0,8,8,True,True,R0_identity,5.10
133,1000.0,8,8,0,8,0,0,11.250001045341497,11.250001045341497,11.250001045341497,0.0005999764353855279,0.0048187414372333915,0.41932113897411283,1.000440989755017,0.0,True,0,0,0,0,0,0.0,0.0,0.0,0.0,0.0,0,0.0,0,0,disabled,disabled,0.08289009730133667,0.0,18.651374999990367,1.955999999836422,23.230000000012296,hidden_regime_switching,multi_timescale_memory,CRA,multi_timescale_memory,candidate,NEST,44,0.0,0.01,0.0,0,False,1,False,-1,5,0.1,0.2,False,0.92,normal,replace,0.1,1.0,1.0,8,8,True,True,R0_identity,5.10
134,1000.0,8,8,0,8,0,0,11.204586677269265,11.204586677269265,11.204586677269265,-0.005006409224949917,-0.04001564989996197,0.41834296969130536,1.000440989755017,0.0,False,0,0,0,0,0,0.0,0.0,0.0,0.0,0.0,0,0.0,0,0,disabled,disabled,0.0795360166039023,0.0,19.233250000070257,1.9724169999335572,23.81850000006125,hidden_regime_switching,multi_timescale_memory,CRA,multi_timescale_memory,candidate,NEST,44,0.0,0.0,0.0,0,False,-1,False,-1,5,0.1,0.2,False,0.92,normal,replace,0.1,1.0,1.0,8,8,True,True,R0_identity,5.10
135,1000.0,8,8,0,8,0,0,11.158972028439347,11.158972028439347,11.158972028439347,-0.028384391524867363,-0.22225326372222778,0.4173614428788885,1.000440989755017,0.0,False,0,0,0,0,0,0.0,0.0,0.0,0.0,0.0,0,0.0,0,0,disabled,disabled,0.08416225283554724,0.0,18.636667000009766,1.9682499998907588,23.731125000040265,hidden_regime_switching,multi_timescale_memory,CRA,multi_timescale_memory,candidate,NEST,44,0.0,0.0,0.0,0,False,-1,False,-1,5,0.1,0.2,False,0.92,normal,replace,0.1,1.0,1.0,8,8,True,True,R0_identity,5.10
136,1000.0,8,8,0,8,0,0,11.118870997643457,11.118870997643457,11.118870997643457,0.4771442225738278,0.9989657549989369,0.41637663404131176,1.000440989755017,0.0,True,0,0,0,0,0,0.0,0.0,0.0,0.0,0.0,0,0.0,0,0,disabled,disabled,0.0773520138945889,0.0,19.17508299993642,2.04712500021742,23.822207999955936,hidden_regime_switching,multi_timescale_memory,CRA,multi_timescale_memory,candidate,NEST,44,0.009737802043471163,0.0,0.01,1,True,1,True,141,5,0.1,0.2,False,0.92,normal,replace,0.1,1.0,1.0,8,8,True,True,R0_identity,5.10
137,1000.0,8,8,0,8,0,0,11.075537039336192,11.075537039336192,11.075537039336192,0.028924918887086176,0.22446074577946873,0.4154246178978423,1.000440989755017,0.0,True,0,0,0,0,0,0.0,0.0,0.0,0.0,0.0,0,0.0,0,0,disabled,disabled,0.06950413155604451,0.0,20.3477089999069,2.042791000121724,25.29466699979821,hidden_regime_switching,multi_timescale_memory,CRA,multi_timescale_memory,candidate,NEST,44,0.0,0.0,0.0,0,False,1,False,-1,5,0.1,0.2,False,0.92,normal,replace,0.1,1.0,1.0,8,8,True,True,R0_identity,5.10
138,1000.0,8,8,0,8,0,0,11.031575566278091,11.031575566278091,11.031575566278091,0.0013868810743937797,0.0,0.41446903638926896,1.000440989755017,0.0,False,0,0,0,0,0,0.0,0.0,0.0,0.0,0.0,0,0.0,0,0,disabled,disabled,0.062221339116846686,0.0,18.93766700004562,2.0039999999426072,23.549958000103288,hidden_regime_switching,multi_timescale_memory,CRA,multi_timescale_memory,candidate,NEST,44,0.0,0.0,0.0,0,False,1,False,-1,5,0.1,0.2,False,0.92,normal,replace,0.1,1.0,1.0,8,8,True,True,R0_identity,5.10
139,1000.0,8,8,0,8,0,0,10.98740678539617,10.98740678539617,10.98740678539617,-0.0021684955997158337,-0.0,0.4135099665725542,1.000440989755017,0.0,False,0,0,0,0,0,0.0,0.0,0.0,0.0,0.0,0,0.0,0,0,disabled,disabled,0.055162199582231786,0.0,20.189750000099593,2.04333399983625,24.819540999942546,hidden_regime_switching,multi_timescale_memory,CRA,multi_timescale_memory,candidate,NEST,44,0.0,0.0,0.0,0,False,-1,False,-1,5,0.1,0.2,False,0.92,normal,replace,0.1,1.0,1.0,8,8,True,True,R0_identity,5.10
140,1000.0,8,8,0,8,0,0,10.943297179096948,10.943297179096948,10.943297179096948,0.00026956790419097634,0.0,0.41254748470833,1.000440989755017,0.0,False,0,0,0,0,0,0.0,0.0,0.0,0.0,0.0,0,0.0,0,0,disabled,disabled,0.053528022137045994,0.0,18.74804099998073,2.012459000070521,23.35937499992724,hidden_regime_switching,multi_timescale_memory,CRA,multi_timescale_memory,candidate,NEST,44,0.0,0.0,0.0,0,False,1,False,-1,5,0.1,0.2,False,0.92,normal,replace,0.1,1.0,1.0,8,8,True,True,R0_identity,5.10
141,1000.0,8,8,0,8,0,0,10.8993816458326,10.8993816458326,10.8993816458326,0.013813798502665313,0.10677357313806685,0.4115816662676799,1.000440989755017,0.0,True,0,0,0,0,0,0.0,0.0,0.0,0.0,0.0,0,0.0,0,0,disabled,disabled,0.04539770408398969,0.0,20.21100000001752,2.1368750001329317,25.012500000002547,hidden_regime_switching,multi_timescale_memory,CRA,multi_timescale_memory,candidate,NEST,44,0.0,0.01,0.0,0,False,1,False,-1,5,0.1,0.2,False,0.92,normal,replace,0.1,1.0,1.0,8,8,True,True,R0_identity,5.10
142,1000.0,8,8,0,8,0,0,10.855219238591664,10.855219238591664,10.855219238591664,-0.03675655145133715,-0.27658404458080815,0.41061258593886807,1.000440989755017,0.0,False,0,0,0,0,0,0.0,0.0,0.0,0.0,0.0,0,0.0,0,0,disabled,disabled,0.0485077210109921,0.0,18.745874999922307,2.020040999923367,23.436208000020997,hidden_regime_switching,multi_timescale_memory,CRA,multi_timescale_memory,candidate,NEST,44,0.0,0.0,0.0,0,False,-1,False,-1,5,0.1,0.2,False,0.92,normal,replace,0.1,1.0,1.0,8,8,True,True,R0_identity,5.10
143,1000.0,8,8,0,8,0,0,10.811002075946321,10.811002075946321,10.811002075946321,-0.038552508298396154,-0.2881880299923851,0.40964031763401637,1.000440989755017,0.0,False,0,0,0,0,0,0.0,0.0,0.0,0.0,0.0,0,0.0,0,0,disabled,disabled,0.04995342984542628,0.0,19.295875000125307,2.5051669999811566,24.45112500004143,hidden_regime_switching,multi_timescale_memory,CRA,multi_timescale_memory,candidate,NEST,44,0.0,0.0,0.0,0,False,-1,False,-1,5,0.1,0.2,False,0.92,normal,replace,0.1,1.0,1.0,8,8,True,True,R0_identity,5.10
144,1000.0,8,8,0,8,0,0,10.766989210468457,10.766989210468457,10.766989210468457,-0.5599112683906307,-0.999623845289999,0.40866493449572905,1.000440989755017,0.0,False,0,0,0,0,0,0.0,0.0,0.0,0.0,0.0,0,0.0,0,0,disabled,disabled,0.05940119532734389,0.0,18.005541000093217,2.0168749999811553,22.631583000020328,hidden_regime_switching,multi_timescale_memory,CRA,multi_timescale_memory,candidate,NEST,44,-0.010155568088627666,0.0,-0.01,-1,True,-1,True,149,5,0.1,0.2,False,0.92,normal,replace,0.1,1.0,1.0,8,8,True,True,R0_identity,5.10
145,1000.0,8,8,0,8,0,0,10.723195562855985,10.723195562855985,10.723195562855985,-0.09139159866499925,-0.6024672608368948,0.40768650890366637,1.000440989755017,0.0,False,0,0,0,0,0,0.0,0.0,0.0,0.0,0.0,0,0.0,0,0,disabled,disabled,0.061086433996994316,0.0,18.67483300020467,2.09808299996439,23.371916999849418,hidden_regime_switching,multi_timescale_memory,CRA,multi_timescale_memory,candidate,NEST,44,0.0,0.0,0.0,0,False,-1,False,-1,5,0.1,0.2,False,0.92,normal,replace,0.1,1.0,1.0,8,8,True,True,R0_identity,5.10
146,1000.0,8,8,0,8,0,0,10.679620039764155,10.679620039764155,10.679620039764155,0.010782779323884264,0.0,0.4067051124810666,1.000440989755017,0.0,False,0,0,0,0,0,0.0,0.0,0.0,0.0,0.0,0,0.0,0,0,disabled,disabled,0.06538244273403837,0.0,77.47433300005468,2.013832999864462,82.43479099996875,hidden_regime_switching,multi_timescale_memory,CRA,multi_timescale_memory,candidate,NEST,44,0.0,0.0,0.0,0,False,1,False,-1,5,0.1,0.2,False,0.92,normal,replace,0.1,1.0,1.0,8,8,True,True,R0_identity,5.10
147,1000.0,8,8,0,8,0,0,10.636447993841772,10.636447993841772,10.636447993841772,0.06680445662114812,0.0,0.4057208161012175,1.000440989755017,0.0,False,0,0,0,0,0,0.0,0.0,0.0,0.0,0.0,0,0.0,0,0,disabled,disabled,0.061776966877075346,0.0,19.28054199993312,2.1269999999731226,23.9931250000609,hidden_regime_switching,multi_timescale_memory,CRA,multi_timescale_memory,candidate,NEST,44,0.0,0.0,0.0,0,False,1,False,-1,5,0.1,0.2,False,0.92,normal,replace,0.1,1.0,1.0,8,8,True,True,R0_identity,5.10
148,1000.0,8,8,0,8,0,0,10.593781261764589,10.593781261764589,10.593781261764589,0.03577196752028445,0.0,0.40473368989387726,1.000440989755017,0.0,False,0,0,0,0,0,0.0,0.0,0.0,0.0,0.0,0,0.0,0,0,disabled,disabled,0.06327698618111288,0.0,18.81075000005694,2.165874999946027,23.596917000077156,hidden_regime_switching,multi_timescale_memory,CRA,multi_timescale_memory,candidate,NEST,44,0.0,0.0,0.0,0,False,1,False,-1,5,0.1,0.2,False,0.92,normal,replace,0.1,1.0,1.0,8,8,True,True,R0_identity,5.10
149,1000.0,8,8,0,8,0,0,10.551521060015451,10.551521060015451,10.551521060015451,-0.0015352739237887826,0.011504334091145601,0.4037438032516455,1.000440989755017,0.0,True,0,0,0,0,0,0.0,0.0,0.0,0.0,0.0,0,0.0,0,0,disabled,disabled,0.06624810826508121,0.0,20.10775000007925,2.28391699988606,25.10683299988159,hidden_regime_switching,multi_timescale_memory,CRA,multi_timescale_memory,candidate,NEST,44,0.0,-0.01,0.0,0,False,-1,False,-1,5,0.1,0.2,False,0.92,normal,replace,0.1,1.0,1.0,8,8,True,True,R0_identity,5.10
150,1000.0,8,8,0,8,0,0,10.510013850079261,10.510013850079261,10.510013850079261,-0.04051516331512201,0.2934063981285027,0.40275122483628434,1.000440989755017,0.0,True,0,0,0,0,0,0.0,0.0,0.0,0.0,0.0,0,0.0,0,0,disabled,disabled,0.06078130781138036,0.0,19.54399999999623,2.1946250001292356,24.40599999999904,hidden_regime_switching,multi_timescale_memory,CRA,multi_timescale_memory,candidate,NEST,44,0.0,0.0,0.0,0,False,-1,False,-1,5,0.1,0.2,False,0.92,normal,replace,0.1,1.0,1.0,8,8,True,True,R0_identity,5.10
151,1000.0,8,8,0,8,0,0,10.468602609854921,10.468602609854921,10.468602609854921,-0.013808070397827783,0.10222023353067165,0.40175602258499044,1.000440989755017,0.0,True,0,0,0,0,0,0.0,0.0,0.0,0.0,0.0,0,0.0,0,0,disabled,disabled,0.05763986001430954,0.0,20.159291000027224,2.485334000084549,25.27641599999697,hidden_regime_switching,multi_timescale_memory,CRA,multi_timescale_memory,candidate,NEST,44,0.0,0.0,0.0,0,False,-1,False,-1,5,0.1,0.2,False,0.92,normal,replace,0.1,1.0,1.0,8,8,True,True,R0_identity,5.10
152,1000.0,8,8,0,8,0,0,10.427352688157963,10.427352688157963,10.427352688157963,0.5172559865844546,-0.9990504308035772,0.40075826371661794,1.000440989755017,0.0,False,0,0,0,0,0,0.0,0.0,0.0,0.0,0.0,0,0.0,0,0,disabled,disabled,0.04934473837687481,0.0,19.163958000035564,2.149709000150324,23.937708999937968,hidden_regime_switching,multi_timescale_memory,CRA,multi_timescale_memory,candidate,NEST,44,0.009907976468490889,0.0,0.01,1,True,1,True,157,5,0.1,0.2,False,0.92,normal,replace,0.1,1.0,1.0,8,8,True,True,R0_identity,5.10
153,1000.0,8,8,0,8,0,0,10.385431026608373,10.385431026608373,10.385431026608373,-0.023253225912723524,0.1695848717532976,0.3997580147378529,1.000440989755017,0.0,True,0,0,0,0,0,0.0,0.0,0.0,0.0,0.0,0,0.0,0,0,disabled,disabled,0.04627083107929142,0.0,19.262499999967986,2.7085419999366422,24.66379199995572,hidden_regime_switching,multi_timescale_memory,CRA,multi_timescale_memory,candidate,NEST,44,0.0,0.0,0.0,0,False,-1,False,-1,5,0.1,0.2,False,0.92,normal,replace,0.1,1.0,1.0,8,8,True,True,R0_identity,5.10
154,1000.0,8,8,0,8,0,0,10.343919326571559,10.343919326571559,10.343919326571559,0.01106458035519984,0.0,0.3987553414493392,1.000440989755017,0.0,False,0,0,0,0,0,0.0,0.0,0.0,0.0,0.0,0,0.0,0,0,disabled,disabled,0.0475708189274906,0.0,18.415874999845983,2.1038330000919814,23.255000000062864,hidden_regime_switching,multi_timescale_memory,CRA,multi_timescale_memory,candidate,NEST,44,0.0,0.0,0.0,0,False,1,False,-1,5,0.1,0.2,False,0.92,normal,replace,0.1,1.0,1.0,8,8,True,True,R0_identity,5.10
155,1000.0,8,8,0,8,0,0,10.302784792800308,10.302784792800308,10.302784792800308,-0.010197527948091149,-0.0,0.3977503089517571,1.000440989755017,0.0,False,0,0,0,0,0,0.0,0.0,0.0,0.0,0.0,0,0.0,0,0,disabled,disabled,0.05494205733489377,0.0,19.273291999979847,2.1049580000180868,24.001709000003757,hidden_regime_switching,multi_timescale_memory,CRA,multi_timescale_memory,candidate,NEST,44,0.0,0.0,0.0,0,False,-1,False,-1,5,0.1,0.2,False,0.92,normal,replace,0.1,1.0,1.0,8,8,True,True,R0_identity,5.10
156,1000.0,8,8,0,8,0,0,10.26187153499601,10.26187153499601,10.26187153499601,0.014013531436125484,0.0,0.39674298165185384,1.000440989755017,0.0,False,0,0,0,0,0,0.0,0.0,0.0,0.0,0.0,0,0.0,0,0,disabled,disabled,0.05123260816829145,0.0,18.806791999850248,2.1240410001155396,24.10745800011682,hidden_regime_switching,multi_timescale_memory,CRA,multi_timescale_memory,candidate,NEST,44,0.0,0.0,0.0,0,False,1,False,-1,5,0.1,0.2,False,0.92,normal,replace,0.1,1.0,1.0,8,8,True,True,R0_identity,5.10
157,1000.0,8,8,0,8,0,0,10.220974309589188,10.220974309589188,10.220974309589188,-0.01525625731060987,-0.10994321639040197,0.3957334232684271,1.000440989755017,0.0,False,0,0,0,0,0,0.0,0.0,0.0,0.0,0.0,0,0.0,0,0,disabled,disabled,0.04587179282896514,0.0,19.50424999995448,2.122417000009591,24.27516700004162,hidden_regime_switching,multi_timescale_memory,CRA,multi_timescale_memory,candidate,NEST,44,0.0,0.01,0.0,0,False,-1,False,-1,5,0.1,0.2,False,0.92,normal,replace,0.1,1.0,1.0,8,8,True,True,R0_identity,5.10
158,1000.0,8,8,0,8,0,0,10.17991097896529,10.17991097896529,10.17991097896529,-0.0475679935062733,-0.3298782329340882,0.394721696838262,1.000440989755017,0.0,False,0,0,0,0,0,0.0,0.0,0.0,0.0,0.0,0,0.0,0,0,disabled,disabled,0.05416697426142747,0.0,18.71249999999236,2.157874999966225,23.90924999986055,hidden_regime_switching,multi_timescale_memory,CRA,multi_timescale_memory,candidate,NEST,44,0.0,0.0,0.0,0,False,-1,False,-1,5,0.1,0.2,False,0.92,normal,replace,0.1,1.0,1.0,8,8,True,True,R0_identity,5.10
159,1000.0,8,8,0,8,0,0,10.14008309861076,10.14008309861076,10.14008309861076,0.057138345415835,0.3883510347971034,0.3937078647220213,1.000440989755017,0.0,True,0,0,0,0,0,0.0,0.0,0.0,0.0,0.0,0,0.0,0,0,disabled,disabled,0.05829636771734492,0.0,18.950624999888532,2.250624999987849,23.80220800000643,hidden_regime_switching,multi_timescale_memory,CRA,multi_timescale_memory,candidate,NEST,44,0.0,0.0,0.0,0,False,1,False,-1,5,0.1,0.2,False,0.92,normal,replace,0.1,1.0,1.0,8,8,True,True,R0_identity,5.10
160,1000.0,8,8,0,8,0,0,10.103861448282759,10.103861448282759,10.103861448282759,0.4834259453838343,0.9979972532213959,0.3926919886100893,1.000440989755017,0.0,True,0,0,0,0,0,0.0,0.0,0.0,0.0,0.0,0,0.0,0,0,disabled,disabled,0.054840228840079774,0.0,19.945582999980616,2.327582999896549,24.951874999942447,hidden_regime_switching,multi_timescale_memory,CRA,multi_timescale_memory,candidate,NEST,44,0.009898919392990906,0.0,0.01,1,True,1,True,165,5,0.1,0.2,False,0.92,normal,replace,0.1,1.0,1.0,8,8,True,True,R0_identity,5.10
161,1000.0,8,8,0,8,0,0,10.064301533851697,10.064301533851697,10.064301533851697,-0.04680324578656691,-0.32103399027919216,0.3917101295283705,1.000440989755017,0.0,False,0,0,0,0,0,0.0,0.0,0.0,0.0,0.0,0,0.0,0,0,disabled,disabled,0.04902719770730979,0.0,19.21187499988264,2.255000000104701,24.0984170000047,hidden_regime_switching,multi_timescale_memory,CRA,multi_timescale_memory,candidate,NEST,44,0.0,0.0,0.0,0,False,-1,False,-1,5,0.1,0.2,False,0.92,normal,replace,0.1,1.0,1.0,8,8,True,True,R0_identity,5.10
162,1000.0,8,8,0,8,0,0,10.024722526530375,10.024722526530375,10.024722526530375,-0.043154407098643,-0.0,0.3907259158440423,1.000440989755017,0.0,False,0,0,0,0,0,0.0,0.0,0.0,0.0,0.0,0,0.0,0,0,disabled,disabled,0.045866331694597307,0.0,20.474708000165265,2.323333999811439,25.452999999970416,hidden_regime_switching,multi_timescale_memory,CRA,multi_timescale_memory,candidate,NEST,44,0.0,0.0,0.0,0,False,-1,False,-1,5,0.1,0.2,False,0.92,normal,replace,0.1,1.0,1.0,8,8,True,True,R0_identity,5.10
163,1000.0,8,8,0,8,0,0,9.985160656142977,9.985160656142977,9.985160656142977,-0.02615323755718584,-0.0,0.3897394111592631,1.000440989755017,0.0,False,0,0,0,0,0,0.0,0.0,0.0,0.0,0.0,0,0.0,0,0,disabled,disabled,0.03842588534435443,0.0,18.768082999940816,2.3160000000643777,23.795292000158952,hidden_regime_switching,multi_timescale_memory,CRA,multi_timescale_memory,candidate,NEST,44,0.0,0.0,0.0,0,False,-1,False,-1,5,0.1,0.2,False,0.92,normal,replace,0.1,1.0,1.0,8,8,True,True,R0_identity,5.10
164,1000.0,8,8,0,8,0,0,9.945726695974813,9.945726695974813,9.945726695974813,-0.01993366438893634,-0.0,0.3887506783977308,1.000440989755017,0.0,False,0,0,0,0,0,0.0,0.0,0.0,0.0,0.0,0,0.0,0,0,disabled,disabled,0.03561939950808313,0.0,19.99724999996033,2.4254170000403974,25.050082999996448,hidden_regime_switching,multi_timescale_memory,CRA,multi_timescale_memory,candidate,NEST,44,0.0,0.0,0.0,0,False,-1,False,-1,5,0.1,0.2,False,0.92,normal,replace,0.1,1.0,1.0,8,8,True,True,R0_identity,5.10
165,1000.0,8,8,0,8,0,0,9.906674664691508,9.906674664691508,9.906674664691508,0.02530750783266423,0.1750026711124579,0.38775977981053517,1.000440989755017,0.0,True,0,0,0,0,0,0.0,0.0,0.0,0.0,0.0,0,0.0,0,0,disabled,disabled,0.03621331255138038,0.0,18.815457999835417,2.281792000076166,23.754834000101255,hidden_regime_switching,multi_timescale_memory,CRA,multi_timescale_memory,candidate,NEST,44,0.0,0.01,0.0,0,False,1,False,-1,5,0.1,0.2,False,0.92,normal,replace,0.1,1.0,1.0,8,8,True,True,R0_identity,5.10
166,1000.0,8,8,0,8,0,0,9.867812726235492,9.867812726235492,9.867812726235492,0.012052072974059195,0.0836465578954939,0.38676677698196354,1.000440989755017,0.0,True,0,0,0,0,0,0.0,0.0,0.0,0.0,0.0,0,0.0,0,0,disabled,disabled,0.03665669160644658,0.0,19.743792000099347,2.824916999998095,25.219667000101254,hidden_regime_switching,multi_timescale_memory,CRA,multi_timescale_memory,candidate,NEST,44,0.0,0.0,0.0,0,False,1,False,-1,5,0.1,0.2,False,0.92,normal,replace,0.1,1.0,1.0,8,8,True,True,R0_identity,5.10
167,1000.0,8,8,0,8,0,0,9.828958396129885,9.828958396129885,9.828958396129885,-0.01642242548215848,-0.11326427229863545,0.3857717308352616,1.000440989755017,0.0,False,0,0,0,0,0,0.0,0.0,0.0,0.0,0.0,0,0.0,0,0,disabled,disabled,0.04026388215622401,0.0,18.78195900007995,2.2432909997860406,23.64954199993008,hidden_regime_switching,multi_timescale_memory,CRA,multi_timescale_memory,candidate,NEST,44,0.0,0.0,0.0,0,False,-1,False,-1,5,0.1,0.2,False,0.92,normal,replace,0.1,1.0,1.0,8,8,True,True,R0_identity,5.10
168,1000.0,8,8,0,8,0,0,9.793583736009005,9.793583736009005,9.793583736009005,0.5608396338401519,0.9991268042123937,0.38477470163834876,1.000440989755017,0.0,True,0,0,0,0,0,0.0,0.0,0.0,0.0,0.0,0,0.0,0,0,disabled,disabled,0.047289582439010935,0.0,79.23420800011627,2.26645899988398,84.1034170000512,hidden_regime_switching,multi_timescale_memory,CRA,multi_timescale_memory,candidate,NEST,44,0.010184805837953418,0.0,0.01,1,True,1,True,173,5,0.1,0.2,False,0.92,normal,replace,0.1,1.0,1.0,8,8,True,True,R0_identity,5.10
169,1000.0,8,8,0,8,0,0,9.755905117355011,9.755905117355011,9.755905117355011,0.01575559347474619,0.10776177294915369,0.3838117490094888,1.000440989755017,0.0,True,0,0,0,0,0,0.0,0.0,0.0,0.0,0.0,0,0.0,0,0,disabled,disabled,0.04155550470186409,0.0,19.678958999975293,3.0200829999103007,25.33850000008897,hidden_regime_switching,multi_timescale_memory,CRA,multi_timescale_memory,candidate,NEST,44,0.0,0.0,0.0,0,False,1,False,-1,5,0.1,0.2,False,0.92,normal,replace,0.1,1.0,1.0,8,8,True,True,R0_identity,5.10
170,1000.0,8,8,0,8,0,0,9.71799011542502,9.71799011542502,9.71799011542502,0.07273721572284139,0.0,0.38284649992291614,1.000440989755017,0.0,False,0,0,0,0,0,0.0,0.0,0.0,0.0,0.0,0,0.0,0,0,disabled,disabled,0.03947623499160269,0.0,19.028041999945344,2.2328750001179287,24.01395800006867,hidden_regime_switching,multi_timescale_memory,CRA,multi_timescale_memory,candidate,NEST,44,0.0,0.0,0.0,0,False,1,False,-1,5,0.1,0.2,False,0.92,normal,replace,0.1,1.0,1.0,8,8,True,True,R0_identity,5.10
171,1000.0,8,8,0,8,0,0,9.68022038897268,9.68022038897268,9.68022038897268,0.012063330550771965,0.0,0.381879016602418,1.000440989755017,0.0,False,0,0,0,0,0,0.0,0.0,0.0,0.0,0.0,0,0.0,0,0,disabled,disabled,0.047863723572774575,0.0,19.639041999880646,2.836041000136902,25.080208999952447,hidden_regime_switching,multi_timescale_memory,CRA,multi_timescale_memory,candidate,NEST,44,0.0,0.0,0.0,0,False,1,False,-1,5,0.1,0.2,False,0.92,normal,replace,0.1,1.0,1.0,8,8,True,True,R0_identity,5.10
172,1000.0,8,8,0,8,0,0,9.642736614683676,9.642736614683676,9.642736614683676,0.007042556031620108,0.0,0.3809093606077687,1.000440989755017,0.0,False,0,0,0,0,0,0.0,0.0,0.0,0.0,0.0,0,0.0,0,0,disabled,disabled,0.06267712696567962,0.0,18.778249999968466,2.2610000000895525,23.67541699982212,hidden_regime_switching,multi_timescale_memory,CRA,multi_timescale_memory,candidate,NEST,44,0.0,0.0,0.0,0,False,1,False,-1,5,0.1,0.2,False,0.92,normal,replace,0.1,1.0,1.0,8,8,True,True,R0_identity,5.10
173,1000.0,8,8,0,8,0,0,9.605740926699049,9.605740926699049,9.605740926699049,0.023097288773538907,0.15457138605535525,0.37993759284045747,1.000440989755017,0.0,True,0,0,0,0,0,0.0,0.0,0.0,0.0,0.0,0,0.0,0,0,disabled,disabled,0.0673386265660314,0.0,19.777707999992344,2.4504170000909653,24.83024999992267,hidden_regime_switching,multi_timescale_memory,CRA,multi_timescale_memory,candidate,NEST,44,0.0,0.01,0.0,0,False,1,False,-1,5,0.1,0.2,False,0.92,normal,replace,0.1,1.0,1.0,8,8,True,True,R0_identity,5.10
174,1000.0,8,8,0,8,0,0,9.5684004061692,9.5684004061692,9.5684004061692,-0.029467147066270336,-0.19538218688515616,0.37896377354937205,1.000440989755017,0.0,False,0,0,0,0,0,0.0,0.0,0.0,0.0,0.0,0,0.0,0,0,disabled,disabled,0.07435551487881664,0.0,19.25541700006761,2.2685409999212425,24.348624999902313,hidden_regime_switching,multi_timescale_memory,CRA,multi_timescale_memory,candidate,NEST,44,0.0,0.0,0.0,0,False,-1,False,-1,5,0.1,0.2,False,0.92,normal,replace,0.1,1.0,1.0,8,8,True,True,R0_identity,5.10
175,1000.0,8,8,0,8,0,0,9.532440349365718,9.532440349365718,9.532440349365718,0.0908527033850855,0.542432356411918,0.37798796233643744,1.000440989755017,0.0,True,0,0,0,0,0,0.0,0.0,0.0,0.0,0.0,0,0.0,0,0,disabled,disabled,0.06952704582238045,0.0,18.535540999891964,2.277417000186688,23.428875000035987,hidden_regime_switching,multi_timescale_memory,CRA,multi_timescale_memory,candidate,NEST,44,0.0,0.0,0.0,0,False,1,False,-1,5,0.1,0.2,False,0.92,normal,replace,0.1,1.0,1.0,8,8,True,True,R0_identity,5.10
176,1000.0,8,8,0,8,0,0,9.500621032098561,9.500621032098561,9.500621032098561,0.6061057063908781,0.9993757629103257,0.37701021816221025,1.000440989755017,0.0,True,0,0,0,0,0,0.0,0.0,0.0,0.0,0.0,0,0.0,0,0,disabled,disabled,0.06851041101201538,0.0,20.04950000014105,2.294958999982555,25.42379099986647,hidden_regime_switching,multi_timescale_memory,CRA,multi_timescale_memory,candidate,NEST,44,0.009866225200237258,0.0,-0.01,-1,True,1,False,181,5,0.1,0.2,False,0.92,normal,replace,0.1,1.0,1.0,8,8,True,True,R0_identity,5.10
177,1000.0,8,8,0,8,0,0,9.466001442567837,9.466001442567837,9.466001442567837,0.04899289573597186,0.31381370548445403,0.37606659935142966,1.000440989755017,0.0,True,0,0,0,0,0,0.0,0.0,0.0,0.0,0.0,0,0.0,0,0,disabled,disabled,0.07148696689253953,0.0,19.232916999953886,2.330250000113665,24.158124999985375,hidden_regime_switching,multi_timescale_memory,CRA,multi_timescale_memory,candidate,NEST,44,0.0,0.0,0.0,0,False,1,False,-1,5,0.1,0.2,False,0.92,normal,replace,0.1,1.0,1.0,8,8,True,True,R0_identity,5.10
178,1000.0,8,8,0,8,0,0,9.4307038876883,9.4307038876883,9.4307038876883,-0.01839847053093277,-0.0,0.37512073159852466,1.000440989755017,0.0,False,0,0,0,0,0,0.0,0.0,0.0,0.0,0.0,0,0.0,0,0,disabled,disabled,0.07764735540164391,0.0,19.93333299992628,2.279209000107585,25.318249999827458,hidden_regime_switching,multi_timescale_memory,CRA,multi_timescale_memory,candidate,NEST,44,0.0,0.0,0.0,0,False,-1,False,-1,5,0.1,0.2,False,0.92,normal,replace,0.1,1.0,1.0,8,8,True,True,R0_identity,5.10
179,1000.0,8,8,0,8,0,0,9.395022770140944,9.395022770140944,9.395022770140944,0.01795112344224601,0.0,0.37417267586107783,1.000440989755017,0.0,False,0,0,0,0,0,0.0,0.0,0.0,0.0,0.0,0,0.0,0,0,disabled,disabled,0.07680799214755663,0.0,18.897416000072553,2.3135420001381135,23.802082999964114,hidden_regime_switching,multi_timescale_memory,CRA,multi_timescale_memory,candidate,NEST,44,0.0,0.0,0.0,0,False,1,False,-1,5,0.1,0.2,False,0.92,normal,replace,0.1,1.0,1.0,8,8,True,True,R0_identity,5.10
180,1000.0,8,8,0,8,0,0,9.359241574607525,9.359241574607525,9.359241574607525,-0.06716068527510553,-0.0,0.3732224924461428,1.000440989755017,0.0,False,0,0,0,0,0,0.0,0.0,0.0,0.0,0.0,0,0.0,0,0,disabled,disabled,0.07623230011358295,0.0,20.09591699993507,2.3410419998981524,25.272083000118073,hidden_regime_switching,multi_timescale_memory,CRA,multi_timescale_memory,candidate,NEST,44,0.0,0.0,0.0,0,False,-1,False,-1,5,0.1,0.2,False,0.92,normal,replace,0.1,1.0,1.0,8,8,True,True,R0_identity,5.10
181,1000.0,8,8,0,8,0,0,9.32335741907167,9.32335741907167,9.32335741907167,0.010409083403214437,-0.06767930929044264,0.372270241015856,1.000440989755017,0.0,False,0,0,0,0,0,0.0,0.0,0.0,0.0,0.0,0,0.0,0,0,disabled,disabled,0.07684993802969942,0.0,18.708583000034196,2.381416999924113,23.69558300006247,hidden_regime_switching,multi_timescale_memory,CRA,multi_timescale_memory,candidate,NEST,44,0.0,-0.01,0.0,0,False,1,False,-1,5,0.1,0.2,False,0.92,normal,replace,0.1,1.0,1.0,8,8,True,True,R0_identity,5.10
182,1000.0,8,8,0,8,0,0,9.287601418594395,9.287601418594395,9.287601418594395,6.666178277853667e-05,-0.00043218157385147433,0.3713159805930046,1.000440989755017,0.0,False,0,0,0,0,0,0.0,0.0,0.0,0.0,0.0,0,0.0,0,0,disabled,disabled,0.07158552904684523,0.0,20.148415999983627,2.368500000102358,25.115040999935445,hidden_regime_switching,multi_timescale_memory,CRA,multi_timescale_memory,candidate,NEST,44,0.0,0.0,0.0,0,False,1,False,-1,5,0.1,0.2,False,0.92,normal,replace,0.1,1.0,1.0,8,8,True,True,R0_identity,5.10
183,1000.0,8,8,0,8,0,0,9.2518143540438,9.2518143540438,9.2518143540438,0.0121336623971655,-0.07815965242751303,0.3703597695665508,1.000440989755017,0.0,False,0,0,0,0,0,0.0,0.0,0.0,0.0,0.0,0,0.0,0,0,disabled,disabled,0.06655930847718583,0.0,19.121499999982916,2.401541999915935,24.115417000075468,hidden_regime_switching,multi_timescale_memory,CRA,multi_timescale_memory,candidate,NEST,44,0.0,0.0,0.0,0,False,1,False,-1,5,0.1,0.2,False,0.92,normal,replace,0.1,1.0,1.0,8,8,True,True,R0_identity,5.10
184,1000.0,8,8,0,8,0,0,9.215838054160553,9.215838054160553,9.215838054160553,-0.6338329291411711,0.9994207363394848,0.36940166569711314,1.000440989755017,0.0,True,0,0,0,0,0,0.0,0.0,0.0,0.0,0.0,0,0.0,0,0,disabled,disabled,0.060123078252896534,0.0,19.08758299987312,2.4444580001272698,24.15724999991653,hidden_regime_switching,multi_timescale_memory,CRA,multi_timescale_memory,candidate,NEST,44,-0.010076638050969464,0.0,-0.01,-1,True,-1,True,189,5,0.1,0.2,False,0.92,normal,replace,0.1,1.0,1.0,8,8,True,True,R0_identity,5.10
185,1000.0,8,8,0,8,0,0,9.181943131915872,9.181943131915872,9.181943131915872,-0.020535289515035065,0.13061665514556817,0.36847772612240437,1.000440989755017,0.0,True,0,0,0,0,0,0.0,0.0,0.0,0.0,0.0,0,0.0,0,0,disabled,disabled,0.07173231559317816,0.0,19.686833000150727,2.3812089998500596,24.737083999980314,hidden_regime_switching,multi_timescale_memory,CRA,multi_timescale_memory,candidate,NEST,44,0.0,0.0,0.0,0,False,-1,False,-1,5,0.1,0.2,False,0.92,normal,replace,0.1,1.0,1.0,8,8,True,True,R0_identity,5.10
186,1000.0,8,8,0,8,0,0,9.147535331644299,9.147535331644299,9.147535331644299,0.03410708922106559,0.0,0.36755157536262695,1.000440989755017,0.0,False,0,0,0,0,0,0.0,0.0,0.0,0.0,0.0,0,0.0,0,0,disabled,disabled,0.0705081536789649,0.0,19.449541000085446,2.6467919999504375,24.693832999901133,hidden_regime_switching,multi_timescale_memory,CRA,multi_timescale_memory,candidate,NEST,44,0.0,0.0,0.0,0,False,1,False,-1,5,0.1,0.2,False,0.92,normal,replace,0.1,1.0,1.0,8,8,True,True,R0_identity,5.10
187,1000.0,8,8,0,8,0,0,9.113002144751345,9.113002144751345,9.113002144751345,-0.029543241076994985,-0.0,0.36662327321382643,1.000440989755017,0.0,False,0,0,0,0,0,0.0,0.0,0.0,0.0,0.0,0,0.0,0,0,disabled,disabled,0.0721465649084756,0.0,79.70045800016123,2.559249999876556,84.94416700000329,hidden_regime_switching,multi_timescale_memory,CRA,multi_timescale_memory,candidate,NEST,44,0.0,0.0,0.0,0,False,-1,False,-1,5,0.1,0.2,False,0.92,normal,replace,0.1,1.0,1.0,8,8,True,True,R0_identity,5.10
188,1000.0,8,8,0,8,0,0,9.078483477978219,9.078483477978219,9.078483477978219,0.03731555610789644,0.0,0.3656928788340985,1.000440989755017,0.0,False,0,0,0,0,0,0.0,0.0,0.0,0.0,0.0,0,0.0,0,0,disabled,disabled,0.07270232817085098,0.0,18.731166999941706,2.401500000132728,23.738665999871955,hidden_regime_switching,multi_timescale_memory,CRA,multi_timescale_memory,candidate,NEST,44,0.0,0.0,0.0,0,False,1,False,-1,5,0.1,0.2,False,0.92,normal,replace,0.1,1.0,1.0,8,8,True,True,R0_identity,5.10
189,1000.0,8,8,0,8,0,0,9.044243001519684,9.044243001519684,9.044243001519684,-0.01291912280318553,0.08098110341771607,0.36476045074909164,1.000440989755017,0.0,True,0,0,0,0,0,0.0,0.0,0.0,0.0,0.0,0,0.0,0,0,disabled,disabled,0.07356237335799864,0.0,20.08012500004952,2.5437499998588464,25.260500000058528,hidden_regime_switching,multi_timescale_memory,CRA,multi_timescale_memory,candidate,NEST,44,0.0,-0.01,0.0,0,False,-1,False,-1,5,0.1,0.2,False,0.92,normal,replace,0.1,1.0,1.0,8,8,True,True,R0_identity,5.10
190,1000.0,8,8,0,8,0,0,9.010730937331438,9.010730937331438,9.010730937331438,-0.05754895946121686,0.3451280964542059,0.3638260468574668,1.000440989755017,0.0,True,0,0,0,0,0,0.0,0.0,0.0,0.0,0.0,0,0.0,0,0,disabled,disabled,0.07047764036971849,0.0,19.15195800006586,2.4647499999446154,24.202958999921975,hidden_regime_switching,multi_timescale_memory,CRA,multi_timescale_memory,candidate,NEST,44,0.0,0.0,0.0,0,False,-1,False,-1,5,0.1,0.2,False,0.92,normal,replace,0.1,1.0,1.0,8,8,True,True,R0_identity,5.10
191,1000.0,8,8,0,8,0,0,8.977150894304781,8.977150894304781,8.977150894304781,-0.01545907820816141,0.09594944681390584,0.3628897244363145,1.000440989755017,0.0,True,0,0,0,0,0,0.0,0.0,0.0,0.0,0.0,0,0.0,0,0,disabled,disabled,0.06999863428808073,0.0,19.399499999963155,2.7435419999619626,24.80874999992011,hidden_regime_switching,multi_timescale_memory,CRA,multi_timescale_memory,candidate,NEST,44,0.0,0.0,0.0,0,False,-1,False,-1,5,0.1,0.2,False,0.92,normal,replace,0.1,1.0,1.0,8,8,True,True,R0_identity,5.10
192,1000.0,8,8,0,8,0,0,8.943818827410878,8.943818827410878,8.943818827410878,0.67872493479056,-0.9995563924813757,0.3619515401465292,1.000440989755017,0.0,False,0,0,0,0,0,0.0,0.0,0.0,0.0,0.0,0,0.0,0,0,disabled,disabled,0.06945299849777342,0.0,19.79891700011649,2.4985000000015134,24.970166999992216,hidden_regime_switching,multi_timescale_memory,CRA,multi_timescale_memory,candidate,NEST,44,0.00993936561308402,0.0,-0.01,-1,True,1,False,197,5,0.1,0.2,False,0.92,normal,replace,0.1,1.0,1.0,8,8,True,True,R1_invert,5.10
193,1000.0,8,8,0,8,0,0,8.909104024085531,8.909104024085531,8.909104024085531,0.05482162930082435,-0.3258793013019059,0.36101155003814156,1.000440989755017,0.0,False,0,0,0,0,0,0.0,0.0,0.0,0.0,0.0,0,0.0,0,0,disabled,disabled,0.06390451401482977,0.0,18.553416000031575,3.006708999919283,24.181084000019837,hidden_regime_switching,multi_timescale_memory,CRA,multi_timescale_memory,candidate,NEST,44,0.0,0.0,0.0,0,False,1,False,-1,5,0.1,0.2,False,0.92,normal,replace,0.1,1.0,1.0,8,8,True,True,R1_invert,5.10
194,1000.0,8,8,0,8,0,0,8.874603546599545,8.874603546599545,8.874603546599545,-0.05010219181626274,-0.0,0.3600698095556093,1.000440989755017,0.0,False,0,0,0,0,0,0.0,0.0,0.0,0.0,0.0,0,0.0,0,0,disabled,disabled,0.05608985084775586,0.0,18.952375000026223,2.464375000045038,24.04900000010457,hidden_regime_switching,multi_timescale_memory,CRA,multi_timescale_memory,candidate,NEST,44,0.0,0.0,0.0,0,False,-1,False,-1,5,0.1,0.2,False,0.92,normal,replace,0.1,1.0,1.0,8,8,True,True,R1_invert,5.10
195,1000.0,8,8,0,8,0,0,8.840575489600095,8.840575489600095,8.840575489600095,-0.032903679411149155,-0.0,0.3591263735430661,1.000440989755017,0.0,False,0,0,0,0,0,0.0,0.0,0.0,0.0,0.0,0,0.0,0,0,disabled,disabled,0.05323699363222634,0.0,18.47558300005403,2.8083750000860164,23.905249999870648,hidden_regime_switching,multi_timescale_memory,CRA,multi_timescale_memory,candidate,NEST,44,0.0,0.0,0.0,0,False,-1,False,-1,5,0.1,0.2,False,0.92,normal,replace,0.1,1.0,1.0,8,8,True,True,R1_invert,5.10
196,1000.0,8,8,0,8,0,0,8.806851421235871,8.806851421235871,8.806851421235871,0.009712304678158435,0.0,0.3581812962495294,1.000440989755017,0.0,False,0,0,0,0,0,0.0,0.0,0.0,0.0,0.0,0,0.0,0,0,disabled,disabled,0.0513794135217438,0.0,19.35216600008971,2.463249999891559,24.651791999986017,hidden_regime_switching,multi_timescale_memory,CRA,multi_timescale_memory,candidate,NEST,44,0.0,0.0,0.0,0,False,1,False,-1,5,0.1,0.2,False,0.92,normal,replace,0.1,1.0,1.0,8,8,True,True,R1_invert,5.10
197,1000.0,8,8,0,8,0,0,8.773572363841081,8.773572363841081,8.773572363841081,-0.03035403326552971,0.18179666606548406,0.3572346313340676,1.000440989755017,0.0,True,0,0,0,0,0,0.0,0.0,0.0,0.0,0.0,0,0.0,0,0,disabled,disabled,0.04638514262625826,0.0,18.56583399990086,2.4992500000280415,23.729333000119368,hidden_regime_switching,multi_timescale_memory,CRA,multi_timescale_memory,candidate,NEST,44,0.0,-0.01,0.0,0,False,-1,False,-1,5,0.1,0.2,False,0.92,normal,replace,0.1,1.0,1.0,8,8,True,True,R1_invert,5.10
198,1000.0,8,8,0,8,0,0,8.74055470887936,8.74055470887936,8.74055470887936,-0.013780082040215861,0.0828875227984526,0.3562864318709263,1.000440989755017,0.0,True,0,0,0,0,0,0.0,0.0,0.0,0.0,0.0,0,0.0,0,0,disabled,disabled,0.05092098619391461,0.0,19.53424999987874,2.500875000123415,25.16074999994089,hidden_regime_switching,multi_timescale_memory,CRA,multi_timescale_memory,candidate,NEST,44,0.0,0.0,0.0,0,False,-1,False,-1,5,0.1,0.2,False,0.92,normal,replace,0.1,1.0,1.0,8,8,True,True,R1_invert,5.10
199,1000.0,8,8,0,8,0,0,8.707898433755126,8.707898433755126,8.707898433755126,-0.024394348791166632,0.14536288883409343,0.35533675035461465,1.000440989755017,0.0,True,0,0,0,0,0,0.0,0.0,0.0,0.0,0.0,0,0.0,0,0,disabled,disabled,0.05576583374962851,0.0,19.195999999965352,2.4835829999574344,24.289749999979904,hidden_regime_switching,multi_timescale_memory,CRA,multi_timescale_memory,candidate,NEST,44,0.0,0.0,0.0,0,False,-1,False,-1,5,0.1,0.2,False,0.92,normal,replace,0.1,1.0,1.0,8,8,True,True,R1_invert,5.10
200,1000.0,8,8,0,8,0,0,8.674976054968775,8.674976054968775,8.674976054968775,-0.5825914331764857,0.9981053895836607,0.35438563870495143,1.000440989755017,0.0,True,0,0,0,0,0,0.0,0.0,0.0,0.0,0.0,0,0.0,0,0,disabled,disabled,0.05673727913586912,0.0,19.13329200010594,2.551957999912702,24.848750000046493,hidden_regime_switching,multi_timescale_memory,CRA,multi_timescale_memory,candidate,NEST,44,-0.009567698975619402,0.0,0.01,1,True,-1,False,205,5,0.1,0.2,False,0.92,normal,replace,0.1,1.0,1.0,8,8,True,True,R1_invert,5.10
201,1000.0,8,8,0,8,0,0,8.64308663535593,8.64308663535593,8.64308663535593,0.01895500667081923,-0.1122352960019077,0.3534691482720714,1.000440989755017,0.0,False,0,0,0,0,0,0.0,0.0,0.0,0.0,0.0,0,0.0,0,0,disabled,disabled,0.05847270708572072,0.0,19.8078749999695,2.5015830001393624,25.01062499982254,hidden_regime_switching,multi_timescale_memory,CRA,multi_timescale_memory,candidate,NEST,44,0.0,0.0,0.0,0,False,1,False,-1,5,0.1,0.2,False,0.92,normal,replace,0.1,1.0,1.0,8,8,True,True,R1_invert,5.10
202,1000.0,8,8,0,8,0,0,8.610965846514448,8.610965846514448,8.610965846514448,-0.0077472704573088745,-0.0,0.3525508978413925,1.000440989755017,0.0,False,0,0,0,0,0,0.0,0.0,0.0,0.0,0.0,0,0.0,0,0,disabled,disabled,0.058479464607302134,0.0,19.049958999858063,2.5760830001217982,24.751917000003232,hidden_regime_switching,multi_timescale_memory,CRA,multi_timescale_memory,candidate,NEST,44,0.0,0.0,0.0,0,False,-1,False,-1,5,0.1,0.2,False,0.92,normal,replace,0.1,1.0,1.0,8,8,True,True,R1_invert,5.10
203,1000.0,8,8,0,8,0,0,8.578776580450825,8.578776580450825,8.578776580450825,0.03555363801688874,0.0,0.351630941526544,1.000440989755017,0.0,False,0,0,0,0,0,0.0,0.0,0.0,0.0,0.0,0,0.0,0,0,disabled,disabled,0.05626175223762697,0.0,19.43195800004105,2.5555419999818696,24.606749999975364,hidden_regime_switching,multi_timescale_memory,CRA,multi_timescale_memory,candidate,NEST,44,0.0,0.0,0.0,0,False,1,False,-1,5,0.1,0.2,False,0.92,normal,replace,0.1,1.0,1.0,8,8,True,True,R1_invert,5.10
204,1000.0,8,8,0,8,0,0,8.546635280974426,8.546635280974426,8.546635280974426,-0.048493341238605145,-0.0,0.35070933285515143,1.000440989755017,0.0,False,0,0,0,0,0,0.0,0.0,0.0,0.0,0.0,0,0.0,0,0,disabled,disabled,0.05489460450850281,0.0,21.58695799994348,2.584333999948285,30.307582999967053,hidden_regime_switching,multi_timescale_memory,CRA,multi_timescale_memory,candidate,NEST,44,0.0,0.0,0.0,0,False,-1,False,-1,5,0.1,0.2,False,0.92,normal,replace,0.1,1.0,1.0,8,8,True,True,R1_invert,5.10
205,1000.0,8,8,0,8,0,0,8.514931546731846,8.514931546731846,8.514931546731846,0.04214633236746803,0.2411449224561404,0.34978612477392057,1.000440989755017,0.0,True,0,0,0,0,0,0.0,0.0,0.0,0.0,0.0,0,0.0,0,0,disabled,disabled,0.0509862032423003,0.0,21.16799999998875,2.614624999978332,26.423250000107146,hidden_regime_switching,multi_timescale_memory,CRA,multi_timescale_memory,candidate,NEST,44,0.0,0.01,0.0,0,False,1,False,-1,5,0.1,0.2,False,0.92,normal,replace,0.1,1.0,1.0,8,8,True,True,R1_invert,5.10
206,1000.0,8,8,0,8,0,0,8.483374278258033,8.483374278258033,8.483374278258033,0.022595602869370658,0.130523535247007,0.3488613696536817,1.000440989755017,0.0,True,0,0,0,0,0,0.0,0.0,0.0,0.0,0.0,0,0.0,0,0,disabled,disabled,0.05071165562646662,0.0,18.969167000022935,2.6370419998329453,24.25508400006038,hidden_regime_switching,multi_timescale_memory,CRA,multi_timescale_memory,candidate,NEST,44,0.0,0.0,0.0,0,False,1,False,-1,5,0.1,0.2,False,0.92,normal,replace,0.1,1.0,1.0,8,8,True,True,R1_invert,5.10
207,1000.0,8,8,0,8,0,0,8.451819446779275,8.451819446779275,8.451819446779275,0.0050573146947474395,0.029237786440210713,0.3479351192943938,1.000440989755017,0.0,True,0,0,0,0,0,0.0,0.0,0.0,0.0,0.0,0,0.0,0,0,disabled,disabled,0.050954871990139594,0.0,20.48545799993917,2.644166999971276,25.853500000039276,hidden_regime_switching,multi_timescale_memory,CRA,multi_timescale_memory,candidate,NEST,44,0.0,0.0,0.0,0,False,1,False,-1,5,0.1,0.2,False,0.92,normal,replace,0.1,1.0,1.0,8,8,True,True,R1_invert,5.10
208,1000.0,8,8,0,8,0,0,8.42356761296215,8.42356761296215,8.42356761296215,0.5913762313364602,0.9977935721759532,0.3470074249301099,1.000440989755017,0.1,True,0,0,0,0,0,0.0,0.0,0.0,0.0,0.0,0,0.0,0,0,disabled,disabled,0.05088398478357625,0.0,19.479165999882753,2.6115840000784374,24.719334000110393,hidden_regime_switching,multi_timescale_memory,CRA,multi_timescale_memory,candidate,NEST,44,0.009359623137395126,0.0,-0.01,-1,True,1,False,213,5,0.1,0.2,False,0.92,normal,replace,0.1,1.0,1.0,8,8,True,True,R1_invert,5.10
209,1000.0,8,8,0,8,0,0,8.392992423300727,8.392992423300727,8.392992423300727,0.011125307640191637,0.06365533862133567,0.3461143372339028,1.000440989755017,0.06600753552254207,True,0,0,0,0,0,0.0,0.0,0.0,0.0,0.0,0,0.0,0,0,disabled,disabled,0.050964772614562115,0.0,20.522957999901337,2.8857920001428283,90.37308400002075,hidden_regime_switching,multi_timescale_memory,CRA,multi_timescale_memory,candidate,NEST,44,0.0,0.0,0.0,0,False,1,False,-1,5,0.1,0.2,False,0.92,normal,replace,0.1,1.0,1.0,8,8,True,True,R1_invert,5.10
210,1000.0,8,8,0,8,0,0,8.362051084411934,8.362051084411934,8.362051084411934,-0.014739127441097342,-0.0,0.34521947432275263,1.000440989755017,0.0,False,0,0,0,0,0,0.0,0.0,0.0,0.0,0.0,0,0.0,0,0,disabled,disabled,0.04843287613906533,0.0,20.05916600001001,2.6636669999788865,25.331415999971796,hidden_regime_switching,multi_timescale_memory,CRA,multi_timescale_memory,candidate,NEST,44,0.0,0.0,0.0,0,False,-1,False,-1,5,0.1,0.2,False,0.92,normal,replace,0.1,1.0,1.0,8,8,True,True,R1_invert,5.10
211,1000.0,8,8,0,8,0,0,8.331102093111294,8.331102093111294,8.331102093111294,-0.02814387746143078,-0.0,0.34432288965039587,1.000440989755017,0.0,False,0,0,0,0,0,0.0,0.0,0.0,0.0,0.0,0,0.0,0,0,disabled,disabled,0.0521129265320468,0.0,19.712083000058556,2.65679199992519,24.973415999966164,hidden_regime_switching,multi_timescale_memory,CRA,multi_timescale_memory,candidate,NEST,44,0.0,0.0,0.0,0,False,-1,False,-1,5,0.1,0.2,False,0.92,normal,replace,0.1,1.0,1.0,8,8,True,True,R1_invert,5.10
212,1000.0,8,8,0,8,0,0,8.300217856033456,8.300217856033456,8.300217856033456,0.049200159014658615,0.0,0.34342463609303175,1.000440989755017,0.0,False,0,0,0,0,0,0.0,0.0,0.0,0.0,0.0,0,0.0,0,0,disabled,disabled,0.05423176871383362,0.0,19.834917000025598,2.6291660001334094,25.08141699991029,hidden_regime_switching,multi_timescale_memory,CRA,multi_timescale_memory,candidate,NEST,44,0.0,0.0,0.0,0,False,1,False,-1,5,0.1,0.2,False,0.92,normal,replace,0.1,1.0,1.0,8,8,True,True,R1_invert,5.10
213,1000.0,8,8,0,8,0,0,8.269472229304808,8.269472229304808,8.269472229304808,-0.004096880389988412,0.023034107307131797,0.3425247659543286,1.000440989755017,-0.024502152305148267,True,0,0,0,0,0,0.0,0.0,0.0,0.0,0.0,0,0.0,0,0,disabled,disabled,0.054889372498666766,0.0,20.38266600015959,2.635791999864523,25.614958000005572,hidden_regime_switching,multi_timescale_memory,CRA,multi_timescale_memory,candidate,NEST,44,0.0,-0.01,0.0,0,False,-1,False,-1,5,0.1,0.2,False,0.92,normal,replace,0.1,1.0,1.0,8,8,True,True,R1_invert,5.10
214,1000.0,8,8,0,8,0,0,8.23910801384441,8.23910801384441,8.23910801384441,-0.034101365971041804,0.18859111593951364,0.3416233309703906,1.000440989755017,-0.12450215230514827,True,0,0,0,0,0,0.0,0.0,0.0,0.0,0.0,0,0.0,0,0,disabled,disabled,0.05300192583437102,0.0,18.833374999985608,2.6572500000838772,24.091875000067375,hidden_regime_switching,multi_timescale_memory,CRA,multi_timescale_memory,candidate,NEST,44,0.0,0.0,0.0,0,False,-1,False,-1,5,0.1,0.2,False,0.92,normal,replace,0.1,1.0,1.0,8,8,True,True,R1_invert,5.10
215,1000.0,8,8,0,8,0,0,8.208785862257441,8.208785862257441,8.208785862257441,0.011981842282913263,-0.0666573322425786,0.34072038231468543,1.000440989755017,-0.024502152305148267,False,0,0,0,0,0,0.0,0.0,0.0,0.0,0.0,0,0.0,0,0,disabled,disabled,0.06638810340662538,0.0,19.79220900011569,2.6489159999982803,25.648791000094207,hidden_regime_switching,multi_timescale_memory,CRA,multi_timescale_memory,candidate,NEST,44,0.0,0.0,0.0,0,False,1,False,-1,5,0.1,0.2,False,0.92,normal,replace,0.1,1.0,1.0,8,8,True,True,R1_invert,5.10
216,1000.0,8,8,0,8,0,0,8.178201568352854,8.178201568352854,8.178201568352854,-0.6314837418932805,0.9981854482906439,0.33981597060293384,1.000440989755017,-0.12450215230514827,True,0,0,0,0,0,0.0,0.0,0.0,0.0,0.0,0,0.0,0,0,disabled,disabled,0.0655382485807472,0.0,18.622542000002795,2.747540999962439,23.97754100002203,hidden_regime_switching,multi_timescale_memory,CRA,multi_timescale_memory,candidate,NEST,44,-0.009838665986415002,0.0,0.01,1,True,-1,False,221,5,0.1,0.2,False,0.92,normal,replace,0.1,1.0,1.0,8,8,True,True,R1_invert,5.10
217,1000.0,8,8,0,8,0,0,8.148938224428901,8.148938224428901,8.148938224428901,0.00595892835907415,-0.0328783684392195,0.3389461458979599,1.000440989755017,-0.024502152305148267,False,0,0,0,0,0,0.0,0.0,0.0,0.0,0.0,0,0.0,0,0,disabled,disabled,0.062032463852214725,0.0,20.858167000142203,2.6804579999861744,26.140166000004683,hidden_regime_switching,multi_timescale_memory,CRA,multi_timescale_memory,candidate,NEST,44,0.0,0.0,0.0,0,False,1,False,-1,5,0.1,0.2,False,0.92,normal,replace,0.1,1.0,1.0,8,8,True,True,R1_invert,5.10
218,1000.0,8,8,0,8,0,0,8.119340556544948,8.119340556544948,8.119340556544948,0.022379939615585123,0.0,0.33807452571450397,1.000440989755017,0.0,False,0,0,0,0,0,0.0,0.0,0.0,0.0,0.0,0,0.0,0,0,disabled,disabled,0.06021172297456001,0.0,18.917541999826426,2.67458300004364,24.181582999972306,hidden_regime_switching,multi_timescale_memory,CRA,multi_timescale_memory,candidate,NEST,44,0.0,0.0,0.0,0,False,1,False,-1,5,0.1,0.2,False,0.92,normal,replace,0.1,1.0,1.0,8,8,True,True,R1_invert,5.10
219,1000.0,8,8,0,8,0,0,8.089693583187621,8.089693583187621,8.089693583187621,-0.013894654867538003,-0.0,0.3372011629119972,1.000440989755017,0.0,False,0,0,0,0,0,0.0,0.0,0.0,0.0,0.0,0,0.0,0,0,disabled,disabled,0.06152891832242169,0.0,20.555125000100816,2.739458999940325,25.90929200005121,hidden_regime_switching,multi_timescale_memory,CRA,multi_timescale_memory,candidate,NEST,44,0.0,0.0,0.0,0,False,-1,False,-1,5,0.1,0.2,False,0.92,normal,replace,0.1,1.0,1.0,8,8,True,True,R1_invert,5.10
220,1000.0,8,8,0,8,0,0,8.060126010582634,8.060126010582634,8.060126010582634,-0.025875428564572357,-0.0,0.3363261097801948,1.000440989755017,0.0,False,0,0,0,0,0,0.0,0.0,0.0,0.0,0.0,0,0.0,0,0,disabled,disabled,0.06469267259479405,0.0,18.995249999989028,2.6539160000993434,24.269417000141402,hidden_regime_switching,multi_timescale_memory,CRA,multi_timescale_memory,candidate,NEST,44,0.0,0.0,0.0,0,False,-1,False,-1,5,0.1,0.2,False,0.92,normal,replace,0.1,1.0,1.0,8,8,True,True,R1_invert,5.10
221,1000.0,8,8,0,8,0,0,8.030317957216944,8.030317957216944,8.030317957216944,-0.03139617404660515,-0.16842614670182643,0.33544941804410916,1.000440989755017,0.0,False,0,0,0,0,0,0.0,0.0,0.0,0.0,0.0,0,0.0,0,0,disabled,disabled,0.06449337356640861,0.0,20.16266700002234,2.729332999933831,25.870166000004247,hidden_regime_switching,multi_timescale_memory,CRA,multi_timescale_memory,candidate,NEST,44,0.0,0.01,0.0,0,False,-1,False,-1,5,0.1,0.2,False,0.92,normal,replace,0.1,1.0,1.0,8,8,True,True,R1_invert,5.10
222,1000.0,8,8,0,8,0,0,8.000465096438191,8.000465096438191,8.000465096438191,-0.03052392471359162,-0.1630784383081395,0.3345711388689045,1.000440989755017,0.0,False,0,0,0,0,0,0.0,0.0,0.0,0.0,0.0,0,0.0,0,0,disabled,disabled,0.06222972386715231,0.0,19.107791999886103,2.6862920001349266,24.406750000025568,hidden_regime_switching,multi_timescale_memory,CRA,multi_timescale_memory,candidate,NEST,44,0.0,0.0,0.0,0,False,-1,False,-1,5,0.1,0.2,False,0.92,normal,replace,0.1,1.0,1.0,8,8,True,True,R1_invert,5.10
223,1000.0,8,8,0,8,0,0,7.971130854337696,7.971130854337696,7.971130854337696,0.018232798033344898,0.09751860843582565,0.33369132286475267,1.000440989755017,0.0,True,0,0,0,0,0,0.0,0.0,0.0,0.0,0.0,0,0.0,0,0,disabled,disabled,0.05946000884292513,0.0,18.9837919999718,2.7423750000252767,24.824999999964348,hidden_regime_switching,multi_timescale_memory,CRA,multi_timescale_memory,candidate,NEST,44,0.0,0.0,0.0,0,False,1,False,-1,5,0.1,0.2,False,0.92,normal,replace,0.1,1.0,1.0,8,8,True,True,R1_invert,5.10
224,1000.0,8,8,0,8,0,0,7.941258156464335,7.941258156464335,7.941258156464335,-0.6601031972683042,-0.9982678058866067,0.3328100200916514,1.000440989755017,0.0,False,0,0,0,0,0,0.0,0.0,0.0,0.0,0.0,0,0.0,0,0,disabled,disabled,0.05515620134721111,0.0,19.205667000051108,2.705999999989217,24.509416000000783,hidden_regime_switching,multi_timescale_memory,CRA,multi_timescale_memory,candidate,NEST,44,-0.010090649243053468,0.0,-0.01,-1,True,-1,True,229,5,0.1,0.2,False,0.92,normal,replace,0.1,1.0,1.0,8,8,True,True,R1_invert,5.10
225,1000.0,8,8,0,8,0,0,7.911534152788694,7.911534152788694,7.911534152788694,0.012334637234981526,0.06546392508059375,0.3319272800642042,1.000440989755017,0.0,True,0,0,0,0,0,0.0,0.0,0.0,0.0,0.0,0,0.0,0,0,disabled,disabled,0.051816288703788516,0.0,18.812916999877416,2.741917000093963,24.52416699998139,hidden_regime_switching,multi_timescale_memory,CRA,multi_timescale_memory,candidate,NEST,44,0.0,0.0,0.0,0,False,1,False,-1,5,0.1,0.2,False,0.92,normal,replace,0.1,1.0,1.0,8,8,True,True,R1_invert,5.10
226,1000.0,8,8,0,8,0,0,7.882223070830323,7.882223070830323,7.882223070830323,0.022918397868007766,0.0,0.33104315175636306,1.000440989755017,0.0,False,0,0,0,0,0,0.0,0.0,0.0,0.0,0.0,0,0.0,0,0,disabled,disabled,0.04827080140160689,0.0,19.36362499986899,2.7622500001598382,24.725374999889027,hidden_regime_switching,multi_timescale_memory,CRA,multi_timescale_memory,candidate,NEST,44,0.0,0.0,0.0,0,False,1,False,-1,5,0.1,0.2,False,0.92,normal,replace,0.1,1.0,1.0,8,8,True,True,R1_invert,5.10
227,1000.0,8,8,0,8,0,0,7.853267698413967,7.853267698413967,7.853267698413967,0.011966177615390886,0.0,0.33015768360613373,1.000440989755017,0.0,False,0,0,0,0,0,0.0,0.0,0.0,0.0,0.0,0,0.0,0,0,disabled,disabled,0.05401007501068733,0.0,19.47079200022017,2.791957999988881,24.87195799994879,hidden_regime_switching,multi_timescale_memory,CRA,multi_timescale_memory,candidate,NEST,44,0.0,0.0,0.0,0,False,1,False,-1,5,0.1,0.2,False,0.92,normal,replace,0.1,1.0,1.0,8,8,True,True,R1_invert,5.10
228,1000.0,8,8,0,8,0,0,7.824495951556721,7.824495951556721,7.824495951556721,-0.01494405835816187,-0.0,0.3292709235202439,1.000440989755017,0.0,False,0,0,0,0,0,0.0,0.0,0.0,0.0,0.0,0,0.0,0,0,disabled,disabled,0.04909856933767376,0.0,19.679583000197454,2.803041999868583,25.085624999974243,hidden_regime_switching,multi_timescale_memory,CRA,multi_timescale_memory,candidate,NEST,44,0.0,0.0,0.0,0,False,-1,False,-1,5,0.1,0.2,False,0.92,normal,replace,0.1,1.0,1.0,8,8,True,True,R1_invert,5.10
229,1000.0,8,8,0,8,0,0,7.795437351459589,7.795437351459589,7.795437351459589,0.06307512479780768,-0.3175197801948567,0.3283829188787749,1.000440989755017,0.0,False,0,0,0,0,0,0.0,0.0,0.0,0.0,0.0,0,0.0,0,0,disabled,disabled,0.05043082792235243,0.0,19.918374999861044,2.762291000180994,25.287457999866092,hidden_regime_switching,multi_timescale_memory,CRA,multi_timescale_memory,candidate,NEST,44,0.0,-0.01,0.0,0,False,1,False,-1,5,0.1,0.2,False,0.92,normal,replace,0.1,1.0,1.0,8,8,True,True,R1_invert,5.10
230,1000.0,8,8,0,8,0,0,7.766903296765572,7.766903296765572,7.766903296765572,-0.005268442833114558,0.027333587702198344,0.32749371653975684,1.000440989755017,0.0,True,0,0,0,0,0,0.0,0.0,0.0,0.0,0.0,0,0.0,0,0,disabled,disabled,0.06035149604931256,0.0,83.16591700008757,2.894125000011627,88.65429200000108,hidden_regime_switching,multi_timescale_memory,CRA,multi_timescale_memory,candidate,NEST,44,0.0,0.0,0.0,0,False,-1,False,-1,5,0.1,0.2,False,0.92,normal,replace,0.1,1.0,1.0,8,8,True,True,R1_invert,5.10
231,1000.0,8,8,0,8,0,0,7.73927596751716,7.73927596751716,7.73927596751716,-0.047567621477282676,0.2408556138843698,0.3266033628437274,1.000440989755017,0.0,True,0,0,0,0,0,0.0,0.0,0.0,0.0,0.0,0,0.0,0,0,disabled,disabled,0.07207872115100145,0.0,19.391207999888138,3.6922500000855507,25.742749999835723,hidden_regime_switching,multi_timescale_memory,CRA,multi_timescale_memory,candidate,NEST,44,0.0,0.0,0.0,0,False,-1,False,-1,5,0.1,0.2,False,0.92,normal,replace,0.1,1.0,1.0,8,8,True,True,R1_invert,5.10
232,1000.0,8,8,0,8,0,0,7.71109946214741,7.71109946214741,7.71109946214741,-0.6543177231046822,0.9976067606333093,0.3257119036182548,1.000440989755017,0.0,True,0,0,0,0,0,0.0,0.0,0.0,0.0,0.0,0,0.0,0,0,disabled,disabled,0.08512157248902064,0.0,18.762832999982493,2.922874999967462,24.336167000001296,hidden_regime_switching,multi_timescale_memory,CRA,multi_timescale_memory,candidate,NEST,44,-0.01056720996672147,0.0,0.01,1,True,-1,False,237,5,0.1,0.2,False,0.92,normal,replace,0.1,1.0,1.0,8,8,True,True,R1_invert,5.10
233,1000.0,8,8,0,8,0,0,7.684565260076964,7.684565260076964,7.684565260076964,0.021806738429251273,-0.11109387371911725,0.32485538418242554,1.000440989755017,0.0,False,0,0,0,0,0,0.0,0.0,0.0,0.0,0.0,0,0.0,0,0,disabled,disabled,0.08254535415207176,0.0,21.383834000062052,2.919625000004089,26.93724999994629,hidden_regime_switching,multi_timescale_memory,CRA,multi_timescale_memory,candidate,NEST,44,0.0,0.0,0.0,0,False,1,False,-1,5,0.1,0.2,False,0.92,normal,replace,0.1,1.0,1.0,8,8,True,True,R1_invert,5.10
234,1000.0,8,8,0,8,0,0,7.6576173674029775,7.6576173674029775,7.6576173674029775,-0.010516086131235163,-0.0,0.32399741735129595,1.000440989755017,0.0,False,0,0,0,0,0,0.0,0.0,0.0,0.0,0.0,0,0.0,0,0,disabled,disabled,0.0816183145308953,0.0,19.32845900000757,2.8557910000017728,24.771708999878683,hidden_regime_switching,multi_timescale_memory,CRA,multi_timescale_memory,candidate,NEST,44,0.0,0.0,0.0,0,False,-1,False,-1,5,0.1,0.2,False,0.92,normal,replace,0.1,1.0,1.0,8,8,True,True,R1_invert,5.10
235,1000.0,8,8,0,8,0,0,7.630462406011825,7.630462406011825,7.630462406011825,-0.007858382745569055,-0.0,0.32313805132830936,1.000440989755017,0.0,False,0,0,0,0,0,0.0,0.0,0.0,0.0,0.0,0,0.0,0,0,disabled,disabled,0.07617818853961822,0.0,20.425250000016604,2.816582999912498,25.860499999907915,hidden_regime_switching,multi_timescale_memory,CRA,multi_timescale_memory,candidate,NEST,44,0.0,0.0,0.0,0,False,-1,False,-1,5,0.1,0.2,False,0.92,normal,replace,0.1,1.0,1.0,8,8,True,True,R1_invert,5.10
236,1000.0,8,8,0,8,0,0,7.6032886172065925,7.6032886172065925,7.6032886172065925,-0.006440922267986375,-0.0,0.32227733379057394,1.000440989755017,0.0,False,0,0,0,0,0,0.0,0.0,0.0,0.0,0.0,0,0.0,0,0,disabled,disabled,0.07377617146111781,0.0,18.782625000085318,2.8686670000297454,24.250459000086266,hidden_regime_switching,multi_timescale_memory,CRA,multi_timescale_memory,candidate,NEST,44,0.0,0.0,0.0,0,False,-1,False,-1,5,0.1,0.2,False,0.92,normal,replace,0.1,1.0,1.0,8,8,True,True,R1_invert,5.10
237,1000.0,8,8,0,8,0,0,7.576217412980521,7.576217412980521,7.576217412980521,0.008695755071122302,0.043604604893022585,0.3214153118934436,1.000440989755017,0.0,True,0,0,0,0,0,0.0,0.0,0.0,0.0,0.0,0,0.0,0,0,disabled,disabled,0.06866169863183114,0.0,19.576040999936595,3.0581670000628947,26.470167000070433,hidden_regime_switching,multi_timescale_memory,CRA,multi_timescale_memory,candidate,NEST,44,0.0,0.01,0.0,0,False,1,False,-1,5,0.1,0.2,False,0.92,normal,replace,0.1,1.0,1.0,8,8,True,True,R1_invert,5.10
238,1000.0,8,8,0,8,0,0,7.548880715996452,7.548880715996452,7.548880715996452,-0.03117295278850945,-0.15441995733324496,0.3205520322750623,1.000440989755017,0.0,False,0,0,0,0,0,0.0,0.0,0.0,0.0,0.0,0,0.0,0,0,disabled,disabled,0.06757082759624478,0.0,20.54037499988226,2.8125840001393954,25.992125000129818,hidden_regime_switching,multi_timescale_memory,CRA,multi_timescale_memory,candidate,NEST,44,0.0,0.0,0.0,0,False,-1,False,-1,5,0.1,0.2,False,0.92,normal,replace,0.1,1.0,1.0,8,8,True,True,R1_invert,5.10
239,1000.0,8,8,0,8,0,0,7.521715750600517,7.521715750600517,7.521715750600517,-0.011541001772225579,-0.057292662452561274,0.3196875410608734,1.000440989755017,0.0,False,0,0,0,0,0,0.0,0.0,0.0,0.0,0.0,0,0.0,0,0,disabled,disabled,0.07134693419215221,0.0,18.728791999819805,2.823499999976775,24.751374999823383,hidden_regime_switching,multi_timescale_memory,CRA,multi_timescale_memory,candidate,NEST,44,0.0,0.0,0.0,0,False,-1,False,-1,5,0.1,0.2,False,0.92,normal,replace,0.1,1.0,1.0,8,8,True,True,R1_invert,5.10
240,1000.0,8,8,0,8,0,0,7.494079776903537,7.494079776903537,7.494079776903537,-0.6523108756848846,-0.9968522944736723,0.31882188386809285,1.000440989755017,0.0,False,0,0,0,0,0,0.0,0.0,0.0,0.0,0.0,0,0.0,0,0,disabled,disabled,0.06760652177153137,0.0,19.814540999959718,3.9217089999965538,26.378791999832174,hidden_regime_switching,multi_timescale_memory,CRA,multi_timescale_memory,candidate,NEST,44,-0.01011338618717517,0.0,-0.01,-1,True,-1,True,245,5,0.1,0.2,False,0.92,normal,replace,0.1,1.0,1.0,8,8,True,True,R1_invert,5.10
241,1000.0,8,8,0,8,0,0,7.466581341838198,7.466581341838198,7.466581341838198,-7.44457647892111e-05,-0.00036640834433541113,0.31795510581014746,1.000440989755017,0.0,False,0,0,0,0,0,0.0,0.0,0.0,0.0,0.0,0,0.0,0,0,disabled,disabled,0.06561516942237766,0.0,20.595749999984037,3.2862079999631533,27.120334000073854,hidden_regime_switching,multi_timescale_memory,CRA,multi_timescale_memory,candidate,NEST,44,0.0,0.0,0.0,0,False,-1,False,-1,5,0.1,0.2,False,0.92,normal,replace,0.1,1.0,1.0,8,8,True,True,R1_invert,5.10
242,1000.0,8,8,0,8,0,0,7.439508560415686,7.439508560415686,7.439508560415686,0.03343067751651607,0.0,0.3170872515010782,1.000440989755017,0.0,False,0,0,0,0,0,0.0,0.0,0.0,0.0,0.0,0,0.0,0,0,disabled,disabled,0.07074153432233743,0.0,21.050999999943087,2.990834000001996,26.958459000070434,hidden_regime_switching,multi_timescale_memory,CRA,multi_timescale_memory,candidate,NEST,44,0.0,0.0,0.0,0,False,1,False,-1,5,0.1,0.2,False,0.92,normal,replace,0.1,1.0,1.0,8,8,True,True,R1_invert,5.10
243,1000.0,8,8,0,8,0,0,7.4128630313112005,7.4128630313112005,7.4128630313112005,-0.022203459918442196,-0.0,0.3162183650599086,1.000440989755017,0.0,False,0,0,0,0,0,0.0,0.0,0.0,0.0,0.0,0,0.0,0,0,disabled,disabled,0.07231332340704633,0.0,19.450624999990396,2.9626250000092114,25.176999999985128,hidden_regime_switching,multi_timescale_memory,CRA,multi_timescale_memory,candidate,NEST,44,0.0,0.0,0.0,0,False,-1,False,-1,5,0.1,0.2,False,0.92,normal,replace,0.1,1.0,1.0,8,8,True,True,R1_invert,5.10
244,1000.0,8,8,0,8,0,0,7.386516875109989,7.386516875109989,7.386516875109989,-0.015411826525495338,-0.0,0.315348490114979,1.000440989755017,0.0,False,0,0,0,0,0,0.0,0.0,0.0,0.0,0.0,0,0.0,0,0,disabled,disabled,0.07475983721529289,0.0,20.12237499980074,3.0200420001165185,25.833874999989348,hidden_regime_switching,multi_timescale_memory,CRA,multi_timescale_memory,candidate,NEST,44,0.0,0.0,0.0,0,False,-1,False,-1,5,0.1,0.2,False,0.92,normal,replace,0.1,1.0,1.0,8,8,True,True,R1_invert,5.10
245,1000.0,8,8,0,8,0,0,7.360039077854192,7.360039077854192,7.360039077854192,0.029829281128625273,-0.14299272117478765,0.31447766980824643,1.000440989755017,0.0,False,0,0,0,0,0,0.0,0.0,0.0,0.0,0.0,0,0.0,0,0,disabled,disabled,0.07222817975277351,0.0,18.97283299990704,2.8950830001122085,24.542125000152737,hidden_regime_switching,multi_timescale_memory,CRA,multi_timescale_memory,candidate,NEST,44,0.0,-0.01,0.0,0,False,1,False,-1,5,0.1,0.2,False,0.92,normal,replace,0.1,1.0,1.0,8,8,True,True,R1_invert,5.10
246,1000.0,8,8,0,8,0,0,7.333749216484059,7.333749216484059,7.333749216484059,0.015045726133296855,-0.07214563678230602,0.3136059467995505,1.000440989755017,0.0,False,0,0,0,0,0,0.0,0.0,0.0,0.0,0.0,0,0.0,0,0,disabled,disabled,0.07537924861945733,0.0,18.484542000123838,2.899666999837791,25.280833999886454,hidden_regime_switching,multi_timescale_memory,CRA,multi_timescale_memory,candidate,NEST,44,0.0,0.0,0.0,0,False,1,False,-1,5,0.1,0.2,False,0.92,normal,replace,0.1,1.0,1.0,8,8,True,True,R1_invert,5.10
247,1000.0,8,8,0,8,0,0,7.307730487899555,7.307730487899555,7.307730487899555,0.004062338945887077,-0.019416578820255385,0.31273336327084583,1.000440989755017,0.0,False,0,0,0,0,0,0.0,0.0,0.0,0.0,0.0,0,0.0,0,0,disabled,disabled,0.0757680223829853,0.0,19.165292000025147,2.9441660001339187,24.702208000007886,hidden_regime_switching,multi_timescale_memory,CRA,multi_timescale_memory,candidate,NEST,44,0.0,0.0,0.0,0,False,1,False,-1,5,0.1,0.2,False,0.92,normal,replace,0.1,1.0,1.0,8,8,True,True,R1_invert,5.10
248,1000.0,8,8,0,8,0,0,7.282452760679696,7.282452760679696,7.282452760679696,0.6348667685900637,-0.9952502019516866,0.3118599609304008,1.000440989755017,0.0,False,0,0,0,0,0,0.0,0.0,0.0,0.0,0.0,0,0.0,0,0,disabled,disabled,0.07251640558310246,0.0,19.073542000114685,2.93575000000601,25.098999999954685,hidden_regime_switching,multi_timescale_memory,CRA,multi_timescale_memory,candidate,NEST,44,0.010330312301327275,0.0,0.01,1,True,1,True,253,5,0.1,0.2,False,0.92,normal,replace,0.1,1.0,1.0,8,8,True,True,R1_invert,5.10
249,1000.0,8,8,0,8,0,0,7.256007449183586,7.256007449183586,7.256007449183586,-0.018760640689343487,0.08857769354867087,0.3109857810169634,1.000440989755017,0.0,True,0,0,0,0,0,0.0,0.0,0.0,0.0,0.0,0,0.0,0,0,disabled,disabled,0.07423187155484623,0.0,18.91362499986826,2.878125000052023,24.44933299989316,hidden_regime_switching,multi_timescale_memory,CRA,multi_timescale_memory,candidate,NEST,44,0.0,0.0,0.0,0,False,-1,False,-1,5,0.1,0.2,False,0.92,normal,replace,0.1,1.0,1.0,8,8,True,True,R1_invert,5.10
250,1000.0,8,8,0,8,0,0,7.230101147439068,7.230101147439068,7.230101147439068,0.026004066352925334,0.0,0.31011086430389373,1.000440989755017,0.0,False,0,0,0,0,0,0.0,0.0,0.0,0.0,0.0,0,0.0,0,0,disabled,disabled,0.07427357090082243,0.0,18.80104100018798,2.924666999888359,24.82004200010124,hidden_regime_switching,multi_timescale_memory,CRA,multi_timescale_memory,candidate,NEST,44,0.0,0.0,0.0,0,False,1,False,-1,5,0.1,0.2,False,0.92,normal,replace,0.1,1.0,1.0,8,8,True,True,R1_invert,5.10
251,1000.0,8,8,0,8,0,0,7.204583627188784,7.204583627188784,7.204583627188784,-0.0010782223063224169,-0.0,0.30923525110326433,1.000440989755017,0.0,False,0,0,0,0,0,0.0,0.0,0.0,0.0,0.0,0,0.0,0,0,disabled,disabled,0.07646427046539461,0.0,78.69483400008903,2.981374999990294,84.29462499998408,hidden_regime_switching,multi_timescale_memory,CRA,multi_timescale_memory,candidate,NEST,44,0.0,0.0,0.0,0,False,-1,False,-1,5,0.1,0.2,False,0.92,normal,replace,0.1,1.0,1.0,8,8,True,True,R1_invert,5.10
252,1000.0,8,8,0,8,0,0,7.179360531916913,7.179360531916913,7.179360531916913,0.0017689256330889742,0.0,0.3083589812699275,1.000440989755017,0.0,False,0,0,0,0,0,0.0,0.0,0.0,0.0,0.0,0,0.0,0,0,disabled,disabled,0.08082116442039133,0.0,18.573083000092083,2.9282079999575217,24.118875000112894,hidden_regime_switching,multi_timescale_memory,CRA,multi_timescale_memory,candidate,NEST,44,0.0,0.0,0.0,0,False,1,False,-1,5,0.1,0.2,False,0.92,normal,replace,0.1,1.0,1.0,8,8,True,True,R1_invert,5.10
253,1000.0,8,8,0,8,0,0,7.154341901826687,7.154341901826687,7.154341901826687,0.001913561648103755,0.008882560995476964,0.307482094205551,1.000440989755017,0.0,True,0,0,0,0,0,0.0,0.0,0.0,0.0,0.0,0,0.0,0,0,disabled,disabled,0.08009475808931388,0.0,19.72337500001231,2.95837500016205,25.798540999858233,hidden_regime_switching,multi_timescale_memory,CRA,multi_timescale_memory,candidate,NEST,44,0.0,0.01,0.0,0,False,1,False,-1,5,0.1,0.2,False,0.92,normal,replace,0.1,1.0,1.0,8,8,True,True,R1_invert,5.10
254,1000.0,8,8,0,8,0,0,7.129466571284829,7.129466571284829,7.129466571284829,0.0022160717293923534,0.010236690423043784,0.3066046288626213,1.000440989755017,0.0,True,0,0,0,0,0,0.0,0.0,0.0,0.0,0.0,0,0.0,0,0,disabled,disabled,0.0777080654998521,0.0,19.22124999987318,3.015041000026031,24.84075000006669,hidden_regime_switching,multi_timescale_memory,CRA,multi_timescale_memory,candidate,NEST,44,0.0,0.0,0.0,0,False,1,False,-1,5,0.1,0.2,False,0.92,normal,replace,0.1,1.0,1.0,8,8,True,True,R1_invert,5.10
255,1000.0,8,8,0,8,0,0,7.104886360093405,7.104886360093405,7.104886360093405,0.020374817716710115,0.09339108427497786,0.3057266237484153,1.000440989755017,0.0,True,0,0,0,0,0,0.0,0.0,0.0,0.0,0.0,0,0.0,0,0,disabled,disabled,0.07458403908690148,0.0,18.938875000003463,3.1018340000628086,25.157457999966937,hidden_regime_switching,multi_timescale_memory,CRA,multi_timescale_memory,candidate,NEST,44,0.0,0.0,0.0,0,False,1,False,-1,5,0.1,0.2,False,0.92,normal,replace,0.1,1.0,1.0,8,8,True,True,R1_invert,5.10
256,1000.0,8,8,0,8,0,0,7.07932459092618,7.07932459092618,7.07932459092618,-0.5909239689231034,-0.991067347923652,0.30484811692894076,1.000440989755017,0.0,False,0,0,0,0,0,0.0,0.0,0.0,0.0,0.0,0,0.0,0,0,disabled,disabled,0.08122363006688982,0.0,20.128708999891387,3.1935000001794833,25.972333000026993,hidden_regime_switching,multi_timescale_memory,CRA,multi_timescale_memory,candidate,NEST,44,-0.009977300445622441,0.0,0.01,1,True,-1,False,261,5,0.1,0.2,False,0.92,normal,replace,0.1,1.0,1.0,8,8,True,True,R1_invert,5.10
257,1000.0,8,8,0,8,0,0,7.0538900153945665,7.0538900153945665,7.0538900153945665,-0.007501786787832026,-0.034136825139906665,0.303969146032845,1.000440989755017,0.0,False,0,0,0,0,0,0.0,0.0,0.0,0.0,0.0,0,0.0,0,0,disabled,disabled,0.08578198489079636,0.0,19.161832999998296,2.9318330000478454,25.192457999992257,hidden_regime_switching,multi_timescale_memory,CRA,multi_timescale_memory,candidate,NEST,44,0.0,0.0,0.0,0,False,-1,False,-1,5,0.1,0.2,False,0.92,normal,replace,0.1,1.0,1.0,8,8,True,True,R1_invert,5.10
258,1000.0,8,8,0,8,0,0,7.028952646710335,7.028952646710335,7.028952646710335,-0.05648446453224184,-0.0,0.3030897482552929,1.000440989755017,0.0,False,0,0,0,0,0,0.0,0.0,0.0,0.0,0.0,0,0.0,0,0,disabled,disabled,0.08462164304181119,0.0,19.71000000003187,3.6167920000025333,25.961499999993976,hidden_regime_switching,multi_timescale_memory,CRA,multi_timescale_memory,candidate,NEST,44,0.0,0.0,0.0,0,False,-1,False,-1,5,0.1,0.2,False,0.92,normal,replace,0.1,1.0,1.0,8,8,True,True,R1_invert,5.10
259,1000.0,8,8,0,8,0,0,7.004497630654236,7.004497630654236,7.004497630654236,-0.008730607173575067,-0.0,0.30220996036181424,1.000440989755017,0.0,False,0,0,0,0,0,0.0,0.0,0.0,0.0,0.0,0,0.0,0,0,disabled,disabled,0.08962594923125611,0.0,18.740291999847614,3.0047499999454885,24.389832999986538,hidden_regime_switching,multi_timescale_memory,CRA,multi_timescale_memory,candidate,NEST,44,0.0,0.0,0.0,0,False,-1,False,-1,5,0.1,0.2,False,0.92,normal,replace,0.1,1.0,1.0,8,8,True,True,R1_invert,5.10
260,1000.0,8,8,0,8,0,0,6.980346353830005,6.980346353830005,6.980346353830005,-0.0015738923411467117,-0.0,0.30132981869212017,1.000440989755017,0.0,False,0,0,0,0,0,0.0,0.0,0.0,0.0,0.0,0,0.0,0,0,disabled,disabled,0.09102728333363785,0.0,19.312582999873484,3.578332999950362,25.633959000060713,hidden_regime_switching,multi_timescale_memory,CRA,multi_timescale_memory,candidate,NEST,44,0.0,0.0,0.0,0,False,-1,False,-1,5,0.1,0.2,False,0.92,normal,replace,0.1,1.0,1.0,8,8,True,True,R1_invert,5.10
261,1000.0,8,8,0,8,0,0,6.956468299880336,6.956468299880336,6.956468299880336,0.0024554725453741024,0.010959943004710936,0.3004493591638894,1.000440989755017,0.0,True,0,0,0,0,0,0.0,0.0,0.0,0.0,0.0,0,0.0,0,0,disabled,disabled,0.09454585729039344,0.0,19.095667000101457,3.040666999822861,24.77099999987331,hidden_regime_switching,multi_timescale_memory,CRA,multi_timescale_memory,candidate,NEST,44,0.0,0.01,0.0,0,False,1,False,-1,5,0.1,0.2,False,0.92,normal,replace,0.1,1.0,1.0,8,8,True,True,R1_invert,5.10
262,1000.0,8,8,0,8,0,0,6.932602153548386,6.932602153548386,6.932602153548386,-0.017176127694635578,-0.07614664753619135,0.29956861727652445,1.000440989755017,0.0,False,0,0,0,0,0,0.0,0.0,0.0,0.0,0.0,0,0.0,0,0,disabled,disabled,0.10334668685485848,0.0,18.92654199991739,3.588499999978012,25.185917000044356,hidden_regime_switching,multi_timescale_memory,CRA,multi_timescale_memory,candidate,NEST,44,0.0,0.0,0.0,0,False,-1,False,-1,5,0.1,0.2,False,0.92,normal,replace,0.1,1.0,1.0,8,8,True,True,R1_invert,5.10
263,1000.0,8,8,0,8,0,0,6.90857872871735,6.90857872871735,6.90857872871735,-0.03219382408304043,-0.14135214894335418,0.298687628114878,1.000440989755017,0.0,False,0,0,0,0,0,0.0,0.0,0.0,0.0,0.0,0,0.0,0,0,disabled,disabled,0.10724715337638457,0.0,19.44837499991081,3.0258750000484724,25.100167000118745,hidden_regime_switching,multi_timescale_memory,CRA,multi_timescale_memory,candidate,NEST,44,0.0,0.0,0.0,0,False,-1,False,-1,5,0.1,0.2,False,0.92,normal,replace,0.1,1.0,1.0,8,8,True,True,R1_invert,5.10
264,1000.0,8,8,0,8,0,0,6.8913378991110825,6.8913378991110825,6.8913378991110825,0.4793505457976324,0.9709461066912568,0.29780642635294935,1.000440989755017,0.0,True,0,0,0,0,0,0.0,0.0,0.0,0.0,0.0,0,0.0,0,0,disabled,disabled,0.10239940576575268,0.0,18.83058299995355,3.5983340001166653,25.106125000093016,hidden_regime_switching,multi_timescale_memory,CRA,multi_timescale_memory,candidate,NEST,44,0.009567077575415845,0.0,-0.01,-1,True,1,False,269,5,0.1,0.2,False,0.92,normal,replace,0.1,1.0,1.0,8,8,True,True,R1_invert,5.10
265,1000.0,8,8,0,8,0,0,6.869447399425566,6.869447399425566,6.869447399425566,0.012060200912260136,0.05274098705563758,0.29696104625755176,1.000440989755017,0.0,True,0,0,0,0,0,0.0,0.0,0.0,0.0,0.0,0,0.0,0,0,disabled,disabled,0.09877507273108233,0.0,20.059041999957117,3.119749999996202,25.83487500010051,hidden_regime_switching,multi_timescale_memory,CRA,multi_timescale_memory,candidate,NEST,44,0.0,0.0,0.0,0,False,1,False,-1,5,0.1,0.2,False,0.92,normal,replace,0.1,1.0,1.0,8,8,True,True,R1_invert,5.10
266,1000.0,8,8,0,8,0,0,6.846819400125031,6.846819400125031,6.846819400125031,0.01729724058013825,0.0,0.29611508969195016,1.000440989755017,0.0,False,0,0,0,0,0,0.0,0.0,0.0,0.0,0.0,0,0.0,0,0,disabled,disabled,0.09182853126450663,0.0,21.212167000157933,3.126416999975845,27.050042000155372,hidden_regime_switching,multi_timescale_memory,CRA,multi_timescale_memory,candidate,NEST,44,0.0,0.0,0.0,0,False,1,False,-1,5,0.1,0.2,False,0.92,normal,replace,0.1,1.0,1.0,8,8,True,True,R1_invert,5.10
267,1000.0,8,8,0,8,0,0,6.82386313160116,6.82386313160116,6.82386313160116,-0.039259654866677346,-0.0,0.2952685940074705,1.000440989755017,0.0,False,0,0,0,0,0,0.0,0.0,0.0,0.0,0.0,0,0.0,0,0,disabled,disabled,0.08476106148232354,0.0,19.59949999991295,3.0815830000392452,25.290374999940468,hidden_regime_switching,multi_timescale_memory,CRA,multi_timescale_memory,candidate,NEST,44,0.0,0.0,0.0,0,False,-1,False,-1,5,0.1,0.2,False,0.92,normal,replace,0.1,1.0,1.0,8,8,True,True,R1_invert,5.10
268,1000.0,8,8,0,8,0,0,6.800837686379178,6.800837686379178,6.800837686379178,-0.0073278618319187775,-0.0,0.29442159612797575,1.000440989755017,0.0,False,0,0,0,0,0,0.0,0.0,0.0,0.0,0.0,0,0.0,0,0,disabled,disabled,0.0826435806402035,0.0,20.150084000079005,3.1367080000563874,26.152791999948022,hidden_regime_switching,multi_timescale_memory,CRA,multi_timescale_memory,candidate,NEST,44,0.0,0.0,0.0,0,False,-1,False,-1,5,0.1,0.2,False,0.92,normal,replace,0.1,1.0,1.0,8,8,True,True,R1_invert,5.10
269,1000.0,8,8,0,8,0,0,6.7780461819507725,6.7780461819507725,6.7780461819507725,-0.0184353839375695,0.07896657500062237,0.2935741325536506,1.000440989755017,0.0,True,0,0,0,0,0,0.0,0.0,0.0,0.0,0.0,0,0.0,0,0,disabled,disabled,0.08267683284257998,0.0,19.3003750000571,3.129833000002691,25.036999999883847,hidden_regime_switching,multi_timescale_memory,CRA,multi_timescale_memory,candidate,NEST,44,0.0,-0.01,0.0,0,False,-1,False,-1,5,0.1,0.2,False,0.92,normal,replace,0.1,1.0,1.0,8,8,True,True,R1_invert,5.10
270,1000.0,8,8,0,8,0,0,6.7551501697850895,6.7551501697850895,6.7551501697850895,0.006503155557147786,-0.027771144708450785,0.2927262393647568,1.000440989755017,0.0,False,0,0,0,0,0,0.0,0.0,0.0,0.0,0.0,0,0.0,0,0,disabled,disabled,0.08153216768288818,0.0,19.287082999881022,3.11854200003836,25.515458999961993,hidden_regime_switching,multi_timescale_memory,CRA,multi_timescale_memory,candidate,NEST,44,0.0,0.0,0.0,0,False,1,False,-1,5,0.1,0.2,False,0.92,normal,replace,0.1,1.0,1.0,8,8,True,True,R1_invert,5.10
271,1000.0,8,8,0,8,0,0,6.732564458619642,6.732564458619642,6.732564458619642,-0.008940477544261468,0.03798588399895011,0.2918779522253578,1.000440989755017,0.0,True,0,0,0,0,0,0.0,0.0,0.0,0.0,0.0,0,0.0,0,0,disabled,disabled,0.09216746583568103,0.0,81.31458299999395,3.1535830000848364,87.0732500000031,hidden_regime_switching,multi_timescale_memory,CRA,multi_timescale_memory,candidate,NEST,44,0.0,0.0,0.0,0,False,-1,False,-1,5,0.1,0.2,False,0.92,normal,replace,0.1,1.0,1.0,8,8,True,True,R1_invert,5.10
272,1000.0,8,8,0,8,0,0,6.7094584289504535,6.7094584289504535,6.7094584289504535,-0.5106947158667583,0.9737677782115217,0.2910293063870144,1.000440989755017,0.0,True,0,0,0,0,0,0.0,0.0,0.0,0.0,0.0,0,0.0,0,0,disabled,disabled,0.0911691489644122,0.0,19.6632080001109,3.430125000022599,25.707583000212253,hidden_regime_switching,multi_timescale_memory,CRA,multi_timescale_memory,candidate,NEST,44,-0.0098065660118811,0.0,0.01,1,True,-1,False,277,5,0.1,0.2,False,0.92,normal,replace,0.1,1.0,1.0,8,8,True,True,R1_invert,5.10
273,1000.0,8,8,0,8,0,0,6.688519845181488,6.688519845181488,6.688519845181488,-0.03461439216638922,0.144687231470714,0.29021633669245106,1.000440989755017,0.0,True,0,0,0,0,0,0.0,0.0,0.0,0.0,0.0,0,0.0,0,0,disabled,disabled,0.08532147341970653,0.0,19.65929099992536,3.2185840000238386,25.532500000053915,hidden_regime_switching,multi_timescale_memory,CRA,multi_timescale_memory,candidate,NEST,44,0.0,0.0,0.0,0,False,-1,False,-1,5,0.1,0.2,False,0.92,normal,replace,0.1,1.0,1.0,8,8,True,True,R1_invert,5.10
274,1000.0,8,8,0,8,0,0,6.666759835735329,6.666759835735329,6.666759835735329,0.0258090885238308,0.0,0.28940264557919254,1.000440989755017,0.0,False,0,0,0,0,0,0.0,0.0,0.0,0.0,0.0,0,0.0,0,0,disabled,disabled,0.08018697233393635,0.0,20.39116700007071,3.1732909999391268,26.18270800007849,hidden_regime_switching,multi_timescale_memory,CRA,multi_timescale_memory,candidate,NEST,44,0.0,0.0,0.0,0,False,1,False,-1,5,0.1,0.2,False,0.92,normal,replace,0.1,1.0,1.0,8,8,True,True,R1_invert,5.10
275,1000.0,8,8,0,8,0,0,6.644669890280308,6.644669890280308,6.644669890280308,0.009422489518891424,0.0,0.2885882709711722,1.000440989755017,0.0,False,0,0,0,0,0,0.0,0.0,0.0,0.0,0.0,0,0.0,0,0,disabled,disabled,0.07695421250984502,0.0,19.1939999999704,3.1497499999204592,24.951583000074606,hidden_regime_switching,multi_timescale_memory,CRA,multi_timescale_memory,candidate,NEST,44,0.0,0.0,0.0,0,False,1,False,-1,5,0.1,0.2,False,0.92,normal,replace,0.1,1.0,1.0,8,8,True,True,R1_invert,5.10
276,1000.0,8,8,0,8,0,0,6.622587320830305,6.622587320830305,6.622587320830305,-0.00997517550806969,-0.0,0.2877732503632072,1.000440989755017,0.0,False,0,0,0,0,0,0.0,0.0,0.0,0.0,0.0,0,0.0,0,0,disabled,disabled,0.08297312487789643,0.0,19.603082999992694,3.2257080001727445,25.9045000000242,hidden_regime_switching,multi_timescale_memory,CRA,multi_timescale_memory,candidate,NEST,44,0.0,0.0,0.0,0,False,-1,False,-1,5,0.1,0.2,False,0.92,normal,replace,0.1,1.0,1.0,8,8,True,True,R1_invert,5.10
277,1000.0,8,8,0,8,0,0,6.600340903774753,6.600340903774753,6.600340903774753,-0.023215157148039553,-0.0955408134678236,0.2869576208247829,1.000440989755017,0.0,False,0,0,0,0,0,0.0,0.0,0.0,0.0,0.0,0,0.0,0,0,disabled,disabled,0.08933626544353057,0.0,19.462875000044733,3.1864170000517333,25.251292000120884,hidden_regime_switching,multi_timescale_memory,CRA,multi_timescale_memory,candidate,NEST,44,0.0,0.01,0.0,0,False,-1,False,-1,5,0.1,0.2,False,0.92,normal,replace,0.1,1.0,1.0,8,8,True,True,R1_invert,5.10
278,1000.0,8,8,0,8,0,0,6.577969716330331,6.577969716330331,6.577969716330331,-0.026570155557182843,-0.10871918665996096,0.2861414190038066,1.000440989755017,0.0,False,0,0,0,0,0,0.0,0.0,0.0,0.0,0.0,0,0.0,0,0,disabled,disabled,0.08667908166741967,0.0,18.8095420000991,3.208500000027925,25.189333999833252,hidden_regime_switching,multi_timescale_memory,CRA,multi_timescale_memory,candidate,NEST,44,0.0,0.0,0.0,0,False,-1,False,-1,5,0.1,0.2,False,0.92,normal,replace,0.1,1.0,1.0,8,8,True,True,R1_invert,5.10
279,1000.0,8,8,0,8,0,0,6.5558110630051765,6.5558110630051765,6.5558110630051765,-0.0058307262815467985,-0.02383221461913735,0.2853246811303323,1.000440989755017,0.0,False,0,0,0,0,0,0.0,0.0,0.0,0.0,0.0,0,0.0,0,0,disabled,disabled,0.08517398225823758,0.0,19.257499999866923,3.22095900014574,25.09549999990668,hidden_regime_switching,multi_timescale_memory,CRA,multi_timescale_memory,candidate,NEST,44,0.0,0.0,0.0,0,False,-1,False,-1,5,0.1,0.2,False,0.92,normal,replace,0.1,1.0,1.0,8,8,True,True,R1_invert,5.10
280,1000.0,8,8,0,8,0,0,6.539346286054694,6.539346286054694,6.539346286054694,0.5248830324622271,0.9724446472478373,0.2845074430202556,1.000440989755017,0.0,True,0,0,0,0,0,0.0,0.0,0.0,0.0,0.0,0,0.0,0,0,disabled,disabled,0.08597236726127289,0.0,18.966792000128407,3.298874999927648,25.501333999955023,hidden_regime_switching,multi_timescale_memory,CRA,multi_timescale_memory,candidate,NEST,44,0.009655073912885876,0.0,-0.01,-1,True,1,False,285,5,0.1,0.2,False,0.92,normal,replace,0.1,1.0,1.0,8,8,True,True,R1_invert,5.10
281,1000.0,8,8,0,8,0,0,6.518362784002593,6.518362784002593,6.518362784002593,-0.04224429386420523,-0.1693769070439264,0.28372574007897905,1.000440989755017,0.0,False,0,0,0,0,0,0.0,0.0,0.0,0.0,0.0,0,0.0,0,0,disabled,disabled,0.08535193606656222,0.0,19.71800000001167,3.7560839998604933,26.087708999966708,hidden_regime_switching,multi_timescale_memory,CRA,multi_timescale_memory,candidate,NEST,44,0.0,0.0,0.0,0,False,-1,False,-1,5,0.1,0.2,False,0.92,normal,replace,0.1,1.0,1.0,8,8,True,True,R1_invert,5.10
282,1000.0,8,8,0,8,0,0,6.497095551605896,6.497095551605896,6.497095551605896,0.0371935376945534,0.0,0.2829431753050491,1.000440989755017,0.0,False,0,0,0,0,0,0.0,0.0,0.0,0.0,0.0,0,0.0,0,0,disabled,disabled,0.08443370989424448,0.0,18.950874999973166,3.285292000100526,24.909708999985014,hidden_regime_switching,multi_timescale_memory,CRA,multi_timescale_memory,candidate,NEST,44,0.0,0.0,0.0,0,False,1,False,-1,5,0.1,0.2,False,0.92,normal,replace,0.1,1.0,1.0,8,8,True,True,R1_invert,5.10
283,1000.0,8,8,0,8,0,0,6.475776966889546,6.475776966889546,6.475776966889546,-0.015530260113015755,-0.0,0.2821597871817635,1.000440989755017,0.0,False,0,0,0,0,0,0.0,0.0,0.0,0.0,0.0,0,0.0,0,0,disabled,disabled,0.08649194082364087,0.0,19.848124999953143,3.8220000001274457,26.281625000137865,hidden_regime_switching,multi_timescale_memory,CRA,multi_timescale_memory,candidate,NEST,44,0.0,0.0,0.0,0,False,-1,False,-1,5,0.1,0.2,False,0.92,normal,replace,0.1,1.0,1.0,8,8,True,True,R1_invert,5.10
284,1000.0,8,8,0,8,0,0,6.454452962687505,6.454452962687505,6.454452962687505,-0.0015062277086092314,-0.0,0.2813756137616463,1.000440989755017,0.0,False,0,0,0,0,0,0.0,0.0,0.0,0.0,0.0,0,0.0,0,0,disabled,disabled,0.08514240798430084,0.0,19.17312499995205,3.3087499998600833,25.10149999989153,hidden_regime_switching,multi_timescale_memory,CRA,multi_timescale_memory,candidate,NEST,44,0.0,0.0,0.0,0,False,-1,False,-1,5,0.1,0.2,False,0.92,normal,replace,0.1,1.0,1.0,8,8,True,True,R1_invert,5.10
285,1000.0,8,8,0,8,0,0,6.4332832197289695,6.4332832197289695,6.4332832197289695,-0.009161407035656488,0.036356993944587655,0.28059069267023207,1.000440989755017,0.0,True,0,0,0,0,0,0.0,0.0,0.0,0.0,0.0,0,0.0,0,0,disabled,disabled,0.08533824665097178,0.0,19.123375000162923,3.693040999905861,25.433250000105545,hidden_regime_switching,multi_timescale_memory,CRA,multi_timescale_memory,candidate,NEST,44,0.0,-0.01,0.0,0,False,-1,False,-1,5,0.1,0.2,False,0.92,normal,replace,0.1,1.0,1.0,8,8,True,True,R1_invert,5.10
286,1000.0,8,8,0,8,0,0,6.412095456798363,6.412095456798363,6.412095456798363,0.004332373302124092,-0.01711558984511979,0.2798050611098193,1.000440989755017,0.0,False,0,0,0,0,0,0.0,0.0,0.0,0.0,0.0,0,0.0,0,0,disabled,disabled,0.08446912055966038,0.0,19.392166999978144,3.264082999976381,25.295665999919947,hidden_regime_switching,multi_timescale_memory,CRA,multi_timescale_memory,candidate,NEST,44,0.0,0.0,0.0,0,False,1,False,-1,5,0.1,0.2,False,0.92,normal,replace,0.1,1.0,1.0,8,8,True,True,R1_invert,5.10
287,1000.0,8,8,0,8,0,0,6.390780369424267,6.390780369424267,6.390780369424267,0.01925170923267332,-0.07555173280118355,0.2790187558631954,1.000440989755017,0.0,False,0,0,0,0,0,0.0,0.0,0.0,0.0,0.0,0,0.0,0,0,disabled,disabled,0.08134010501754663,0.0,19.2562499998985,3.4842919999391597,25.360042000102112,hidden_regime_switching,multi_timescale_memory,CRA,multi_timescale_memory,candidate,NEST,44,0.0,0.0,0.0,0,False,1,False,-1,5,0.1,0.2,False,0.92,normal,replace,0.1,1.0,1.0,8,8,True,True,R1_invert,5.10
288,1000.0,8,8,0,8,0,0,6.369014014155459,6.369014014155459,6.369014014155459,-0.5735310887738267,0.977772116843131,0.278231813297331,1.000440989755017,0.0,True,0,0,0,0,0,0.0,0.0,0.0,0.0,0.0,0,0.0,0,0,disabled,disabled,0.07746387006885413,0.0,19.073917000014262,3.347957999949358,25.01783399998203,hidden_regime_switching,multi_timescale_memory,CRA,multi_timescale_memory,candidate,NEST,44,-0.010313314473461916,0.0,-0.01,-1,True,-1,True,293,5,0.1,0.2,False,0.92,normal,replace,0.1,1.0,1.0,8,8,True,True,R1_invert,5.10
289,1000.0,8,8,0,8,0,0,6.349600149899111,6.349600149899111,6.349600149899111,-0.05612429114259883,0.21512150108470196,0.2774802693670459,1.000440989755017,0.0,True,0,0,0,0,0,0.0,0.0,0.0,0.0,0.0,0,0.0,0,0,disabled,disabled,0.0764887498765674,0.0,19.87274999987676,3.3524160000979464,25.99104199998692,hidden_regime_switching,multi_timescale_memory,CRA,multi_timescale_memory,candidate,NEST,44,0.0,0.0,0.0,0,False,-1,False,-1,5,0.1,0.2,False,0.92,normal,replace,0.1,1.0,1.0,8,8,True,True,R1_invert,5.10
290,1000.0,8,8,0,8,0,0,6.329452855987512,6.329452855987512,6.329452855987512,0.014590756989855283,0.0,0.27672772761864556,1.000440989755017,0.0,False,0,0,0,0,0,0.0,0.0,0.0,0.0,0.0,0,0.0,0,0,disabled,disabled,0.07442869258927232,0.0,79.5207080000182,3.3187919998454163,85.44050000000425,hidden_regime_switching,multi_timescale_memory,CRA,multi_timescale_memory,candidate,NEST,44,0.0,0.0,0.0,0,False,1,False,-1,5,0.1,0.2,False,0.92,normal,replace,0.1,1.0,1.0,8,8,True,True,R1_invert,5.10
291,1000.0,8,8,0,8,0,0,6.309000398202847,6.309000398202847,6.309000398202847,-0.002710129765729219,-0.0,0.2759742270815288,1.000440989755017,0.0,False,0,0,0,0,0,0.0,0.0,0.0,0.0,0.0,0,0.0,0,0,disabled,disabled,0.07305747265815832,0.0,18.864749999920605,3.2962919999590667,24.76691599986225,hidden_regime_switching,multi_timescale_memory,CRA,multi_timescale_memory,candidate,NEST,44,0.0,0.0,0.0,0,False,-1,False,-1,5,0.1,0.2,False,0.92,normal,replace,0.1,1.0,1.0,8,8,True,True,R1_invert,5.10
292,1000.0,8,8,0,8,0,0,6.288448355277196,6.288448355277196,6.288448355277196,0.02248508716369669,0.0,0.27521980635266313,1.000440989755017,0.0,False,0,0,0,0,0,0.0,0.0,0.0,0.0,0.0,0,0.0,0,0,disabled,disabled,0.07210805976931844,0.0,19.661125000084212,3.3303749999049614,26.136332999840306,hidden_regime_switching,multi_timescale_memory,CRA,multi_timescale_memory,candidate,NEST,44,0.0,0.0,0.0,0,False,1,False,-1,5,0.1,0.2,False,0.92,normal,replace,0.1,1.0,1.0,8,8,True,True,R1_invert,5.10
293,1000.0,8,8,0,8,0,0,6.267909642412017,6.267909642412017,6.267909642412017,0.008281322039318788,-0.031610722501016916,0.27446450360036895,1.000440989755017,0.0,False,0,0,0,0,0,0.0,0.0,0.0,0.0,0.0,0,0.0,0,0,disabled,disabled,0.07820312405876262,0.0,19.032041999935245,3.875332999996317,25.51470900016284,hidden_regime_switching,multi_timescale_memory,CRA,multi_timescale_memory,candidate,NEST,44,0.0,-0.01,0.0,0,False,1,False,-1,5,0.1,0.2,False,0.92,normal,replace,0.1,1.0,1.0,8,8,True,True,R1_invert,5.10
294,1000.0,8,8,0,8,0,0,6.247709378973558,6.247709378973558,6.247709378973558,-0.03208588496254528,0.12132095575918495,0.2737083565680736,1.000440989755017,0.0,True,0,0,0,0,0,0.0,0.0,0.0,0.0,0.0,0,0.0,0,0,disabled,disabled,0.07594474860803668,0.0,18.688915999973688,3.3564169998498983,24.747208999997383,hidden_regime_switching,multi_timescale_memory,CRA,multi_timescale_memory,candidate,NEST,44,0.0,0.0,0.0,0,False,-1,False,-1,5,0.1,0.2,False,0.92,normal,replace,0.1,1.0,1.0,8,8,True,True,R1_invert,5.10
295,1000.0,8,8,0,8,0,0,6.22768475587822,6.22768475587822,6.22768475587822,-0.025223359685659197,0.09509232961733516,0.27295140257803613,1.000440989755017,0.0,True,0,0,0,0,0,0.0,0.0,0.0,0.0,0.0,0,0.0,0,0,disabled,disabled,0.07615020179622523,0.0,19.400749999931577,3.856832999872495,25.87404099995183,hidden_regime_switching,multi_timescale_memory,CRA,multi_timescale_memory,candidate,NEST,44,0.0,0.0,0.0,0,False,-1,False,-1,5,0.1,0.2,False,0.92,normal,replace,0.1,1.0,1.0,8,8,True,True,R1_invert,5.10
296,1000.0,8,8,0,8,0,0,6.206918476118414,6.206918476118414,6.206918476118414,-0.6413865801385303,0.9841104037481423,0.27219367853504267,1.000440989755017,0.0,True,0,0,0,0,0,0.0,0.0,0.0,0.0,0.0,0,0.0,0,0,disabled,disabled,0.07227328675137024,0.0,18.641750000142565,3.383249999842519,24.645374999863634,hidden_regime_switching,multi_timescale_memory,CRA,multi_timescale_memory,candidate,NEST,44,-0.01053341956349272,0.0,0.01,1,True,-1,False,301,5,0.1,0.2,False,0.92,normal,replace,0.1,1.0,1.0,8,8,True,True,R1_invert,5.10
297,1000.0,8,8,0,8,0,0,6.187836336189973,6.187836336189973,6.187836336189973,0.02434580056429811,-0.09091396206819588,0.2714712209300723,1.000440989755017,0.0,False,0,0,0,0,0,0.0,0.0,0.0,0.0,0.0,0,0.0,0,0,disabled,disabled,0.08012956513771563,0.0,20.215040999801204,3.8612920000105078,26.69904200001838,hidden_regime_switching,multi_timescale_memory,CRA,multi_timescale_memory,candidate,NEST,44,0.0,0.0,0.0,0,False,1,False,-1,5,0.1,0.2,False,0.92,normal,replace,0.1,1.0,1.0,8,8,True,True,R1_invert,5.10
298,1000.0,8,8,0,8,0,0,6.168296555396676,6.168296555396676,6.168296555396676,0.016528420272437887,0.0,0.27074763384393435,1.000440989755017,0.0,False,0,0,0,0,0,0.0,0.0,0.0,0.0,0.0,0,0.0,0,0,disabled,disabled,0.07873651056629694,0.0,18.888792000097965,3.3938329997909022,24.932541999987734,hidden_regime_switching,multi_timescale_memory,CRA,multi_timescale_memory,candidate,NEST,44,0.0,0.0,0.0,0,False,1,False,-1,5,0.1,0.2,False,0.92,normal,replace,0.1,1.0,1.0,8,8,True,True,R1_invert,5.10
299,1000.0,8,8,0,8,0,0,6.148625458415651,6.148625458415651,6.148625458415651,-0.005616723201962563,-0.0,0.27002295683887656,1.000440989755017,0.0,False,0,0,0,0,0,0.0,0.0,0.0,0.0,0.0,0,0.0,0,0,disabled,disabled,0.08085047739743434,0.0,20.32854200001566,3.441249999923457,26.391957999976512,hidden_regime_switching,multi_timescale_memory,CRA,multi_timescale_memory,candidate,NEST,44,0.0,0.0,0.0,0,False,-1,False,-1,5,0.1,0.2,False,0.92,normal,replace,0.1,1.0,1.0,8,8,True,True,R1_invert,5.10
300,1000.0,8,8,0,8,0,0,6.128931587990916,6.128931587990916,6.128931587990916,0.01315895145191723,0.0,0.2692972290430611,1.000440989755017,0.0,False,0,0,0,0,0,0.0,0.0,0.0,0.0,0.0,0,0.0,0,0,disabled,disabled,0.08180682912456128,0.0,19.245500000124593,3.43041699989044,25.28537500006678,hidden_regime_switching,multi_timescale_memory,CRA,multi_timescale_memory,candidate,NEST,44,0.0,0.0,0.0,0,False,1,False,-1,5,0.1,0.2,False,0.92,normal,replace,0.1,1.0,1.0,8,8,True,True,R1_invert,5.10
301,1000.0,8,8,0,8,0,0,6.109186388174447,6.109186388174447,6.109186388174447,-0.01223333181800573,-0.0448872465371087,0.26857048915434917,1.000440989755017,0.0,False,0,0,0,0,0,0.0,0.0,0.0,0.0,0.0,0,0.0,0,0,disabled,disabled,0.08433326655875817,0.0,19.262958000126673,3.474749999895721,25.33979100007855,hidden_regime_switching,multi_timescale_memory,CRA,multi_timescale_memory,candidate,NEST,44,0.0,0.01,0.0,0,False,-1,False,-1,5,0.1,0.2,False,0.92,normal,replace,0.1,1.0,1.0,8,8,True,True,R1_invert,5.10
302,1000.0,8,8,0,8,0,0,6.089715246487203,6.089715246487203,6.089715246487203,0.01950649527433519,0.07115244651739597,0.26784277544405627,1.000440989755017,0.0,True,0,0,0,0,0,0.0,0.0,0.0,0.0,0.0,0,0.0,0,0,disabled,disabled,0.08245447859355615,0.0,19.226707999905557,3.438875000028929,25.268999999980224,hidden_regime_switching,multi_timescale_memory,CRA,multi_timescale_memory,candidate,NEST,44,0.0,0.0,0.0,0,False,1,False,-1,5,0.1,0.2,False,0.92,normal,replace,0.1,1.0,1.0,8,8,True,True,R1_invert,5.10
303,1000.0,8,8,0,8,0,0,6.070209683127488,6.070209683127488,6.070209683127488,-0.0055480278708423675,-0.02016988729985979,0.26711412576067733,1.000440989755017,0.0,False,0,0,0,0,0,0.0,0.0,0.0,0.0,0.0,0,0.0,0,0,disabled,disabled,0.0820539831708329,0.0,18.901833999962037,3.483540999923207,25.46258300003501,hidden_regime_switching,multi_timescale_memory,CRA,multi_timescale_memory,candidate,NEST,44,0.0,0.0,0.0,0,False,-1,False,-1,5,0.1,0.2,False,0.92,normal,replace,0.1,1.0,1.0,8,8,True,True,R1_invert,5.10
304,1000.0,8,8,0,8,0,0,6.049794176875833,6.049794176875833,6.049794176875833,-0.6262551846684793,-0.9787102321031104,0.266384577533583,1.000440989755017,0.0,False,0,0,0,0,0,0.0,0.0,0.0,0.0,0.0,0,0.0,0,0,disabled,disabled,0.07874655667558095,0.0,19.22154099997897,3.4360840002136683,25.264124999921478,hidden_regime_switching,multi_timescale_memory,CRA,multi_timescale_memory,candidate,NEST,44,-0.009784929506737192,0.0,0.01,1,True,-1,False,309,5,0.1,0.2,False,0.92,normal,replace,0.1,1.0,1.0,8,8,True,True,R1_invert,5.10
305,1000.0,8,8,0,8,0,0,6.029480197592676,6.029480197592676,6.029480197592676,-0.015290676027223735,-0.05499744080709548,0.2656541677766864,1.000440989755017,0.0,False,0,0,0,0,0,0.0,0.0,0.0,0.0,0.0,0,0.0,0,0,disabled,disabled,0.07577145676664543,0.0,18.37862499996845,3.489917000024434,24.990915999978824,hidden_regime_switching,multi_timescale_memory,CRA,multi_timescale_memory,candidate,NEST,44,0.0,0.0,0.0,0,False,-1,False,-1,5,0.1,0.2,False,0.92,normal,replace,0.1,1.0,1.0,8,8,True,True,R1_invert,5.10
306,1000.0,8,8,0,8,0,0,6.009556189034477,6.009556189034477,6.009556189034477,0.003204027055807817,0.0,0.2649229330920813,1.000440989755017,0.0,False,0,0,0,0,0,0.0,0.0,0.0,0.0,0.0,0,0.0,0,0,disabled,disabled,0.0746384607716406,0.0,19.035584000221206,3.4539579999091075,25.11241700017308,hidden_regime_switching,multi_timescale_memory,CRA,multi_timescale_memory,candidate,NEST,44,0.0,0.0,0.0,0,False,1,False,-1,5,0.1,0.2,False,0.92,normal,replace,0.1,1.0,1.0,8,8,True,True,R1_invert,5.10
307,1000.0,8,8,0,8,0,0,5.990013139408888,5.990013139408888,5.990013139408888,-0.004751731226567939,-0.0,0.26419090967365155,1.000440989755017,0.0,False,0,0,0,0,0,0.0,0.0,0.0,0.0,0.0,0,0.0,0,0,disabled,disabled,0.0719043150808023,0.0,18.556125000031898,3.460542000084388,25.224959000070157,hidden_regime_switching,multi_timescale_memory,CRA,multi_timescale_memory,candidate,NEST,44,0.0,0.0,0.0,0,False,-1,False,-1,5,0.1,0.2,False,0.92,normal,replace,0.1,1.0,1.0,8,8,True,True,R1_invert,5.10
308,1000.0,8,8,0,8,0,0,5.970692530742418,5.970692530742418,5.970692530742418,0.009587199097472878,0.0,0.26345813331065165,1.000440989755017,0.0,False,0,0,0,0,0,0.0,0.0,0.0,0.0,0.0,0,0.0,0,0,disabled,disabled,0.06974554906738639,0.0,19.14600000009159,3.4977499999513384,25.251083000057406,hidden_regime_switching,multi_timescale_memory,CRA,multi_timescale_memory,candidate,NEST,44,0.0,0.0,0.0,0,False,1,False,-1,5,0.1,0.2,False,0.92,normal,replace,0.1,1.0,1.0,8,8,True,True,R1_invert,5.10
309,1000.0,8,8,0,8,0,0,5.951460435966503,5.951460435966503,5.951460435966503,-0.008405650327778952,-0.029663806263152667,0.26272463939125945,1.000440989755017,0.0,False,0,0,0,0,0,0.0,0.0,0.0,0.0,0.0,0,0.0,0,0,disabled,disabled,0.0680745165761163,0.0,78.70908400013832,4.0733329999511625,85.88479200011534,hidden_regime_switching,multi_timescale_memory,CRA,multi_timescale_memory,candidate,NEST,44,0.0,0.01,0.0,0,False,-1,False,-1,5,0.1,0.2,False,0.92,normal,replace,0.1,1.0,1.0,8,8,True,True,R1_invert,5.10
310,1000.0,8,8,0,8,0,0,5.932359085359639,5.932359085359639,5.932359085359639,-0.0019135651010018606,-0.006721804597162224,0.2619904629061008,1.000440989755017,0.0,False,0,0,0,0,0,0.0,0.0,0.0,0.0,0.0,0,0.0,0,0,disabled,disabled,0.06654177200881328,0.0,18.612917000154994,3.5772499998074636,24.849375000030705,hidden_regime_switching,multi_timescale_memory,CRA,multi_timescale_memory,candidate,NEST,44,0.0,0.0,0.0,0,False,-1,False,-1,5,0.1,0.2,False,0.92,normal,replace,0.1,1.0,1.0,8,8,True,True,R1_invert,5.10
311,1000.0,8,8,0,8,0,0,5.913774023075888,5.913774023075888,5.913774023075888,0.047354124837755564,0.16403456376286438,0.26125563845174593,1.000440989755017,0.0,True,0,0,0,0,0,0.0,0.0,0.0,0.0,0.0,0,0.0,0,0,disabled,disabled,0.06998332198063739,0.0,19.876084000088667,4.098749999911888,26.598165999985213,hidden_regime_switching,multi_timescale_memory,CRA,multi_timescale_memory,candidate,NEST,44,0.0,0.0,0.0,0,False,1,False,-1,5,0.1,0.2,False,0.92,normal,replace,0.1,1.0,1.0,8,8,True,True,R1_invert,5.10
312,1000.0,8,8,0,8,0,0,5.8996731669412075,5.8996731669412075,5.8996731669412075,0.5694915317193363,0.9626586517557291,0.26052020023417877,1.000440989755017,0.0,True,0,0,0,0,0,0.0,0.0,0.0,0.0,0.0,0,0.0,0,0,disabled,disabled,0.06841325268299059,0.0,19.01770800009217,3.5704590000023018,25.256000000126733,hidden_regime_switching,multi_timescale_memory,CRA,multi_timescale_memory,candidate,NEST,44,0.010481518837124849,0.0,-0.01,-1,True,1,False,317,5,0.1,0.2,False,0.92,normal,replace,0.1,1.0,1.0,8,8,True,True,R1_invert,5.10
313,1000.0,8,8,0,8,0,0,5.882089950688371,5.882089950688371,5.882089950688371,0.017640080563257006,0.060981882043658085,0.2598201820722381,1.000440989755017,0.0,True,0,0,0,0,0,0.0,0.0,0.0,0.0,0.0,0,0.0,0,0,disabled,disabled,0.06744471506863725,0.0,20.51195900003222,3.529165999907491,26.658250000082262,hidden_regime_switching,multi_timescale_memory,CRA,multi_timescale_memory,candidate,NEST,44,0.0,0.0,0.0,0,False,1,False,-1,5,0.1,0.2,False,0.92,normal,replace,0.1,1.0,1.0,8,8,True,True,R1_invert,5.10
314,1000.0,8,8,0,8,0,0,5.863975682623882,5.863975682623882,5.863975682623882,-0.005493406101350511,-0.0,0.2591191854010323,1.000440989755017,0.0,False,0,0,0,0,0,0.0,0.0,0.0,0.0,0.0,0,0.0,0,0,disabled,disabled,0.06585619203949378,0.0,19.540959000096336,3.525790999901801,25.672167000038826,hidden_regime_switching,multi_timescale_memory,CRA,multi_timescale_memory,candidate,NEST,44,0.0,0.0,0.0,0,False,-1,False,-1,5,0.1,0.2,False,0.92,normal,replace,0.1,1.0,1.0,8,8,True,True,R1_invert,5.10
315,1000.0,8,8,0,8,0,0,5.845630324855784,5.845630324855784,5.845630324855784,0.003220464547010648,0.0,0.25841724716332637,1.000440989755017,0.0,False,0,0,0,0,0,0.0,0.0,0.0,0.0,0.0,0,0.0,0,0,disabled,disabled,0.06368132702011575,0.0,19.006917000069734,3.5486659999151016,25.761375000001863,hidden_regime_switching,multi_timescale_memory,CRA,multi_timescale_memory,candidate,NEST,44,0.0,0.0,0.0,0,False,1,False,-1,5,0.1,0.2,False,0.92,normal,replace,0.1,1.0,1.0,8,8,True,True,R1_invert,5.10
316,1000.0,8,8,0,8,0,0,5.82720111259104,5.82720111259104,5.82720111259104,-0.020867148589554265,-0.0,0.25771440389379846,1.000440989755017,0.0,False,0,0,0,0,0,0.0,0.0,0.0,0.0,0.0,0,0.0,0,0,disabled,disabled,0.06104831459402771,0.0,19.316665999895122,4.110958999945069,26.042582999934893,hidden_regime_switching,multi_timescale_memory,CRA,multi_timescale_memory,candidate,NEST,44,0.0,0.0,0.0,0,False,-1,False,-1,5,0.1,0.2,False,0.92,normal,replace,0.1,1.0,1.0,8,8,True,True,R1_invert,5.10
317,1000.0,8,8,0,8,0,0,5.808608093767085,5.808608093767085,5.808608093767085,0.027250676038826794,-0.09221583985640669,0.25701069172260704,1.000440989755017,0.0,False,0,0,0,0,0,0.0,0.0,0.0,0.0,0.0,0,0.0,0,0,disabled,disabled,0.059158355177360455,0.0,18.74720899991189,3.5524160000477423,24.970999999823107,hidden_regime_switching,multi_timescale_memory,CRA,multi_timescale_memory,candidate,NEST,44,0.0,-0.01,0.0,0,False,1,False,-1,5,0.1,0.2,False,0.92,normal,replace,0.1,1.0,1.0,8,8,True,True,R1_invert,5.10
318,1000.0,8,8,0,8,0,0,5.790259672922972,5.790259672922972,5.790259672922972,-0.00304411543953107,0.01027955846276962,0.25630614637892973,1.000440989755017,0.0,True,0,0,0,0,0,0.0,0.0,0.0,0.0,0.0,0,0.0,0,0,disabled,disabled,0.06666084787941617,0.0,19.41691699994408,4.145458000039071,26.18208399985633,hidden_regime_switching,multi_timescale_memory,CRA,multi_timescale_memory,candidate,NEST,44,0.0,0.0,0.0,0,False,-1,False,-1,5,0.1,0.2,False,0.92,normal,replace,0.1,1.0,1.0,8,8,True,True,R1_invert,5.10
319,1000.0,8,8,0,8,0,0,5.771906990242139,5.771906990242139,5.771906990242139,0.01909043904181516,-0.06406452848845276,0.25560080319447454,1.000440989755017,0.0,False,0,0,0,0,0,0.0,0.0,0.0,0.0,0.0,0,0.0,0,0,disabled,disabled,0.06825832549797894,0.0,18.626874999881693,3.6155840000446915,24.896124999941094,hidden_regime_switching,multi_timescale_memory,CRA,multi_timescale_memory,candidate,NEST,44,0.0,0.0,0.0,0,False,1,False,-1,5,0.1,0.2,False,0.92,normal,replace,0.1,1.0,1.0,8,8,True,True,R1_invert,5.10
320,1000.0,8,8,0,8,0,0,5.754140359078922,5.754140359078922,5.754140359078922,0.565584212315831,-0.9554885287756555,0.25489469710696316,1.000440989755017,0.0,False,0,0,0,0,0,0.0,0.0,0.0,0.0,0.0,0,0.0,0,0,disabled,disabled,0.06462546763683985,0.0,19.66433400002643,4.140958000107275,26.507915999900433,hidden_regime_switching,multi_timescale_memory,CRA,multi_timescale_memory,candidate,NEST,44,0.009925555182572486,0.0,-0.01,-1,True,1,False,325,5,0.1,0.2,False,0.92,normal,replace,0.1,1.0,1.0,8,8,True,True,R1_invert,5.10
321,1000.0,8,8,0,8,0,0,5.7352962278708395,5.7352962278708395,5.7352962278708395,0.017584414211397125,-0.05844515530197948,0.25418786266358695,1.000440989755017,0.0,False,0,0,0,0,0,0.0,0.0,0.0,0.0,0.0,0,0.0,0,0,disabled,disabled,0.060798154096938894,0.0,18.24650000003203,3.613625000070897,24.521625000033964,hidden_regime_switching,multi_timescale_memory,CRA,multi_timescale_memory,candidate,NEST,44,0.0,0.0,0.0,0,False,1,False,-1,5,0.1,0.2,False,0.92,normal,replace,0.1,1.0,1.0,8,8,True,True,R1_invert,5.10
322,1000.0,8,8,0,8,0,0,5.716777119874097,5.716777119874097,5.716777119874097,0.015160076929621225,0.0,0.25348033402443537,1.000440989755017,0.0,False,0,0,0,0,0,0.0,0.0,0.0,0.0,0.0,0,0.0,0,0,disabled,disabled,0.06250375797842178,0.0,19.45083300006445,3.841208999801893,25.8994169998914,hidden_regime_switching,multi_timescale_memory,CRA,multi_timescale_memory,candidate,NEST,44,0.0,0.0,0.0,0,False,1,False,-1,5,0.1,0.2,False,0.92,normal,replace,0.1,1.0,1.0,8,8,True,True,R1_invert,5.10
323,1000.0,8,8,0,8,0,0,5.698645426399507,5.698645426399507,5.698645426399507,0.015000787902674945,0.0,0.2527721449658977,1.000440989755017,0.0,False,0,0,0,0,0,0.0,0.0,0.0,0.0,0.0,0,0.0,0,0,disabled,disabled,0.06699439301472232,0.0,18.647708000116836,3.640417000042362,24.93224999989252,hidden_regime_switching,multi_timescale_memory,CRA,multi_timescale_memory,candidate,NEST,44,0.0,0.0,0.0,0,False,1,False,-1,5,0.1,0.2,False,0.92,normal,replace,0.1,1.0,1.0,8,8,True,True,R1_invert,5.10
324,1000.0,8,8,0,8,0,0,5.680720262121376,5.680720262121376,5.680720262121376,0.017418442842108854,0.0,0.25206332888403765,1.000440989755017,0.0,False,0,0,0,0,0,0.0,0.0,0.0,0.0,0.0,0,0.0,0,0,disabled,disabled,0.06458007732754378,0.0,19.318624999868916,3.7817909999375843,25.72579200000291,hidden_regime_switching,multi_timescale_memory,CRA,multi_timescale_memory,candidate,NEST,44,0.0,0.0,0.0,0,False,1,False,-1,5,0.1,0.2,False,0.92,normal,replace,0.1,1.0,1.0,8,8,True,True,R1_invert,5.10
325,1000.0,8,8,0,8,0,0,5.662746778013657,5.662746778013657,5.662746778013657,0.03517548893581637,-0.11425579846803065,0.2513539187979411,1.000440989755017,0.0,False,0,0,0,0,0,0.0,0.0,0.0,0.0,0.0,0,0.0,0,0,disabled,disabled,0.06695633575120574,0.0,19.421375000092667,3.721584000004441,25.740750000068147,hidden_regime_switching,multi_timescale_memory,CRA,multi_timescale_memory,candidate,NEST,44,0.0,-0.01,0.0,0,False,1,False,-1,5,0.1,0.2,False,0.92,normal,replace,0.1,1.0,1.0,8,8,True,True,R1_invert,5.10
326,1000.0,8,8,0,8,0,0,5.644948949638208,5.644948949638208,5.644948949638208,0.007489101323035231,-0.02430787814896525,0.2506439473530379,1.000440989755017,0.0,False,0,0,0,0,0,0.0,0.0,0.0,0.0,0.0,0,0.0,0,0,disabled,disabled,0.06528260751125536,0.0,18.769874999861713,3.6500000001069566,25.42645799985621,hidden_regime_switching,multi_timescale_memory,CRA,multi_timescale_memory,candidate,NEST,44,0.0,0.0,0.0,0,False,1,False,-1,5,0.1,0.2,False,0.92,normal,replace,0.1,1.0,1.0,8,8,True,True,R1_invert,5.10
327,1000.0,8,8,0,8,0,0,5.627310349183973,5.627310349183973,5.627310349183973,0.008587959682907128,-0.027736337744200507,0.24993344682439683,1.000440989755017,0.0,False,0,0,0,0,0,0.0,0.0,0.0,0.0,0.0,0,0.0,0,0,disabled,disabled,0.06828795894546413,0.0,19.30712500006848,3.6449589999847376,25.535750000017288,hidden_regime_switching,multi_timescale_memory,CRA,multi_timescale_memory,candidate,NEST,44,0.0,0.0,0.0,0,False,1,False,-1,5,0.1,0.2,False,0.92,normal,replace,0.1,1.0,1.0,8,8,True,True,R1_invert,5.10
328,1000.0,8,8,0,8,0,0,5.61035044294882,5.61035044294882,5.61035044294882,0.4689241168129139,-0.9064862263516063,0.24922244911999475,1.000440989755017,0.0,False,0,0,0,0,0,0.0,0.0,0.0,0.0,0.0,0,0.0,0,0,disabled,disabled,0.06446079433194196,0.0,18.929416999981186,3.8144999998621643,25.837041999920984,hidden_regime_switching,multi_timescale_memory,CRA,multi_timescale_memory,candidate,NEST,44,0.009924363574481364,0.0,0.01,1,True,1,True,333,5,0.1,0.2,False,0.92,normal,replace,0.1,1.0,1.0,8,8,True,True,R1_invert,5.10
329,1000.0,8,8,0,8,0,0,5.5922869964453055,5.5922869964453055,5.5922869964453055,-0.033674730102815124,0.10730651513473609,0.2485109857839598,1.000440989755017,0.0,True,0,0,0,0,0,0.0,0.0,0.0,0.0,0.0,0,0.0,0,0,disabled,disabled,0.06285893555019761,0.0,19.107416999986526,3.84533300007206,25.544625000065935,hidden_regime_switching,multi_timescale_memory,CRA,multi_timescale_memory,candidate,NEST,44,0.0,0.0,0.0,0,False,-1,False,-1,5,0.1,0.2,False,0.92,normal,replace,0.1,1.0,1.0,8,8,True,True,R1_invert,5.10
330,1000.0,8,8,0,8,0,0,5.574663731899466,5.574663731899466,5.574663731899466,-0.010207862714605147,-0.0,0.24779908799978895,1.000440989755017,0.0,False,0,0,0,0,0,0.0,0.0,0.0,0.0,0.0,0,0.0,0,0,disabled,disabled,0.06356125751189357,0.0,18.451499999855514,3.690708000021914,25.081958000100713,hidden_regime_switching,multi_timescale_memory,CRA,multi_timescale_memory,candidate,NEST,44,0.0,0.0,0.0,0,False,-1,False,-1,5,0.1,0.2,False,0.92,normal,replace,0.1,1.0,1.0,8,8,True,True,R1_invert,5.10
331,1000.0,8,8,0,8,0,0,5.557320341881391,5.557320341881391,5.557320341881391,-0.0203640989273147,-0.0,0.24708678659353991,1.000440989755017,0.0,False,0,0,0,0,0,0.0,0.0,0.0,0.0,0.0,0,0.0,0,0,disabled,disabled,0.06549900259959518,0.0,80.42487500006246,3.72316699986186,86.75270799994905,hidden_regime_switching,multi_timescale_memory,CRA,multi_timescale_memory,candidate,NEST,44,0.0,0.0,0.0,0,False,-1,False,-1,5,0.1,0.2,False,0.92,normal,replace,0.1,1.0,1.0,8,8,True,True,R1_invert,5.10
332,1000.0,8,8,0,8,0,0,5.540153500044335,5.540153500044335,5.540153500044335,0.005198379880463243,0.0,0.24637411203699788,1.000440989755017,0.0,False,0,0,0,0,0,0.0,0.0,0.0,0.0,0.0,0,0.0,0,0,disabled,disabled,0.06553256134671415,0.0,19.833667000057176,3.714416000093479,26.16849999981241,hidden_regime_switching,multi_timescale_memory,CRA,multi_timescale_memory,candidate,NEST,44,0.0,0.0,0.0,0,False,1,False,-1,5,0.1,0.2,False,0.92,normal,replace,0.1,1.0,1.0,8,8,True,True,R1_invert,5.10
333,1000.0,8,8,0,8,0,0,5.523200438642159,5.523200438642159,5.523200438642159,0.012020424256731834,0.037684869243853274,0.245661094450817,1.000440989755017,0.0,True,0,0,0,0,0,0.0,0.0,0.0,0.0,0.0,0,0.0,0,0,disabled,disabled,0.06628669826762046,0.0,18.77737499989962,3.7098330001299473,25.08541699990019,hidden_regime_switching,multi_timescale_memory,CRA,multi_timescale_memory,candidate,NEST,44,0.0,0.01,0.0,0,False,1,False,-1,5,0.1,0.2,False,0.92,normal,replace,0.1,1.0,1.0,8,8,True,True,R1_invert,5.10
334,1000.0,8,8,0,8,0,0,5.506370705785987,5.506370705785987,5.506370705785987,0.009372858104496656,0.029246464161529064,0.24494776360763695,1.000440989755017,0.0,True,0,0,0,0,0,0.0,0.0,0.0,0.0,0.0,0,0.0,0,0,disabled,disabled,0.06593740169260887,0.0,20.34724999998616,3.7632920000305603,26.774792000196612,hidden_regime_switching,multi_timescale_memory,CRA,multi_timescale_memory,candidate,NEST,44,0.0,0.0,0.0,0,False,1,False,-1,5,0.1,0.2,False,0.92,normal,replace,0.1,1.0,1.0,8,8,True,True,R1_invert,5.10
335,1000.0,8,8,0,8,0,0,5.489424827555894,5.489424827555894,5.489424827555894,-0.02235513285970606,-0.06932356828964405,0.24423414893517484,1.000440989755017,0.0,False,0,0,0,0,0,0.0,0.0,0.0,0.0,0.0,0,0.0,0,0,disabled,disabled,0.06339567418151049,0.0,18.759041000066645,3.7175420000039594,25.072874999978012,hidden_regime_switching,multi_timescale_memory,CRA,multi_timescale_memory,candidate,NEST,44,0.0,0.0,0.0,0,False,-1,False,-1,5,0.1,0.2,False,0.92,normal,replace,0.1,1.0,1.0,8,8,True,True,R1_invert,5.10
336,1000.0,8,8,0,8,0,0,5.471896536856854,5.471896536856854,5.471896536856854,-0.43841974050011073,-0.8752505559030506,0.2435202795192924,1.000440989755017,0.0,False,0,0,0,0,0,0.0,0.0,0.0,0.0,0.0,0,0.0,0,0,disabled,disabled,0.06294061695138176,0.0,19.175458000063372,3.741167000043788,26.097250000020722,hidden_regime_switching,multi_timescale_memory,CRA,multi_timescale_memory,candidate,NEST,44,-0.009970319700394227,0.0,0.01,1,True,-1,False,341,5,0.1,0.2,False,0.92,normal,replace,0.1,1.0,1.0,8,8,True,True,R1_invert,5.10
337,1000.0,8,8,0,8,0,0,5.45447703714307,5.45447703714307,5.45447703714307,0.02015189092433003,0.06190201505300622,0.24280618410703886,1.000440989755017,0.0,True,0,0,0,0,0,0.0,0.0,0.0,0.0,0.0,0,0.0,0,0,disabled,disabled,0.06232721821516396,0.0,18.506375000015396,4.086166999968555,25.194792000093003,hidden_regime_switching,multi_timescale_memory,CRA,multi_timescale_memory,candidate,NEST,44,0.0,0.0,0.0,0,False,1,False,-1,5,0.1,0.2,False,0.92,normal,replace,0.1,1.0,1.0,8,8,True,True,R1_invert,5.10
338,1000.0,8,8,0,8,0,0,5.43752601286749,5.43752601286749,5.43752601286749,0.010020942075778022,0.0,0.2420918911096697,1.000440989755017,0.0,False,0,0,0,0,0,0.0,0.0,0.0,0.0,0.0,0,0.0,0,0,disabled,disabled,0.06515121185201167,0.0,18.371875000184446,3.7196249998032727,24.885583000013867,hidden_regime_switching,multi_timescale_memory,CRA,multi_timescale_memory,candidate,NEST,44,0.0,0.0,0.0,0,False,1,False,-1,5,0.1,0.2,False,0.92,normal,replace,0.1,1.0,1.0,8,8,True,True,R1_invert,5.10
339,1000.0,8,8,0,8,0,0,5.4208403563760665,5.4208403563760665,5.4208403563760665,-7.840755512859852e-05,-0.0,0.24137742860564107,1.000440989755017,0.0,False,0,0,0,0,0,0.0,0.0,0.0,0.0,0.0,0,0.0,0,0,disabled,disabled,0.06409206029323489,0.0,19.03520800010483,4.269042000032641,25.926541000217185,hidden_regime_switching,multi_timescale_memory,CRA,multi_timescale_memory,candidate,NEST,44,0.0,0.0,0.0,0,False,-1,False,-1,5,0.1,0.2,False,0.92,normal,replace,0.1,1.0,1.0,8,8,True,True,R1_invert,5.10
340,1000.0,8,8,0,8,0,0,5.4043353997735535,5.4043353997735535,5.4043353997735535,-0.018217969501809237,-0.0,0.24066282434358086,1.000440989755017,0.0,False,0,0,0,0,0,0.0,0.0,0.0,0.0,0.0,0,0.0,0,0,disabled,disabled,0.0644862335517633,0.0,18.608416999995825,3.772499999968204,25.028084000041417,hidden_regime_switching,multi_timescale_memory,CRA,multi_timescale_memory,candidate,NEST,44,0.0,0.0,0.0,0,False,-1,False,-1,5,0.1,0.2,False,0.92,normal,replace,0.1,1.0,1.0,8,8,True,True,R1_invert,5.10
341,1000.0,8,8,0,8,0,0,5.3879699129084075,5.3879699129084075,5.3879699129084075,0.0021121046101730107,0.0063701083415944005,0.23994810574523556,1.000440989755017,0.0,True,0,0,0,0,0,0.0,0.0,0.0,0.0,0.0,0,0.0,0,0,disabled,disabled,0.06430036463483546,0.0,19.58274999992682,4.433083000094484,26.728540999783945,hidden_regime_switching,multi_timescale_memory,CRA,multi_timescale_memory,candidate,NEST,44,0.0,0.01,0.0,0,False,1,False,-1,5,0.1,0.2,False,0.92,normal,replace,0.1,1.0,1.0,8,8,True,True,R1_invert,5.10
342,1000.0,8,8,0,8,0,0,5.371735711907588,5.371735711907588,5.371735711907588,0.007659466377981771,0.02298479494663277,0.23923329990839404,1.000440989755017,0.0,True,0,0,0,0,0,0.0,0.0,0.0,0.0,0.0,0,0.0,0,0,disabled,disabled,0.0633158847483477,0.0,18.71762500013574,3.8385420000395243,25.223542000048838,hidden_regime_switching,multi_timescale_memory,CRA,multi_timescale_memory,candidate,NEST,44,0.0,0.0,0.0,0,False,1,False,-1,5,0.1,0.2,False,0.92,normal,replace,0.1,1.0,1.0,8,8,True,True,R1_invert,5.10
343,1000.0,8,8,0,8,0,0,5.355644507106898,5.355644507106898,5.355644507106898,0.017518841716820218,0.052277226314237236,0.23851843360978778,1.000440989755017,0.0,True,0,0,0,0,0,0.0,0.0,0.0,0.0,0.0,0,0.0,0,0,disabled,disabled,0.06152531222295998,0.0,20.271041999876616,4.024291999940033,26.917874999980995,hidden_regime_switching,multi_timescale_memory,CRA,multi_timescale_memory,candidate,NEST,44,0.0,0.0,0.0,0,False,1,False,-1,5,0.1,0.2,False,0.92,normal,replace,0.1,1.0,1.0,8,8,True,True,R1_invert,5.10
344,1000.0,8,8,0,8,0,0,5.3387810847087565,5.3387810847087565,5.3387810847087565,-0.3243044170066499,-0.7460232646171544,0.2378035333079681,1.000440989755017,0.0,False,0,0,0,0,0,0.0,0.0,0.0,0.0,0.0,0,0.0,0,0,disabled,disabled,0.06286635222708092,0.0,18.476374999863765,3.8693330000114656,24.963167000123576,hidden_regime_switching,multi_timescale_memory,CRA,multi_timescale_memory,candidate,NEST,44,-0.00983467846330067,0.0,0.01,1,True,-1,False,349,5,0.1,0.2,False,0.92,normal,replace,0.1,1.0,1.0,8,8,True,True,R1_invert,5.10
345,1000.0,8,8,0,8,0,0,5.32201319872134,5.32201319872134,5.32201319872134,-0.012189404100388003,-0.03603854347230188,0.23708862514616033,1.000440989755017,0.0,False,0,0,0,0,0,0.0,0.0,0.0,0.0,0.0,0,0.0,0,0,disabled,disabled,0.06755114617530289,0.0,19.804209000085393,3.8702500000908913,26.65683299983357,hidden_regime_switching,multi_timescale_memory,CRA,multi_timescale_memory,candidate,NEST,44,0.0,0.0,0.0,0,False,-1,False,-1,5,0.1,0.2,False,0.92,normal,replace,0.1,1.0,1.0,8,8,True,True,R1_invert,5.10
346,1000.0,8,8,0,8,0,0,5.305741969097966,5.305741969097966,5.305741969097966,-0.00565476196744951,-0.0,0.23637373495509514,1.000440989755017,0.0,False,0,0,0,0,0,0.0,0.0,0.0,0.0,0.0,0,0.0,0,0,disabled,disabled,0.06975314800929411,0.0,18.784832999926948,3.8536249999197025,25.255208000089624,hidden_regime_switching,multi_timescale_memory,CRA,multi_timescale_memory,candidate,NEST,44,0.0,0.0,0.0,0,False,-1,False,-1,5,0.1,0.2,False,0.92,normal,replace,0.1,1.0,1.0,8,8,True,True,R1_invert,5.10
347,1000.0,8,8,0,8,0,0,5.2897530017779095,5.2897530017779095,5.2897530017779095,-0.011821815079451011,-0.0,0.2356588882558175,1.000440989755017,0.0,False,0,0,0,0,0,0.0,0.0,0.0,0.0,0.0,0,0.0,0,0,disabled,disabled,0.06917314088421378,0.0,18.78833300020233,3.822124999942389,25.83045800020045,hidden_regime_switching,multi_timescale_memory,CRA,multi_timescale_memory,candidate,NEST,44,0.0,0.0,0.0,0,False,-1,False,-1,5,0.1,0.2,False,0.92,normal,replace,0.1,1.0,1.0,8,8,True,True,R1_invert,5.10
348,1000.0,8,8,0,8,0,0,5.273967720921343,5.273967720921343,5.273967720921343,0.005265825437353396,0.0,0.23494411026247278,1.000440989755017,0.0,False,0,0,0,0,0,0.0,0.0,0.0,0.0,0.0,0,0.0,0,0,disabled,disabled,0.07132033291210149,0.0,19.535707999921215,4.632916999980807,26.81075000009514,hidden_regime_switching,multi_timescale_memory,CRA,multi_timescale_memory,candidate,NEST,44,0.0,0.0,0.0,0,False,1,False,-1,5,0.1,0.2,False,0.92,normal,replace,0.1,1.0,1.0,8,8,True,True,R1_invert,5.10
349,1000.0,8,8,0,8,0,0,5.258282312798289,5.258282312798289,5.258282312798289,-0.0020516438868945115,-0.005951534708408313,0.234229425885071,1.000440989755017,0.0,False,0,0,0,0,0,0.0,0.0,0.0,0.0,0.0,0,0.0,0,0,disabled,disabled,0.06958652300024237,0.0,18.819290999999794,3.940041999840105,25.406292000070607,hidden_regime_switching,multi_timescale_memory,CRA,multi_timescale_memory,candidate,NEST,44,0.0,0.01,0.0,0,False,-1,False,-1,5,0.1,0.2,False,0.92,normal,replace,0.1,1.0,1.0,8,8,True,True,R1_invert,5.10
350,1000.0,8,8,0,8,0,0,5.242730828910181,5.242730828910181,5.242730828910181,-0.0008752096636294774,-0.002526627320203942,0.2335148597322286,1.000440989755017,0.0,False,0,0,0,0,0,0.0,0.0,0.0,0.0,0.0,0,0.0,0,0,disabled,disabled,0.07223326958587784,0.0,83.1308749998243,4.7323750000032305,90.47450000002755,hidden_regime_switching,multi_timescale_memory,CRA,multi_timescale_memory,candidate,NEST,44,0.0,0.0,0.0,0,False,-1,False,-1,5,0.1,0.2,False,0.92,normal,replace,0.1,1.0,1.0,8,8,True,True,R1_invert,5.10
351,1000.0,8,8,0,8,0,0,5.227269214457046,5.227269214457046,5.227269214457046,-0.009339819379206126,-0.02682658480020637,0.23280043611388843,1.000440989755017,0.0,False,0,0,0,0,0,0.0,0.0,0.0,0.0,0.0,0,0.0,0,0,disabled,disabled,0.07712524590997649,0.0,18.80037499995524,3.975041999865425,25.434208999968178,hidden_regime_switching,multi_timescale_memory,CRA,multi_timescale_memory,candidate,NEST,44,0.0,0.0,0.0,0,False,-1,False,-1,5,0.1,0.2,False,0.92,normal,replace,0.1,1.0,1.0,8,8,True,True,R1_invert,5.10
352,1000.0,8,8,0,8,0,0,5.215467830565628,5.215467830565628,5.215467830565628,0.2043700339213714,0.5258000666570763,0.232086179044018,1.000440989755017,0.0,True,0,0,0,0,0,0.0,0.0,0.0,0.0,0.0,0,0.0,0,0,disabled,disabled,0.07204639954837422,0.0,20.69800000003852,4.226583999979994,27.53691600014463,hidden_regime_switching,multi_timescale_memory,CRA,multi_timescale_memory,candidate,NEST,44,0.009491049107704708,0.0,-0.01,-1,True,1,False,357,5,0.1,0.2,False,0.92,normal,replace,0.1,1.0,1.0,8,8,True,True,R1_invert,5.10
353,1000.0,8,8,0,8,0,0,5.200691711968669,5.200691711968669,5.200691711968669,0.01323431773684665,0.03763881340201833,0.2314081122432859,1.000440989755017,0.0,True,0,0,0,0,0,0.0,0.0,0.0,0.0,0.0,0,0.0,0,0,disabled,disabled,0.06686133837253116,0.0,19.91350000002967,4.314792000059242,26.828167000076064,hidden_regime_switching,multi_timescale_memory,CRA,multi_timescale_memory,candidate,NEST,44,0.0,0.0,0.0,0,False,1,False,-1,5,0.1,0.2,False,0.92,normal,replace,0.1,1.0,1.0,8,8,True,True,R1_invert,5.10
354,1000.0,8,8,0,8,0,0,5.185650274547791,5.185650274547791,5.185650274547791,0.014225646851522734,0.0,0.230729827141717,1.000440989755017,0.0,False,0,0,0,0,0,0.0,0.0,0.0,0.0,0.0,0,0.0,0,0,disabled,disabled,0.06399849090862109,0.0,19.045500000174798,3.9249159999599215,25.992292000182715,hidden_regime_switching,multi_timescale_memory,CRA,multi_timescale_memory,candidate,NEST,44,0.0,0.0,0.0,0,False,1,False,-1,5,0.1,0.2,False,0.92,normal,replace,0.1,1.0,1.0,8,8,True,True,R1_invert,5.10
355,1000.0,8,8,0,8,0,0,5.170503519185076,5.170503519185076,5.170503519185076,0.01125426773718637,0.0,0.23005135076932617,1.000440989755017,0.0,False,0,0,0,0,0,0.0,0.0,0.0,0.0,0.0,0,0.0,0,0,disabled,disabled,0.061137688504086185,0.0,19.57187499988322,4.654333999951632,26.828582999996797,hidden_regime_switching,multi_timescale_memory,CRA,multi_timescale_memory,candidate,NEST,44,0.0,0.0,0.0,0,False,1,False,-1,5,0.1,0.2,False,0.92,normal,replace,0.1,1.0,1.0,8,8,True,True,R1_invert,5.10
356,1000.0,8,8,0,8,0,0,5.155336859255117,5.155336859255117,5.155336859255117,-0.023131884462775,-0.0,0.22937270983962693,1.000440989755017,0.0,False,0,0,0,0,0,0.0,0.0,0.0,0.0,0.0,0,0.0,0,0,disabled,disabled,0.05895177771477211,0.0,18.82112499993127,4.039166999973531,25.58545800002321,hidden_regime_switching,multi_timescale_memory,CRA,multi_timescale_memory,candidate,NEST,44,0.0,0.0,0.0,0,False,-1,False,-1,5,0.1,0.2,False,0.92,normal,replace,0.1,1.0,1.0,8,8,True,True,R1_invert,5.10
357,1000.0,8,8,0,8,0,0,5.140176047361208,5.140176047361208,5.140176047361208,0.005209242087098116,-0.014538914813720773,0.2286939307524564,1.000440989755017,0.0,False,0,0,0,0,0,0.0,0.0,0.0,0.0,0.0,0,0.0,0,0,disabled,disabled,0.05800762387020342,0.0,20.20820799998546,4.347249999909764,27.17733400004363,hidden_regime_switching,multi_timescale_memory,CRA,multi_timescale_memory,candidate,NEST,44,0.0,-0.01,0.0,0,False,1,False,-1,5,0.1,0.2,False,0.92,normal,replace,0.1,1.0,1.0,8,8,True,True,R1_invert,5.10
358,1000.0,8,8,0,8,0,0,5.125040677396764,5.125040677396764,5.125040677396764,0.009774227748453185,-0.027144626152241082,0.22801503959677766,1.000440989755017,0.0,False,0,0,0,0,0,0.0,0.0,0.0,0.0,0.0,0,0.0,0,0,disabled,disabled,0.05809131122991662,0.0,73.55600000005325,17.147499999964566,93.32399999993868,hidden_regime_switching,multi_timescale_memory,CRA,multi_timescale_memory,candidate,NEST,44,0.0,0.0,0.0,0,False,1,False,-1,5,0.1,0.2,False,0.92,normal,replace,0.1,1.0,1.0,8,8,True,True,R1_invert,5.10
359,1000.0,8,8,0,8,0,0,5.110024944399308,5.110024944399308,5.110024944399308,0.0007816578931159345,-0.0021609633380646996,0.22733606215346,1.000440989755017,0.0,False,0,0,0,0,0,0.0,0.0,0.0,0.0,0.0,0,0.0,0,0,disabled,disabled,0.06039784901125511,0.0,20.5522920000476,3.997749999825828,28.820833000054336,hidden_regime_switching,multi_timescale_memory,CRA,multi_timescale_memory,candidate,NEST,44,0.0,0.0,0.0,0,False,1,False,-1,5,0.1,0.2,False,0.92,normal,replace,0.1,1.0,1.0,8,8,True,True,R1_invert,5.10
360,1000.0,8,8,0,8,0,0,5.094381828720599,5.094381828720599,5.094381828720599,-0.24157923511516052,0.5814743412696792,0.22665702389803666,1.000440989755017,0.0,True,0,0,0,0,0,0.0,0.0,0.0,0.0,0.0,0,0.0,0,0,disabled,disabled,0.06145987998486557,0.0,19.38112499988165,4.136916000106794,26.24700000001212,hidden_regime_switching,multi_timescale_memory,CRA,multi_timescale_memory,candidate,NEST,44,-0.01052600675665143,0.0,0.01,1,True,-1,False,365,5,0.1,0.2,False,0.92,normal,replace,0.1,1.0,1.0,8,8,True,True,R1_invert,5.10
361,1000.0,8,8,0,8,0,0,5.07999271990182,5.07999271990182,5.07999271990182,0.006486569319375047,-0.017760347682101624,0.22601395000344088,1.000440989755017,0.0,False,0,0,0,0,0,0.0,0.0,0.0,0.0,0.0,0,0.0,0,0,disabled,disabled,0.05818380647709365,0.0,19.971292000036556,4.0001249999477295,26.581332999967344,hidden_regime_switching,multi_timescale_memory,CRA,multi_timescale_memory,candidate,NEST,44,0.0,0.0,0.0,0,False,1,False,-1,5,0.1,0.2,False,0.92,normal,replace,0.1,1.0,1.0,8,8,True,True,R1_invert,5.10
362,1000.0,8,8,0,8,0,0,5.065408355783994,5.065408355783994,5.065408355783994,0.016107518160096056,0.0,0.22537043334271992,1.000440989755017,0.0,False,0,0,0,0,0,0.0,0.0,0.0,0.0,0.0,0,0.0,0,0,disabled,disabled,0.05626686708607309,0.0,20.38924999988012,3.9712499999495776,26.963415999944118,hidden_regime_switching,multi_timescale_memory,CRA,multi_timescale_memory,candidate,NEST,44,0.0,0.0,0.0,0,False,1,False,-1,5,0.1,0.2,False,0.92,normal,replace,0.1,1.0,1.0,8,8,True,True,R1_invert,5.10
363,1000.0,8,8,0,8,0,0,5.05076646757815,5.05076646757815,5.05076646757815,0.009590872560430834,0.0,0.22472650237972747,1.000440989755017,0.0,False,0,0,0,0,0,0.0,0.0,0.0,0.0,0.0,0,0.0,0,0,disabled,disabled,0.05514325096623107,0.0,18.924458999890703,3.9793749999716965,25.548999999955413,hidden_regime_switching,multi_timescale_memory,CRA,multi_timescale_memory,candidate,NEST,44,0.0,0.0,0.0,0,False,1,False,-1,5,0.1,0.2,False,0.92,normal,replace,0.1,1.0,1.0,8,8,True,True,R1_invert,5.10
364,1000.0,8,8,0,8,0,0,5.036140357026261,5.036140357026261,5.036140357026261,0.015077858768023063,0.0,0.22408218525269058,1.000440989755017,0.0,False,0,0,0,0,0,0.0,0.0,0.0,0.0,0.0,0,0.0,0,0,disabled,disabled,0.05508032680117658,0.0,19.94491699997525,4.047958000001017,27.195749999918917,hidden_regime_switching,multi_timescale_memory,CRA,multi_timescale_memory,candidate,NEST,44,0.0,0.0,0.0,0,False,1,False,-1,5,0.1,0.2,False,0.92,normal,replace,0.1,1.0,1.0,8,8,True,True,R1_invert,5.10
365,1000.0,8,8,0,8,0,0,5.021744324026659,5.021744324026659,5.021744324026659,0.02384788802035134,0.0639833577662751,0.2234375097770925,1.000440989755017,0.0,True,0,0,0,0,0,0.0,0.0,0.0,0.0,0.0,0,0.0,0,0,disabled,disabled,0.06066861270803958,0.0,19.227541999953246,4.68158300009236,26.599790999853212,hidden_regime_switching,multi_timescale_memory,CRA,multi_timescale_memory,candidate,NEST,44,0.0,0.01,0.0,0,False,1,False,-1,5,0.1,0.2,False,0.92,normal,replace,0.1,1.0,1.0,8,8,True,True,R1_invert,5.10
366,1000.0,8,8,0,8,0,0,5.0074581930829245,5.0074581930829245,5.0074581930829245,0.015120056845740788,0.04040803422764434,0.2227925034485325,1.000440989755017,0.0,True,0,0,0,0,0,0.0,0.0,0.0,0.0,0.0,0,0.0,0,0,disabled,disabled,0.06340103667770247,0.0,19.987041000149475,4.014708999875438,26.6556250001031,hidden_regime_switching,multi_timescale_memory,CRA,multi_timescale_memory,candidate,NEST,44,0.0,0.0,0.0,0,False,1,False,-1,5,0.1,0.2,False,0.92,normal,replace,0.1,1.0,1.0,8,8,True,True,R1_invert,5.10
367,1000.0,8,8,0,8,0,0,4.993262175488493,4.993262175488493,4.993262175488493,0.005992876681477604,0.01594749713578939,0.22214719344556322,1.000440989755017,0.0,True,0,0,0,0,0,0.0,0.0,0.0,0.0,0.0,0,0.0,0,0,disabled,disabled,0.06835987184954373,0.0,19.630332999895472,4.067249999934575,26.35820899990904,hidden_regime_switching,multi_timescale_memory,CRA,multi_timescale_memory,candidate,NEST,44,0.0,0.0,0.0,0,False,1,False,-1,5,0.1,0.2,False,0.92,normal,replace,0.1,1.0,1.0,8,8,True,True,R1_invert,5.10
368,1000.0,8,8,0,8,0,0,4.978199054419667,4.978199054419667,4.978199054419667,-0.24613709335112605,-0.5729843615780407,0.22150160663250545,1.000440989755017,0.0,False,0,0,0,0,0,0.0,0.0,0.0,0.0,0.0,0,0.0,0,0,disabled,disabled,0.06815954753445475,0.0,19.55774999987625,4.226709000022311,26.37362500013296,hidden_regime_switching,multi_timescale_memory,CRA,multi_timescale_memory,candidate,NEST,44,-0.009990629356957811,0.0,0.01,1,True,-1,False,373,5,0.1,0.2,False,0.92,normal,replace,0.1,1.0,1.0,8,8,True,True,R1_invert,5.10
369,1000.0,8,8,0,8,0,0,4.963497544100404,4.963497544100404,4.963497544100404,0.005890661209705824,0.01552792403819419,0.22085576956224032,1.000440989755017,0.0,True,0,0,0,0,0,0.0,0.0,0.0,0.0,0.0,0,0.0,0,0,disabled,disabled,0.06660975998062035,0.0,18.527333000065482,4.0616249998493,25.655958000015744,hidden_regime_switching,multi_timescale_memory,CRA,multi_timescale_memory,candidate,NEST,44,0.0,0.0,0.0,0,False,1,False,-1,5,0.1,0.2,False,0.92,normal,replace,0.1,1.0,1.0,8,8,True,True,R1_invert,5.10
370,1000.0,8,8,0,8,0,0,4.949116052612889,4.949116052612889,4.949116052612889,0.004445423161813438,0.0,0.2202097084789796,1.000440989755017,0.0,False,0,0,0,0,0,0.0,0.0,0.0,0.0,0.0,0,0.0,0,0,disabled,disabled,0.06529910884342094,0.0,19.096457999921768,4.683958999976312,26.377083999932438,hidden_regime_switching,multi_timescale_memory,CRA,multi_timescale_memory,candidate,NEST,44,0.0,0.0,0.0,0,False,1,False,-1,5,0.1,0.2,False,0.92,normal,replace,0.1,1.0,1.0,8,8,True,True,R1_invert,5.10
371,1000.0,8,8,0,8,0,0,4.934914043988823,4.934914043988823,4.934914043988823,0.011135747872205663,0.0,0.2195634493210138,1.000440989755017,0.0,False,0,0,0,0,0,0.0,0.0,0.0,0.0,0.0,0,0.0,0,0,disabled,disabled,0.0634425895726265,0.0,19.198459000108414,4.065082999886727,25.90929200005121,hidden_regime_switching,multi_timescale_memory,CRA,multi_timescale_memory,candidate,NEST,44,0.0,0.0,0.0,0,False,1,False,-1,5,0.1,0.2,False,0.92,normal,replace,0.1,1.0,1.0,8,8,True,True,R1_invert,5.10
372,1000.0,8,8,0,8,0,0,4.920829485991944,4.920829485991944,4.920829485991944,0.0036745781822377574,0.0,0.21891701772343833,1.000440989755017,0.0,False,0,0,0,0,0,0.0,0.0,0.0,0.0,0.0,0,0.0,0,0,disabled,disabled,0.0620964833350266,0.0,18.759041000066645,4.859916999976122,89.95154099989122,hidden_regime_switching,multi_timescale_memory,CRA,multi_timescale_memory,candidate,NEST,44,0.0,0.0,0.0,0,False,1,False,-1,5,0.1,0.2,False,0.92,normal,replace,0.1,1.0,1.0,8,8,True,True,R1_invert,5.10
373,1000.0,8,8,0,8,0,0,4.906855334932756,4.906855334932756,4.906855334932756,0.00853040723737304,0.022064316596288023,0.2182704390208582,1.000440989755017,0.0,True,0,0,0,0,0,0.0,0.0,0.0,0.0,0.0,0,0.0,0,0,disabled,disabled,0.059494779048527846,0.0,19.578874999979234,4.140167000059591,26.442500000030122,hidden_regime_switching,multi_timescale_memory,CRA,multi_timescale_memory,candidate,NEST,44,0.0,0.01,0.0,0,False,1,False,-1,5,0.1,0.2,False,0.92,normal,replace,0.1,1.0,1.0,8,8,True,True,R1_invert,5.10
374,1000.0,8,8,0,8,0,0,4.89295859999327,4.89295859999327,4.89295859999327,-0.002007145560090016,-0.0051680383470626475,0.21762373825007097,1.000440989755017,0.0,False,0,0,0,0,0,0.0,0.0,0.0,0.0,0.0,0,0.0,0,0,disabled,disabled,0.06144360847437369,0.0,19.6107500000835,4.220874999873558,26.444875000152024,hidden_regime_switching,multi_timescale_memory,CRA,multi_timescale_memory,candidate,NEST,44,0.0,0.0,0.0,0,False,-1,False,-1,5,0.1,0.2,False,0.92,normal,replace,0.1,1.0,1.0,8,8,True,True,R1_invert,5.10
375,1000.0,8,8,0,8,0,0,4.879117598101675,4.879117598101675,4.879117598101675,-0.002584913997308068,-0.006624499767682726,0.21697694015272845,1.000440989755017,0.0,False,0,0,0,0,0,0.0,0.0,0.0,0.0,0.0,0,0.0,0,0,disabled,disabled,0.06118116261909723,0.0,19.517333000067083,4.134916999873894,26.27366699994127,hidden_regime_switching,multi_timescale_memory,CRA,multi_timescale_memory,candidate,NEST,44,0.0,0.0,0.0,0,False,-1,False,-1,5,0.1,0.2,False,0.92,normal,replace,0.1,1.0,1.0,8,8,True,True,R1_invert,5.10
376,1000.0,8,8,0,8,0,0,4.864621413924882,4.864621413924882,4.864621413924882,-0.13373917593114867,-0.32849830297788774,0.21633006917797704,1.000440989755017,0.0,False,0,0,0,0,0,0.0,0.0,0.0,0.0,0.0,0,0.0,0,0,disabled,disabled,0.06229711890133327,0.0,19.235249999837833,4.126875000110886,26.3710000001538,hidden_regime_switching,multi_timescale_memory,CRA,multi_timescale_memory,candidate,NEST,44,-0.009918368627667741,0.0,0.01,1,True,-1,False,381,5,0.1,0.2,False,0.92,normal,replace,0.1,1.0,1.0,8,8,True,True,R1_invert,5.10
377,1000.0,8,8,0,8,0,0,4.850682835115652,4.850682835115652,4.850682835115652,0.007927004122909254,0.020123181331567166,0.21568314948507714,1.000440989755017,0.0,True,0,0,0,0,0,0.0,0.0,0.0,0.0,0.0,0,0.0,0,0,disabled,disabled,0.06346963482096601,0.0,18.291999999973996,4.608167000014873,25.487582999858205,hidden_regime_switching,multi_timescale_memory,CRA,multi_timescale_memory,candidate,NEST,44,0.0,0.0,0.0,0,False,1,False,-1,5,0.1,0.2,False,0.92,normal,replace,0.1,1.0,1.0,8,8,True,True,R1_invert,5.10
378,1000.0,8,8,0,8,0,0,4.836935890090191,4.836935890090191,4.836935890090191,-0.0030993598950788065,-0.0,0.21503620494600165,1.000440989755017,0.0,False,0,0,0,0,0,0.0,0.0,0.0,0.0,0.0,0,0.0,0,0,disabled,disabled,0.06166536174606918,0.0,19.37874999998712,4.162792000215632,26.38799999999719,hidden_regime_switching,multi_timescale_memory,CRA,multi_timescale_memory,candidate,NEST,44,0.0,0.0,0.0,0,False,-1,False,-1,5,0.1,0.2,False,0.92,normal,replace,0.1,1.0,1.0,8,8,True,True,R1_invert,5.10
379,1000.0,8,8,0,8,0,0,4.823321550722372,4.823321550722372,4.823321550722372,-0.00801878396752639,-0.0,0.21438925914801357,1.000440989755017,0.0,False,0,0,0,0,0,0.0,0.0,0.0,0.0,0.0,0,0.0,0,0,disabled,disabled,0.06133051179338267,0.0,18.8351250001233,4.729666999992332,26.180583000041224,hidden_regime_switching,multi_timescale_memory,CRA,multi_timescale_memory,candidate,NEST,44,0.0,0.0,0.0,0,False,-1,False,-1,5,0.1,0.2,False,0.92,normal,replace,0.1,1.0,1.0,8,8,True,True,R1_invert,5.10
380,1000.0,8,8,0,8,0,0,4.8098599064953635,4.8098599064953635,4.8098599064953635,-0.0010197541561644276,-0.0,0.2137423353962233,1.000440989755017,0.0,False,0,0,0,0,0,0.0,0.0,0.0,0.0,0.0,0,0.0,0,0,disabled,disabled,0.06593799250405574,0.0,19.5592080001461,4.171166999867637,26.39675000000352,hidden_regime_switching,multi_timescale_memory,CRA,multi_timescale_memory,candidate,NEST,44,0.0,0.0,0.0,0,False,-1,False,-1,5,0.1,0.2,False,0.92,normal,replace,0.1,1.0,1.0,8,8,True,True,R1_invert,5.10
381,1000.0,8,8,0,8,0,0,4.796573287701638,4.796573287701638,4.796573287701638,0.0050046678425057466,0.012470913398114633,0.2130954567161252,1.000440989755017,0.0,True,0,0,0,0,0,0.0,0.0,0.0,0.0,0.0,0,0.0,0,0,disabled,disabled,0.07151715842893847,0.0,19.744124999988344,4.226250000101572,26.62254199981362,hidden_regime_switching,multi_timescale_memory,CRA,multi_timescale_memory,candidate,NEST,44,0.0,0.01,0.0,0,False,1,False,-1,5,0.1,0.2,False,0.92,normal,replace,0.1,1.0,1.0,8,8,True,True,R1_invert,5.10
382,1000.0,8,8,0,8,0,0,4.783323921671408,4.783323921671408,4.783323921671408,-0.00565394253531813,-0.014023323679881529,0.212448645856114,1.000440989755017,0.0,False,0,0,0,0,0,0.0,0.0,0.0,0.0,0.0,0,0.0,0,0,disabled,disabled,0.07195952475229372,0.0,19.541500000059386,4.176666999910594,26.345208000066123,hidden_regime_switching,multi_timescale_memory,CRA,multi_timescale_memory,candidate,NEST,44,0.0,0.0,0.0,0,False,-1,False,-1,5,0.1,0.2,False,0.92,normal,replace,0.1,1.0,1.0,8,8,True,True,R1_invert,5.10
383,1000.0,8,8,0,8,0,0,4.770338757017516,4.770338757017516,4.770338757017516,0.01970025264273668,0.048600767186654674,0.21180192528998118,1.000440989755017,0.0,True,0,0,0,0,0,0.0,0.0,0.0,0.0,0.0,0,0.0,0,0,disabled,disabled,0.07824064849091883,0.0,18.931332999954975,4.2327920000388985,26.310499999908643,hidden_regime_switching,multi_timescale_memory,CRA,multi_timescale_memory,candidate,NEST,44,0.0,0.0,0.0,0,False,1,False,-1,5,0.1,0.2,False,0.92,normal,replace,0.1,1.0,1.0,8,8,True,True,R1_invert,5.10
384,1000.0,8,8,0,8,0,0,4.756382748578013,4.756382748578013,4.756382748578013,-0.02998682709453189,-0.07356098953805627,0.21115531721939113,1.000440989755017,0.0,False,0,0,0,0,0,0.0,0.0,0.0,0.0,0.0,0,0.0,0,0,disabled,disabled,0.07943787642480071,0.0,19.078749999835054,4.768375000139713,26.46150000009584,hidden_regime_switching,multi_timescale_memory,CRA,multi_timescale_memory,candidate,NEST,44,-0.009732951647631235,0.0,-0.01,-1,True,-1,True,389,5,0.1,0.2,False,0.92,normal,replace,0.1,1.0,1.0,8,8,True,True,R2_identity,5.10
385,1000.0,8,8,0,8,0,0,4.743391341850748,4.743391341850748,4.743391341850748,-0.00019190062402957354,-0.00046942928822206015,0.2105088435763377,1.000440989755017,0.0,False,0,0,0,0,0,0.0,0.0,0.0,0.0,0.0,0,0.0,0,0,disabled,disabled,0.08025513281026697,0.0,19.00762500008568,4.240791999791327,25.934582999980194,hidden_regime_switching,multi_timescale_memory,CRA,multi_timescale_memory,candidate,NEST,44,0.0,0.0,0.0,0,False,-1,False,-1,5,0.1,0.2,False,0.92,normal,replace,0.1,1.0,1.0,8,8,True,True,R2_identity,5.10
386,1000.0,8,8,0,8,0,0,4.730516313180004,4.730516313180004,4.730516313180004,-0.010522578216307827,-0.0,0.20986252602558103,1.000440989755017,0.0,False,0,0,0,0,0,0.0,0.0,0.0,0.0,0.0,0,0.0,0,0,disabled,disabled,0.0820531315036348,0.0,18.90991599998415,4.743125000004511,26.2835000000905,hidden_regime_switching,multi_timescale_memory,CRA,multi_timescale_memory,candidate,NEST,44,0.0,0.0,0.0,0,False,-1,False,-1,5,0.1,0.2,False,0.92,normal,replace,0.1,1.0,1.0,8,8,True,True,R2_identity,5.10
387,1000.0,8,8,0,8,0,0,4.717807972704998,4.717807972704998,4.717807972704998,0.030927726022243026,0.0,0.20921638596706468,1.000440989755017,0.0,False,0,0,0,0,0,0.0,0.0,0.0,0.0,0.0,0,0.0,0,0,disabled,disabled,0.08975578329709322,0.0,19.410125000149492,4.220915999894714,26.24733299990112,hidden_regime_switching,multi_timescale_memory,CRA,multi_timescale_memory,candidate,NEST,44,0.0,0.0,0.0,0,False,1,False,-1,5,0.1,0.2,False,0.92,normal,replace,0.1,1.0,1.0,8,8,True,True,R2_identity,5.10
388,1000.0,8,8,0,8,0,0,4.70518618095893,4.70518618095893,4.70518618095893,-0.003332430561116249,-0.0,0.2085704445383136,1.000440989755017,0.0,False,0,0,0,0,0,0.0,0.0,0.0,0.0,0.0,0,0.0,0,0,disabled,disabled,0.09104888757116036,0.0,18.989499999861437,4.219416000069032,26.176458000009006,hidden_regime_switching,multi_timescale_memory,CRA,multi_timescale_memory,candidate,NEST,44,0.0,0.0,0.0,0,False,-1,False,-1,5,0.1,0.2,False,0.92,normal,replace,0.1,1.0,1.0,8,8,True,True,R2_identity,5.10
389,1000.0,8,8,0,8,0,0,4.6925391726622445,4.6925391726622445,4.6925391726622445,0.02091203397141224,-0.0501789846813165,0.20792472261681272,1.000440989755017,0.0,False,0,0,0,0,0,0.0,0.0,0.0,0.0,0.0,0,0.0,0,0,disabled,disabled,0.0954503898313126,0.0,19.379416999981913,4.662000000053013,26.636166999878697,hidden_regime_switching,multi_timescale_memory,CRA,multi_timescale_memory,candidate,NEST,44,0.0,-0.01,0.0,0,False,1,False,-1,5,0.1,0.2,False,0.92,normal,replace,0.1,1.0,1.0,8,8,True,True,R2_identity,5.10
390,1000.0,8,8,0,8,0,0,4.680000270432264,4.680000270432264,4.680000270432264,0.007867955759040356,-0.018806497396268804,0.20727924082236648,1.000440989755017,0.0,False,0,0,0,0,0,0.0,0.0,0.0,0.0,0.0,0,0.0,0,0,disabled,disabled,0.09796138041193103,0.0,18.731542000068657,4.271625000001222,25.843458000053943,hidden_regime_switching,multi_timescale_memory,CRA,multi_timescale_memory,candidate,NEST,44,0.0,0.0,0.0,0,False,1,False,-1,5,0.1,0.2,False,0.92,normal,replace,0.1,1.0,1.0,8,8,True,True,R2_identity,5.10
391,1000.0,8,8,0,8,0,0,4.667569717196523,4.667569717196523,4.667569717196523,0.005350964116876787,-0.012732554406807208,0.20663401951943938,1.000440989755017,0.0,False,0,0,0,0,0,0.0,0.0,0.0,0.0,0.0,0,0.0,0,0,disabled,disabled,0.09972805071909718,0.0,19.563666999829366,4.93741700006467,27.104209000071933,hidden_regime_switching,multi_timescale_memory,CRA,multi_timescale_memory,candidate,NEST,44,0.0,0.0,0.0,0,False,1,False,-1,5,0.1,0.2,False,0.92,normal,replace,0.1,1.0,1.0,8,8,True,True,R2_identity,5.10
392,1000.0,8,8,0,8,0,0,4.654123911052044,4.654123911052044,4.654123911052044,-0.026398870611530095,0.062451022090142215,0.2059890788194778,1.000440989755017,0.0,True,0,0,0,0,0,0.0,0.0,0.0,0.0,0.0,0,0.0,0,0,disabled,disabled,0.09834910481280357,0.0,18.443291000039608,4.343249999919863,25.409125000123822,hidden_regime_switching,multi_timescale_memory,CRA,multi_timescale_memory,candidate,NEST,44,-0.009600974079018214,0.0,-0.01,-1,True,-1,True,397,5,0.1,0.2,False,0.92,normal,replace,0.1,1.0,1.0,8,8,True,True,R2_identity,5.10
393,1000.0,8,8,0,8,0,0,4.6419959852964325,4.6419959852964325,4.6419959852964325,-0.007070252545592208,0.016669792354353875,0.2053804385832131,1.000440989755017,0.0,True,0,0,0,0,0,0.0,0.0,0.0,0.0,0.0,0,0.0,0,0,disabled,disabled,0.0961026606599642,0.0,78.46316699988165,4.3210420001287275,85.38058300018747,hidden_regime_switching,multi_timescale_memory,CRA,multi_timescale_memory,candidate,NEST,44,0.0,0.0,0.0,0,False,-1,False,-1,5,0.1,0.2,False,0.92,normal,replace,0.1,1.0,1.0,8,8,True,True,R2_identity,5.10
394,1000.0,8,8,0,8,0,0,4.629874620660645,4.629874620660645,4.629874620660645,0.0019939271891600075,0.0,0.20477168642294605,1.000440989755017,0.0,False,0,0,0,0,0,0.0,0.0,0.0,0.0,0.0,0,0.0,0,0,disabled,disabled,0.0962797513491278,0.0,19.538999999895168,4.251542000019981,27.010332999907405,hidden_regime_switching,multi_timescale_memory,CRA,multi_timescale_memory,candidate,NEST,44,0.0,0.0,0.0,0,False,1,False,-1,5,0.1,0.2,False,0.92,normal,replace,0.1,1.0,1.0,8,8,True,True,R2_identity,5.10
395,1000.0,8,8,0,8,0,0,4.617847375202936,4.617847375202936,4.617847375202936,-0.007871967065351811,-0.0,0.2041628455928132,1.000440989755017,0.0,False,0,0,0,0,0,0.0,0.0,0.0,0.0,0.0,0,0.0,0,0,disabled,disabled,0.10164077488234113,0.0,18.64279100004751,4.747333999830516,25.994291999950292,hidden_regime_switching,multi_timescale_memory,CRA,multi_timescale_memory,candidate,NEST,44,0.0,0.0,0.0,0,False,-1,False,-1,5,0.1,0.2,False,0.92,normal,replace,0.1,1.0,1.0,8,8,True,True,R2_identity,5.10
396,1000.0,8,8,0,8,0,0,4.6058801321375125,4.6058801321375125,4.6058801321375125,0.008063491889492538,0.0,0.20355393907193073,1.000440989755017,0.0,False,0,0,0,0,0,0.0,0.0,0.0,0.0,0.0,0,0.0,0,0,disabled,disabled,0.10296115334581746,0.0,19.415832999811755,4.433875000131593,26.51204200014945,hidden_regime_switching,multi_timescale_memory,CRA,multi_timescale_memory,candidate,NEST,44,0.0,0.0,0.0,0,False,1,False,-1,5,0.1,0.2,False,0.92,normal,replace,0.1,1.0,1.0,8,8,True,True,R2_identity,5.10
397,1000.0,8,8,0,8,0,0,4.594017483735464,4.594017483735464,4.594017483735464,-0.0010045545475467438,0.002325955072839263,0.2029449895668575,1.000440989755017,0.0,True,0,0,0,0,0,0.0,0.0,0.0,0.0,0.0,0,0.0,0,0,disabled,disabled,0.10698214327249911,0.0,19.124499999861655,4.860624999992069,26.59858299989537,hidden_regime_switching,multi_timescale_memory,CRA,multi_timescale_memory,candidate,NEST,44,0.0,-0.01,0.0,0,False,-1,False,-1,5,0.1,0.2,False,0.92,normal,replace,0.1,1.0,1.0,8,8,True,True,R2_identity,5.10
398,1000.0,8,8,0,8,0,0,4.58224372865906,4.58224372865906,4.58224372865906,0.0006495567990289858,-0.0014971874812842055,0.20233601951403857,1.000440989755017,0.0,False,0,0,0,0,0,0.0,0.0,0.0,0.0,0.0,0,0.0,0,0,disabled,disabled,0.1107633819652909,0.0,19.560333999834256,4.357291000133046,26.543208000020968,hidden_regime_switching,multi_timescale_memory,CRA,multi_timescale_memory,candidate,NEST,44,0.0,0.0,0.0,0,False,1,False,-1,5,0.1,0.2,False,0.92,normal,replace,0.1,1.0,1.0,8,8,True,True,R2_identity,5.10
399,1000.0,8,8,0,8,0,0,4.570431220032869,4.570431220032869,4.570431220032869,0.02280421508304021,-0.05227718728787766,0.20172705108222902,1.000440989755017,0.0,False,0,0,0,0,0,0.0,0.0,0.0,0.0,0.0,0,0.0,0,0,disabled,disabled,0.11850174019321535,0.0,18.882958000176586,4.419207999944774,26.413083000079496,hidden_regime_switching,multi_timescale_memory,CRA,multi_timescale_memory,candidate,NEST,44,0.0,0.0,0.0,0,False,1,False,-1,5,0.1,0.2,False,0.92,normal,replace,0.1,1.0,1.0,8,8,True,True,R2_identity,5.10
400,1000.0,8,8,0,8,0,0,4.557467534301196,4.557467534301196,4.557467534301196,-0.09179418843766873,0.20665470336582317,0.2011181061748987,1.000440989755017,0.0,True,0,0,0,0,0,0.0,0.0,0.0,0.0,0.0,0,0.0,0,0,disabled,disabled,0.1164342239232834,0.0,18.253707999974722,4.861749999918175,26.496624999936103,hidden_regime_switching,multi_timescale_memory,CRA,multi_timescale_memory,candidate,NEST,44,-0.010300873643967097,0.0,-0.01,-1,True,-1,True,405,5,0.1,0.2,False,0.92,normal,replace,0.1,1.0,1.0,8,8,True,True,R2_identity,5.10
401,1000.0,8,8,0,8,0,0,4.54626557733113,4.54626557733113,4.54626557733113,-0.009559762268202234,0.02173439688178215,0.2005452064326174,1.000440989755017,0.0,True,0,0,0,0,0,0.0,0.0,0.0,0.0,0.0,0,0.0,0,0,disabled,disabled,0.11271600072770305,0.0,19.676915999980338,4.434625000158121,26.853874999915206,hidden_regime_switching,multi_timescale_memory,CRA,multi_timescale_memory,candidate,NEST,44,0.0,0.0,0.0,0,False,-1,False,-1,5,0.1,0.2,False,0.92,normal,replace,0.1,1.0,1.0,8,8,True,True,R2_identity,5.10
402,1000.0,8,8,0,8,0,0,4.534878815626352,4.534878815626352,4.534878815626352,-0.011859152727005403,-0.0,0.19997194123542117,1.000440989755017,0.0,False,0,0,0,0,0,0.0,0.0,0.0,0.0,0.0,0,0.0,0,0,disabled,disabled,0.10841580528183847,0.0,19.01545900000201,4.914832999929786,26.54245799999444,hidden_regime_switching,multi_timescale_memory,CRA,multi_timescale_memory,candidate,NEST,44,0.0,0.0,0.0,0,False,-1,False,-1,5,0.1,0.2,False,0.92,normal,replace,0.1,1.0,1.0,8,8,True,True,R2_identity,5.10
403,1000.0,8,8,0,8,0,0,4.523466420673513,4.523466420673513,4.523466420673513,-0.004157521713783256,-0.0,0.19939833559315973,1.000440989755017,0.0,False,0,0,0,0,0,0.0,0.0,0.0,0.0,0.0,0,0.0,0,0,disabled,disabled,0.10903623081090252,0.0,19.562582999924416,4.423416999998153,26.651041999912195,hidden_regime_switching,multi_timescale_memory,CRA,multi_timescale_memory,candidate,NEST,44,0.0,0.0,0.0,0,False,-1,False,-1,5,0.1,0.2,False,0.92,normal,replace,0.1,1.0,1.0,8,8,True,True,R2_identity,5.10
404,1000.0,8,8,0,8,0,0,4.512094627656397,4.512094627656397,4.512094627656397,0.005885847325469924,0.0,0.19882441422872094,1.000440989755017,0.0,False,0,0,0,0,0,0.0,0.0,0.0,0.0,0.0,0,0.0,0,0,disabled,disabled,0.1115505876961791,0.0,18.96945799990135,4.408624999996391,26.514166999959343,hidden_regime_switching,multi_timescale_memory,CRA,multi_timescale_memory,candidate,NEST,44,0.0,0.0,0.0,0,False,1,False,-1,5,0.1,0.2,False,0.92,normal,replace,0.1,1.0,1.0,8,8,True,True,R2_identity,5.10
405,1000.0,8,8,0,8,0,0,4.500665831393261,4.500665831393261,4.500665831393261,0.016301617781516484,-0.03639094326030593,0.19825020158057405,1.000440989755017,0.0,False,0,0,0,0,0,0.0,0.0,0.0,0.0,0.0,0,0.0,0,0,disabled,disabled,0.11436894599551728,0.0,19.366833000049155,5.023917000016809,26.992457999995167,hidden_regime_switching,multi_timescale_memory,CRA,multi_timescale_memory,candidate,NEST,44,0.0,-0.01,0.0,0,False,1,False,-1,5,0.1,0.2,False,0.92,normal,replace,0.1,1.0,1.0,8,8,True,True,R2_identity,5.10
406,1000.0,8,8,0,8,0,0,4.489363981244063,4.489363981244063,4.489363981244063,-0.003759550797178019,0.008358610518664579,0.1976757218052927,1.000440989755017,0.0,True,0,0,0,0,0,0.0,0.0,0.0,0.0,0.0,0,0.0,0,0,disabled,disabled,0.11370786548768663,0.0,18.665459000203555,4.447207999874081,25.81400000008216,hidden_regime_switching,multi_timescale_memory,CRA,multi_timescale_memory,candidate,NEST,44,0.0,0.0,0.0,0,False,-1,False,-1,5,0.1,0.2,False,0.92,normal,replace,0.1,1.0,1.0,8,8,True,True,R2_identity,5.10
407,1000.0,8,8,0,8,0,0,4.478082646102877,4.478082646102877,4.478082646102877,0.008715831330026983,-0.019289455935067455,0.1971009987800578,1.000440989755017,0.0,False,0,0,0,0,0,0.0,0.0,0.0,0.0,0.0,0,0.0,0,0,disabled,disabled,0.11545828439254446,0.0,19.5744590000686,4.978166000000783,27.174291999926936,hidden_regime_switching,multi_timescale_memory,CRA,multi_timescale_memory,candidate,NEST,44,0.0,0.0,0.0,0,False,1,False,-1,5,0.1,0.2,False,0.92,normal,replace,0.1,1.0,1.0,8,8,True,True,R2_identity,5.10
408,1000.0,8,8,0,8,0,0,4.469752365045669,4.469752365045669,4.469752365045669,0.15592490185073957,-0.3306784491919731,0.19652605610514073,1.000440989755017,0.0,False,0,0,0,0,0,0.0,0.0,0.0,0.0,0.0,0,0.0,0,0,disabled,disabled,0.11164766210353161,0.0,19.056708999869443,4.537500000196815,26.21091599985448,hidden_regime_switching,multi_timescale_memory,CRA,multi_timescale_memory,candidate,NEST,44,0.010108024054257921,0.0,-0.01,-1,True,1,False,413,5,0.1,0.2,False,0.92,normal,replace,0.1,1.0,1.0,8,8,True,True,R2_identity,5.10
409,1000.0,8,8,0,8,0,0,4.458084870796267,4.458084870796267,4.458084870796267,-0.006041866653135876,0.01325351645551653,0.1959509171063666,1.000440989755017,0.0,True,0,0,0,0,0,0.0,0.0,0.0,0.0,0.0,0,0.0,0,0,disabled,disabled,0.11176617301608172,0.0,18.57708299985461,4.4644590000189055,26.825500000086322,hidden_regime_switching,multi_timescale_memory,CRA,multi_timescale_memory,candidate,NEST,44,0.0,0.0,0.0,0,False,-1,False,-1,5,0.1,0.2,False,0.92,normal,replace,0.1,1.0,1.0,8,8,True,True,R2_identity,5.10
410,1000.0,8,8,0,8,0,0,4.4467087088323,4.4467087088323,4.4467087088323,0.00011882846064201385,0.0,0.19537560483755798,1.000440989755017,0.0,False,0,0,0,0,0,0.0,0.0,0.0,0.0,0.0,0,0.0,0,0,disabled,disabled,0.1088776923912862,0.0,19.034375000046566,5.100832999914928,26.749249999966196,hidden_regime_switching,multi_timescale_memory,CRA,multi_timescale_memory,candidate,NEST,44,0.0,0.0,0.0,0,False,1,False,-1,5,0.1,0.2,False,0.92,normal,replace,0.1,1.0,1.0,8,8,True,True,R2_identity,5.10
411,1000.0,8,8,0,8,0,0,4.435500549782129,4.435500549782129,4.435500549782129,-0.016165417196775316,-0.0,0.19480014208295923,1.000440989755017,0.0,False,0,0,0,0,0,0.0,0.0,0.0,0.0,0.0,0,0.0,0,0,disabled,disabled,0.10739664408344307,0.0,18.650750000006155,4.512959000066985,25.80566700021336,hidden_regime_switching,multi_timescale_memory,CRA,multi_timescale_memory,candidate,NEST,44,0.0,0.0,0.0,0,False,-1,False,-1,5,0.1,0.2,False,0.92,normal,replace,0.1,1.0,1.0,8,8,True,True,R2_identity,5.10
412,1000.0,8,8,0,8,0,0,4.424405191965754,4.424405191965754,4.424405191965754,-0.012126199372750153,-0.0,0.1942245513596415,1.000440989755017,0.0,False,0,0,0,0,0,0.0,0.0,0.0,0.0,0.0,0,0.0,0,0,disabled,disabled,0.1069051571498072,0.0,20.013667000057467,4.701416999978392,27.385332999983802,hidden_regime_switching,multi_timescale_memory,CRA,multi_timescale_memory,candidate,NEST,44,0.0,0.0,0.0,0,False,-1,False,-1,5,0.1,0.2,False,0.92,normal,replace,0.1,1.0,1.0,8,8,True,True,R2_identity,5.10
413,1000.0,8,8,0,8,0,0,4.413333805117366,4.413333805117366,4.413333805117366,0.008185556894147916,-0.01763845494806099,0.19364885491988862,1.000440989755017,0.0,False,0,0,0,0,0,0.0,0.0,0.0,0.0,0.0,0,0.0,0,0,disabled,disabled,0.10627718247625229,0.0,18.97733300006621,4.582667000022411,26.179917000035857,hidden_regime_switching,multi_timescale_memory,CRA,multi_timescale_memory,candidate,NEST,44,0.0,-0.01,0.0,0,False,1,False,-1,5,0.1,0.2,False,0.92,normal,replace,0.1,1.0,1.0,8,8,True,True,R2_identity,5.10
414,1000.0,8,8,0,8,0,0,4.4023477009640635,4.4023477009640635,4.4023477009640635,0.009536094938388848,-0.020457033157685222,0.1930730747535638,1.000440989755017,0.0,False,0,0,0,0,0,0.0,0.0,0.0,0.0,0.0,0,0.0,0,0,disabled,disabled,0.11131502251387904,0.0,78.72887500002435,5.078916000002209,87.02050000010786,hidden_regime_switching,multi_timescale_memory,CRA,multi_timescale_memory,candidate,NEST,44,0.0,0.0,0.0,0,False,1,False,-1,5,0.1,0.2,False,0.92,normal,replace,0.1,1.0,1.0,8,8,True,True,R2_identity,5.10
415,1000.0,8,8,0,8,0,0,4.391485093864969,4.391485093864969,4.391485093864969,0.008519932511282705,-0.018196973103612513,0.1924972325904578,1.000440989755017,0.0,False,0,0,0,0,0,0.0,0.0,0.0,0.0,0.0,0,0.0,0,0,disabled,disabled,0.11849511648416655,0.0,18.687999999883687,4.62037500005863,25.933916999974826,hidden_regime_switching,multi_timescale_memory,CRA,multi_timescale_memory,candidate,NEST,44,0.0,0.0,0.0,0,False,1,False,-1,5,0.1,0.2,False,0.92,normal,replace,0.1,1.0,1.0,8,8,True,True,R2_identity,5.10
416,1000.0,8,8,0,8,0,0,4.3845006826074995,4.3845006826074995,4.3845006826074995,0.052111006044056246,-0.11036942607449483,0.19192134990261794,1.000440989755017,0.0,False,0,0,0,0,0,0.0,0.0,0.0,0.0,0.0,0,0.0,0,0,disabled,disabled,0.11484373838829676,0.0,20.308999999997468,4.601333000209706,27.515499999935855,hidden_regime_switching,multi_timescale_memory,CRA,multi_timescale_memory,candidate,NEST,44,0.010310506342369796,0.0,0.01,1,True,1,True,421,5,0.1,0.2,False,0.92,normal,replace,0.1,1.0,1.0,8,8,True,True,R2_identity,5.10
417,1000.0,8,8,0,8,0,0,4.373544672518329,4.373544672518329,4.373544672518329,0.0038710146035938415,-0.008195796383637705,0.1913454479066589,1.000440989755017,0.0,False,0,0,0,0,0,0.0,0.0,0.0,0.0,0.0,0,0.0,0,0,disabled,disabled,0.11259306724144746,0.0,19.000041999788664,4.535500000201864,26.1433749999469,hidden_regime_switching,multi_timescale_memory,CRA,multi_timescale_memory,candidate,NEST,44,0.0,0.0,0.0,0,False,1,False,-1,5,0.1,0.2,False,0.92,normal,replace,0.1,1.0,1.0,8,8,True,True,R2_identity,5.10
418,1000.0,8,8,0,8,0,0,4.36275863588703,4.36275863588703,4.36275863588703,-0.022075223059372342,-0.0,0.19076954756605483,1.000440989755017,0.0,False,0,0,0,0,0,0.0,0.0,0.0,0.0,0.0,0,0.0,0,0,disabled,disabled,0.11220600630092648,0.0,18.796916999917812,4.539208000096551,26.470209000081013,hidden_regime_switching,multi_timescale_memory,CRA,multi_timescale_memory,candidate,NEST,44,0.0,0.0,0.0,0,False,-1,False,-1,5,0.1,0.2,False,0.92,normal,replace,0.1,1.0,1.0,8,8,True,True,R2_identity,5.10
419,1000.0,8,8,0,8,0,0,4.352158819659628,4.352158819659628,4.352158819659628,-0.005577673902208418,-0.0,0.19019366959341338,1.000440989755017,0.0,False,0,0,0,0,0,0.0,0.0,0.0,0.0,0.0,0,0.0,0,0,disabled,disabled,0.119119981762144,0.0,19.227166000064244,5.182083999898168,26.997832999995808,hidden_regime_switching,multi_timescale_memory,CRA,multi_timescale_memory,candidate,NEST,44,0.0,0.0,0.0,0,False,-1,False,-1,5,0.1,0.2,False,0.92,normal,replace,0.1,1.0,1.0,8,8,True,True,R2_identity,5.10
420,1000.0,8,8,0,8,0,0,4.341644079695831,4.341644079695831,4.341644079695831,-0.011537169501404135,-0.0,0.18961783445273128,1.000440989755017,0.0,False,0,0,0,0,0,0.0,0.0,0.0,0.0,0.0,0,0.0,0,0,disabled,disabled,0.11921154980040516,0.0,18.68508400002611,4.603833000146551,26.02179099994828,hidden_regime_switching,multi_timescale_memory,CRA,multi_timescale_memory,candidate,NEST,44,0.0,0.0,0.0,0,False,-1,False,-1,5,0.1,0.2,False,0.92,normal,replace,0.1,1.0,1.0,8,8,True,True,R2_identity,5.10
421,1000.0,8,8,0,8,0,0,4.331201278616486,4.331201278616486,4.331201278616486,0.00026211616757118914,0.0005452989026185533,0.18904206236163199,1.000440989755017,0.0,True,0,0,0,0,0,0.0,0.0,0.0,0.0,0.0,0,0.0,0,0,disabled,disabled,0.11940517905712067,0.0,20.286124999984168,4.652374999977837,27.564834000031624,hidden_regime_switching,multi_timescale_memory,CRA,multi_timescale_memory,candidate,NEST,44,0.0,0.01,0.0,0,False,1,False,-1,5,0.1,0.2,False,0.92,normal,replace,0.1,1.0,1.0,8,8,True,True,R2_identity,5.10
422,1000.0,8,8,0,8,0,0,4.320817643456914,4.320817643456914,4.320817643456914,-0.0016254003075077885,-0.00336665036984374,0.1884663732935856,1.000440989755017,0.0,False,0,0,0,0,0,0.0,0.0,0.0,0.0,0.0,0,0.0,0,0,disabled,disabled,0.12052761995355166,0.0,18.615416999864465,4.600375000109125,25.81462500006637,hidden_regime_switching,multi_timescale_memory,CRA,multi_timescale_memory,candidate,NEST,44,0.0,0.0,0.0,0,False,-1,False,-1,5,0.1,0.2,False,0.92,normal,replace,0.1,1.0,1.0,8,8,True,True,R2_identity,5.10
423,1000.0,8,8,0,8,0,0,4.310572812059988,4.310572812059988,4.310572812059988,0.007471071808618585,0.015405976930869878,0.18789078698011075,1.000440989755017,0.0,True,0,0,0,0,0,0.0,0.0,0.0,0.0,0.0,0,0.0,0,0,disabled,disabled,0.12259293772947277,0.0,19.574082999952225,4.590374999906999,27.292083000020284,hidden_regime_switching,multi_timescale_memory,CRA,multi_timescale_memory,candidate,NEST,44,0.0,0.0,0.0,0,False,1,False,-1,5,0.1,0.2,False,0.92,normal,replace,0.1,1.0,1.0,8,8,True,True,R2_identity,5.10
424,1000.0,8,8,0,8,0,0,4.304889503892344,4.304889503892344,4.304889503892344,0.04597995207983692,0.09412952653931332,0.18731532291295902,1.000440989755017,0.0,True,0,0,0,0,0,0.0,0.0,0.0,0.0,0.0,0,0.0,0,0,disabled,disabled,0.11947284091872312,0.0,19.161499999881926,5.202708000069833,26.973666000003504,hidden_regime_switching,multi_timescale_memory,CRA,multi_timescale_memory,candidate,NEST,44,0.010088062156025215,0.0,0.01,1,True,1,True,429,5,0.1,0.2,False,0.92,normal,replace,0.1,1.0,1.0,8,8,True,True,R2_identity,5.10
425,1000.0,8,8,0,8,0,0,4.294881921465035,4.294881921465035,4.294881921465035,0.012118040872801673,0.02476826553654072,0.18677600034628183,1.000440989755017,0.0,True,0,0,0,0,0,0.0,0.0,0.0,0.0,0.0,0,0.0,0,0,disabled,disabled,0.11762656067806443,0.0,18.843583000034414,4.606500000136293,26.087041999971916,hidden_regime_switching,multi_timescale_memory,CRA,multi_timescale_memory,candidate,NEST,44,0.0,0.0,0.0,0,False,1,False,-1,5,0.1,0.2,False,0.92,normal,replace,0.1,1.0,1.0,8,8,True,True,R2_identity,5.10
426,1000.0,8,8,0,8,0,0,4.284773996815854,4.284773996815854,4.284773996815854,0.008513254250890372,0.0,0.1862364062987799,1.000440989755017,0.0,False,0,0,0,0,0,0.0,0.0,0.0,0.0,0.0,0,0.0,0,0,disabled,disabled,0.11592995103063153,0.0,20.14362499994604,4.639584000187824,27.423708000014813,hidden_regime_switching,multi_timescale_memory,CRA,multi_timescale_memory,candidate,NEST,44,0.0,0.0,0.0,0,False,1,False,-1,5,0.1,0.2,False,0.92,normal,replace,0.1,1.0,1.0,8,8,True,True,R2_identity,5.10
427,1000.0,8,8,0,8,0,0,4.274647097642434,4.274647097642434,4.274647097642434,0.002981039329162402,0.0,0.18569656344383553,1.000440989755017,0.0,False,0,0,0,0,0,0.0,0.0,0.0,0.0,0.0,0,0.0,0,0,disabled,disabled,0.115476284612261,0.0,18.68741599992063,4.622417000064161,25.917833999983486,hidden_regime_switching,multi_timescale_memory,CRA,multi_timescale_memory,candidate,NEST,44,0.0,0.0,0.0,0,False,1,False,-1,5,0.1,0.2,False,0.92,normal,replace,0.1,1.0,1.0,8,8,True,True,R2_identity,5.10
428,1000.0,8,8,0,8,0,0,4.264579641056625,4.264579641056625,4.264579641056625,0.01213857718651518,0.0,0.18515649419252372,1.000440989755017,0.0,False,0,0,0,0,0,0.0,0.0,0.0,0.0,0.0,0,0.0,0,0,disabled,disabled,0.11910044070125902,0.0,19.514750000098502,4.635291999875335,27.24354199995105,hidden_regime_switching,multi_timescale_memory,CRA,multi_timescale_memory,candidate,NEST,44,0.0,0.0,0.0,0,False,1,False,-1,5,0.1,0.2,False,0.92,normal,replace,0.1,1.0,1.0,8,8,True,True,R2_identity,5.10
429,1000.0,8,8,0,8,0,0,4.254562517960222,4.254562517960222,4.254562517960222,-0.0021886247651960963,-0.004397214347959472,0.1846162206959437,1.000440989755017,0.0,False,0,0,0,0,0,0.0,0.0,0.0,0.0,0.0,0,0.0,0,0,disabled,disabled,0.12201325347660141,0.0,18.911832999947364,5.247832999884849,26.796124999918902,hidden_regime_switching,multi_timescale_memory,CRA,multi_timescale_memory,candidate,NEST,44,0.0,0.01,0.0,0,False,-1,False,-1,5,0.1,0.2,False,0.92,normal,replace,0.1,1.0,1.0,8,8,True,True,R2_identity,5.10
430,1000.0,8,8,0,8,0,0,4.244703750180119,4.244703750180119,4.244703750180119,0.007255210977656105,0.014512765740240388,0.1840757648475317,1.000440989755017,0.0,True,0,0,0,0,0,0.0,0.0,0.0,0.0,0.0,0,0.0,0,0,disabled,disabled,0.12705342664260488,0.0,19.540332999895327,4.694125000014537,26.8585419998999,hidden_regime_switching,multi_timescale_memory,CRA,multi_timescale_memory,candidate,NEST,44,0.0,0.0,0.0,0,False,1,False,-1,5,0.1,0.2,False,0.92,normal,replace,0.1,1.0,1.0,8,8,True,True,R2_identity,5.10
431,1000.0,8,8,0,8,0,0,4.23489097557025,4.23489097557025,4.23489097557025,-0.004105385367536419,-0.008177099367825891,0.18353514828535555,1.000440989755017,0.0,False,0,0,0,0,0,0.0,0.0,0.0,0.0,0.0,0,0.0,0,0,disabled,disabled,0.13206526007442587,0.0,19.37420900003417,4.691249999950742,26.688124999964202,hidden_regime_switching,multi_timescale_memory,CRA,multi_timescale_memory,candidate,NEST,44,0.0,0.0,0.0,0,False,-1,False,-1,5,0.1,0.2,False,0.92,normal,replace,0.1,1.0,1.0,8,8,True,True,R2_identity,5.10
432,1000.0,8,8,0,8,0,0,4.23084083915642,4.23084083915642,4.23084083915642,0.11121369317634267,0.21705842510758586,0.18299439239439105,1.000440989755017,0.0,True,0,0,0,0,0,0.0,0.0,0.0,0.0,0.0,0,0.0,0,0,disabled,disabled,0.13449189871155642,0.0,19.444875000090178,5.200332999947932,27.24508300002526,hidden_regime_switching,multi_timescale_memory,CRA,multi_timescale_memory,candidate,NEST,44,0.010300677942225,0.0,0.01,1,True,1,True,437,5,0.1,0.2,False,0.92,normal,replace,0.1,1.0,1.0,8,8,True,True,R2_identity,5.10
433,1000.0,8,8,0,8,0,0,4.2216143396338275,4.2216143396338275,4.2216143396338275,0.0024372701638911733,0.00481295386500537,0.18248951830877985,1.000440989755017,0.0,True,0,0,0,0,0,0.0,0.0,0.0,0.0,0.0,0,0.0,0,0,disabled,disabled,0.13775080670133555,0.0,19.327209000039147,4.729832999828432,26.709041999993133,hidden_regime_switching,multi_timescale_memory,CRA,multi_timescale_memory,candidate,NEST,44,0.0,0.0,0.0,0,False,1,False,-1,5,0.1,0.2,False,0.92,normal,replace,0.1,1.0,1.0,8,8,True,True,R2_identity,5.10
434,1000.0,8,8,0,8,0,0,4.212165677634392,4.212165677634392,4.212165677634392,0.006961882672882286,0.0,0.1819841149140698,1.000440989755017,0.0,False,0,0,0,0,0,0.0,0.0,0.0,0.0,0.0,0,0.0,0,0,disabled,disabled,0.13439741436340302,0.0,79.51966599989646,4.711374999942564,86.8343750000804,hidden_regime_switching,multi_timescale_memory,CRA,multi_timescale_memory,candidate,NEST,44,0.0,0.0,0.0,0,False,1,False,-1,5,0.1,0.2,False,0.92,normal,replace,0.1,1.0,1.0,8,8,True,True,R2_identity,5.10
435,1000.0,8,8,0,8,0,0,4.202669665143528,4.202669665143528,4.202669665143528,0.0028490377630999435,0.0,0.18147820673743711,1.000440989755017,0.0,False,0,0,0,0,0,0.0,0.0,0.0,0.0,0.0,0,0.0,0,0,disabled,disabled,0.1358081365573316,0.0,19.258250000120825,4.739209000035771,27.177624999922045,hidden_regime_switching,multi_timescale_memory,CRA,multi_timescale_memory,candidate,NEST,44,0.0,0.0,0.0,0,False,1,False,-1,5,0.1,0.2,False,0.92,normal,replace,0.1,1.0,1.0,8,8,True,True,R2_identity,5.10
436,1000.0,8,8,0,8,0,0,4.193194911642115,4.193194911642115,4.193194911642115,-0.0045190443650036825,-0.0,0.18097181803078713,1.000440989755017,0.0,False,0,0,0,0,0,0.0,0.0,0.0,0.0,0.0,0,0.0,0,0,disabled,disabled,0.13848300508363565,0.0,18.777207999846723,5.265292000103727,26.646750000054453,hidden_regime_switching,multi_timescale_memory,CRA,multi_timescale_memory,candidate,NEST,44,0.0,0.0,0.0,0,False,-1,False,-1,5,0.1,0.2,False,0.92,normal,replace,0.1,1.0,1.0,8,8,True,True,R2_identity,5.10
437,1000.0,8,8,0,8,0,0,4.183773379165969,4.183773379165969,4.183773379165969,0.001366983151341666,0.002653496866812948,0.1804649727731744,1.000440989755017,0.0,True,0,0,0,0,0,0.0,0.0,0.0,0.0,0.0,0,0.0,0,0,disabled,disabled,0.14065098074397575,0.0,19.44541600005323,4.81050000007599,26.897333000079016,hidden_regime_switching,multi_timescale_memory,CRA,multi_timescale_memory,candidate,NEST,44,0.0,0.01,0.0,0,False,1,False,-1,5,0.1,0.2,False,0.92,normal,replace,0.1,1.0,1.0,8,8,True,True,R2_identity,5.10
438,1000.0,8,8,0,8,0,0,4.174441816971054,4.174441816971054,4.174441816971054,0.00627201248930129,0.012122313187086493,0.1799576946732039,1.000440989755017,0.0,True,0,0,0,0,0,0.0,0.0,0.0,0.0,0.0,0,0.0,0,0,disabled,disabled,0.14186388586353527,0.0,19.726042000002053,4.755750000185799,27.098582999997234,hidden_regime_switching,multi_timescale_memory,CRA,multi_timescale_memory,candidate,NEST,44,0.0,0.0,0.0,0,False,1,False,-1,5,0.1,0.2,False,0.92,normal,replace,0.1,1.0,1.0,8,8,True,True,R2_identity,5.10
439,1000.0,8,8,0,8,0,0,4.165212641559213,4.165212641559213,4.165212641559213,0.005894737807284532,0.011344673558504572,0.17945000717141324,1.000440989755017,0.0,True,0,0,0,0,0,0.0,0.0,0.0,0.0,0.0,0,0.0,0,0,disabled,disabled,0.14579192920174577,0.0,19.719541999847934,5.874542000128713,28.21441599985519,hidden_regime_switching,multi_timescale_memory,CRA,multi_timescale_memory,candidate,NEST,44,0.0,0.0,0.0,0,False,1,False,-1,5,0.1,0.2,False,0.92,normal,replace,0.1,1.0,1.0,8,8,True,True,R2_identity,5.10
440,1000.0,8,8,0,8,0,0,4.154258201096143,4.154258201096143,4.154258201096143,-0.1731643181020979,-0.32019024225707093,0.17894193344263581,1.000440989755017,0.0,False,0,0,0,0,0,0.0,0.0,0.0,0.0,0.0,0,0.0,0,0,disabled,disabled,0.1417255979027825,0.0,19.619124999962878,4.815708000023733,27.217042000074798,hidden_regime_switching,multi_timescale_memory,CRA,multi_timescale_memory,candidate,NEST,44,-0.0100025196485171,0.0,-0.01,-1,True,-1,True,445,5,0.1,0.2,False,0.92,normal,replace,0.1,1.0,1.0,8,8,True,True,R2_identity,5.10
441,1000.0,8,8,0,8,0,0,4.1444624464456385,4.1444624464456385,4.1444624464456385,0.015702086988140265,0.02995516639960345,0.17843349639834555,1.000440989755017,0.0,True,0,0,0,0,0,0.0,0.0,0.0,0.0,0.0,0,0.0,0,0,disabled,disabled,0.13838275602449368,0.0,20.257916999980807,4.850125000075423,27.736042000015004,hidden_regime_switching,multi_timescale_memory,CRA,multi_timescale_memory,candidate,NEST,44,0.0,0.0,0.0,0,False,1,False,-1,5,0.1,0.2,False,0.92,normal,replace,0.1,1.0,1.0,8,8,True,True,R2_identity,5.10
442,1000.0,8,8,0,8,0,0,4.134945566307467,4.134945566307467,4.134945566307467,0.004299753958760219,0.0,0.17792471868898282,1.000440989755017,0.0,False,0,0,0,0,0,0.0,0.0,0.0,0.0,0.0,0,0.0,0,0,disabled,disabled,0.13606451165289535,0.0,19.379291999939596,5.135707999897932,27.14624999998705,hidden_regime_switching,multi_timescale_memory,CRA,multi_timescale_memory,candidate,NEST,44,0.0,0.0,0.0,0,False,1,False,-1,5,0.1,0.2,False,0.92,normal,replace,0.1,1.0,1.0,8,8,True,True,R2_identity,5.10
443,1000.0,8,8,0,8,0,0,4.125578384025077,4.125578384025077,4.125578384025077,0.002760976749223835,0.0,0.17741562270626213,1.000440989755017,0.0,False,0,0,0,0,0,0.0,0.0,0.0,0.0,0.0,0,0.0,0,0,disabled,disabled,0.13394162149630962,0.0,18.78329200008011,4.747665999957462,26.444542000035653,hidden_regime_switching,multi_timescale_memory,CRA,multi_timescale_memory,candidate,NEST,44,0.0,0.0,0.0,0,False,1,False,-1,5,0.1,0.2,False,0.92,normal,replace,0.1,1.0,1.0,8,8,True,True,R2_identity,5.10
444,1000.0,8,8,0,8,0,0,4.116295430505926,4.116295430505926,4.116295430505926,-0.008751359129554288,-0.0,0.17690623058546126,1.000440989755017,0.0,False,0,0,0,0,0,0.0,0.0,0.0,0.0,0.0,0,0.0,0,0,disabled,disabled,0.1317256714027133,0.0,19.614333000163242,5.323291999957291,27.622584000027928,hidden_regime_switching,multi_timescale_memory,CRA,multi_timescale_memory,candidate,NEST,44,0.0,0.0,0.0,0,False,-1,False,-1,5,0.1,0.2,False,0.92,normal,replace,0.1,1.0,1.0,8,8,True,True,R2_identity,5.10
445,1000.0,8,8,0,8,0,0,4.107114659636636,4.107114659636636,4.107114659636636,-0.0019193807323716558,0.003601040672214692,0.1763965642076926,1.000440989755017,0.0,True,0,0,0,0,0,0.0,0.0,0.0,0.0,0.0,0,0.0,0,0,disabled,disabled,0.13286972015663423,0.0,18.75987499988696,4.841750000196043,26.19920799997999,hidden_regime_switching,multi_timescale_memory,CRA,multi_timescale_memory,candidate,NEST,44,0.0,-0.01,0.0,0,False,-1,False,-1,5,0.1,0.2,False,0.92,normal,replace,0.1,1.0,1.0,8,8,True,True,R2_identity,5.10
446,1000.0,8,8,0,8,0,0,4.098032100361255,4.098032100361255,4.098032100361255,-0.0061816621336217,0.011548296447635642,0.17588664520215605,1.000440989755017,0.0,True,0,0,0,0,0,0.0,0.0,0.0,0.0,0.0,0,0.0,0,0,disabled,disabled,0.13285813543585512,0.0,19.885542000110945,4.818665999891891,27.793833000032464,hidden_regime_switching,multi_timescale_memory,CRA,multi_timescale_memory,candidate,NEST,44,0.0,0.0,0.0,0,False,-1,False,-1,5,0.1,0.2,False,0.92,normal,replace,0.1,1.0,1.0,8,8,True,True,R2_identity,5.10
447,1000.0,8,8,0,8,0,0,4.088907030854682,4.088907030854682,4.088907030854682,0.008987213351575476,-0.016717932512471514,0.17537649494837448,1.000440989755017,0.0,False,0,0,0,0,0,0.0,0.0,0.0,0.0,0.0,0,0.0,0,0,disabled,disabled,0.13242374927169198,0.0,19.071665999945253,5.342791999964902,27.012749999812513,hidden_regime_switching,multi_timescale_memory,CRA,multi_timescale_memory,candidate,NEST,44,0.0,0.0,0.0,0,False,1,False,-1,5,0.1,0.2,False,0.92,normal,replace,0.1,1.0,1.0,8,8,True,True,R2_identity,5.10
448,1000.0,8,8,0,8,0,0,4.078330809745535,4.078330809745535,4.078330809745535,-0.1655952789471124,0.29749701469136547,0.17486613457841102,1.000440989755017,0.0,True,0,0,0,0,0,0.0,0.0,0.0,0.0,0.0,0,0.0,0,0,disabled,disabled,0.13044057832593836,0.0,18.399416999955065,4.849207999995997,25.90170799999214,hidden_regime_switching,multi_timescale_memory,CRA,multi_timescale_memory,candidate,NEST,44,-0.01041728871591266,0.0,-0.01,-1,True,-1,True,453,5,0.1,0.2,False,0.92,normal,replace,0.1,1.0,1.0,8,8,True,True,R2_identity,5.10
449,1000.0,8,8,0,8,0,0,4.069913981334685,4.069913981334685,4.069913981334685,-0.0007502000825172228,0.0013839251198275514,0.17439158497906898,1.000440989755017,0.0,True,0,0,0,0,0,0.0,0.0,0.0,0.0,0.0,0,0.0,0,0,disabled,disabled,0.1322129741488176,0.0,20.469249999905514,4.889416999958485,27.981875000023138,hidden_regime_switching,multi_timescale_memory,CRA,multi_timescale_memory,candidate,NEST,44,0.0,0.0,0.0,0,False,-1,False,-1,5,0.1,0.2,False,0.92,normal,replace,0.1,1.0,1.0,8,8,True,True,R2_identity,5.10
450,1000.0,8,8,0,8,0,0,4.061242660452382,4.061242660452382,4.061242660452382,-0.006117767943827706,-0.0,0.1739164347940742,1.000440989755017,0.0,False,0,0,0,0,0,0.0,0.0,0.0,0.0,0.0,0,0.0,0,0,disabled,disabled,0.13121493293478803,0.0,18.744499999911568,4.84570799994799,26.190583000015977,hidden_regime_switching,multi_timescale_memory,CRA,multi_timescale_memory,candidate,NEST,44,0.0,0.0,0.0,0,False,-1,False,-1,5,0.1,0.2,False,0.92,normal,replace,0.1,1.0,1.0,8,8,True,True,R2_identity,5.10
451,1000.0,8,8,0,8,0,0,4.052454982646478,4.052454982646478,4.052454982646478,0.0006929815466889171,0.0,0.17344070831424013,1.000440989755017,0.0,False,0,0,0,0,0,0.0,0.0,0.0,0.0,0.0,0,0.0,0,0,disabled,disabled,0.12964922166990256,0.0,19.447499999841966,4.855249999991429,27.31504100006532,hidden_regime_switching,multi_timescale_memory,CRA,multi_timescale_memory,candidate,NEST,44,0.0,0.0,0.0,0,False,1,False,-1,5,0.1,0.2,False,0.92,normal,replace,0.1,1.0,1.0,8,8,True,True,R2_identity,5.10
452,1000.0,8,8,0,8,0,0,4.043626693581966,4.043626693581966,4.043626693581966,0.0003280569145711874,0.0,0.17296442956051147,1.000440989755017,0.0,False,0,0,0,0,0,0.0,0.0,0.0,0.0,0.0,0,0.0,0,0,disabled,disabled,0.12837172256052032,0.0,18.901665999919715,5.428625000149623,26.996999999937543,hidden_regime_switching,multi_timescale_memory,CRA,multi_timescale_memory,candidate,NEST,44,0.0,0.0,0.0,0,False,1,False,-1,5,0.1,0.2,False,0.92,normal,replace,0.1,1.0,1.0,8,8,True,True,R2_identity,5.10
453,1000.0,8,8,0,8,0,0,4.034805370999197,4.034805370999197,4.034805370999197,0.0034563628989203224,-0.006269794156188189,0.17248762228632827,1.000440989755017,0.0,False,0,0,0,0,0,0.0,0.0,0.0,0.0,0.0,0,0.0,0,0,disabled,disabled,0.13029421582178102,0.0,81.68004200001633,4.916082999898208,89.18283399998472,hidden_regime_switching,multi_timescale_memory,CRA,multi_timescale_memory,candidate,NEST,44,0.0,-0.01,0.0,0,False,1,False,-1,5,0.1,0.2,False,0.92,normal,replace,0.1,1.0,1.0,8,8,True,True,R2_identity,5.10
454,1000.0,8,8,0,8,0,0,4.026046254709518,4.026046254709518,4.026046254709518,0.0023986122039507144,-0.004332912782780248,0.17201030997997108,1.000440989755017,0.0,False,0,0,0,0,0,0.0,0.0,0.0,0.0,0.0,0,0.0,0,0,disabled,disabled,0.13403928787218788,0.0,18.959125000037602,5.488417000151458,27.10166599990771,hidden_regime_switching,multi_timescale_memory,CRA,multi_timescale_memory,candidate,NEST,44,0.0,0.0,0.0,0,False,1,False,-1,5,0.1,0.2,False,0.92,normal,replace,0.1,1.0,1.0,8,8,True,True,R2_identity,5.10
455,1000.0,8,8,0,8,0,0,4.01732646081706,4.01732646081706,4.01732646081706,0.0031710871165190214,-0.005704425043472678,0.17153251586688784,1.000440989755017,0.0,False,0,0,0,0,0,0.0,0.0,0.0,0.0,0.0,0,0.0,0,0,disabled,disabled,0.1352178972475464,0.0,19.6581249999781,4.9954999999499705,27.266124999869135,hidden_regime_switching,multi_timescale_memory,CRA,multi_timescale_memory,candidate,NEST,44,0.0,0.0,0.0,0,False,1,False,-1,5,0.1,0.2,False,0.92,normal,replace,0.1,1.0,1.0,8,8,True,True,R2_identity,5.10
456,1000.0,8,8,0,8,0,0,4.0071048933886875,4.0071048933886875,4.0071048933886875,-0.2199504727468432,0.3748234876904871,0.17105426291200235,1.000440989755017,0.0,True,0,0,0,0,0,0.0,0.0,0.0,0.0,0.0,0,0.0,0,0,disabled,disabled,0.134867527187839,0.0,19.148917000165966,4.894749999948544,27.204791000031037,hidden_regime_switching,multi_timescale_memory,CRA,multi_timescale_memory,candidate,NEST,44,-0.009751665848643629,0.0,-0.01,-1,True,-1,True,461,5,0.1,0.2,False,0.92,normal,replace,0.1,1.0,1.0,8,8,True,True,R2_identity,5.10
457,1000.0,8,8,0,8,0,0,3.9992054145620295,3.9992054145620295,3.9992054145620295,-8.77952210940609e-05,0.00015662263041542907,0.17061157382200426,1.000440989755017,0.0,True,0,0,0,0,0,0.0,0.0,0.0,0.0,0.0,0,0.0,0,0,disabled,disabled,0.1331925302482464,0.0,19.064374999970823,5.433833000097366,27.113458000030732,hidden_regime_switching,multi_timescale_memory,CRA,multi_timescale_memory,candidate,NEST,44,0.0,0.0,0.0,0,False,-1,False,-1,5,0.1,0.2,False,0.92,normal,replace,0.1,1.0,1.0,8,8,True,True,R2_identity,5.10
458,1000.0,8,8,0,8,0,0,3.9909503925531364,3.9909503925531364,3.9909503925531364,0.0018009228548297278,0.0,0.17016803904762132,1.000440989755017,0.0,False,0,0,0,0,0,0.0,0.0,0.0,0.0,0.0,0,0.0,0,0,disabled,disabled,0.13062736437240474,0.0,19.636708000007275,4.910291999976835,27.21854199990048,hidden_regime_switching,multi_timescale_memory,CRA,multi_timescale_memory,candidate,NEST,44,0.0,0.0,0.0,0,False,1,False,-1,5,0.1,0.2,False,0.92,normal,replace,0.1,1.0,1.0,8,8,True,True,R2_identity,5.10
459,1000.0,8,8,0,8,0,0,3.9825693328164737,3.9825693328164737,3.9825693328164737,-0.008587549323861006,-0.0,0.1697236846738734,1.000440989755017,0.0,False,0,0,0,0,0,0.0,0.0,0.0,0.0,0.0,0,0.0,0,0,disabled,disabled,0.13144315613847013,0.0,19.6065830000407,4.953666999881534,27.16974999998456,hidden_regime_switching,multi_timescale_memory,CRA,multi_timescale_memory,candidate,NEST,44,0.0,0.0,0.0,0,False,-1,False,-1,5,0.1,0.2,False,0.92,normal,replace,0.1,1.0,1.0,8,8,True,True,R2_identity,5.10
460,1000.0,8,8,0,8,0,0,3.974143525159781,3.974143525159781,3.974143525159781,-0.007823944634920723,-0.0,0.1692785365032047,1.000440989755017,0.0,False,0,0,0,0,0,0.0,0.0,0.0,0.0,0.0,0,0.0,0,0,disabled,disabled,0.13167606255310726,0.0,19.56395899992458,5.608583000139333,27.790874999936932,hidden_regime_switching,multi_timescale_memory,CRA,multi_timescale_memory,candidate,NEST,44,0.0,0.0,0.0,0,False,-1,False,-1,5,0.1,0.2,False,0.92,normal,replace,0.1,1.0,1.0,8,8,True,True,R2_identity,5.10
461,1000.0,8,8,0,8,0,0,3.965738138050599,3.965738138050599,3.965738138050599,-0.0012148830398482579,0.0021315317324217447,0.16883262005793578,1.000440989755017,0.0,True,0,0,0,0,0,0.0,0.0,0.0,0.0,0.0,0,0.0,0,0,disabled,disabled,0.13301218449272856,0.0,18.675625000014406,5.067874999895139,26.406665999957113,hidden_regime_switching,multi_timescale_memory,CRA,multi_timescale_memory,candidate,NEST,44,0.0,-0.01,0.0,0,False,-1,False,-1,5,0.1,0.2,False,0.92,normal,replace,0.1,1.0,1.0,8,8,True,True,R2_identity,5.10
462,1000.0,8,8,0,8,0,0,3.9573614808373136,3.9573614808373136,3.9573614808373136,-0.0013618545554602176,0.0023795148348456914,0.168385960582696,1.000440989755017,0.0,True,0,0,0,0,0,0.0,0.0,0.0,0.0,0.0,0,0.0,0,0,disabled,disabled,0.13341602884313986,0.0,20.1384169999983,5.029542000102083,27.804333000176484,hidden_regime_switching,multi_timescale_memory,CRA,multi_timescale_memory,candidate,NEST,44,0.0,0.0,0.0,0,False,-1,False,-1,5,0.1,0.2,False,0.92,normal,replace,0.1,1.0,1.0,8,8,True,True,R2_identity,5.10
463,1000.0,8,8,0,8,0,0,3.949104012161163,3.949104012161163,3.949104012161163,-0.007130128593652029,0.012406145683366078,0.167938583046837,1.000440989755017,0.0,True,0,0,0,0,0,0.0,0.0,0.0,0.0,0.0,0,0.0,0,0,disabled,disabled,0.13760956091920384,0.0,19.104083999991417,4.992458000060651,26.72166700017442,hidden_regime_switching,multi_timescale_memory,CRA,multi_timescale_memory,candidate,NEST,44,0.0,0.0,0.0,0,False,-1,False,-1,5,0.1,0.2,False,0.92,normal,replace,0.1,1.0,1.0,8,8,True,True,R2_identity,5.10
464,1000.0,8,8,0,8,0,0,3.943535317602269,3.943535317602269,3.943535317602269,0.27453606775931105,-0.442823314723984,0.1674905121468273,1.000440989755017,0.0,False,0,0,0,0,0,0.0,0.0,0.0,0.0,0.0,0,0.0,0,0,disabled,disabled,0.13603646355704768,0.0,18.815625000115688,4.972167000005356,26.90725000002203,hidden_regime_switching,multi_timescale_memory,CRA,multi_timescale_memory,candidate,NEST,44,0.00937806476628012,0.0,-0.01,-1,True,1,False,469,5,0.1,0.2,False,0.92,normal,replace,0.1,1.0,1.0,8,8,True,True,R2_identity,5.10
465,1000.0,8,8,0,8,0,0,3.934383186227535,3.934383186227535,3.934383186227535,0.005959150222700084,-0.010283446000618694,0.16704177230862807,1.000440989755017,0.0,False,0,0,0,0,0,0.0,0.0,0.0,0.0,0.0,0,0.0,0,0,disabled,disabled,0.14065779472427042,0.0,19.215666000036435,5.602749999980006,27.468249999856198,hidden_regime_switching,multi_timescale_memory,CRA,multi_timescale_memory,candidate,NEST,44,0.0,0.0,0.0,0,False,1,False,-1,5,0.1,0.2,False,0.92,normal,replace,0.1,1.0,1.0,8,8,True,True,R2_identity,5.10
466,1000.0,8,8,0,8,0,0,3.9257215582905474,3.9257215582905474,3.9257215582905474,0.000604070711223995,0.0,0.16659238769004994,1.000440989755017,0.0,False,0,0,0,0,0,0.0,0.0,0.0,0.0,0.0,0,0.0,0,0,disabled,disabled,0.13822762163024027,0.0,18.405999999913547,4.975375000185522,25.999457999887454,hidden_regime_switching,multi_timescale_memory,CRA,multi_timescale_memory,candidate,NEST,44,0.0,0.0,0.0,0,False,1,False,-1,5,0.1,0.2,False,0.92,normal,replace,0.1,1.0,1.0,8,8,True,True,R2_identity,5.10
467,1000.0,8,8,0,8,0,0,3.9172941172482183,3.9172941172482183,3.9172941172482183,-0.0020091210490192856,-0.0,0.16614238218309163,1.000440989755017,0.0,False,0,0,0,0,0,0.0,0.0,0.0,0.0,0.0,0,0.0,0,0,disabled,disabled,0.13425738148674426,0.0,19.93037500005812,5.06004099997881,27.627292000033776,hidden_regime_switching,multi_timescale_memory,CRA,multi_timescale_memory,candidate,NEST,44,0.0,0.0,0.0,0,False,-1,False,-1,5,0.1,0.2,False,0.92,normal,replace,0.1,1.0,1.0,8,8,True,True,R2_identity,5.10
468,1000.0,8,8,0,8,0,0,3.909017998202323,3.909017998202323,3.909017998202323,0.0017051748765603328,0.0,0.16569177941625998,1.000440989755017,0.0,False,0,0,0,0,0,0.0,0.0,0.0,0.0,0.0,0,0.0,0,0,disabled,disabled,0.1341112375690452,0.0,18.58858299988242,5.600834000006216,26.819833999979892,hidden_regime_switching,multi_timescale_memory,CRA,multi_timescale_memory,candidate,NEST,44,0.0,0.0,0.0,0,False,1,False,-1,5,0.1,0.2,False,0.92,normal,replace,0.1,1.0,1.0,8,8,True,True,R2_identity,5.10
469,1000.0,8,8,0,8,0,0,3.900800540016469,3.900800540016469,3.900800540016469,0.004060915696145992,-0.006893209454462531,0.16524060275687172,1.000440989755017,0.0,False,0,0,0,0,0,0.0,0.0,0.0,0.0,0.0,0,0.0,0,0,disabled,disabled,0.1330543042457153,0.0,19.529791999957524,5.089290999876539,27.266042000064772,hidden_regime_switching,multi_timescale_memory,CRA,multi_timescale_memory,candidate,NEST,44,0.0,-0.01,0.0,0,False,1,False,-1,5,0.1,0.2,False,0.92,normal,replace,0.1,1.0,1.0,8,8,True,True,R2_identity,5.10
470,1000.0,8,8,0,8,0,0,3.892707377902953,3.892707377902953,3.892707377902953,-0.008369046879217959,0.014147084708743148,0.1647888753133371,1.000440989755017,0.0,True,0,0,0,0,0,0.0,0.0,0.0,0.0,0.0,0,0.0,0,0,disabled,disabled,0.1319552242441997,0.0,19.397041000047466,5.082334000007904,27.10879100004604,hidden_regime_switching,multi_timescale_memory,CRA,multi_timescale_memory,candidate,NEST,44,0.0,0.0,0.0,0,False,-1,False,-1,5,0.1,0.2,False,0.92,normal,replace,0.1,1.0,1.0,8,8,True,True,R2_identity,5.10
471,1000.0,8,8,0,8,0,0,3.8846282740820515,3.8846282740820515,3.8846282740820515,0.004092821091256016,-0.006890553245721488,0.16433661993742568,1.000440989755017,0.0,False,0,0,0,0,0,0.0,0.0,0.0,0.0,0.0,0,0.0,0,0,disabled,disabled,0.13264121894094583,0.0,19.361542000069676,5.356665999897814,27.327833000072133,hidden_regime_switching,multi_timescale_memory,CRA,multi_timescale_memory,candidate,NEST,44,0.0,0.0,0.0,0,False,1,False,-1,5,0.1,0.2,False,0.92,normal,replace,0.1,1.0,1.0,8,8,True,True,R2_identity,5.10
472,1000.0,8,8,0,8,0,0,3.880116745411037,3.880116745411037,3.880116745411037,0.1931924002121127,-0.3130548268163333,0.1638838592265139,1.000440989755017,0.0,False,0,0,0,0,0,0.0,0.0,0.0,0.0,0.0,0,0.0,0,0,disabled,disabled,0.13164355469606193,0.0,79.39949999990858,5.662917000108791,87.82491700003447,hidden_regime_switching,multi_timescale_memory,CRA,multi_timescale_memory,candidate,NEST,44,0.010275484771477725,0.0,0.01,1,True,1,True,477,5,0.1,0.2,False,0.92,normal,replace,0.1,1.0,1.0,8,8,True,True,R2_identity,5.10
473,1000.0,8,8,0,8,0,0,3.8714909709789787,3.8714909709789787,3.8714909709789787,0.0012175854424838234,-0.002033191997297588,0.16343061552581534,1.000440989755017,0.0,False,0,0,0,0,0,0.0,0.0,0.0,0.0,0.0,0,0.0,0,0,disabled,disabled,0.13093190642441588,0.0,18.790500000022803,5.085292000103436,26.497999999946842,hidden_regime_switching,multi_timescale_memory,CRA,multi_timescale_memory,candidate,NEST,44,0.0,0.0,0.0,0,False,1,False,-1,5,0.1,0.2,False,0.92,normal,replace,0.1,1.0,1.0,8,8,True,True,R2_identity,5.10
474,1000.0,8,8,0,8,0,0,3.8632018904977157,3.8632018904977157,3.8632018904977157,0.0035118776099086514,0.0,0.162976910930593,1.000440989755017,0.0,False,0,0,0,0,0,0.0,0.0,0.0,0.0,0.0,0,0.0,0,0,disabled,disabled,0.12967372050108938,0.0,19.742542000130925,5.107749999979205,27.92816600003789,hidden_regime_switching,multi_timescale_memory,CRA,multi_timescale_memory,candidate,NEST,44,0.0,0.0,0.0,0,False,1,False,-1,5,0.1,0.2,False,0.92,normal,replace,0.1,1.0,1.0,8,8,True,True,R2_identity,5.10
475,1000.0,8,8,0,8,0,0,3.855095733367901,3.855095733367901,3.855095733367901,0.0035831875109818986,0.0,0.16252276728835438,1.000440989755017,0.0,False,0,0,0,0,0,0.0,0.0,0.0,0.0,0.0,0,0.0,0,0,disabled,disabled,0.12873536395874385,0.0,19.06220800015035,5.723124999803986,27.406749999954627,hidden_regime_switching,multi_timescale_memory,CRA,multi_timescale_memory,candidate,NEST,44,0.0,0.0,0.0,0,False,1,False,-1,5,0.1,0.2,False,0.92,normal,replace,0.1,1.0,1.0,8,8,True,True,R2_identity,5.10
476,1000.0,8,8,0,8,0,0,3.8470936751543277,3.8470936751543277,3.8470936751543277,-0.005273275985344287,-0.0,0.16206820620102913,1.000440989755017,0.0,False,0,0,0,0,0,0.0,0.0,0.0,0.0,0.0,0,0.0,0,0,disabled,disabled,0.12766963079334115,0.0,19.631582999863895,5.120084000054703,27.4314170001162,hidden_regime_switching,multi_timescale_memory,CRA,multi_timescale_memory,candidate,NEST,44,0.0,0.0,0.0,0,False,-1,False,-1,5,0.1,0.2,False,0.92,normal,replace,0.1,1.0,1.0,8,8,True,True,R2_identity,5.10
477,1000.0,8,8,0,8,0,0,3.8392431539412604,3.8392431539412604,3.8392431539412604,0.006277142566959163,0.010311804721969093,0.1616132490271294,1.000440989755017,0.0,True,0,0,0,0,0,0.0,0.0,0.0,0.0,0.0,0,0.0,0,0,disabled,disabled,0.13098490113631112,0.0,19.729249999954845,5.078207999986262,27.938457999880484,hidden_regime_switching,multi_timescale_memory,CRA,multi_timescale_memory,candidate,NEST,44,0.0,0.01,0.0,0,False,1,False,-1,5,0.1,0.2,False,0.92,normal,replace,0.1,1.0,1.0,8,8,True,True,R2_identity,5.10
478,1000.0,8,8,0,8,0,0,3.8314929961200703,3.8314929961200703,3.8314929961200703,0.004894392808604544,0.008007769218278416,0.16115791688389325,1.000440989755017,0.0,True,0,0,0,0,0,0.0,0.0,0.0,0.0,0.0,0,0.0,0,0,disabled,disabled,0.1338226303007044,0.0,19.150417000219022,5.872499999895808,27.61924999981602,hidden_regime_switching,multi_timescale_memory,CRA,multi_timescale_memory,candidate,NEST,44,0.0,0.0,0.0,0,False,1,False,-1,5,0.1,0.2,False,0.92,normal,replace,0.1,1.0,1.0,8,8,True,True,R2_identity,5.10
479,1000.0,8,8,0,8,0,0,3.82381638923237,3.82381638923237,3.82381638923237,0.0072843368260334645,0.011869386617431832,0.16070223064941094,1.000440989755017,0.0,True,0,0,0,0,0,0.0,0.0,0.0,0.0,0.0,0,0.0,0,0,disabled,disabled,0.1342532722562142,0.0,19.645500000024185,5.188083000120969,27.50116600009278,hidden_regime_switching,multi_timescale_memory,CRA,multi_timescale_memory,candidate,NEST,44,0.0,0.0,0.0,0,False,1,False,-1,5,0.1,0.2,False,0.92,normal,replace,0.1,1.0,1.0,8,8,True,True,R2_identity,5.10
480,1000.0,8,8,0,8,0,0,3.8145528929989876,3.8145528929989876,3.8145528929989876,-0.18209436291239955,-0.28721223241499344,0.1602462109647346,1.000440989755017,0.0,False,0,0,0,0,0,0.0,0.0,0.0,0.0,0.0,0,0.0,0,0,disabled,disabled,0.13081103667815341,0.0,19.138375000011365,5.114707999837265,27.317333999917537,hidden_regime_switching,multi_timescale_memory,CRA,multi_timescale_memory,candidate,NEST,44,-0.010446319808168084,0.0,-0.01,-1,True,-1,True,485,5,0.1,0.2,False,0.92,normal,replace,0.1,1.0,1.0,8,8,True,True,R2_identity,5.10
481,1000.0,8,8,0,8,0,0,3.8063004101583284,3.8063004101583284,3.8063004101583284,-0.004706515410755358,-0.007607252972133584,0.159789878235971,1.000440989755017,0.0,False,0,0,0,0,0,0.0,0.0,0.0,0.0,0.0,0,0.0,0,0,disabled,disabled,0.1310085691948517,0.0,19.647500000019136,6.070417000046291,28.337833000023238,hidden_regime_switching,multi_timescale_memory,CRA,multi_timescale_memory,candidate,NEST,44,0.0,0.0,0.0,0,False,-1,False,-1,5,0.1,0.2,False,0.92,normal,replace,0.1,1.0,1.0,8,8,True,True,R2_identity,5.10
482,1000.0,8,8,0,8,0,0,3.798364581226668,3.798364581226668,3.798364581226668,0.0029881441428349005,0.0,0.1593332526363578,1.000440989755017,0.0,False,0,0,0,0,0,0.0,0.0,0.0,0.0,0.0,0,0.0,0,0,disabled,disabled,0.1304171505471663,0.0,18.7596250000297,5.101083999988987,26.547666999931607,hidden_regime_switching,multi_timescale_memory,CRA,multi_timescale_memory,candidate,NEST,44,0.0,0.0,0.0,0,False,1,False,-1,5,0.1,0.2,False,0.92,normal,replace,0.1,1.0,1.0,8,8,True,True,R2_identity,5.10
483,1000.0,8,8,0,8,0,0,3.7906212234323693,3.7906212234323693,3.7906212234323693,-0.003853411848027649,-0.0,0.15887635410832351,1.000440989755017,0.0,False,0,0,0,0,0,0.0,0.0,0.0,0.0,0.0,0,0.0,0,0,disabled,disabled,0.1317549054094309,0.0,20.14691700014737,5.145916999936162,28.29237500009185,hidden_regime_switching,multi_timescale_memory,CRA,multi_timescale_memory,candidate,NEST,44,0.0,0.0,0.0,0,False,-1,False,-1,5,0.1,0.2,False,0.92,normal,replace,0.1,1.0,1.0,8,8,True,True,R2_identity,5.10
484,1000.0,8,8,0,8,0,0,3.783023354593399,3.783023354593399,3.783023354593399,-0.005324292419858888,-0.0,0.15841920236553073,1.000440989755017,0.0,False,0,0,0,0,0,0.0,0.0,0.0,0.0,0.0,0,0.0,0,0,disabled,disabled,0.1352728330389903,0.0,18.67891699998836,5.864958000074694,27.160499999808962,hidden_regime_switching,multi_timescale_memory,CRA,multi_timescale_memory,candidate,NEST,44,0.0,0.0,0.0,0,False,-1,False,-1,5,0.1,0.2,False,0.92,normal,replace,0.1,1.0,1.0,8,8,True,True,R2_identity,5.10
485,1000.0,8,8,0,8,0,0,3.7754683330130434,3.7754683330130434,3.7754683330130434,0.006661259952037062,-0.010593971899101775,0.15796181689490355,1.000440989755017,0.0,False,0,0,0,0,0,0.0,0.0,0.0,0.0,0.0,0,0.0,0,0,disabled,disabled,0.13631196052000494,0.0,19.73683300002449,5.1660420001553575,27.542999999923268,hidden_regime_switching,multi_timescale_memory,CRA,multi_timescale_memory,candidate,NEST,44,0.0,-0.01,0.0,0,False,1,False,-1,5,0.1,0.2,False,0.92,normal,replace,0.1,1.0,1.0,8,8,True,True,R2_identity,5.10
486,1000.0,8,8,0,8,0,0,3.7680120895422173,3.7680120895422173,3.7680120895422173,-0.0031750669594421015,0.00502944563365308,0.15750421695863873,1.000440989755017,0.0,True,0,0,0,0,0,0.0,0.0,0.0,0.0,0.0,0,0.0,0,0,disabled,disabled,0.13652140781603883,0.0,20.11704199981068,5.226791000040976,28.162125000108063,hidden_regime_switching,multi_timescale_memory,CRA,multi_timescale_memory,candidate,NEST,44,0.0,0.0,0.0,0,False,-1,False,-1,5,0.1,0.2,False,0.92,normal,replace,0.1,1.0,1.0,8,8,True,True,R2_identity,5.10
487,1000.0,8,8,0,8,0,0,3.760594612832724,3.760594612832724,3.760594612832724,0.0025313179185373295,-0.0039936515398509365,0.15704642159620086,1.000440989755017,0.0,False,0,0,0,0,0,0.0,0.0,0.0,0.0,0.0,0,0.0,0,0,disabled,disabled,0.137276728755106,0.0,18.730666999999812,5.9138330000223505,27.257167000016125,hidden_regime_switching,multi_timescale_memory,CRA,multi_timescale_memory,candidate,NEST,44,0.0,0.0,0.0,0,False,1,False,-1,5,0.1,0.2,False,0.92,normal,replace,0.1,1.0,1.0,8,8,True,True,R2_identity,5.10
488,1000.0,8,8,0,8,0,0,3.7570893691343867,3.7570893691343867,3.7570893691343867,0.16513332926933125,-0.25381703799953065,0.15658844962630175,1.000440989755017,0.0,False,0,0,0,0,0,0.0,0.0,0.0,0.0,0.0,0,0.0,0,0,disabled,disabled,0.13703493407185352,0.0,19.82366699985505,5.236791000015728,27.679292000129863,hidden_regime_switching,multi_timescale_memory,CRA,multi_timescale_memory,candidate,NEST,44,0.010204438616226448,0.0,0.01,1,True,1,True,493,5,0.1,0.2,False,0.92,normal,replace,0.1,1.0,1.0,8,8,True,True,R2_identity,5.10
489,1000.0,8,8,0,8,0,0,3.7492357293667053,3.7492357293667053,3.7492357293667053,-0.0006324377657727742,0.000989825786839277,0.15613031964886395,1.000440989755017,0.0,True,0,0,0,0,0,0.0,0.0,0.0,0.0,0.0,0,0.0,0,0,disabled,disabled,0.13632181139872923,0.0,19.24020899991774,5.171958000119048,27.262083000096027,hidden_regime_switching,multi_timescale_memory,CRA,multi_timescale_memory,candidate,NEST,44,0.0,0.0,0.0,0,False,-1,False,-1,5,0.1,0.2,False,0.92,normal,replace,0.1,1.0,1.0,8,8,True,True,R2_identity,5.10
490,1000.0,8,8,0,8,0,0,3.7416810224741397,3.7416810224741397,3.7416810224741397,0.004924149023506177,0.0,0.15567205004696888,1.000440989755017,0.0,False,0,0,0,0,0,0.0,0.0,0.0,0.0,0.0,0,0.0,0,0,disabled,disabled,0.13713237126197786,0.0,19.31187500008491,5.9495840000636235,27.86483400018369,hidden_regime_switching,multi_timescale_memory,CRA,multi_timescale_memory,candidate,NEST,44,0.0,0.0,0.0,0,False,1,False,-1,5,0.1,0.2,False,0.92,normal,replace,0.1,1.0,1.0,8,8,True,True,R2_identity,5.10
491,1000.0,8,8,0,8,0,0,3.734316133845516,3.734316133845516,3.734316133845516,-0.0020431521065886076,-0.0,0.1552136589887892,1.000440989755017,0.0,False,0,0,0,0,0,0.0,0.0,0.0,0.0,0.0,0,0.0,0,0,disabled,disabled,0.13968078488897806,0.0,18.915208000180428,5.2677500000299915,26.8126249998204,hidden_regime_switching,multi_timescale_memory,CRA,multi_timescale_memory,candidate,NEST,44,0.0,0.0,0.0,0,False,-1,False,-1,5,0.1,0.2,False,0.92,normal,replace,0.1,1.0,1.0,8,8,True,True,R2_identity,5.10
492,1000.0,8,8,0,8,0,0,3.7270495328814577,3.7270495328814577,3.7270495328814577,0.002259862755638301,0.0,0.15475516442950596,1.000440989755017,0.0,False,0,0,0,0,0,0.0,0.0,0.0,0.0,0.0,0,0.0,0,0,disabled,disabled,0.13941434600986113,0.0,20.271708000109356,5.3091249999397405,28.2052500001555,hidden_regime_switching,multi_timescale_memory,CRA,multi_timescale_memory,candidate,NEST,44,0.0,0.0,0.0,0,False,1,False,-1,5,0.1,0.2,False,0.92,normal,replace,0.1,1.0,1.0,8,8,True,True,R2_identity,5.10
493,1000.0,8,8,0,8,0,0,3.719885359307619,3.719885359307619,3.719885359307619,0.0042971228662976035,0.00661866291320758,0.15429658411321054,1.000440989755017,0.0,True,0,0,0,0,0,0.0,0.0,0.0,0.0,0.0,0,0.0,0,0,disabled,disabled,0.1401052212564755,0.0,18.80075000008219,6.0492499999327265,27.468999999882726,hidden_regime_switching,multi_timescale_memory,CRA,multi_timescale_memory,candidate,NEST,44,0.0,0.01,0.0,0,False,1,False,-1,5,0.1,0.2,False,0.92,normal,replace,0.1,1.0,1.0,8,8,True,True,R2_identity,5.10
494,1000.0,8,8,0,8,0,0,3.712695541299075,3.712695541299075,3.712695541299075,-0.01426007213091134,-0.02187370645602718,0.1538379355747912,1.000440989755017,0.0,False,0,0,0,0,0,0.0,0.0,0.0,0.0,0.0,0,0.0,0,0,disabled,disabled,0.14256737185215318,0.0,81.08016699998188,5.299874999991516,89.06083400006537,hidden_regime_switching,multi_timescale_memory,CRA,multi_timescale_memory,candidate,NEST,44,0.0,0.0,0.0,0,False,-1,False,-1,5,0.1,0.2,False,0.92,normal,replace,0.1,1.0,1.0,8,8,True,True,R2_identity,5.10
495,1000.0,8,8,0,8,0,0,3.705607193690045,3.705607193690045,3.705607193690045,-0.0007357059863006857,-0.0011242108618722607,0.1533792361418048,1.000440989755017,0.0,False,0,0,0,0,0,0.0,0.0,0.0,0.0,0.0,0,0.0,0,0,disabled,disabled,0.1448634339672088,0.0,19.174000000020897,5.989834000047267,27.7717499998289,hidden_regime_switching,multi_timescale_memory,CRA,multi_timescale_memory,candidate,NEST,44,0.0,0.0,0.0,0,False,-1,False,-1,5,0.1,0.2,False,0.92,normal,replace,0.1,1.0,1.0,8,8,True,True,R2_identity,5.10
496,1000.0,8,8,0,8,0,0,3.704775859881496,3.704775859881496,3.704775859881496,0.1568346998901049,0.23427256172160063,0.15292050293633355,1.000440989755017,0.0,True,0,0,0,0,0,0.0,0.0,0.0,0.0,0.0,0,0.0,0,0,disabled,disabled,0.14434250534573057,0.0,19.04420799996842,5.316792000030546,26.997208000011597,hidden_regime_switching,multi_timescale_memory,CRA,multi_timescale_memory,candidate,NEST,44,0.0104131179540938,0.0,0.01,1,True,1,True,501,5,0.1,0.2,False,0.92,normal,replace,0.1,1.0,1.0,8,8,True,True,R2_identity,5.10
497,1000.0,8,8,0,8,0,0,3.6981953968067875,3.6981953968067875,3.6981953968067875,-0.006168793533607818,-0.009351567734644921,0.15249775287682685,1.000440989755017,0.0,False,0,0,0,0,0,0.0,0.0,0.0,0.0,0.0,0,0.0,0,0,disabled,disabled,0.14324429515194836,0.0,20.55841599985797,5.362667000099464,28.557500000033542,hidden_regime_switching,multi_timescale_memory,CRA,multi_timescale_memory,candidate,NEST,44,0.0,0.0,0.0,0,False,-1,False,-1,5,0.1,0.2,False,0.92,normal,replace,0.1,1.0,1.0,8,8,True,True,R2_identity,5.10
498,1000.0,8,8,0,8,0,0,3.6913853733675297,3.6913853733675297,3.6913853733675297,0.00806132036117037,0.0,0.15207457067992852,1.000440989755017,0.0,False,0,0,0,0,0,0.0,0.0,0.0,0.0,0.0,0,0.0,0,0,disabled,disabled,0.13956892159333556,0.0,18.792416999986017,5.982958000004146,27.395332999958555,hidden_regime_switching,multi_timescale_memory,CRA,multi_timescale_memory,candidate,NEST,44,0.0,0.0,0.0,0,False,1,False,-1,5,0.1,0.2,False,0.92,normal,replace,0.1,1.0,1.0,8,8,True,True,R2_identity,5.10
499,1000.0,8,8,0,8,0,0,3.6844666514340685,3.6844666514340685,3.6844666514340685,0.004073224494164051,0.0,0.15165097675028943,1.000440989755017,0.0,False,0,0,0,0,0,0.0,0.0,0.0,0.0,0.0,0,0.0,0,0,disabled,disabled,0.1364188950021381,0.0,19.647707999865816,5.402125000045999,27.72941700004594,hidden_regime_switching,multi_timescale_memory,CRA,multi_timescale_memory,candidate,NEST,44,0.0,0.0,0.0,0,False,1,False,-1,5,0.1,0.2,False,0.92,normal,replace,0.1,1.0,1.0,8,8,True,True,R2_identity,5.10
500,1000.0,8,8,0,8,0,0,3.6775222719528293,3.6775222719528293,3.6775222719528293,0.0,0.0,0.1512269912632615,1.000440989755017,0.0,True,0,0,0,0,0,0.0,0.0,0.0,0.0,0.0,0,0.0,0,0,disabled,disabled,0.13570675910467056,0.0,20.334874999889507,5.304625000007945,28.247040999985984,hidden_regime_switching,multi_timescale_memory,CRA,multi_timescale_memory,candidate,NEST,44,0.0,0.0,0.0,0,False,0,False,-1,5,0.1,0.2,False,0.92,normal,replace,0.1,1.0,1.0,8,8,True,True,R2_identity,5.10
501,1000.0,8,8,0,8,0,0,3.6705851712156337,3.6705851712156337,3.6705851712156337,0.0,0.0,0.15080263416691492,1.000440989755017,0.0,False,0,0,0,0,0,0.0,0.0,0.0,0.0,0.0,0,0.0,0,0,disabled,disabled,0.1355939415890033,0.0,19.04266699989421,6.0690830000567075,27.72775000016736,hidden_regime_switching,multi_timescale_memory,CRA,multi_timescale_memory,candidate,NEST,44,0.0,0.01,0.0,0,False,0,False,-1,5,0.1,0.2,False,0.92,normal,replace,0.1,1.0,1.0,8,8,True,True,R2_identity,5.10
502,1000.0,8,8,0,8,0,0,3.6636806238367634,3.6636806238367634,3.6636806238367634,0.0,0.0,0.150377925184039,1.000440989755017,0.0,False,0,0,0,0,0,0.0,0.0,0.0,0.0,0.0,0,0.0,0,0,disabled,disabled,0.1366125168026766,0.0,19.542125000043598,5.442124999945008,27.655458000026556,hidden_regime_switching,multi_timescale_memory,CRA,multi_timescale_memory,candidate,NEST,44,0.0,0.0,0.0,0,False,0,False,-1,5,0.1,0.2,False,0.92,normal,replace,0.1,1.0,1.0,8,8,True,True,R2_identity,5.10
503,1000.0,8,8,0,8,0,0,3.656833712048266,3.656833712048266,3.656833712048266,0.0,0.0,0.1499528838141276,1.000440989755017,0.0,False,0,0,0,0,0,0.0,0.0,0.0,0.0,0.0,0,0.0,0,0,disabled,disabled,0.13936902193236378,0.0,19.5891670000492,5.441791999828638,28.01383399992119,hidden_regime_switching,multi_timescale_memory,CRA,multi_timescale_memory,candidate,NEST,44,0.0,0.0,0.0,0,False,0,False,-1,5,0.1,0.2,False,0.92,normal,replace,0.1,1.0,1.0,8,8,True,True,R2_identity,5.10
504,1000.0,8,8,0,8,0,0,3.6483959861628876,3.6483959861628876,3.6483959861628876,-0.22080977503736476,-0.31457426162256646,0.14952752933534852,1.000440989755017,0.0,False,0,0,0,0,0,0.0,0.0,0.0,0.0,0.0,0,0.0,0,0,disabled,disabled,0.13794315139933566,0.0,19.174291999888737,6.131500000037704,27.936332999843216,hidden_regime_switching,multi_timescale_memory,CRA,multi_timescale_memory,candidate,NEST,44,-0.010259337978822159,0.0,-0.01,-1,True,-1,True,509,5,0.1,0.2,False,0.92,normal,replace,0.1,1.0,1.0,8,8,True,True,R2_identity,5.10
505,1000.0,8,8,0,8,0,0,3.6409835728037567,3.6409835728037567,3.6409835728037567,0.0,0.0,0.14910188080649744,1.000440989755017,0.0,False,0,0,0,0,0,0.0,0.0,0.0,0.0,0.0,0,0.0,0,0,disabled,disabled,0.1393786960562977,0.0,18.580208999992465,5.399665999902936,26.639916000021913,hidden_regime_switching,multi_timescale_memory,CRA,multi_timescale_memory,candidate,NEST,44,0.0,0.0,0.0,0,False,0,False,-1,5,0.1,0.2,False,0.92,normal,replace,0.1,1.0,1.0,8,8,True,True,R2_identity,5.10
506,1000.0,8,8,0,8,0,0,3.6339129723587225,3.6339129723587225,3.6339129723587225,0.0,0.0,0.14867595706893652,1.000440989755017,0.0,True,0,0,0,0,0,0.0,0.0,0.0,0.0,0.0,0,0.0,0,0,disabled,disabled,0.13797936641437403,0.0,20.227792000014233,5.521000000044296,28.386582999928578,hidden_regime_switching,multi_timescale_memory,CRA,multi_timescale_memory,candidate,NEST,44,0.0,0.0,0.0,0,False,0,False,-1,5,0.1,0.2,False,0.92,normal,replace,0.1,1.0,1.0,8,8,True,True,R2_identity,5.10
507,1000.0,8,8,0,8,0,0,3.6270214568698274,3.6270214568698274,3.6270214568698274,0.0,0.0,0.14824977674851728,1.000440989755017,0.0,True,0,0,0,0,0,0.0,0.0,0.0,0.0,0.0,0,0.0,0,0,disabled,disabled,0.13664395401546425,0.0,18.700291999948604,6.105250000018714,27.410124999960317,hidden_regime_switching,multi_timescale_memory,CRA,multi_timescale_memory,candidate,NEST,44,0.0,0.0,0.0,0,False,0,False,-1,5,0.1,0.2,False,0.92,normal,replace,0.1,1.0,1.0,8,8,True,True,R2_identity,5.10
508,1000.0,8,8,0,8,0,0,3.620229634945881,3.620229634945881,3.620229634945881,0.0,0.0,0.1478233582574886,1.000440989755017,0.0,True,0,0,0,0,0,0.0,0.0,0.0,0.0,0.0,0,0.0,0,0,disabled,disabled,0.13545628951557376,0.0,19.64616599980218,5.393042000150672,27.71125000003849,hidden_regime_switching,multi_timescale_memory,CRA,multi_timescale_memory,candidate,NEST,44,0.0,0.0,0.0,0,False,0,False,-1,5,0.1,0.2,False,0.92,normal,replace,0.1,1.0,1.0,8,8,True,True,R2_identity,5.10
509,1000.0,8,8,0,8,0,0,3.613513431176951,3.613513431176951,3.613513431176951,0.0,-0.0,0.14739671979638932,1.000440989755017,0.0,False,0,0,0,0,0,0.0,0.0,0.0,0.0,0.0,0,0.0,0,0,disabled,disabled,0.13577868429867657,0.0,19.546875000060027,5.458374999989246,28.03700000004028,hidden_regime_switching,multi_timescale_memory,CRA,multi_timescale_memory,candidate,NEST,44,0.0,-0.01,0.0,0,False,0,False,-1,5,0.1,0.2,False,0.92,normal,replace,0.1,1.0,1.0,8,8,True,True,R2_identity,5.10
510,1000.0,8,8,0,8,0,0,3.6068628367235642,3.6068628367235642,3.6068628367235642,0.0,-0.0,0.14696987935592598,1.000440989755017,0.0,False,0,0,0,0,0,0.0,0.0,0.0,0.0,0.0,0,0.0,0,0,disabled,disabled,0.13699634714233344,0.0,18.71358300013526,5.972499999870706,27.312666999932844,hidden_regime_switching,multi_timescale_memory,CRA,multi_timescale_memory,candidate,NEST,44,0.0,0.0,0.0,0,False,0,False,-1,5,0.1,0.2,False,0.92,normal,replace,0.1,1.0,1.0,8,8,True,True,R2_identity,5.10
511,1000.0,8,8,0,8,0,0,3.600262370243204,3.600262370243204,3.600262370243204,0.0,-0.0,0.14654285471883552,1.000440989755017,0.0,False,0,0,0,0,0,0.0,0.0,0.0,0.0,0.0,0,0.0,0,0,disabled,disabled,0.13769183541933394,0.0,19.906833000050028,5.48849999995582,28.110040999990815,hidden_regime_switching,multi_timescale_memory,CRA,multi_timescale_memory,candidate,NEST,44,0.0,0.0,0.0,0,False,0,False,-1,5,0.1,0.2,False,0.92,normal,replace,0.1,1.0,1.0,8,8,True,True,R2_identity,5.10
512,1000.0,8,8,0,8,0,0,3.5921044431551397,3.5921044431551397,3.5921044431551397,-0.2058750605286235,0.285933976883432,0.14611566346173332,1.000440989755017,0.0,True,0,0,0,0,0,0.0,0.0,0.0,0.0,0.0,0,0.0,0,0,disabled,disabled,0.13581557139831357,0.0,19.02245899987065,5.528916000002937,27.66495900004884,hidden_regime_switching,multi_timescale_memory,CRA,multi_timescale_memory,candidate,NEST,44,-0.010206590386977092,0.0,-0.01,-1,True,-1,True,517,5,0.1,0.2,False,0.92,normal,replace,0.1,1.0,1.0,8,8,True,True,R2_identity,5.10
513,1000.0,8,8,0,8,0,0,3.586127829026777,3.586127829026777,3.586127829026777,0.0,-0.0,0.14572432295694648,1.000440989755017,0.0,False,0,0,0,0,0,0.0,0.0,0.0,0.0,0.0,0,0.0,0,0,disabled,disabled,0.13576446147611687,0.0,81.94004099982521,5.537792000041009,90.06712499990499,hidden_regime_switching,multi_timescale_memory,CRA,multi_timescale_memory,candidate,NEST,44,0.0,0.0,0.0,0,False,0,False,-1,5,0.1,0.2,False,0.92,normal,replace,0.1,1.0,1.0,8,8,True,True,R2_identity,5.10
514,1000.0,8,8,0,8,0,0,3.5798543285283926,3.5798543285283926,3.5798543285283926,0.0,0.0,0.14533241837433244,1.000440989755017,0.0,True,0,0,0,0,0,0.0,0.0,0.0,0.0,0.0,0,0.0,0,0,disabled,disabled,0.1322188142134948,0.0,18.863833000068553,5.5379170000833255,27.657208999926297,hidden_regime_switching,multi_timescale_memory,CRA,multi_timescale_memory,candidate,NEST,44,0.0,0.0,0.0,0,False,0,False,-1,5,0.1,0.2,False,0.92,normal,replace,0.1,1.0,1.0,8,8,True,True,R2_identity,5.10
515,1000.0,8,8,0,8,0,0,3.57345688253897,3.57345688253897,3.57345688253897,0.0,0.0,0.14493997057108335,1.000440989755017,0.0,True,0,0,0,0,0,0.0,0.0,0.0,0.0,0.0,0,0.0,0,0,disabled,disabled,0.13071253746072742,0.0,19.756625000127315,5.8938749998560525,28.33316700002797,hidden_regime_switching,multi_timescale_memory,CRA,multi_timescale_memory,candidate,NEST,44,0.0,0.0,0.0,0,False,0,False,-1,5,0.1,0.2,False,0.92,normal,replace,0.1,1.0,1.0,8,8,True,True,R2_identity,5.10
516,1000.0,8,8,0,8,0,0,3.567037240841193,3.567037240841193,3.567037240841193,0.0,0.0,0.14454700017441174,1.000440989755017,0.0,True,0,0,0,0,0,0.0,0.0,0.0,0.0,0.0,0,0.0,0,0,disabled,disabled,0.1319402564712293,0.0,19.281209000155286,5.514290999826699,27.40404199994373,hidden_regime_switching,multi_timescale_memory,CRA,multi_timescale_memory,candidate,NEST,44,0.0,0.0,0.0,0,False,0,False,-1,5,0.1,0.2,False,0.92,normal,replace,0.1,1.0,1.0,8,8,True,True,R2_identity,5.10
517,1000.0,8,8,0,8,0,0,3.560597088093464,3.560597088093464,3.560597088093464,0.0,-0.0,0.14415352758355965,1.000440989755017,0.0,False,0,0,0,0,0,0.0,0.0,0.0,0.0,0.0,0,0.0,0,0,disabled,disabled,0.1303226092565577,0.0,18.697959000064657,5.493874999956461,27.36904199991841,hidden_regime_switching,multi_timescale_memory,CRA,multi_timescale_memory,candidate,NEST,44,0.0,-0.01,0.0,0,False,0,False,-1,5,0.1,0.2,False,0.92,normal,replace,0.1,1.0,1.0,8,8,True,True,R2_identity,5.10
518,1000.0,8,8,0,8,0,0,3.5541600483589875,3.5541600483589875,3.5541600483589875,0.0,-0.0,0.1437595729717915,1.000440989755017,0.0,False,0,0,0,0,0,0.0,0.0,0.0,0.0,0.0,0,0.0,0,0,disabled,disabled,0.12925319809090308,0.0,19.926875000010114,6.2689169999430305,28.901625000116837,hidden_regime_switching,multi_timescale_memory,CRA,multi_timescale_memory,candidate,NEST,44,0.0,0.0,0.0,0,False,0,False,-1,5,0.1,0.2,False,0.92,normal,replace,0.1,1.0,1.0,8,8,True,True,R2_identity,5.10
519,1000.0,8,8,0,8,0,0,3.547767073046875,3.547767073046875,3.547767073046875,0.0,-0.0,0.14336515628837157,1.000440989755017,0.0,False,0,0,0,0,0,0.0,0.0,0.0,0.0,0.0,0,0.0,0,0,disabled,disabled,0.13113290256249943,0.0,18.863792000047397,5.763041999898633,27.265250000027663,hidden_regime_switching,multi_timescale_memory,CRA,multi_timescale_memory,candidate,NEST,44,0.0,0.0,0.0,0,False,0,False,-1,5,0.1,0.2,False,0.92,normal,replace,0.1,1.0,1.0,8,8,True,True,R2_identity,5.10
520,1000.0,8,8,0,8,0,0,3.539868615963235,3.539868615963235,3.539868615963235,-0.2573208751859241,0.3418479789388711,0.14297029726052568,1.000440989755017,0.0,True,0,0,0,0,0,0.0,0.0,0.0,0.0,0.0,0,0.0,0,0,disabled,disabled,0.13160468479486553,0.0,19.30408299995179,5.6326670000999,27.787583999952403,hidden_regime_switching,multi_timescale_memory,CRA,multi_timescale_memory,candidate,NEST,44,-0.009637906304676046,0.0,-0.01,-1,True,-1,True,525,5,0.1,0.2,False,0.92,normal,replace,0.1,1.0,1.0,8,8,True,True,R2_identity,5.10
521,1000.0,8,8,0,8,0,0,3.534181329930957,3.534181329930957,3.534181329930957,0.0,-0.0,0.14261101539538756,1.000440989755017,0.0,False,0,0,0,0,0,0.0,0.0,0.0,0.0,0.0,0,0.0,0,0,disabled,disabled,0.13037600687324424,0.0,19.303791999846,5.864083000005849,27.776291999998648,hidden_regime_switching,multi_timescale_memory,CRA,multi_timescale_memory,candidate,NEST,44,0.0,0.0,0.0,0,False,0,False,-1,5,0.1,0.2,False,0.92,normal,replace,0.1,1.0,1.0,8,8,True,True,R2_identity,5.10
522,1000.0,8,8,0,8,0,0,3.5281885545120555,3.5281885545120555,3.5281885545120555,0.0,0.0,0.14225089798192972,1.000440989755017,0.0,True,0,0,0,0,0,0.0,0.0,0.0,0.0,0.0,0,0.0,0,0,disabled,disabled,0.1297967436786589,0.0,19.704750000073545,6.324999999833381,28.65045800012922,hidden_regime_switching,multi_timescale_memory,CRA,multi_timescale_memory,candidate,NEST,44,0.0,0.0,0.0,0,False,0,False,-1,5,0.1,0.2,False,0.92,normal,replace,0.1,1.0,1.0,8,8,True,True,R2_identity,5.10
523,1000.0,8,8,0,8,0,0,3.522077296825747,3.522077296825747,3.522077296825747,0.0,0.0,0.14188996798087913,1.000440989755017,0.0,True,0,0,0,0,0,0.0,0.0,0.0,0.0,0.0,0,0.0,0,0,disabled,disabled,0.13097021483399462,0.0,19.02987500011477,5.7089580000138085,27.43233399996825,hidden_regime_switching,multi_timescale_memory,CRA,multi_timescale_memory,candidate,NEST,44,0.0,0.0,0.0,0,False,0,False,-1,5,0.1,0.2,False,0.92,normal,replace,0.1,1.0,1.0,8,8,True,True,R2_identity,5.10
524,1000.0,8,8,0,8,0,0,3.515891162291444,3.515891162291444,3.515891162291444,0.0,0.0,0.14152824810751383,1.000440989755017,0.0,True,0,0,0,0,0,0.0,0.0,0.0,0.0,0.0,0,0.0,0,0,disabled,disabled,0.12895010835678544,0.0,20.297415999948498,5.5971249998947314,28.53091699989818,hidden_regime_switching,multi_timescale_memory,CRA,multi_timescale_memory,candidate,NEST,44,0.0,0.0,0.0,0,False,0,False,-1,5,0.1,0.2,False,0.92,normal,replace,0.1,1.0,1.0,8,8,True,True,R2_identity,5.10
525,1000.0,8,8,0,8,0,0,3.509703076171525,3.509703076171525,3.509703076171525,0.0,-0.0,0.14116576083378157,1.000440989755017,0.0,False,0,0,0,0,0,0.0,0.0,0.0,0.0,0.0,0,0.0,0,0,disabled,disabled,0.12964573495318543,0.0,19.18179200015402,6.1993749998237035,28.00733300000502,hidden_regime_switching,multi_timescale_memory,CRA,multi_timescale_memory,candidate,NEST,44,0.0,-0.01,0.0,0,False,0,False,-1,5,0.1,0.2,False,0.92,normal,replace,0.1,1.0,1.0,8,8,True,True,R2_identity,5.10
526,1000.0,8,8,0,8,0,0,3.503554656716055,3.503554656716055,3.503554656716055,0.0,-0.0,0.14080252839040222,1.000440989755017,0.0,False,0,0,0,0,0,0.0,0.0,0.0,0.0,0.0,0,0.0,0,0,disabled,disabled,0.13230087655265876,0.0,18.72358300011001,5.621084000040355,27.010708000034356,hidden_regime_switching,multi_timescale_memory,CRA,multi_timescale_memory,candidate,NEST,44,0.0,0.0,0.0,0,False,0,False,-1,5,0.1,0.2,False,0.92,normal,replace,0.1,1.0,1.0,8,8,True,True,R2_identity,5.10
527,1000.0,8,8,0,8,0,0,3.4974494442298583,3.4974494442298583,3.4974494442298583,0.0,-0.0,0.14043857276895344,1.000440989755017,0.0,False,0,0,0,0,0,0.0,0.0,0.0,0.0,0.0,0,0.0,0,0,disabled,disabled,0.13441442863079,0.0,20.050291999950787,5.641875000037544,28.30349999999271,hidden_regime_switching,multi_timescale_memory,CRA,multi_timescale_memory,candidate,NEST,44,0.0,0.0,0.0,0,False,0,False,-1,5,0.1,0.2,False,0.92,normal,replace,0.1,1.0,1.0,8,8,True,True,R2_identity,5.10
528,1000.0,8,8,0,8,0,0,3.4897995965485618,3.4897995965485618,3.4897995965485618,-0.31874877309117033,0.40322153508342595,0.14007391572393998,1.000440989755017,0.0,True,0,0,0,0,0,0.0,0.0,0.0,0.0,0.0,0,0.0,0,0,disabled,disabled,0.13625706664392112,0.0,18.417334000105257,6.331625000029817,27.367541999865352,hidden_regime_switching,multi_timescale_memory,CRA,multi_timescale_memory,candidate,NEST,44,-0.00962078593329441,0.0,-0.01,-1,True,-1,True,533,5,0.1,0.2,False,0.92,normal,replace,0.1,1.0,1.0,8,8,True,True,R2_identity,5.10
529,1000.0,8,8,0,8,0,0,3.4845299077195833,3.4845299077195833,3.4845299077195833,0.0,-0.0,0.139744578774847,1.000440989755017,0.0,False,0,0,0,0,0,0.0,0.0,0.0,0.0,0.0,0,0.0,0,0,disabled,disabled,0.13361525711578892,0.0,19.58874999991167,5.657708000171624,27.907207999987804,hidden_regime_switching,multi_timescale_memory,CRA,multi_timescale_memory,candidate,NEST,44,0.0,0.0,0.0,0,False,0,False,-1,5,0.1,0.2,False,0.92,normal,replace,0.1,1.0,1.0,8,8,True,True,R2_identity,5.10
530,1000.0,8,8,0,8,0,0,3.4789926983142867,3.4789926983142867,3.4789926983142867,0.0,0.0,0.13941415120817705,1.000440989755017,0.0,True,0,0,0,0,0,0.0,0.0,0.0,0.0,0.0,0,0.0,0,0,disabled,disabled,0.14096457740677426,0.0,19.636332999880324,5.67070900001454,27.905082999950537,hidden_regime_switching,multi_timescale_memory,CRA,multi_timescale_memory,candidate,NEST,44,0.0,0.0,0.0,0,False,0,False,-1,5,0.1,0.2,False,0.92,normal,replace,0.1,1.0,1.0,8,8,True,True,R2_identity,5.10
531,1000.0,8,8,0,8,0,0,3.473306950160141,3.473306950160141,3.473306950160141,0.0,0.0,0.13908265796747127,1.000440989755017,0.0,True,0,0,0,0,0,0.0,0.0,0.0,0.0,0.0,0,0.0,0,0,disabled,disabled,0.14350574484703227,0.0,19.421082999997452,6.147083999849201,28.173707999940234,hidden_regime_switching,multi_timescale_memory,CRA,multi_timescale_memory,candidate,NEST,44,0.0,0.0,0.0,0,False,0,False,-1,5,0.1,0.2,False,0.92,normal,replace,0.1,1.0,1.0,8,8,True,True,R2_identity,5.10
532,1000.0,8,8,0,8,0,0,3.4675872978672344,3.4675872978672344,3.4675872978672344,0.0,0.0,0.13875012373621046,1.000440989755017,0.0,True,0,0,0,0,0,0.0,0.0,0.0,0.0,0.0,0,0.0,0,0,disabled,disabled,0.14727826165927205,0.0,18.712874999891937,5.650084000080824,27.058124999939537,hidden_regime_switching,multi_timescale_memory,CRA,multi_timescale_memory,candidate,NEST,44,0.0,0.0,0.0,0,False,0,False,-1,5,0.1,0.2,False,0.92,normal,replace,0.1,1.0,1.0,8,8,True,True,R2_identity,5.10
533,1000.0,8,8,0,8,0,0,3.4618329590342323,3.4618329590342323,3.4618329590342323,0.0,-0.0,0.13841657294003795,1.000440989755017,0.0,False,0,0,0,0,0,0.0,0.0,0.0,0.0,0.0,0,0.0,0,0,disabled,disabled,0.14645819211471522,0.0,20.00450000014098,5.71804199989856,28.309000000035667,hidden_regime_switching,multi_timescale_memory,CRA,multi_timescale_memory,candidate,NEST,44,0.0,-0.01,0.0,0,False,0,False,-1,5,0.1,0.2,False,0.92,normal,replace,0.1,1.0,1.0,8,8,True,True,R2_identity,5.10
534,1000.0,8,8,0,8,0,0,3.456097202677073,3.456097202677073,3.456097202677073,0.0,-0.0,0.138082029748965,1.000440989755017,0.0,False,0,0,0,0,0,0.0,0.0,0.0,0.0,0.0,0,0.0,0,0,disabled,disabled,0.1480130199392633,0.0,18.911916999968525,6.242208000003302,27.750792000006186,hidden_regime_switching,multi_timescale_memory,CRA,multi_timescale_memory,candidate,NEST,44,0.0,0.0,0.0,0,False,0,False,-1,5,0.1,0.2,False,0.92,normal,replace,0.1,1.0,1.0,8,8,True,True,R2_identity,5.10
535,1000.0,8,8,0,8,0,0,3.450382363573733,3.450382363573733,3.450382363573733,0.0,-0.0,0.1377465180795591,1.000440989755017,0.0,False,0,0,0,0,0,0.0,0.0,0.0,0.0,0.0,0,0.0,0,0,disabled,disabled,0.14857970204275883,0.0,19.678833999932976,5.665875000204323,88.46049999988281,hidden_regime_switching,multi_timescale_memory,CRA,multi_timescale_memory,candidate,NEST,44,0.0,0.0,0.0,0,False,0,False,-1,5,0.1,0.2,False,0.92,normal,replace,0.1,1.0,1.0,8,8,True,True,R2_identity,5.10
536,1000.0,8,8,0,8,0,0,3.44296491368233,3.44296491368233,3.44296491368233,-0.39801419033529895,0.4755560048610291,0.13741006159711508,1.000440989755017,0.0,True,0,0,0,0,0,0.0,0.0,0.0,0.0,0.0,0,0.0,0,0,disabled,disabled,0.14876030175711108,0.0,19.061666999959925,6.326958000045124,27.97516700002234,hidden_regime_switching,multi_timescale_memory,CRA,multi_timescale_memory,candidate,NEST,44,-0.010145921892911561,0.0,-0.01,-1,True,-1,True,541,5,0.1,0.2,False,0.92,normal,replace,0.1,1.0,1.0,8,8,True,True,R2_identity,5.10
537,1000.0,8,8,0,8,0,0,3.4382814057258417,3.4382814057258417,3.4382814057258417,0.0,-0.0,0.13710868371780954,1.000440989755017,0.0,False,0,0,0,0,0,0.0,0.0,0.0,0.0,0.0,0,0.0,0,0,disabled,disabled,0.14599961093768687,0.0,19.07187500000873,5.663749999939682,27.42195900009392,hidden_regime_switching,multi_timescale_memory,CRA,multi_timescale_memory,candidate,NEST,44,0.0,0.0,0.0,0,False,0,False,-1,5,0.1,0.2,False,0.92,normal,replace,0.1,1.0,1.0,8,8,True,True,R2_identity,5.10
538,1000.0,8,8,0,8,0,0,3.4330878034923855,3.4330878034923855,3.4330878034923855,0.0,0.0,0.13680597561083818,1.000440989755017,0.0,True,0,0,0,0,0,0.0,0.0,0.0,0.0,0.0,0,0.0,0,0,disabled,disabled,0.14390073921487279,0.0,20.401207999839244,5.814667000095142,28.854334000016024,hidden_regime_switching,multi_timescale_memory,CRA,multi_timescale_memory,candidate,NEST,44,0.0,0.0,0.0,0,False,0,False,-1,5,0.1,0.2,False,0.92,normal,replace,0.1,1.0,1.0,8,8,True,True,R2_identity,5.10
539,1000.0,8,8,0,8,0,0,3.427656716083305,3.427656716083305,3.427656716083305,0.0,0.0,0.13650196408853665,1.000440989755017,0.0,True,0,0,0,0,0,0.0,0.0,0.0,0.0,0.0,0,0.0,0,0,disabled,disabled,0.14272659738314353,0.0,19.15166699996007,6.331249999902866,28.091249999988577,hidden_regime_switching,multi_timescale_memory,CRA,multi_timescale_memory,candidate,NEST,44,0.0,0.0,0.0,0,False,0,False,-1,5,0.1,0.2,False,0.92,normal,replace,0.1,1.0,1.0,8,8,True,True,R2_identity,5.10
540,1000.0,8,8,0,8,0,0,3.422133929565151,3.422133929565151,3.422133929565151,0.0,0.0,0.13619667568938074,1.000440989755017,0.0,True,0,0,0,0,0,0.0,0.0,0.0,0.0,0.0,0,0.0,0,0,disabled,disabled,0.14314444214434907,0.0,18.820125000047483,5.779707999863604,27.205624999851352,hidden_regime_switching,multi_timescale_memory,CRA,multi_timescale_memory,candidate,NEST,44,0.0,0.0,0.0,0,False,0,False,-1,5,0.1,0.2,False,0.92,normal,replace,0.1,1.0,1.0,8,8,True,True,R2_identity,5.10
541,1000.0,8,8,0,8,0,0,3.4165899707004823,3.4165899707004823,3.4165899707004823,0.0,-0.0,0.1358901366803075,1.000440989755017,0.0,False,0,0,0,0,0,0.0,0.0,0.0,0.0,0.0,0,0.0,0,0,disabled,disabled,0.1443446593479134,0.0,19.4379580000259,5.84495899988724,28.4212500000649,hidden_regime_switching,multi_timescale_memory,CRA,multi_timescale_memory,candidate,NEST,44,0.0,-0.01,0.0,0,False,0,False,-1,5,0.1,0.2,False,0.92,normal,replace,0.1,1.0,1.0,8,8,True,True,R2_identity,5.10
542,1000.0,8,8,0,8,0,0,3.411043187223132,3.411043187223132,3.411043187223132,0.0,-0.0,0.13558237305901832,1.000440989755017,0.0,False,0,0,0,0,0,0.0,0.0,0.0,0.0,0.0,0,0.0,0,0,disabled,disabled,0.1444337379724212,0.0,18.960915999969075,6.278917000145157,27.92049999993651,hidden_regime_switching,multi_timescale_memory,CRA,multi_timescale_memory,candidate,NEST,44,0.0,0.0,0.0,0,False,0,False,-1,5,0.1,0.2,False,0.92,normal,replace,0.1,1.0,1.0,8,8,True,True,R2_identity,5.10
543,1000.0,8,8,0,8,0,0,3.4055320345517472,3.4055320345517472,3.4055320345517472,0.0,-0.0,0.13527341055626413,1.000440989755017,0.0,False,0,0,0,0,0,0.0,0.0,0.0,0.0,0.0,0,0.0,0,0,disabled,disabled,0.14663102740031775,0.0,19.91654199991899,6.111874999987776,28.652708999970855,hidden_regime_switching,multi_timescale_memory,CRA,multi_timescale_memory,candidate,NEST,44,0.0,0.0,0.0,0,False,0,False,-1,5,0.1,0.2,False,0.92,normal,replace,0.1,1.0,1.0,8,8,True,True,R2_identity,5.10
544,1000.0,8,8,0,8,0,0,3.3983359269193394,3.3983359269193394,3.3983359269193394,-0.4542456226110234,0.5168294590036449,0.13496327463811286,1.000440989755017,0.0,True,0,0,0,0,0,0.0,0.0,0.0,0.0,0.0,0,0.0,0,0,disabled,disabled,0.14680823041631097,0.0,18.589208000094004,5.912624999837135,27.35554199989565,hidden_regime_switching,multi_timescale_memory,CRA,multi_timescale_memory,candidate,NEST,44,-0.010014530436985056,0.0,0.01,1,True,-1,False,549,5,0.1,0.2,False,0.92,normal,replace,0.1,1.0,1.0,8,8,True,True,R2_identity,5.10
545,1000.0,8,8,0,8,0,0,3.3939482752165637,3.3939482752165637,3.3939482752165637,0.0,-0.0,0.13468799050819938,1.000440989755017,0.0,False,0,0,0,0,0,0.0,0.0,0.0,0.0,0.0,0,0.0,0,0,disabled,disabled,0.14531416384309637,0.0,20.53141700002925,5.938582999988284,29.098875000045155,hidden_regime_switching,multi_timescale_memory,CRA,multi_timescale_memory,candidate,NEST,44,0.0,0.0,0.0,0,False,0,False,-1,5,0.1,0.2,False,0.92,normal,replace,0.1,1.0,1.0,8,8,True,True,R2_identity,5.10
546,1000.0,8,8,0,8,0,0,3.3890291020870675,3.3890291020870675,3.3890291020870675,0.0,0.0,0.1344111511099579,1.000440989755017,0.0,True,0,0,0,0,0,0.0,0.0,0.0,0.0,0.0,0,0.0,0,0,disabled,disabled,0.14476841919615957,0.0,18.92966700006582,6.387166999957117,27.909874999977546,hidden_regime_switching,multi_timescale_memory,CRA,multi_timescale_memory,candidate,NEST,44,0.0,0.0,0.0,0,False,0,False,-1,5,0.1,0.2,False,0.92,normal,replace,0.1,1.0,1.0,8,8,True,True,R2_identity,5.10
547,1000.0,8,8,0,8,0,0,3.3838742198244947,3.3838742198244947,3.3838742198244947,0.0,0.0,0.134132785016837,1.000440989755017,0.0,True,0,0,0,0,0,0.0,0.0,0.0,0.0,0.0,0,0.0,0,0,disabled,disabled,0.14570976484964593,0.0,19.389125000088825,5.841333000034865,27.876999999989494,hidden_regime_switching,multi_timescale_memory,CRA,multi_timescale_memory,candidate,NEST,44,0.0,0.0,0.0,0,False,0,False,-1,5,0.1,0.2,False,0.92,normal,replace,0.1,1.0,1.0,8,8,True,True,R2_identity,5.10
548,1000.0,8,8,0,8,0,0,3.3786107596330583,3.3786107596330583,3.3786107596330583,0.0,0.0,0.1338529205153936,1.000440989755017,0.0,True,0,0,0,0,0,0.0,0.0,0.0,0.0,0.0,0,0.0,0,0,disabled,disabled,0.1459407681572138,0.0,19.85466699989047,5.810542000062924,28.27991699996346,hidden_regime_switching,multi_timescale_memory,CRA,multi_timescale_memory,candidate,NEST,44,0.0,0.0,0.0,0,False,0,False,-1,5,0.1,0.2,False,0.92,normal,replace,0.1,1.0,1.0,8,8,True,True,R2_identity,5.10
549,1000.0,8,8,0,8,0,0,3.3733195390903967,3.3733195390903967,3.3733195390903967,0.0,0.0,0.1335715856077069,1.000440989755017,0.0,False,0,0,0,0,0,0.0,0.0,0.0,0.0,0.0,0,0.0,0,0,disabled,disabled,0.1472579220350836,0.0,19.037290999904144,6.461459000092873,28.110541000160083,hidden_regime_switching,multi_timescale_memory,CRA,multi_timescale_memory,candidate,NEST,44,0.0,0.01,0.0,0,False,0,False,-1,5,0.1,0.2,False,0.92,normal,replace,0.1,1.0,1.0,8,8,True,True,R2_identity,5.10
550,1000.0,8,8,0,8,0,0,3.3680530366763874,3.3680530366763874,3.3680530366763874,0.0,0.0,0.13328880801377394,1.000440989755017,0.0,False,0,0,0,0,0,0.0,0.0,0.0,0.0,0.0,0,0.0,0,0,disabled,disabled,0.15028735474611032,0.0,19.554999999854772,5.932791000077486,28.151958000080413,hidden_regime_switching,multi_timescale_memory,CRA,multi_timescale_memory,candidate,NEST,44,0.0,0.0,0.0,0,False,0,False,-1,5,0.1,0.2,False,0.92,normal,replace,0.1,1.0,1.0,8,8,True,True,R2_identity,5.10
551,1000.0,8,8,0,8,0,0,3.362801872647832,3.362801872647832,3.362801872647832,0.0,0.0,0.13300461517388623,1.000440989755017,0.0,False,0,0,0,0,0,0.0,0.0,0.0,0.0,0.0,0,0.0,0,0,disabled,disabled,0.15093022319461458,0.0,18.855375000157437,5.948750000015934,27.86933299989869,hidden_regime_switching,multi_timescale_memory,CRA,multi_timescale_memory,candidate,NEST,44,0.0,0.0,0.0,0,False,0,False,-1,5,0.1,0.2,False,0.92,normal,replace,0.1,1.0,1.0,8,8,True,True,R2_identity,5.10
552,1000.0,8,8,0,8,0,0,3.3647458332653333,3.3647458332653333,3.3647458332653333,0.4506634883884797,0.5005037336075566,0.13271903425098872,1.000440989755017,0.1,True,0,0,0,0,0,0.0,0.0,0.0,0.0,0.0,0,0.0,0,0,disabled,disabled,0.15037438989906793,0.0,19.423917000040092,6.591957999944498,28.617459000088274,hidden_regime_switching,multi_timescale_memory,CRA,multi_timescale_memory,candidate,NEST,44,0.009619596052558363,0.0,-0.01,-1,True,1,False,557,5,0.1,0.2,False,0.92,normal,replace,0.1,1.0,1.0,8,8,True,True,R2_identity,5.10
553,1000.0,8,8,0,8,0,0,3.3605754267813808,3.3605754267813808,3.3605754267813808,0.0,0.0,0.1324680921330197,1.000440989755017,0.0,False,0,0,0,0,0,0.0,0.0,0.0,0.0,0.0,0,0.0,0,0,disabled,disabled,0.15024016341089563,0.0,19.08974999992097,5.865209000148752,27.555583999856026,hidden_regime_switching,multi_timescale_memory,CRA,multi_timescale_memory,candidate,NEST,44,0.0,0.0,0.0,0,False,0,False,-1,5,0.1,0.2,False,0.92,normal,replace,0.1,1.0,1.0,8,8,True,True,R2_identity,5.10
554,1000.0,8,8,0,8,0,0,3.3559138520863683,3.3559138520863683,3.3559138520863683,0.0,0.0,0.13221538343523326,1.000440989755017,0.0,True,0,0,0,0,0,0.0,0.0,0.0,0.0,0.0,0,0.0,0,0,disabled,disabled,0.1526084075360794,0.0,19.66941599994243,6.006375000197295,28.813333000016428,hidden_regime_switching,multi_timescale_memory,CRA,multi_timescale_memory,candidate,NEST,44,0.0,0.0,0.0,0,False,0,False,-1,5,0.1,0.2,False,0.92,normal,replace,0.1,1.0,1.0,8,8,True,True,R2_identity,5.10
555,1000.0,8,8,0,8,0,0,3.350998050138373,3.350998050138373,3.350998050138373,0.0,0.0,0.1319609383905035,1.000440989755017,0.0,True,0,0,0,0,0,0.0,0.0,0.0,0.0,0.0,0,0.0,0,0,disabled,disabled,0.15254879809897837,0.0,19.125000000030923,6.311249999953361,28.04195799990339,hidden_regime_switching,multi_timescale_memory,CRA,multi_timescale_memory,candidate,NEST,44,0.0,0.0,0.0,0,False,0,False,-1,5,0.1,0.2,False,0.92,normal,replace,0.1,1.0,1.0,8,8,True,True,R2_identity,5.10
556,1000.0,8,8,0,8,0,0,3.345965034233523,3.345965034233523,3.345965034233523,0.0,0.0,0.1317047869325068,1.000440989755017,0.0,True,0,0,0,0,0,0.0,0.0,0.0,0.0,0.0,0,0.0,0,0,disabled,disabled,0.1522653671630092,0.0,78.60595800002557,5.926167000097848,87.12833300000966,hidden_regime_switching,multi_timescale_memory,CRA,multi_timescale_memory,candidate,NEST,44,0.0,0.0,0.0,0,False,0,False,-1,5,0.1,0.2,False,0.92,normal,replace,0.1,1.0,1.0,8,8,True,True,R2_identity,5.10
557,1000.0,8,8,0,8,0,0,3.3408869739032023,3.3408869739032023,3.3408869739032023,0.0,-0.0,0.13144695869822404,1.000440989755017,0.0,False,0,0,0,0,0,0.0,0.0,0.0,0.0,0.0,0,0.0,0,0,disabled,disabled,0.1521856226530467,0.0,19.222500000068976,6.56841699992583,28.446583000004466,hidden_regime_switching,multi_timescale_memory,CRA,multi_timescale_memory,candidate,NEST,44,0.0,-0.01,0.0,0,False,0,False,-1,5,0.1,0.2,False,0.92,normal,replace,0.1,1.0,1.0,8,8,True,True,R2_identity,5.10
558,1000.0,8,8,0,8,0,0,3.3357979358126864,3.3357979358126864,3.3357979358126864,0.0,-0.0,0.13118748303042307,1.000440989755017,0.0,False,0,0,0,0,0,0.0,0.0,0.0,0.0,0.0,0,0.0,0,0,disabled,disabled,0.15204387986453138,0.0,18.807708999929673,5.992583000079321,27.41866599990317,hidden_regime_switching,multi_timescale_memory,CRA,multi_timescale_memory,candidate,NEST,44,0.0,0.0,0.0,0,False,0,False,-1,5,0.1,0.2,False,0.92,normal,replace,0.1,1.0,1.0,8,8,True,True,R2_identity,5.10
559,1000.0,8,8,0,8,0,0,3.330744309600377,3.330744309600377,3.330744309600377,0.0,-0.0,0.1309263889801226,1.000440989755017,0.0,False,0,0,0,0,0,0.0,0.0,0.0,0.0,0.0,0,0.0,0,0,disabled,disabled,0.1546001676474642,0.0,19.486832999973558,5.996417000005749,28.727832999948077,hidden_regime_switching,multi_timescale_memory,CRA,multi_timescale_memory,candidate,NEST,44,0.0,0.0,0.0,0,False,0,False,-1,5,0.1,0.2,False,0.92,normal,replace,0.1,1.0,1.0,8,8,True,True,R2_identity,5.10
560,1000.0,8,8,0,8,0,0,3.323916509613326,3.323916509613326,3.323916509613326,-0.47306217246072846,0.5077195549089653,0.13066370530903662,1.000440989755017,-0.1,True,0,0,0,0,0,0.0,0.0,0.0,0.0,0.0,0,0.0,0,0,disabled,disabled,0.15296146494178675,0.0,18.735665999884077,6.442249999963678,27.81816699985029,hidden_regime_switching,multi_timescale_memory,CRA,multi_timescale_memory,candidate,NEST,44,-0.009891485509698365,0.0,-0.01,-1,True,-1,True,565,5,0.1,0.2,False,0.92,normal,replace,0.1,1.0,1.0,8,8,True,True,R2_identity,5.10
561,1000.0,8,8,0,8,0,0,3.3201403154179117,3.3201403154179117,3.3201403154179117,0.0,-0.0,0.1304354604920004,1.000440989755017,0.0,False,0,0,0,0,0,0.0,0.0,0.0,0.0,0.0,0,0.0,0,0,disabled,disabled,0.16041722461641328,0.0,19.92162500005179,6.605875000104788,29.161917000010362,hidden_regime_switching,multi_timescale_memory,CRA,multi_timescale_memory,candidate,NEST,44,0.0,0.0,0.0,0,False,0,False,-1,5,0.1,0.2,False,0.92,normal,replace,0.1,1.0,1.0,8,8,True,True,R2_identity,5.10
562,1000.0,8,8,0,8,0,0,3.315883738866328,3.315883738866328,3.315883738866328,0.0,0.0,0.13020525071937747,1.000440989755017,0.0,True,0,0,0,0,0,0.0,0.0,0.0,0.0,0.0,0,0.0,0,0,disabled,disabled,0.16675819469550746,0.0,18.89012499987075,6.02324999999837,27.591667000024245,hidden_regime_switching,multi_timescale_memory,CRA,multi_timescale_memory,candidate,NEST,44,0.0,0.0,0.0,0,False,0,False,-1,5,0.1,0.2,False,0.92,normal,replace,0.1,1.0,1.0,8,8,True,True,R2_identity,5.10
563,1000.0,8,8,0,8,0,0,3.311335536958568,3.311335536958568,3.311335536958568,0.0,0.0,0.1299731077874483,1.000440989755017,0.0,True,0,0,0,0,0,0.0,0.0,0.0,0.0,0.0,0,0.0,0,0,disabled,disabled,0.1660794914579462,0.0,19.510165999918172,5.9931670000423765,28.85191600012149,hidden_regime_switching,multi_timescale_memory,CRA,multi_timescale_memory,candidate,NEST,44,0.0,0.0,0.0,0,False,0,False,-1,5,0.1,0.2,False,0.92,normal,replace,0.1,1.0,1.0,8,8,True,True,R2_identity,5.10
564,1000.0,8,8,0,8,0,0,3.3066674905479037,3.3066674905479037,3.3066674905479037,0.0,0.0,0.1297390631816764,1.000440989755017,0.0,True,0,0,0,0,0,0.0,0.0,0.0,0.0,0.0,0,0.0,0,0,disabled,disabled,0.16690047267919894,0.0,19.458375000112937,6.609125000068161,28.676415999825622,hidden_regime_switching,multi_timescale_memory,CRA,multi_timescale_memory,candidate,NEST,44,0.0,0.0,0.0,0,False,0,False,-1,5,0.1,0.2,False,0.92,normal,replace,0.1,1.0,1.0,8,8,True,True,R2_identity,5.10
565,1000.0,8,8,0,8,0,0,3.3019554201215535,3.3019554201215535,3.3019554201215535,0.0,-0.0,0.12950314807929342,1.000440989755017,0.0,False,0,0,0,0,0,0.0,0.0,0.0,0.0,0.0,0,0.0,0,0,disabled,disabled,0.16773372801730968,0.0,18.742499999916618,6.053291999933208,27.467458000046463,hidden_regime_switching,multi_timescale_memory,CRA,multi_timescale_memory,candidate,NEST,44,0.0,-0.01,0.0,0,False,0,False,-1,5,0.1,0.2,False,0.92,normal,replace,0.1,1.0,1.0,8,8,True,True,R2_identity,5.10
566,1000.0,8,8,0,8,0,0,3.2972342769107006,3.2972342769107006,3.2972342769107006,0.0,-0.0,0.1292653933518645,1.000440989755017,0.0,False,0,0,0,0,0,0.0,0.0,0.0,0.0,0.0,0,0.0,0,0,disabled,disabled,0.16828933416881675,0.0,19.604750000098647,6.010749999859399,28.751583000030223,hidden_regime_switching,multi_timescale_memory,CRA,multi_timescale_memory,candidate,NEST,44,0.0,0.0,0.0,0,False,0,False,-1,5,0.1,0.2,False,0.92,normal,replace,0.1,1.0,1.0,8,8,True,True,R2_identity,5.10
567,1000.0,8,8,0,8,0,0,3.292530488874833,3.292530488874833,3.292530488874833,0.0,-0.0,0.12902582956783384,1.000440989755017,0.0,False,0,0,0,0,0,0.0,0.0,0.0,0.0,0.0,0,0.0,0,0,disabled,disabled,0.1695410274055842,0.0,18.95654200006902,6.489625000085653,28.138083999920127,hidden_regime_switching,multi_timescale_memory,CRA,multi_timescale_memory,candidate,NEST,44,0.0,0.0,0.0,0,False,0,False,-1,5,0.1,0.2,False,0.92,normal,replace,0.1,1.0,1.0,8,8,True,True,R2_identity,5.10
568,1000.0,8,8,0,8,0,0,3.2911381648269646,3.2911381648269646,3.2911381648269646,0.5442392729281468,-0.5541777177046044,0.1287844869950509,1.000440989755017,0.1,False,0,0,0,0,0,0.0,0.0,0.0,0.0,0.0,0,0.0,0,0,disabled,disabled,0.1700612580911196,0.0,19.711333000032027,6.546249999928477,28.86612499992225,hidden_regime_switching,multi_timescale_memory,CRA,multi_timescale_memory,candidate,NEST,44,0.01026051048561,0.0,0.01,1,True,1,True,573,5,0.1,0.2,False,0.92,normal,replace,0.1,1.0,1.0,8,8,True,True,R2_identity,5.10
569,1000.0,8,8,0,8,0,0,3.285104178984251,3.285104178984251,3.285104178984251,0.0,-0.0,0.1285413956032769,1.000440989755017,0.0,False,0,0,0,0,0,0.0,0.0,0.0,0.0,0.0,0,0.0,0,0,disabled,disabled,0.16895321066833358,0.0,18.271208999976807,6.067666000035388,27.108125000040673,hidden_regime_switching,multi_timescale_memory,CRA,multi_timescale_memory,candidate,NEST,44,0.0,0.0,0.0,0,False,0,False,-1,5,0.1,0.2,False,0.92,normal,replace,0.1,1.0,1.0,8,8,True,True,R2_identity,5.10
570,1000.0,8,8,0,8,0,0,3.279760787702172,3.279760787702172,3.279760787702172,0.0,0.0,0.12829658506667238,1.000440989755017,0.0,True,0,0,0,0,0,0.0,0.0,0.0,0.0,0.0,0,0.0,0,0,disabled,disabled,0.16801257534122804,0.0,19.64466699996592,6.1485420001190505,28.41549999993731,hidden_regime_switching,multi_timescale_memory,CRA,multi_timescale_memory,candidate,NEST,44,0.0,0.0,0.0,0,False,0,False,-1,5,0.1,0.2,False,0.92,normal,replace,0.1,1.0,1.0,8,8,True,True,R2_identity,5.10
571,1000.0,8,8,0,8,0,0,3.2747496947569488,3.2747496947569488,3.2747496947569488,0.0,0.0,0.12805008476626542,1.000440989755017,0.0,True,0,0,0,0,0,0.0,0.0,0.0,0.0,0.0,0,0.0,0,0,disabled,disabled,0.1650300315689579,0.0,18.53783299998213,6.621249999852807,27.759457999991355,hidden_regime_switching,multi_timescale_memory,CRA,multi_timescale_memory,candidate,NEST,44,0.0,0.0,0.0,0,False,0,False,-1,5,0.1,0.2,False,0.92,normal,replace,0.1,1.0,1.0,8,8,True,True,R2_identity,5.10
572,1000.0,8,8,0,8,0,0,3.269900995822201,3.269900995822201,3.269900995822201,0.0,0.0,0.12780192379240093,1.000440989755017,0.0,True,0,0,0,0,0,0.0,0.0,0.0,0.0,0.0,0,0.0,0,0,disabled,disabled,0.1623809198558659,0.0,18.662000000176704,6.179207999821301,28.318041999909838,hidden_regime_switching,multi_timescale_memory,CRA,multi_timescale_memory,candidate,NEST,44,0.0,0.0,0.0,0,False,0,False,-1,5,0.1,0.2,False,0.92,normal,replace,0.1,1.0,1.0,8,8,True,True,R2_identity,5.10
573,1000.0,8,8,0,8,0,0,3.2651491420498275,3.2651491420498275,3.2651491420498275,0.0,0.0,0.12755213094717122,1.000440989755017,0.0,False,0,0,0,0,0,0.0,0.0,0.0,0.0,0.0,0,0.0,0,0,disabled,disabled,0.16164337263289053,0.0,20.10783400010041,6.2164999999367865,28.9178749999337,hidden_regime_switching,multi_timescale_memory,CRA,multi_timescale_memory,candidate,NEST,44,0.0,0.01,0.0,0,False,0,False,-1,5,0.1,0.2,False,0.92,normal,replace,0.1,1.0,1.0,8,8,True,True,R2_identity,5.10
574,1000.0,8,8,0,8,0,0,3.260456722689144,3.260456722689144,3.260456722689144,0.0,0.0,0.12730073474682774,1.000440989755017,0.0,False,0,0,0,0,0,0.0,0.0,0.0,0.0,0.0,0,0.0,0,0,disabled,disabled,0.161255730399529,0.0,18.648333000101047,6.68516699988686,27.948666999918714,hidden_regime_switching,multi_timescale_memory,CRA,multi_timescale_memory,candidate,NEST,44,0.0,0.0,0.0,0,False,0,False,-1,5,0.1,0.2,False,0.92,normal,replace,0.1,1.0,1.0,8,8,True,True,R2_identity,5.10
575,1000.0,8,8,0,8,0,0,3.2557903285774397,3.2557903285774397,3.2557903285774397,0.0,0.0,0.12704776342417426,1.000440989755017,0.0,False,0,0,0,0,0,0.0,0.0,0.0,0.0,0.0,0,0.0,0,0,disabled,disabled,0.15962767505293574,0.0,19.508249999944383,6.141166999896086,28.361165999967852,hidden_regime_switching,multi_timescale_memory,CRA,multi_timescale_memory,candidate,NEST,44,0.0,0.0,0.0,0,False,0,False,-1,5,0.1,0.2,False,0.92,normal,replace,0.1,1.0,1.0,8,8,True,True,R2_identity,5.10
576,1000.0,8,8,0,8,0,0,3.249331667695745,3.249331667695745,3.249331667695745,-0.5208851579541807,-0.5223984989451923,0.12679324493094174,1.000440989755017,-0.1,False,0,0,0,0,0,0.0,0.0,0.0,0.0,0.0,0,0.0,0,0,disabled,disabled,0.1592062014030935,0.0,18.70633299995461,6.102916999907393,27.945790999865494,hidden_regime_switching,multi_timescale_memory,CRA,multi_timescale_memory,candidate,NEST,44,-0.010139446273589843,0.0,0.01,1,True,-1,False,581,5,0.1,0.2,False,0.92,normal,replace,0.1,1.0,1.0,8,8,True,True,R3_invert,5.10
577,1000.0,8,8,0,8,0,0,3.2435362187714323,3.2435362187714323,3.2435362187714323,0.0,0.0,0.12653720694014475,1.000440989755017,0.0,False,0,0,0,0,0,0.0,0.0,0.0,0.0,0.0,0,0.0,0,0,disabled,disabled,0.15948489937496912,0.0,77.36070900000414,6.123832999946899,86.08687500009182,hidden_regime_switching,multi_timescale_memory,CRA,multi_timescale_memory,candidate,NEST,44,0.0,0.0,0.0,0,False,0,False,-1,5,0.1,0.2,False,0.92,normal,replace,0.1,1.0,1.0,8,8,True,True,R3_invert,5.10
578,1000.0,8,8,0,8,0,0,3.2383536408971842,3.2383536408971842,3.2383536408971842,0.0,0.0,0.12627967684841981,1.000440989755017,0.0,True,0,0,0,0,0,0.0,0.0,0.0,0.0,0.0,0,0.0,0,0,disabled,disabled,0.15712278220562848,0.0,19.14562499996464,6.195542000114074,27.95349999996688,hidden_regime_switching,multi_timescale_memory,CRA,multi_timescale_memory,candidate,NEST,44,0.0,0.0,0.0,0,False,0,False,-1,5,0.1,0.2,False,0.92,normal,replace,0.1,1.0,1.0,8,8,True,True,R3_invert,5.10
579,1000.0,8,8,0,8,0,0,3.2334717116021214,3.2334717116021214,3.2334717116021214,0.0,0.0,0.12602068177834572,1.000440989755017,0.0,True,0,0,0,0,0,0.0,0.0,0.0,0.0,0.0,0,0.0,0,0,disabled,disabled,0.1547228694087064,0.0,19.142458000033002,6.659542000079455,28.421959000070274,hidden_regime_switching,multi_timescale_memory,CRA,multi_timescale_memory,candidate,NEST,44,0.0,0.0,0.0,0,False,0,False,-1,5,0.1,0.2,False,0.92,normal,replace,0.1,1.0,1.0,8,8,True,True,R3_invert,5.10
580,1000.0,8,8,0,8,0,0,3.228793720226689,3.228793720226689,3.228793720226689,0.0,0.0,0.12576024858074597,1.000440989755017,0.0,True,0,0,0,0,0,0.0,0.0,0.0,0.0,0.0,0,0.0,0,0,disabled,disabled,0.15817948074005184,0.0,19.332541999801833,6.101667000166344,28.052999999999884,hidden_regime_switching,multi_timescale_memory,CRA,multi_timescale_memory,candidate,NEST,44,0.0,0.0,0.0,0,False,0,False,-1,5,0.1,0.2,False,0.92,normal,replace,0.1,1.0,1.0,8,8,True,True,R3_invert,5.10
581,1000.0,8,8,0,8,0,0,3.2242456912157236,3.2242456912157236,3.2242456912157236,0.0,0.0,0.12549840383697342,1.000440989755017,0.0,False,0,0,0,0,0,0.0,0.0,0.0,0.0,0.0,0,0.0,0,0,disabled,disabled,0.16136167953866387,0.0,19.09970799988514,6.143625000049724,28.143458000158716,hidden_regime_switching,multi_timescale_memory,CRA,multi_timescale_memory,candidate,NEST,44,0.0,0.01,0.0,0,False,0,False,-1,5,0.1,0.2,False,0.92,normal,replace,0.1,1.0,1.0,8,8,True,True,R3_invert,5.10
582,1000.0,8,8,0,8,0,0,3.219758222526788,3.219758222526788,3.219758222526788,0.0,0.0,0.12523517386117725,1.000440989755017,0.0,False,0,0,0,0,0,0.0,0.0,0.0,0.0,0.0,0,0.0,0,0,disabled,disabled,0.161380309399207,0.0,19.407790999821373,6.76166700009162,28.780667000091853,hidden_regime_switching,multi_timescale_memory,CRA,multi_timescale_memory,candidate,NEST,44,0.0,0.0,0.0,0,False,0,False,-1,5,0.1,0.2,False,0.92,normal,replace,0.1,1.0,1.0,8,8,True,True,R3_invert,5.10
583,1000.0,8,8,0,8,0,0,3.2153531854120914,3.2153531854120914,3.2153531854120914,0.0,0.0,0.12497058470255248,1.000440989755017,0.0,False,0,0,0,0,0,0.0,0.0,0.0,0.0,0.0,0,0.0,0,0,disabled,disabled,0.16533566780709474,0.0,18.822957999873324,6.213417000026311,27.65675000000556,hidden_regime_switching,multi_timescale_memory,CRA,multi_timescale_memory,candidate,NEST,44,0.0,0.0,0.0,0,False,0,False,-1,5,0.1,0.2,False,0.92,normal,replace,0.1,1.0,1.0,8,8,True,True,R3_invert,5.10
584,1000.0,8,8,0,8,0,0,3.2090938587510847,3.2090938587510847,3.2090938587510847,-0.4380412173114139,-0.4405170929801296,0.12470466214757221,1.000440989755017,0.0,False,0,0,0,0,0,0.0,0.0,0.0,0.0,0.0,0,0.0,0,0,disabled,disabled,0.16605981881557152,0.0,19.391165999877558,6.382334000136325,28.862375000016982,hidden_regime_switching,multi_timescale_memory,CRA,multi_timescale_memory,candidate,NEST,44,-0.010305446332096487,0.0,-0.01,-1,True,-1,True,589,5,0.1,0.2,False,0.92,normal,replace,0.1,1.0,1.0,8,8,True,True,R3_invert,5.10
585,1000.0,8,8,0,8,0,0,3.2037271948823434,3.2037271948823434,3.2037271948823434,0.0,0.0,0.12443743172220242,1.000440989755017,0.0,False,0,0,0,0,0,0.0,0.0,0.0,0.0,0.0,0,0.0,0,0,disabled,disabled,0.16850276448294554,0.0,18.642624999984037,6.621499999937441,27.882999999974345,hidden_regime_switching,multi_timescale_memory,CRA,multi_timescale_memory,candidate,NEST,44,0.0,0.0,0.0,0,False,0,False,-1,5,0.1,0.2,False,0.92,normal,replace,0.1,1.0,1.0,8,8,True,True,R3_invert,5.10
586,1000.0,8,8,0,8,0,0,3.1989166593561644,3.1989166593561644,3.1989166593561644,0.0,0.0,0.12416891869409975,1.000440989755017,0.0,True,0,0,0,0,0,0.0,0.0,0.0,0.0,0.0,0,0.0,0,0,disabled,disabled,0.16799826621401515,0.0,19.142332999990685,6.760708000001614,28.51987500002906,hidden_regime_switching,multi_timescale_memory,CRA,multi_timescale_memory,candidate,NEST,44,0.0,0.0,0.0,0,False,0,False,-1,5,0.1,0.2,False,0.92,normal,replace,0.1,1.0,1.0,8,8,True,True,R3_invert,5.10
587,1000.0,8,8,0,8,0,0,3.1943914499779917,3.1943914499779917,3.1943914499779917,0.0,0.0,0.12389914807479231,1.000440989755017,0.0,True,0,0,0,0,0,0.0,0.0,0.0,0.0,0.0,0,0.0,0,0,disabled,disabled,0.16751433386928394,0.0,19.149833000028593,6.192334000161281,28.02150000002257,hidden_regime_switching,multi_timescale_memory,CRA,multi_timescale_memory,candidate,NEST,44,0.0,0.0,0.0,0,False,0,False,-1,5,0.1,0.2,False,0.92,normal,replace,0.1,1.0,1.0,8,8,True,True,R3_invert,5.10
588,1000.0,8,8,0,8,0,0,3.1900526805515685,3.1900526805515685,3.1900526805515685,0.0,0.0,0.12362814462184357,1.000440989755017,0.0,True,0,0,0,0,0,0.0,0.0,0.0,0.0,0.0,0,0.0,0,0,disabled,disabled,0.1707374287522656,0.0,19.33799999983421,6.1820420000913145,28.12533400015127,hidden_regime_switching,multi_timescale_memory,CRA,multi_timescale_memory,candidate,NEST,44,0.0,0.0,0.0,0,False,0,False,-1,5,0.1,0.2,False,0.92,normal,replace,0.1,1.0,1.0,8,8,True,True,R3_invert,5.10
589,1000.0,8,8,0,8,0,0,3.185810424372023,3.185810424372023,3.185810424372023,0.0,-0.0,0.12335593284099954,1.000440989755017,0.0,False,0,0,0,0,0,0.0,0.0,0.0,0.0,0.0,0,0.0,0,0,disabled,disabled,0.1714953344310448,0.0,19.260166999856665,6.896000000097047,28.764249999994718,hidden_regime_switching,multi_timescale_memory,CRA,multi_timescale_memory,candidate,NEST,44,0.0,-0.01,0.0,0,False,0,False,-1,5,0.1,0.2,False,0.92,normal,replace,0.1,1.0,1.0,8,8,True,True,R3_invert,5.10
590,1000.0,8,8,0,8,0,0,3.1816302514264527,3.1816302514264527,3.1816302514264527,0.0,-0.0,0.12308253698831922,1.000440989755017,0.0,False,0,0,0,0,0,0.0,0.0,0.0,0.0,0.0,0,0.0,0,0,disabled,disabled,0.1722076896589506,0.0,18.72795799999949,6.2074999998458225,27.618625000059183,hidden_regime_switching,multi_timescale_memory,CRA,multi_timescale_memory,candidate,NEST,44,0.0,0.0,0.0,0,False,0,False,-1,5,0.1,0.2,False,0.92,normal,replace,0.1,1.0,1.0,8,8,True,True,R3_invert,5.10
591,1000.0,8,8,0,8,0,0,3.1774826943169283,3.1774826943169283,3.1774826943169283,0.0,-0.0,0.12280798107228881,1.000440989755017,0.0,False,0,0,0,0,0,0.0,0.0,0.0,0.0,0.0,0,0.0,0,0,disabled,disabled,0.17173118117343567,0.0,19.55837499986046,6.187584000144852,28.907207999964157,hidden_regime_switching,multi_timescale_memory,CRA,multi_timescale_memory,candidate,NEST,44,0.0,0.0,0.0,0,False,0,False,-1,5,0.1,0.2,False,0.92,normal,replace,0.1,1.0,1.0,8,8,True,True,R3_invert,5.10
592,1000.0,8,8,0,8,0,0,3.1771436545218923,3.1771436545218923,3.1771436545218923,0.40406419564290447,-0.3996824556167595,0.12253228885591919,1.000440989755017,0.0,False,0,0,0,0,0,0.0,0.0,0.0,0.0,0.0,0,0.0,0,0,disabled,disabled,0.1702334933462728,0.0,19.00599999999031,6.7835419999937585,28.416417000016736,hidden_regime_switching,multi_timescale_memory,CRA,multi_timescale_memory,candidate,NEST,44,0.009828689401532548,0.0,-0.01,-1,True,1,False,597,5,0.1,0.2,False,0.92,normal,replace,0.1,1.0,1.0,8,8,True,True,R3_invert,5.10
593,1000.0,8,8,0,8,0,0,3.172046409640135,3.172046409640135,3.172046409640135,0.0,-0.0,0.12225548385882738,1.000440989755017,0.0,False,0,0,0,0,0,0.0,0.0,0.0,0.0,0.0,0,0.0,0,0,disabled,disabled,0.17102555693066623,0.0,19.199750000097993,6.529082999804814,28.336874999922657,hidden_regime_switching,multi_timescale_memory,CRA,multi_timescale_memory,candidate,NEST,44,0.0,0.0,0.0,0,False,0,False,-1,5,0.1,0.2,False,0.92,normal,replace,0.1,1.0,1.0,8,8,True,True,R3_invert,5.10
594,1000.0,8,8,0,8,0,0,3.167469076958644,3.167469076958644,3.167469076958644,0.0,0.0,0.12197758935930188,1.000440989755017,0.0,True,0,0,0,0,0,0.0,0.0,0.0,0.0,0.0,0,0.0,0,0,disabled,disabled,0.17156801234174957,0.0,18.571416999975554,6.322541999907116,27.63008300007641,hidden_regime_switching,multi_timescale_memory,CRA,multi_timescale_memory,candidate,NEST,44,0.0,0.0,0.0,0,False,0,False,-1,5,0.1,0.2,False,0.92,normal,replace,0.1,1.0,1.0,8,8,True,True,R3_invert,5.10
595,1000.0,8,8,0,8,0,0,3.1631678183250296,3.1631678183250296,3.1631678183250296,0.0,0.0,0.12169862839635176,1.000440989755017,0.0,True,0,0,0,0,0,0.0,0.0,0.0,0.0,0.0,0,0.0,0,0,disabled,disabled,0.17239372239396822,0.0,20.038415999806602,6.453125000007276,29.107958999929906,hidden_regime_switching,multi_timescale_memory,CRA,multi_timescale_memory,candidate,NEST,44,0.0,0.0,0.0,0,False,0,False,-1,5,0.1,0.2,False,0.92,normal,replace,0.1,1.0,1.0,8,8,True,True,R3_invert,5.10
596,1000.0,8,8,0,8,0,0,3.1590298772725434,3.1590298772725434,3.1590298772725434,0.0,0.0,0.1214186237717401,1.000440989755017,0.0,True,0,0,0,0,0,0.0,0.0,0.0,0.0,0.0,0,0.0,0,0,disabled,disabled,0.17429412508691655,0.0,19.120792000194342,6.80416599993805,28.544874999852254,hidden_regime_switching,multi_timescale_memory,CRA,multi_timescale_memory,candidate,NEST,44,0.0,0.0,0.0,0,False,0,False,-1,5,0.1,0.2,False,0.92,normal,replace,0.1,1.0,1.0,8,8,True,True,R3_invert,5.10
597,1000.0,8,8,0,8,0,0,3.1549982008324933,3.1549982008324933,3.1549982008324933,0.0,-0.0,0.12113759805200151,1.000440989755017,0.0,False,0,0,0,0,0,0.0,0.0,0.0,0.0,0.0,0,0.0,0,0,disabled,disabled,0.17662194290451794,0.0,80.27062500013926,6.316457999901104,89.24241600016103,hidden_regime_switching,multi_timescale_memory,CRA,multi_timescale_memory,candidate,NEST,44,0.0,-0.01,0.0,0,False,0,False,-1,5,0.1,0.2,False,0.92,normal,replace,0.1,1.0,1.0,8,8,True,True,R3_invert,5.10
598,1000.0,8,8,0,8,0,0,3.151086143247115,3.151086143247115,3.151086143247115,0.0,-0.0,0.120855573570444,1.000440989755017,0.0,False,0,0,0,0,0,0.0,0.0,0.0,0.0,0.0,0,0.0,0,0,disabled,disabled,0.1832938147364782,0.0,18.994582999994236,6.867041999839785,28.458917000079964,hidden_regime_switching,multi_timescale_memory,CRA,multi_timescale_memory,candidate,NEST,44,0.0,0.0,0.0,0,False,0,False,-1,5,0.1,0.2,False,0.92,normal,replace,0.1,1.0,1.0,8,8,True,True,R3_invert,5.10
599,1000.0,8,8,0,8,0,0,3.1472333740008502,3.1472333740008502,3.1472333740008502,0.0,-0.0,0.12057257242913531,1.000440989755017,0.0,False,0,0,0,0,0,0.0,0.0,0.0,0.0,0.0,0,0.0,0,0,disabled,disabled,0.18560720941968967,0.0,18.623875000002954,6.349499999942054,27.615749999995387,hidden_regime_switching,multi_timescale_memory,CRA,multi_timescale_memory,candidate,NEST,44,0.0,0.0,0.0,0,False,0,False,-1,5,0.1,0.2,False,0.92,normal,replace,0.1,1.0,1.0,8,8,True,True,R3_invert,5.10
600,1000.0,8,8,0,8,0,0,3.1413091042616084,3.1413091042616084,3.1413091042616084,-0.3124128220082464,0.30736240580004554,0.12028861650087379,1.000440989755017,0.0,True,0,0,0,0,0,0.0,0.0,0.0,0.0,0.0,0,0.0,0,0,disabled,disabled,0.18709127520301116,0.0,19.28229200007081,6.344333000015467,28.718415999946956,hidden_regime_switching,multi_timescale_memory,CRA,multi_timescale_memory,candidate,NEST,44,-0.00985992533312645,0.0,0.01,1,True,-1,False,605,5,0.1,0.2,False,0.92,normal,replace,0.1,1.0,1.0,8,8,True,True,R3_invert,5.10
601,1000.0,8,8,0,8,0,0,3.138333477074794,3.138333477074794,3.138333477074794,0.0,-0.0,0.12003972743114395,1.000440989755017,0.0,False,0,0,0,0,0,0.0,0.0,0.0,0.0,0.0,0,0.0,0,0,disabled,disabled,0.1861033572585553,0.0,19.661832999872786,6.797542000185786,29.08337499980007,hidden_regime_switching,multi_timescale_memory,CRA,multi_timescale_memory,candidate,NEST,44,0.0,0.0,0.0,0,False,0,False,-1,5,0.1,0.2,False,0.92,normal,replace,0.1,1.0,1.0,8,8,True,True,R3_invert,5.10
602,1000.0,8,8,0,8,0,0,3.1349345931262613,3.1349345931262613,3.1349345931262613,0.0,0.0,0.11978949464005685,1.000440989755017,0.0,True,0,0,0,0,0,0.0,0.0,0.0,0.0,0.0,0,0.0,0,0,disabled,disabled,0.18333109917024615,0.0,18.962708000117345,7.052582999904189,28.635292000217305,hidden_regime_switching,multi_timescale_memory,CRA,multi_timescale_memory,candidate,NEST,44,0.0,0.0,0.0,0,False,0,False,-1,5,0.1,0.2,False,0.92,normal,replace,0.1,1.0,1.0,8,8,True,True,R3_invert,5.10
603,1000.0,8,8,0,8,0,0,3.131324339307611,3.131324339307611,3.131324339307611,0.0,0.0,0.11953794321227527,1.000440989755017,0.0,True,0,0,0,0,0,0.0,0.0,0.0,0.0,0.0,0,0.0,0,0,disabled,disabled,0.18078338809496763,0.0,19.62470800003757,6.4817919999313744,28.819042000122863,hidden_regime_switching,multi_timescale_memory,CRA,multi_timescale_memory,candidate,NEST,44,0.0,0.0,0.0,0,False,0,False,-1,5,0.1,0.2,False,0.92,normal,replace,0.1,1.0,1.0,8,8,True,True,R3_invert,5.10
604,1000.0,8,8,0,8,0,0,3.1276009976029058,3.1276009976029058,3.1276009976029058,0.0,0.0,0.11928509797982004,1.000440989755017,0.0,True,0,0,0,0,0,0.0,0.0,0.0,0.0,0.0,0,0.0,0,0,disabled,disabled,0.1777982074354325,0.0,20.043250000071566,6.344459000047209,28.990374999921187,hidden_regime_switching,multi_timescale_memory,CRA,multi_timescale_memory,candidate,NEST,44,0.0,0.0,0.0,0,False,0,False,-1,5,0.1,0.2,False,0.92,normal,replace,0.1,1.0,1.0,8,8,True,True,R3_invert,5.10
605,1000.0,8,8,0,8,0,0,3.123850043918002,3.123850043918002,3.123850043918002,0.0,0.0,0.11903098352419862,1.000440989755017,0.0,False,0,0,0,0,0,0.0,0.0,0.0,0.0,0.0,0,0.0,0,0,disabled,disabled,0.1780338090429323,0.0,19.60862500004623,7.159709000006842,29.389499999979307,hidden_regime_switching,multi_timescale_memory,CRA,multi_timescale_memory,candidate,NEST,44,0.0,0.01,0.0,0,False,0,False,-1,5,0.1,0.2,False,0.92,normal,replace,0.1,1.0,1.0,8,8,True,True,R3_invert,5.10
606,1000.0,8,8,0,8,0,0,3.1200775945179617,3.1200775945179617,3.1200775945179617,0.0,0.0,0.11877562417851739,1.000440989755017,0.0,False,0,0,0,0,0,0.0,0.0,0.0,0.0,0.0,0,0.0,0,0,disabled,disabled,0.17654624579169198,0.0,18.88112500000716,6.760499999927561,28.279458000042723,hidden_regime_switching,multi_timescale_memory,CRA,multi_timescale_memory,candidate,NEST,44,0.0,0.0,0.0,0,False,0,False,-1,5,0.1,0.2,False,0.92,normal,replace,0.1,1.0,1.0,8,8,True,True,R3_invert,5.10
607,1000.0,8,8,0,8,0,0,3.116311903537246,3.116311903537246,3.116311903537246,0.0,0.0,0.11851904402957746,1.000440989755017,0.0,False,0,0,0,0,0,0.0,0.0,0.0,0.0,0.0,0,0.0,0,0,disabled,disabled,0.1765709027577893,0.0,19.785834000003888,6.441416000143363,29.067917000020316,hidden_regime_switching,multi_timescale_memory,CRA,multi_timescale_memory,candidate,NEST,44,0.0,0.0,0.0,0,False,0,False,-1,5,0.1,0.2,False,0.92,normal,replace,0.1,1.0,1.0,8,8,True,True,R3_invert,5.10
608,1000.0,8,8,0,8,0,0,3.1105395100922615,3.1105395100922615,3.1105395100922615,-0.3218364034330048,-0.3074079365012876,0.11826126691995437,1.000440989755017,0.0,False,0,0,0,0,0,0.0,0.0,0.0,0.0,0.0,0,0.0,0,0,disabled,disabled,0.17791027017647476,0.0,19.488624999894455,6.5127920001941675,28.619249999792373,hidden_regime_switching,multi_timescale_memory,CRA,multi_timescale_memory,candidate,NEST,44,-0.009902965995914743,0.0,0.01,1,True,-1,False,613,5,0.1,0.2,False,0.92,normal,replace,0.1,1.0,1.0,8,8,True,True,R3_invert,5.10
609,1000.0,8,8,0,8,0,0,3.1060558251950607,3.1060558251950607,3.1060558251950607,0.0,0.0,0.11800231645006169,1.000440989755017,0.0,False,0,0,0,0,0,0.0,0.0,0.0,0.0,0.0,0,0.0,0,0,disabled,disabled,0.1793127998237667,0.0,19.23987500003932,7.06904100002248,28.92362499983392,hidden_regime_switching,multi_timescale_memory,CRA,multi_timescale_memory,candidate,NEST,44,0.0,0.0,0.0,0,False,0,False,-1,5,0.1,0.2,False,0.92,normal,replace,0.1,1.0,1.0,8,8,True,True,R3_invert,5.10
610,1000.0,8,8,0,8,0,0,3.1019843019795017,3.1019843019795017,3.1019843019795017,0.0,0.0,0.11774221598019861,1.000440989755017,0.0,True,0,0,0,0,0,0.0,0.0,0.0,0.0,0.0,0,0.0,0,0,disabled,disabled,0.17923462028623405,0.0,19.125791000078607,6.399958999963928,28.16533400005028,hidden_regime_switching,multi_timescale_memory,CRA,multi_timescale_memory,candidate,NEST,44,0.0,0.0,0.0,0,False,0,False,-1,5,0.1,0.2,False,0.92,normal,replace,0.1,1.0,1.0,8,8,True,True,R3_invert,5.10
611,1000.0,8,8,0,8,0,0,3.0981321433717106,3.0981321433717106,3.0981321433717106,0.0,0.0,0.11748098863258169,1.000440989755017,0.0,True,0,0,0,0,0,0.0,0.0,0.0,0.0,0.0,0,0.0,0,0,disabled,disabled,0.17966589313590386,0.0,18.86083299996244,6.4887500000168075,28.70641700019405,hidden_regime_switching,multi_timescale_memory,CRA,multi_timescale_memory,candidate,NEST,44,0.0,0.0,0.0,0,False,0,False,-1,5,0.1,0.2,False,0.92,normal,replace,0.1,1.0,1.0,8,8,True,True,R3_invert,5.10
612,1000.0,8,8,0,8,0,0,3.0943892279704297,3.0943892279704297,3.0943892279704297,0.0,0.0,0.11721865729336088,1.000440989755017,0.0,True,0,0,0,0,0,0.0,0.0,0.0,0.0,0.0,0,0.0,0,0,disabled,disabled,0.17890424496192558,0.0,20.36816700001509,6.64712499997222,29.612708000058774,hidden_regime_switching,multi_timescale_memory,CRA,multi_timescale_memory,candidate,NEST,44,0.0,0.0,0.0,0,False,0,False,-1,5,0.1,0.2,False,0.92,normal,replace,0.1,1.0,1.0,8,8,True,True,R3_invert,5.10
613,1000.0,8,8,0,8,0,0,3.090695208347659,3.090695208347659,3.090695208347659,0.0,0.0,0.11695524461461995,1.000440989755017,0.0,False,0,0,0,0,0,0.0,0.0,0.0,0.0,0.0,0,0.0,0,0,disabled,disabled,0.17711091948742208,0.0,18.768166999961977,7.1823330001734575,28.562833000023602,hidden_regime_switching,multi_timescale_memory,CRA,multi_timescale_memory,candidate,NEST,44,0.0,0.01,0.0,0,False,0,False,-1,5,0.1,0.2,False,0.92,normal,replace,0.1,1.0,1.0,8,8,True,True,R3_invert,5.10
614,1000.0,8,8,0,8,0,0,3.0870729701975006,3.0870729701975006,3.0870729701975006,0.0,0.0,0.11669077301636135,1.000440989755017,0.0,False,0,0,0,0,0,0.0,0.0,0.0,0.0,0.0,0,0.0,0,0,disabled,disabled,0.17998098728341994,0.0,19.795082999962688,6.559166999977606,28.966750000108732,hidden_regime_switching,multi_timescale_memory,CRA,multi_timescale_memory,candidate,NEST,44,0.0,0.0,0.0,0,False,0,False,-1,5,0.1,0.2,False,0.92,normal,replace,0.1,1.0,1.0,8,8,True,True,R3_invert,5.10
615,1000.0,8,8,0,8,0,0,3.0834803352999756,3.0834803352999756,3.0834803352999756,0.0,0.0,0.11642526468847574,1.000440989755017,0.0,False,0,0,0,0,0,0.0,0.0,0.0,0.0,0.0,0,0.0,0,0,disabled,disabled,0.17994011086792572,0.0,19.177792000164118,6.560832999866761,29.0932079999493,hidden_regime_switching,multi_timescale_memory,CRA,multi_timescale_memory,candidate,NEST,44,0.0,0.0,0.0,0,False,0,False,-1,5,0.1,0.2,False,0.92,normal,replace,0.1,1.0,1.0,8,8,True,True,R3_invert,5.10
616,1000.0,8,8,0,8,0,0,3.0778693453644235,3.0778693453644235,3.0778693453644235,-0.22252107298841167,-0.21014430021497088,0.11615874159269615,1.000440989755017,0.0,False,0,0,0,0,0,0.0,0.0,0.0,0.0,0.0,0,0.0,0,0,disabled,disabled,0.18109199985144908,0.0,82.66833300012877,7.160541999837733,92.41445900011058,hidden_regime_switching,multi_timescale_memory,CRA,multi_timescale_memory,candidate,NEST,44,-0.009712799627575276,0.0,0.01,1,True,-1,False,621,5,0.1,0.2,False,0.92,normal,replace,0.1,1.0,1.0,8,8,True,True,R3_invert,5.10
617,1000.0,8,8,0,8,0,0,3.073795865381981,3.073795865381981,3.073795865381981,0.0,0.0,0.11589122546453715,1.000440989755017,0.0,False,0,0,0,0,0,0.0,0.0,0.0,0.0,0.0,0,0.0,0,0,disabled,disabled,0.18029076176111491,0.0,18.685999999888736,6.456208000145125,27.781041999787703,hidden_regime_switching,multi_timescale_memory,CRA,multi_timescale_memory,candidate,NEST,44,0.0,0.0,0.0,0,False,0,False,-1,5,0.1,0.2,False,0.92,normal,replace,0.1,1.0,1.0,8,8,True,True,R3_invert,5.10
618,1000.0,8,8,0,8,0,0,3.0700294441345255,3.0700294441345255,3.0700294441345255,0.0,0.0,0.1156227378152187,1.000440989755017,0.0,True,0,0,0,0,0,0.0,0.0,0.0,0.0,0.0,0,0.0,0,0,disabled,disabled,0.18206824315796233,0.0,19.758040999931836,6.555917000014233,29.574333000027764,hidden_regime_switching,multi_timescale_memory,CRA,multi_timescale_memory,candidate,NEST,44,0.0,0.0,0.0,0,False,0,False,-1,5,0.1,0.2,False,0.92,normal,replace,0.1,1.0,1.0,8,8,True,True,R3_invert,5.10
619,1000.0,8,8,0,8,0,0,3.066416019586422,3.066416019586422,3.066416019586422,0.0,0.0,0.11535329993357536,1.000440989755017,0.0,True,0,0,0,0,0,0.0,0.0,0.0,0.0,0.0,0,0.0,0,0,disabled,disabled,0.1818382539055774,0.0,19.79666600004748,6.872500000099535,29.270915999859426,hidden_regime_switching,multi_timescale_memory,CRA,multi_timescale_memory,candidate,NEST,44,0.0,0.0,0.0,0,False,0,False,-1,5,0.1,0.2,False,0.92,normal,replace,0.1,1.0,1.0,8,8,True,True,R3_invert,5.10
620,1000.0,8,8,0,8,0,0,3.0628930187619487,3.0628930187619487,3.0628930187619487,0.0,0.0,0.11508293288795038,1.000440989755017,0.0,True,0,0,0,0,0,0.0,0.0,0.0,0.0,0.0,0,0.0,0,0,disabled,disabled,0.1822779071146794,0.0,18.876625000075364,7.240874999979496,28.72625000009066,hidden_regime_switching,multi_timescale_memory,CRA,multi_timescale_memory,candidate,NEST,44,0.0,0.0,0.0,0,False,0,False,-1,5,0.1,0.2,False,0.92,normal,replace,0.1,1.0,1.0,8,8,True,True,R3_invert,5.10
621,1000.0,8,8,0,8,0,0,3.0594348484030163,3.0594348484030163,3.0594348484030163,0.0,0.0,0.1148116575280753,1.000440989755017,0.0,False,0,0,0,0,0,0.0,0.0,0.0,0.0,0.0,0,0.0,0,0,disabled,disabled,0.18358674485816184,0.0,19.729832999928476,6.537500000149521,28.91391699995438,hidden_regime_switching,multi_timescale_memory,CRA,multi_timescale_memory,candidate,NEST,44,0.0,0.01,0.0,0,False,0,False,-1,5,0.1,0.2,False,0.92,normal,replace,0.1,1.0,1.0,8,8,True,True,R3_invert,5.10
622,1000.0,8,8,0,8,0,0,3.056010040651309,3.056010040651309,3.056010040651309,0.0,0.0,0.11453949448693476,1.000440989755017,0.0,False,0,0,0,0,0,0.0,0.0,0.0,0.0,0.0,0,0.0,0,0,disabled,disabled,0.18350751350642547,0.0,18.981917000019166,6.771250000156215,29.001333999985945,hidden_regime_switching,multi_timescale_memory,CRA,multi_timescale_memory,candidate,NEST,44,0.0,0.0,0.0,0,False,0,False,-1,5,0.1,0.2,False,0.92,normal,replace,0.1,1.0,1.0,8,8,True,True,R3_invert,5.10
623,1000.0,8,8,0,8,0,0,3.0526353992671766,3.0526353992671766,3.0526353992671766,0.0,0.0,0.11426646418261689,1.000440989755017,0.0,False,0,0,0,0,0,0.0,0.0,0.0,0.0,0.0,0,0.0,0,0,disabled,disabled,0.18591307177227634,0.0,20.260042000018075,7.0536250000259315,29.921916999910536,hidden_regime_switching,multi_timescale_memory,CRA,multi_timescale_memory,candidate,NEST,44,0.0,0.0,0.0,0,False,0,False,-1,5,0.1,0.2,False,0.92,normal,replace,0.1,1.0,1.0,8,8,True,True,R3_invert,5.10
624,1000.0,8,8,0,8,0,0,3.047175905034251,3.047175905034251,3.047175905034251,-0.13258451706759053,-0.12288360157992648,0.1139925868201493,1.000440989755017,0.0,False,0,0,0,0,0,0.0,0.0,0.0,0.0,0.0,0,0.0,0,0,disabled,disabled,0.18553906351858718,0.0,18.61129200005962,7.257125000023734,28.48258300014095,hidden_regime_switching,multi_timescale_memory,CRA,multi_timescale_memory,candidate,NEST,44,-0.00999391559800981,0.0,0.01,1,True,-1,False,629,5,0.1,0.2,False,0.92,normal,replace,0.1,1.0,1.0,8,8,True,True,R3_invert,5.10
625,1000.0,8,8,0,8,0,0,3.043535754365366,3.043535754365366,3.043535754365366,0.0,0.0,0.11371788239332076,1.000440989755017,0.0,False,0,0,0,0,0,0.0,0.0,0.0,0.0,0.0,0,0.0,0,0,disabled,disabled,0.1868991509566813,0.0,19.51733299983971,6.5745829999741545,28.76129099990976,hidden_regime_switching,multi_timescale_memory,CRA,multi_timescale_memory,candidate,NEST,44,0.0,0.0,0.0,0,False,0,False,-1,5,0.1,0.2,False,0.92,normal,replace,0.1,1.0,1.0,8,8,True,True,R3_invert,5.10
626,1000.0,8,8,0,8,0,0,3.0400845401736993,3.0400845401736993,3.0400845401736993,0.0,0.0,0.11344237068648863,1.000440989755017,0.0,True,0,0,0,0,0,0.0,0.0,0.0,0.0,0.0,0,0.0,0,0,disabled,disabled,0.18764923455265414,0.0,19.87787500002014,6.569042000137415,29.693209000015486,hidden_regime_switching,multi_timescale_memory,CRA,multi_timescale_memory,candidate,NEST,44,0.0,0.0,0.0,0,False,0,False,-1,5,0.1,0.2,False,0.92,normal,replace,0.1,1.0,1.0,8,8,True,True,R3_invert,5.10
627,1000.0,8,8,0,8,0,0,3.036739028834432,3.036739028834432,3.036739028834432,0.0,0.0,0.11316607127637232,1.000440989755017,0.0,True,0,0,0,0,0,0.0,0.0,0.0,0.0,0.0,0,0.0,0,0,disabled,disabled,0.1883068573535942,0.0,19.598416000008,6.706334000000425,28.916125000023385,hidden_regime_switching,multi_timescale_memory,CRA,multi_timescale_memory,candidate,NEST,44,0.0,0.0,0.0,0,False,0,False,-1,5,0.1,0.2,False,0.92,normal,replace,0.1,1.0,1.0,8,8,True,True,R3_invert,5.10
628,1000.0,8,8,0,8,0,0,3.0334434155012215,3.0334434155012215,3.0334434155012215,0.0,0.0,0.1128890035338327,1.000440989755017,0.0,True,0,0,0,0,0,0.0,0.0,0.0,0.0,0.0,0,0.0,0,0,disabled,disabled,0.18753917064903103,0.0,19.43341599985615,7.513209000080678,29.555374999972628,hidden_regime_switching,multi_timescale_memory,CRA,multi_timescale_memory,candidate,NEST,44,0.0,0.0,0.0,0,False,0,False,-1,5,0.1,0.2,False,0.92,normal,replace,0.1,1.0,1.0,8,8,True,True,R3_invert,5.10
629,1000.0,8,8,0,8,0,0,3.0301863655793895,3.0301863655793895,3.0301863655793895,0.0,0.0,0.1126111866256376,1.000440989755017,0.0,False,0,0,0,0,0,0.0,0.0,0.0,0.0,0.0,0,0.0,0,0,disabled,disabled,0.18772169155026042,0.0,18.910875000074157,6.706166999947527,28.28912500012848,hidden_regime_switching,multi_timescale_memory,CRA,multi_timescale_memory,candidate,NEST,44,0.0,0.01,0.0,0,False,0,False,-1,5,0.1,0.2,False,0.92,normal,replace,0.1,1.0,1.0,8,8,True,True,R3_invert,5.10
630,1000.0,8,8,0,8,0,0,3.0269461732406007,3.0269461732406007,3.0269461732406007,0.0,0.0,0.11233263951621363,1.000440989755017,0.0,False,0,0,0,0,0,0.0,0.0,0.0,0.0,0.0,0,0.0,0,0,disabled,disabled,0.186807689268087,0.0,19.804500000191183,6.636958999933995,29.80458299998645,hidden_regime_switching,multi_timescale_memory,CRA,multi_timescale_memory,candidate,NEST,44,0.0,0.0,0.0,0,False,0,False,-1,5,0.1,0.2,False,0.92,normal,replace,0.1,1.0,1.0,8,8,True,True,R3_invert,5.10
631,1000.0,8,8,0,8,0,0,3.023744914758141,3.023744914758141,3.023744914758141,0.0,0.0,0.11205338096938422,1.000440989755017,0.0,False,0,0,0,0,0,0.0,0.0,0.0,0.0,0.0,0,0.0,0,0,disabled,disabled,0.18855261296209402,0.0,19.279791999906593,6.926415999942037,28.836458000114362,hidden_regime_switching,multi_timescale_memory,CRA,multi_timescale_memory,candidate,NEST,44,0.0,0.0,0.0,0,False,0,False,-1,5,0.1,0.2,False,0.92,normal,replace,0.1,1.0,1.0,8,8,True,True,R3_invert,5.10
632,1000.0,8,8,0,8,0,0,3.0273839716941318,3.0273839716941318,3.0273839716941318,0.03984367810550214,0.03607360830461764,0.11177342955009419,1.000440989755017,0.0,True,0,0,0,0,0,0.0,0.0,0.0,0.0,0.0,0,0.0,0,0,disabled,disabled,0.1857992244884299,0.0,19.87604099986129,7.4654170000485465,29.95112500002506,hidden_regime_switching,multi_timescale_memory,CRA,multi_timescale_memory,candidate,NEST,44,0.010527059741674689,0.0,-0.01,-1,True,1,False,637,5,0.1,0.2,False,0.92,normal,replace,0.1,1.0,1.0,8,8,True,True,R3_invert,5.10
633,1000.0,8,8,0,8,0,0,3.0242467600589436,3.0242467600589436,3.0242467600589436,0.0,0.0,0.11152880362612072,1.000440989755017,0.0,False,0,0,0,0,0,0.0,0.0,0.0,0.0,0.0,0,0.0,0,0,disabled,disabled,0.18544984014039745,0.0,18.8080830000672,6.5408329999172565,27.99191700000847,hidden_regime_switching,multi_timescale_memory,CRA,multi_timescale_memory,candidate,NEST,44,0.0,0.0,0.0,0,False,0,False,-1,5,0.1,0.2,False,0.92,normal,replace,0.1,1.0,1.0,8,8,True,True,R3_invert,5.10
634,1000.0,8,8,0,8,0,0,3.0210682388068766,3.0210682388068766,3.0210682388068766,0.0,0.0,0.11128308936977115,1.000440989755017,0.0,True,0,0,0,0,0,0.0,0.0,0.0,0.0,0.0,0,0.0,0,0,disabled,disabled,0.18451930632762625,0.0,19.76645800004917,6.697499999972933,29.800541999975394,hidden_regime_switching,multi_timescale_memory,CRA,multi_timescale_memory,candidate,NEST,44,0.0,0.0,0.0,0,False,0,False,-1,5,0.1,0.2,False,0.92,normal,replace,0.1,1.0,1.0,8,8,True,True,R3_invert,5.10
635,1000.0,8,8,0,8,0,0,3.0178764282738086,3.0178764282738086,3.0178764282738086,0.0,0.0,0.11103630864756722,1.000440989755017,0.0,True,0,0,0,0,0,0.0,0.0,0.0,0.0,0.0,0,0.0,0,0,disabled,disabled,0.18398955924697002,0.0,80.51812500002598,7.28595900000073,90.42866599997978,hidden_regime_switching,multi_timescale_memory,CRA,multi_timescale_memory,candidate,NEST,44,0.0,0.0,0.0,0,False,0,False,-1,5,0.1,0.2,False,0.92,normal,replace,0.1,1.0,1.0,8,8,True,True,R3_invert,5.10
636,1000.0,8,8,0,8,0,0,3.0147177512583676,3.0147177512583676,3.0147177512583676,0.0,0.0,0.11078848310281243,1.000440989755017,0.0,True,0,0,0,0,0,0.0,0.0,0.0,0.0,0.0,0,0.0,0,0,disabled,disabled,0.18679318817670953,0.0,18.756500000108645,6.634332999965409,28.018041999985144,hidden_regime_switching,multi_timescale_memory,CRA,multi_timescale_memory,candidate,NEST,44,0.0,0.0,0.0,0,False,0,False,-1,5,0.1,0.2,False,0.92,normal,replace,0.1,1.0,1.0,8,8,True,True,R3_invert,5.10
637,1000.0,8,8,0,8,0,0,3.0115871204312166,3.0115871204312166,3.0115871204312166,0.0,-0.0,0.11053963415748339,1.000440989755017,0.0,False,0,0,0,0,0,0.0,0.0,0.0,0.0,0.0,0,0.0,0,0,disabled,disabled,0.18858053788442763,0.0,19.98549999984789,6.793917000095462,29.735166999898865,hidden_regime_switching,multi_timescale_memory,CRA,multi_timescale_memory,candidate,NEST,44,0.0,-0.01,0.0,0,False,0,False,-1,5,0.1,0.2,False,0.92,normal,replace,0.1,1.0,1.0,8,8,True,True,R3_invert,5.10
638,1000.0,8,8,0,8,0,0,3.008514297418638,3.008514297418638,3.008514297418638,0.0,-0.0,0.1102897830141066,1.000440989755017,0.0,False,0,0,0,0,0,0.0,0.0,0.0,0.0,0.0,0,0.0,0,0,disabled,disabled,0.19299756920996636,0.0,19.0010420001272,7.0693749999009015,28.67224999999962,hidden_regime_switching,multi_timescale_memory,CRA,multi_timescale_memory,candidate,NEST,44,0.0,0.0,0.0,0,False,0,False,-1,5,0.1,0.2,False,0.92,normal,replace,0.1,1.0,1.0,8,8,True,True,R3_invert,5.10
639,1000.0,8,8,0,8,0,0,3.005467917297282,3.005467917297282,3.005467917297282,0.0,-0.0,0.11003895065762065,1.000440989755017,0.0,False,0,0,0,0,0,0.0,0.0,0.0,0.0,0.0,0,0.0,0,0,disabled,disabled,0.19425812862684744,0.0,19.512124999891967,7.354041000098732,29.482916999995723,hidden_regime_switching,multi_timescale_memory,CRA,multi_timescale_memory,candidate,NEST,44,0.0,0.0,0.0,0,False,0,False,-1,5,0.1,0.2,False,0.92,normal,replace,0.1,1.0,1.0,8,8,True,True,R3_invert,5.10
640,1000.0,8,8,0,8,0,0,3.008849821521093,3.008849821521093,3.008849821521093,0.04006718327114121,-0.0352940675392951,0.10978715785722402,1.000440989755017,0.0,False,0,0,0,0,0,0.0,0.0,0.0,0.0,0.0,0,0.0,0,0,disabled,disabled,0.1900301075398021,0.0,19.506916999944224,6.7418329999782145,28.878749999876163,hidden_regime_switching,multi_timescale_memory,CRA,multi_timescale_memory,candidate,NEST,44,0.01029405255124624,0.0,-0.01,-1,True,1,False,645,5,0.1,0.2,False,0.92,normal,replace,0.1,1.0,1.0,8,8,True,True,R3_invert,5.10
641,1000.0,8,8,0,8,0,0,3.005663936753564,3.005663936753564,3.005663936753564,0.0,-0.0,0.10953442516820848,1.000440989755017,0.0,False,0,0,0,0,0,0.0,0.0,0.0,0.0,0.0,0,0.0,0,0,disabled,disabled,0.19026050500792202,0.0,18.760832999987542,6.818209000130082,28.682165999953213,hidden_regime_switching,multi_timescale_memory,CRA,multi_timescale_memory,candidate,NEST,44,0.0,0.0,0.0,0,False,0,False,-1,5,0.1,0.2,False,0.92,normal,replace,0.1,1.0,1.0,8,8,True,True,R3_invert,5.10
642,1000.0,8,8,0,8,0,0,3.002535907787167,3.002535907787167,3.002535907787167,0.0,0.0,0.10928077293377828,1.000440989755017,0.0,True,0,0,0,0,0,0.0,0.0,0.0,0.0,0.0,0,0.0,0,0,disabled,disabled,0.18975467413782088,0.0,19.567416999962006,7.284000000026936,29.48533300013878,hidden_regime_switching,multi_timescale_memory,CRA,multi_timescale_memory,candidate,NEST,44,0.0,0.0,0.0,0,False,0,False,-1,5,0.1,0.2,False,0.92,normal,replace,0.1,1.0,1.0,8,8,True,True,R3_invert,5.10
643,1000.0,8,8,0,8,0,0,2.9994736634990637,2.9994736634990637,2.9994736634990637,0.0,0.0,0.10902622128685517,1.000440989755017,0.0,True,0,0,0,0,0,0.0,0.0,0.0,0.0,0.0,0,0.0,0,0,disabled,disabled,0.19239797425978367,0.0,18.654167000022426,7.376916999874084,28.67866600013258,hidden_regime_switching,multi_timescale_memory,CRA,multi_timescale_memory,candidate,NEST,44,0.0,0.0,0.0,0,False,0,False,-1,5,0.1,0.2,False,0.92,normal,replace,0.1,1.0,1.0,8,8,True,True,R3_invert,5.10
644,1000.0,8,8,0,8,0,0,2.9964606574820802,2.9964606574820802,2.9964606574820802,0.0,0.0,0.10877079015186954,1.000440989755017,0.0,True,0,0,0,0,0,0.0,0.0,0.0,0.0,0.0,0,0.0,0,0,disabled,disabled,0.19458575251553878,0.0,19.43512500020006,6.688082999971812,28.761542000211193,hidden_regime_switching,multi_timescale_memory,CRA,multi_timescale_memory,candidate,NEST,44,0.0,0.0,0.0,0,False,0,False,-1,5,0.1,0.2,False,0.92,normal,replace,0.1,1.0,1.0,8,8,True,True,R3_invert,5.10
645,1000.0,8,8,0,8,0,0,2.9934699422783626,2.9934699422783626,2.9934699422783626,0.0,-0.0,0.1085144992465374,1.000440989755017,0.0,False,0,0,0,0,0,0.0,0.0,0.0,0.0,0.0,0,0.0,0,0,disabled,disabled,0.19473422957318842,0.0,19.178875000079643,6.708000000116954,28.76345799995761,hidden_regime_switching,multi_timescale_memory,CRA,multi_timescale_memory,candidate,NEST,44,0.0,-0.01,0.0,0,False,0,False,-1,5,0.1,0.2,False,0.92,normal,replace,0.1,1.0,1.0,8,8,True,True,R3_invert,5.10
646,1000.0,8,8,0,8,0,0,2.9905096060806344,2.9905096060806344,2.9905096060806344,0.0,-0.0,0.10825736808362378,1.000440989755017,0.0,False,0,0,0,0,0,0.0,0.0,0.0,0.0,0.0,0,0.0,0,0,disabled,disabled,0.19598058462892531,0.0,19.620124999846666,7.314875000020038,29.58083299995451,hidden_regime_switching,multi_timescale_memory,CRA,multi_timescale_memory,candidate,NEST,44,0.0,0.0,0.0,0,False,0,False,-1,5,0.1,0.2,False,0.92,normal,replace,0.1,1.0,1.0,8,8,True,True,R3_invert,5.10
647,1000.0,8,8,0,8,0,0,2.9875720941371884,2.9875720941371884,2.9875720941371884,0.0,-0.0,0.10799941597269225,1.000440989755017,0.0,False,0,0,0,0,0,0.0,0.0,0.0,0.0,0.0,0,0.0,0,0,disabled,disabled,0.19664953307861133,0.0,18.80041699996582,7.250999999996566,28.63941700002215,hidden_regime_switching,multi_timescale_memory,CRA,multi_timescale_memory,candidate,NEST,44,0.0,0.0,0.0,0,False,0,False,-1,5,0.1,0.2,False,0.92,normal,replace,0.1,1.0,1.0,8,8,True,True,R3_invert,5.10
648,1000.0,8,8,0,8,0,0,2.9824300756940265,2.9824300756940265,2.9824300756940265,0.0529707369359542,-0.045413213199636135,0.10774066202184089,1.000440989755017,0.0,False,0,0,0,0,0,0.0,0.0,0.0,0.0,0.0,0,0.0,0,0,disabled,disabled,0.19513790413340182,0.0,19.37637499986522,6.8739590001314355,28.973833999998533,hidden_regime_switching,multi_timescale_memory,CRA,multi_timescale_memory,candidate,NEST,44,-0.010068434147269063,0.0,0.01,1,True,1,True,653,5,0.1,0.2,False,0.92,normal,replace,0.1,1.0,1.0,8,8,True,True,R3_invert,5.10
649,1000.0,8,8,0,8,0,0,2.979383939805084,2.979383939805084,2.979383939805084,0.0,-0.0,0.10748112513942472,1.000440989755017,0.0,False,0,0,0,0,0,0.0,0.0,0.0,0.0,0.0,0,0.0,0,0,disabled,disabled,0.19422034647457487,0.0,20.1351660000455,6.924958999888986,29.815708000114682,hidden_regime_switching,multi_timescale_memory,CRA,multi_timescale_memory,candidate,NEST,44,0.0,0.0,0.0,0,False,0,False,-1,5,0.1,0.2,False,0.92,normal,replace,0.1,1.0,1.0,8,8,True,True,R3_invert,5.10
650,1000.0,8,8,0,8,0,0,2.9764368320587447,2.9764368320587447,2.9764368320587447,0.0,0.0,0.10722082403576477,1.000440989755017,0.0,True,0,0,0,0,0,0.0,0.0,0.0,0.0,0.0,0,0.0,0,0,disabled,disabled,0.19639578306756622,0.0,19.066915999928824,7.380959000101939,29.115999999930864,hidden_regime_switching,multi_timescale_memory,CRA,multi_timescale_memory,candidate,NEST,44,0.0,0.0,0.0,0,False,0,False,-1,5,0.1,0.2,False,0.92,normal,replace,0.1,1.0,1.0,8,8,True,True,R3_invert,5.10
651,1000.0,8,8,0,8,0,0,2.973553209253964,2.973553209253964,2.973553209253964,0.0,0.0,0.1069597772248437,1.000440989755017,0.0,True,0,0,0,0,0,0.0,0.0,0.0,0.0,0.0,0,0.0,0,0,disabled,disabled,0.19813532725502547,0.0,19.387041999834764,7.374708000043029,29.371208999918963,hidden_regime_switching,multi_timescale_memory,CRA,multi_timescale_memory,candidate,NEST,44,0.0,0.0,0.0,0,False,0,False,-1,5,0.1,0.2,False,0.92,normal,replace,0.1,1.0,1.0,8,8,True,True,R3_invert,5.10
652,1000.0,8,8,0,8,0,0,2.970710096027769,2.970710096027769,2.970710096027769,0.0,0.0,0.10669800302598842,1.000440989755017,0.0,True,0,0,0,0,0,0.0,0.0,0.0,0.0,0.0,0,0.0,0,0,disabled,disabled,0.1991733421346238,0.0,18.647749999900043,6.767999999965468,28.110416999879817,hidden_regime_switching,multi_timescale_memory,CRA,multi_timescale_memory,candidate,NEST,44,0.0,0.0,0.0,0,False,0,False,-1,5,0.1,0.2,False,0.92,normal,replace,0.1,1.0,1.0,8,8,True,True,R3_invert,5.10
653,1000.0,8,8,0,8,0,0,2.967900229532057,2.967900229532057,2.967900229532057,0.0,0.0,0.10643551956553929,1.000440989755017,0.0,False,0,0,0,0,0,0.0,0.0,0.0,0.0,0.0,0,0.0,0,0,disabled,disabled,0.20029320936144757,0.0,20.059124999988853,6.902125000124215,29.59562499995627,hidden_regime_switching,multi_timescale_memory,CRA,multi_timescale_memory,candidate,NEST,44,0.0,0.01,0.0,0,False,0,False,-1,5,0.1,0.2,False,0.92,normal,replace,0.1,1.0,1.0,8,8,True,True,R3_invert,5.10
654,1000.0,8,8,0,8,0,0,2.9651369207725056,2.9651369207725056,2.9651369207725056,0.0,0.0,0.10617234477850662,1.000440989755017,0.0,False,0,0,0,0,0,0.0,0.0,0.0,0.0,0.0,0,0.0,0,0,disabled,disabled,0.20313322579032445,0.0,19.06579100000272,7.3317920000590675,29.064166999887675,hidden_regime_switching,multi_timescale_memory,CRA,multi_timescale_memory,candidate,NEST,44,0.0,0.0,0.0,0,False,0,False,-1,5,0.1,0.2,False,0.92,normal,replace,0.1,1.0,1.0,8,8,True,True,R3_invert,5.10
655,1000.0,8,8,0,8,0,0,2.9624059224922212,2.9624059224922212,2.9624059224922212,0.0,0.0,0.10590849641021399,1.000440989755017,0.0,False,0,0,0,0,0,0.0,0.0,0.0,0.0,0.0,0,0.0,0,0,disabled,disabled,0.20478975886451867,0.0,19.435583000131373,7.388666999986526,29.428874999894106,hidden_regime_switching,multi_timescale_memory,CRA,multi_timescale_memory,candidate,NEST,44,0.0,0.0,0.0,0,False,0,False,-1,5,0.1,0.2,False,0.92,normal,replace,0.1,1.0,1.0,8,8,True,True,R3_invert,5.10
656,1000.0,8,8,0,8,0,0,2.9573870790453904,2.9573870790453904,2.9573870790453904,0.050637387768275734,0.0422982490279164,0.10564399201792884,1.000440989755017,0.0,True,0,0,0,0,0,0.0,0.0,0.0,0.0,0.0,0,0.0,0,0,disabled,disabled,0.20278933776112584,0.0,18.466333000105806,6.830499999978201,27.957416999925044,hidden_regime_switching,multi_timescale_memory,CRA,multi_timescale_memory,candidate,NEST,44,-0.010014795070346395,0.0,0.01,1,True,1,True,661,5,0.1,0.2,False,0.92,normal,replace,0.1,1.0,1.0,8,8,True,True,R3_invert,5.10
657,1000.0,8,8,0,8,0,0,2.954778661653266,2.954778661653266,2.954778661653266,0.0,0.0,0.10541484897248035,1.000440989755017,0.0,False,0,0,0,0,0,0.0,0.0,0.0,0.0,0.0,0,0.0,0,0,disabled,disabled,0.20115923411027925,0.0,79.79354100007185,7.490624999945794,89.87358399986078,hidden_regime_switching,multi_timescale_memory,CRA,multi_timescale_memory,candidate,NEST,44,0.0,0.0,0.0,0,False,0,False,-1,5,0.1,0.2,False,0.92,normal,replace,0.1,1.0,1.0,8,8,True,True,R3_invert,5.10
658,1000.0,8,8,0,8,0,0,2.9521379172564672,2.9521379172564672,2.9521379172564672,0.0,0.0,0.1051846524598646,1.000440989755017,0.0,True,0,0,0,0,0,0.0,0.0,0.0,0.0,0.0,0,0.0,0,0,disabled,disabled,0.20256058880709737,0.0,19.202708999955576,6.838999999899897,28.702374999966196,hidden_regime_switching,multi_timescale_memory,CRA,multi_timescale_memory,candidate,NEST,44,0.0,0.0,0.0,0,False,0,False,-1,5,0.1,0.2,False,0.92,normal,replace,0.1,1.0,1.0,8,8,True,True,R3_invert,5.10
659,1000.0,8,8,0,8,0,0,2.9494916404716207,2.9494916404716207,2.9494916404716207,0.0,0.0,0.10495342337083721,1.000440989755017,0.0,True,0,0,0,0,0,0.0,0.0,0.0,0.0,0.0,0,0.0,0,0,disabled,disabled,0.20368925038263352,0.0,18.747041000096942,6.965458999957264,28.90562500010674,hidden_regime_switching,multi_timescale_memory,CRA,multi_timescale_memory,candidate,NEST,44,0.0,0.0,0.0,0,False,0,False,-1,5,0.1,0.2,False,0.92,normal,replace,0.1,1.0,1.0,8,8,True,True,R3_invert,5.10
660,1000.0,8,8,0,8,0,0,2.946856106644584,2.946856106644584,2.946856106644584,0.0,0.0,0.10472118238338961,1.000440989755017,0.0,True,0,0,0,0,0,0.0,0.0,0.0,0.0,0.0,0,0.0,0,0,disabled,disabled,0.20495538181041528,0.0,20.245166999984576,6.88595799988434,29.729208999924595,hidden_regime_switching,multi_timescale_memory,CRA,multi_timescale_memory,candidate,NEST,44,0.0,0.0,0.0,0,False,0,False,-1,5,0.1,0.2,False,0.92,normal,replace,0.1,1.0,1.0,8,8,True,True,R3_invert,5.10
661,1000.0,8,8,0,8,0,0,2.944247012224424,2.944247012224424,2.944247012224424,0.0,0.0,0.10448794996455002,1.000440989755017,0.0,False,0,0,0,0,0,0.0,0.0,0.0,0.0,0.0,0,0.0,0,0,disabled,disabled,0.20704015177151724,0.0,18.66083400000207,7.447458000115148,28.708667000046262,hidden_regime_switching,multi_timescale_memory,CRA,multi_timescale_memory,candidate,NEST,44,0.0,0.01,0.0,0,False,0,False,-1,5,0.1,0.2,False,0.92,normal,replace,0.1,1.0,1.0,8,8,True,True,R3_invert,5.10
662,1000.0,8,8,0,8,0,0,2.941670399499547,2.941670399499547,2.941670399499547,0.0,0.0,0.1042537463721707,1.000440989755017,0.0,False,0,0,0,0,0,0.0,0.0,0.0,0.0,0.0,0,0.0,0,0,disabled,disabled,0.2093718354199039,0.0,19.457624999859036,6.981041000017285,29.065917000025365,hidden_regime_switching,multi_timescale_memory,CRA,multi_timescale_memory,candidate,NEST,44,0.0,0.0,0.0,0,False,0,False,-1,5,0.1,0.2,False,0.92,normal,replace,0.1,1.0,1.0,8,8,True,True,R3_invert,5.10
663,1000.0,8,8,0,8,0,0,2.939111965857975,2.939111965857975,2.939111965857975,0.0,0.0,0.10401859165670121,1.000440989755017,0.0,False,0,0,0,0,0,0.0,0.0,0.0,0.0,0.0,0,0.0,0,0,disabled,disabled,0.21012027269451927,0.0,19.22262499988392,6.91337500006739,29.240250000157175,hidden_regime_switching,multi_timescale_memory,CRA,multi_timescale_memory,candidate,NEST,44,0.0,0.0,0.0,0,False,0,False,-1,5,0.1,0.2,False,0.92,normal,replace,0.1,1.0,1.0,8,8,True,True,R3_invert,5.10
664,1000.0,8,8,0,8,0,0,2.943113958145654,2.943113958145654,2.943113958145654,-0.11236531424539375,-0.09130210687703592,0.10378250566294797,1.000440989755017,0.0,False,0,0,0,0,0,0.0,0.0,0.0,0.0,0.0,0,0.0,0,0,disabled,disabled,0.2088992930648823,0.0,19.435040999951525,7.013708999920709,29.06133300007241,hidden_regime_switching,multi_timescale_memory,CRA,multi_timescale_memory,candidate,NEST,44,0.01008828622834594,0.0,-0.01,-1,True,-1,True,669,5,0.1,0.2,False,0.92,normal,replace,0.1,1.0,1.0,8,8,True,True,R3_invert,5.10
665,1000.0,8,8,0,8,0,0,2.9402562439106545,2.9402562439106545,2.9402562439106545,0.0,0.0,0.10354550803182012,1.000440989755017,0.0,False,0,0,0,0,0,0.0,0.0,0.0,0.0,0.0,0,0.0,0,0,disabled,disabled,0.20776851981675293,0.0,19.43470800006253,7.744167000055313,29.80029199989076,hidden_regime_switching,multi_timescale_memory,CRA,multi_timescale_memory,candidate,NEST,44,0.0,0.0,0.0,0,False,0,False,-1,5,0.1,0.2,False,0.92,normal,replace,0.1,1.0,1.0,8,8,True,True,R3_invert,5.10
666,1000.0,8,8,0,8,0,0,2.9375280971278674,2.9375280971278674,2.9375280971278674,0.0,0.0,0.10330761820206194,1.000440989755017,0.0,True,0,0,0,0,0,0.0,0.0,0.0,0.0,0.0,0,0.0,0,0,disabled,disabled,0.20595422350241943,0.0,18.685540999967998,6.8903750000117725,28.198000000202228,hidden_regime_switching,multi_timescale_memory,CRA,multi_timescale_memory,candidate,NEST,44,0.0,0.0,0.0,0,False,0,False,-1,5,0.1,0.2,False,0.92,normal,replace,0.1,1.0,1.0,8,8,True,True,R3_invert,5.10
667,1000.0,8,8,0,8,0,0,2.9348918518175457,2.9348918518175457,2.9348918518175457,0.0,0.0,0.10306885541197171,1.000440989755017,0.0,True,0,0,0,0,0,0.0,0.0,0.0,0.0,0.0,0,0.0,0,0,disabled,disabled,0.207241825132658,0.0,19.45708400012336,7.128124999780994,29.72041599991826,hidden_regime_switching,multi_timescale_memory,CRA,multi_timescale_memory,candidate,NEST,44,0.0,0.0,0.0,0,False,0,False,-1,5,0.1,0.2,False,0.92,normal,replace,0.1,1.0,1.0,8,8,True,True,R3_invert,5.10
668,1000.0,8,8,0,8,0,0,2.932298356993834,2.932298356993834,2.932298356993834,0.0,0.0,0.10282923870110727,1.000440989755017,0.0,True,0,0,0,0,0,0.0,0.0,0.0,0.0,0.0,0,0.0,0,0,disabled,disabled,0.20691504113850723,0.0,19.232874999943306,7.0646670001224265,28.899084000158837,hidden_regime_switching,multi_timescale_memory,CRA,multi_timescale_memory,candidate,NEST,44,0.0,0.0,0.0,0,False,0,False,-1,5,0.1,0.2,False,0.92,normal,replace,0.1,1.0,1.0,8,8,True,True,R3_invert,5.10
669,1000.0,8,8,0,8,0,0,2.929767389900803,2.929767389900803,2.929767389900803,0.0,-0.0,0.1025887869119784,1.000440989755017,0.0,False,0,0,0,0,0,0.0,0.0,0.0,0.0,0.0,0,0.0,0,0,disabled,disabled,0.21024025990718798,0.0,19.29179200010367,7.742832999838356,29.64458399992509,hidden_regime_switching,multi_timescale_memory,CRA,multi_timescale_memory,candidate,NEST,44,0.0,-0.01,0.0,0,False,0,False,-1,5,0.1,0.2,False,0.92,normal,replace,0.1,1.0,1.0,8,8,True,True,R3_invert,5.10
670,1000.0,8,8,0,8,0,0,2.927270792329406,2.927270792329406,2.927270792329406,0.0,-0.0,0.10234751869172583,1.000440989755017,0.0,False,0,0,0,0,0,0.0,0.0,0.0,0.0,0.0,0,0.0,0,0,disabled,disabled,0.21159959079595758,0.0,18.72966699988865,6.979250000085813,28.363667000121495,hidden_regime_switching,multi_timescale_memory,CRA,multi_timescale_memory,candidate,NEST,44,0.0,0.0,0.0,0,False,0,False,-1,5,0.1,0.2,False,0.92,normal,replace,0.1,1.0,1.0,8,8,True,True,R3_invert,5.10
671,1000.0,8,8,0,8,0,0,2.924797805263493,2.924797805263493,2.924797805263493,0.0,-0.0,0.10210545249378745,1.000440989755017,0.0,False,0,0,0,0,0,0.0,0.0,0.0,0.0,0.0,0,0.0,0,0,disabled,disabled,0.21231931528514902,0.0,19.62625000010121,7.112458999927185,29.899999999997817,hidden_regime_switching,multi_timescale_memory,CRA,multi_timescale_memory,candidate,NEST,44,0.0,0.0,0.0,0,False,0,False,-1,5,0.1,0.2,False,0.92,normal,replace,0.1,1.0,1.0,8,8,True,True,R3_invert,5.10
672,1000.0,8,8,0,8,0,0,2.9199618511528778,2.9199618511528778,2.9199618511528778,0.11402480485545691,-0.09039395062815968,0.10186260657955143,1.000440989755017,0.0,False,0,0,0,0,0,0.0,0.0,0.0,0.0,0.0,0,0.0,0,0,disabled,disabled,0.21069694534003958,0.0,19.631749999916792,7.095707999951628,29.3417089999366,hidden_regime_switching,multi_timescale_memory,CRA,multi_timescale_memory,candidate,NEST,44,-0.010631201633306997,0.0,0.01,1,True,1,True,677,5,0.1,0.2,False,0.92,normal,replace,0.1,1.0,1.0,8,8,True,True,R3_invert,5.10
673,1000.0,8,8,0,8,0,0,2.9172312346429785,2.9172312346429785,2.9172312346429785,0.0,-0.0,0.10161899901999646,1.000440989755017,0.0,False,0,0,0,0,0,0.0,0.0,0.0,0.0,0.0,0,0.0,0,0,disabled,disabled,0.20920246041155366,0.0,18.632250000109707,7.6196669999717415,28.874833999907423,hidden_regime_switching,multi_timescale_memory,CRA,multi_timescale_memory,candidate,NEST,44,0.0,0.0,0.0,0,False,0,False,-1,5,0.1,0.2,False,0.92,normal,replace,0.1,1.0,1.0,8,8,True,True,R3_invert,5.10
674,1000.0,8,8,0,8,0,0,2.914638213891679,2.914638213891679,2.914638213891679,0.0,0.0,0.1013746476973193,1.000440989755017,0.0,True,0,0,0,0,0,0.0,0.0,0.0,0.0,0.0,0,0.0,0,0,disabled,disabled,0.2082680502110419,0.0,19.36512500014942,7.548915999905148,29.56066699994153,hidden_regime_switching,multi_timescale_memory,CRA,multi_timescale_memory,candidate,NEST,44,0.0,0.0,0.0,0,False,0,False,-1,5,0.1,0.2,False,0.92,normal,replace,0.1,1.0,1.0,8,8,True,True,R3_invert,5.10
675,1000.0,8,8,0,8,0,0,2.9121192347800826,2.9121192347800826,2.9121192347800826,0.0,0.0,0.10112957030654955,1.000440989755017,0.0,True,0,0,0,0,0,0.0,0.0,0.0,0.0,0.0,0,0.0,0,0,disabled,disabled,0.20776735801891544,0.0,18.75125000015032,7.05604199993104,28.524875000130123,hidden_regime_switching,multi_timescale_memory,CRA,multi_timescale_memory,candidate,NEST,44,0.0,0.0,0.0,0,False,0,False,-1,5,0.1,0.2,False,0.92,normal,replace,0.1,1.0,1.0,8,8,True,True,R3_invert,5.10
676,1000.0,8,8,0,8,0,0,2.9096492879010443,2.9096492879010443,2.9096492879010443,0.0,0.0,0.10088378435715192,1.000440989755017,0.0,True,0,0,0,0,0,0.0,0.0,0.0,0.0,0.0,0,0.0,0,0,disabled,disabled,0.20813637188477951,0.0,79.85504199996285,7.674292000046989,90.14391699997759,hidden_regime_switching,multi_timescale_memory,CRA,multi_timescale_memory,candidate,NEST,44,0.0,0.0,0.0,0,False,0,False,-1,5,0.1,0.2,False,0.92,normal,replace,0.1,1.0,1.0,8,8,True,True,R3_invert,5.10
677,1000.0,8,8,0,8,0,0,2.907222061715206,2.907222061715206,2.907222061715206,0.0,0.0,0.10063730717461604,1.000440989755017,0.0,False,0,0,0,0,0,0.0,0.0,0.0,0.0,0.0,0,0.0,0,0,disabled,disabled,0.20954576108643508,0.0,18.739999999979773,7.055167000089568,28.44945800006826,hidden_regime_switching,multi_timescale_memory,CRA,multi_timescale_memory,candidate,NEST,44,0.0,0.01,0.0,0,False,0,False,-1,5,0.1,0.2,False,0.92,normal,replace,0.1,1.0,1.0,8,8,True,True,R3_invert,5.10
678,1000.0,8,8,0,8,0,0,2.9048362807074963,2.9048362807074963,2.9048362807074963,0.0,0.0,0.10039015590203373,1.000440989755017,0.0,False,0,0,0,0,0,0.0,0.0,0.0,0.0,0.0,0,0.0,0,0,disabled,disabled,0.21166695300334304,0.0,19.391332999930455,7.237958999894545,29.747667000037836,hidden_regime_switching,multi_timescale_memory,CRA,multi_timescale_memory,candidate,NEST,44,0.0,0.0,0.0,0,False,0,False,-1,5,0.1,0.2,False,0.92,normal,replace,0.1,1.0,1.0,8,8,True,True,R3_invert,5.10
679,1000.0,8,8,0,8,0,0,2.902449994379575,2.902449994379575,2.902449994379575,0.0,0.0,0.10014234750166412,1.000440989755017,0.0,False,0,0,0,0,0,0.0,0.0,0.0,0.0,0.0,0,0.0,0,0,disabled,disabled,0.21004418182703155,0.0,19.692708000093262,7.147042000042347,29.43704200015418,hidden_regime_switching,multi_timescale_memory,CRA,multi_timescale_memory,candidate,NEST,44,0.0,0.0,0.0,0,False,0,False,-1,5,0.1,0.2,False,0.92,normal,replace,0.1,1.0,1.0,8,8,True,True,R3_invert,5.10
680,1000.0,8,8,0,8,0,0,2.897723160317873,2.897723160317873,2.897723160317873,0.10443956003237087,0.0808962678953452,0.09989389875648647,1.000440989755017,0.0,True,0,0,0,0,0,0.0,0.0,0.0,0.0,0.0,0,0.0,0,0,disabled,disabled,0.20800362014188778,0.0,18.52079200011758,7.689374999927168,28.866249999964566,hidden_regime_switching,multi_timescale_memory,CRA,multi_timescale_memory,candidate,NEST,44,-0.010114606632449423,0.0,-0.01,-1,True,1,False,685,5,0.1,0.2,False,0.92,normal,replace,0.1,1.0,1.0,8,8,True,True,R3_invert,5.10
681,1000.0,8,8,0,8,0,0,2.895564535746087,2.895564535746087,2.895564535746087,0.0,0.0,0.09968082627174088,1.000440989755017,0.0,False,0,0,0,0,0,0.0,0.0,0.0,0.0,0.0,0,0.0,0,0,disabled,disabled,0.2056706947399345,0.0,19.616875000110667,7.077165999817225,29.32050000003983,hidden_regime_switching,multi_timescale_memory,CRA,multi_timescale_memory,candidate,NEST,44,0.0,0.0,0.0,0,False,0,False,-1,5,0.1,0.2,False,0.92,normal,replace,0.1,1.0,1.0,8,8,True,True,R3_invert,5.10
682,1000.0,8,8,0,8,0,0,2.8932893788185163,2.8932893788185163,2.8932893788185163,0.0,0.0,0.09946671447645701,1.000440989755017,0.0,True,0,0,0,0,0,0.0,0.0,0.0,0.0,0.0,0,0.0,0,0,disabled,disabled,0.20467301406105687,0.0,18.77062499988824,7.173167000019021,29.027499999983775,hidden_regime_switching,multi_timescale_memory,CRA,multi_timescale_memory,candidate,NEST,44,0.0,0.0,0.0,0,False,0,False,-1,5,0.1,0.2,False,0.92,normal,replace,0.1,1.0,1.0,8,8,True,True,R3_invert,5.10
683,1000.0,8,8,0,8,0,0,2.8910725839591804,2.8910725839591804,2.8910725839591804,0.0,0.0,0.09925158351297077,1.000440989755017,0.0,True,0,0,0,0,0,0.0,0.0,0.0,0.0,0.0,0,0.0,0,0,disabled,disabled,0.21485368351333634,0.0,20.17224999985956,7.252165999943827,30.065041999932873,hidden_regime_switching,multi_timescale_memory,CRA,multi_timescale_memory,candidate,NEST,44,0.0,0.0,0.0,0,False,0,False,-1,5,0.1,0.2,False,0.92,normal,replace,0.1,1.0,1.0,8,8,True,True,R3_invert,5.10
684,1000.0,8,8,0,8,0,0,2.8888352769490524,2.8888352769490524,2.8888352769490524,0.0,0.0,0.0990354533193252,1.000440989755017,0.0,True,0,0,0,0,0,0.0,0.0,0.0,0.0,0.0,0,0.0,0,0,disabled,disabled,0.21475391124107723,0.0,18.70779199998651,7.690832999969643,29.002124999806256,hidden_regime_switching,multi_timescale_memory,CRA,multi_timescale_memory,candidate,NEST,44,0.0,0.0,0.0,0,False,0,False,-1,5,0.1,0.2,False,0.92,normal,replace,0.1,1.0,1.0,8,8,True,True,R3_invert,5.10
685,1000.0,8,8,0,8,0,0,2.886581548444159,2.886581548444159,2.886581548444159,0.0,-0.0,0.09881834363099691,1.000440989755017,0.0,False,0,0,0,0,0,0.0,0.0,0.0,0.0,0.0,0,0.0,0,0,disabled,disabled,0.2135500524121321,0.0,19.599999999854845,7.866667000143934,30.09454200014261,hidden_regime_switching,multi_timescale_memory,CRA,multi_timescale_memory,candidate,NEST,44,0.0,-0.01,0.0,0,False,0,False,-1,5,0.1,0.2,False,0.92,normal,replace,0.1,1.0,1.0,8,8,True,True,R3_invert,5.10
686,1000.0,8,8,0,8,0,0,2.8843401895193788,2.8843401895193788,2.8843401895193788,0.0,-0.0,0.09860027398260908,1.000440989755017,0.0,False,0,0,0,0,0,0.0,0.0,0.0,0.0,0.0,0,0.0,0,0,disabled,disabled,0.21443814455705024,0.0,18.777250000084678,7.184165999888137,28.642125000033047,hidden_regime_switching,multi_timescale_memory,CRA,multi_timescale_memory,candidate,NEST,44,0.0,0.0,0.0,0,False,0,False,-1,5,0.1,0.2,False,0.92,normal,replace,0.1,1.0,1.0,8,8,True,True,R3_invert,5.10
687,1000.0,8,8,0,8,0,0,2.8821009741206822,2.8821009741206822,2.8821009741206822,0.0,-0.0,0.09838126370963118,1.000440989755017,0.0,False,0,0,0,0,0,0.0,0.0,0.0,0.0,0.0,0,0.0,0,0,disabled,disabled,0.21394421663023078,0.0,20.10695800004214,7.220791999998255,29.94783400004053,hidden_regime_switching,multi_timescale_memory,CRA,multi_timescale_memory,candidate,NEST,44,0.0,0.0,0.0,0,False,0,False,-1,5,0.1,0.2,False,0.92,normal,replace,0.1,1.0,1.0,8,8,True,True,R3_invert,5.10
688,1000.0,8,8,0,8,0,0,2.887152555517726,2.887152555517726,2.887152555517726,-0.10244094663796116,0.07758503998082494,0.09816133195006564,1.000440989755017,0.0,True,0,0,0,0,0,0.0,0.0,0.0,0.0,0.0,0,0.0,0,0,disabled,disabled,0.21030862946283424,0.0,19.492915999990146,7.63629200014293,29.772874999935084,hidden_regime_switching,multi_timescale_memory,CRA,multi_timescale_memory,candidate,NEST,44,0.00969458044562755,0.0,-0.01,-1,True,-1,True,693,5,0.1,0.2,False,0.92,normal,replace,0.1,1.0,1.0,8,8,True,True,R3_invert,5.10
689,1000.0,8,8,0,8,0,0,2.885064240836402,2.885064240836402,2.885064240836402,0.0,-0.0,0.09797649764612133,1.000440989755017,0.0,False,0,0,0,0,0,0.0,0.0,0.0,0.0,0.0,0,0.0,0,0,disabled,disabled,0.20815449828888077,0.0,18.74754200002826,7.818291999910798,29.226915999970515,hidden_regime_switching,multi_timescale_memory,CRA,multi_timescale_memory,candidate,NEST,44,0.0,0.0,0.0,0,False,0,False,-1,5,0.1,0.2,False,0.92,normal,replace,0.1,1.0,1.0,8,8,True,True,R3_invert,5.10
690,1000.0,8,8,0,8,0,0,2.88289735910037,2.88289735910037,2.88289735910037,0.0,0.0,0.09779034754587417,1.000440989755017,0.0,True,0,0,0,0,0,0.0,0.0,0.0,0.0,0.0,0,0.0,0,0,disabled,disabled,0.21052745425753727,0.0,19.477375000178654,7.129916999929264,29.24779199997829,hidden_regime_switching,multi_timescale_memory,CRA,multi_timescale_memory,candidate,NEST,44,0.0,0.0,0.0,0,False,0,False,-1,5,0.1,0.2,False,0.92,normal,replace,0.1,1.0,1.0,8,8,True,True,R3_invert,5.10
691,1000.0,8,8,0,8,0,0,2.8807172601874007,2.8807172601874007,2.8807172601874007,0.0,0.0,0.0976029040929147,1.000440989755017,0.0,True,0,0,0,0,0,0.0,0.0,0.0,0.0,0.0,0,0.0,0,0,disabled,disabled,0.21380242707380237,0.0,18.817291000004843,7.292417000144269,29.204915999798686,hidden_regime_switching,multi_timescale_memory,CRA,multi_timescale_memory,candidate,NEST,44,0.0,0.0,0.0,0,False,0,False,-1,5,0.1,0.2,False,0.92,normal,replace,0.1,1.0,1.0,8,8,True,True,R3_invert,5.10
692,1000.0,8,8,0,8,0,0,2.8785184529844625,2.8785184529844625,2.8785184529844625,0.0,0.0,0.0974141895088791,1.000440989755017,0.0,True,0,0,0,0,0,0.0,0.0,0.0,0.0,0.0,0,0.0,0,0,disabled,disabled,0.21378786567567953,0.0,20.032082999932754,7.313709000072777,29.94729199986068,hidden_regime_switching,multi_timescale_memory,CRA,multi_timescale_memory,candidate,NEST,44,0.0,0.0,0.0,0,False,0,False,-1,5,0.1,0.2,False,0.92,normal,replace,0.1,1.0,1.0,8,8,True,True,R3_invert,5.10
693,1000.0,8,8,0,8,0,0,2.876332035456651,2.876332035456651,2.876332035456651,0.0,-0.0,0.09722422579530458,1.000440989755017,0.0,False,0,0,0,0,0,0.0,0.0,0.0,0.0,0.0,0,0.0,0,0,disabled,disabled,0.21540079407908497,0.0,18.86929100010093,7.899749999978667,29.363083000134793,hidden_regime_switching,multi_timescale_memory,CRA,multi_timescale_memory,candidate,NEST,44,0.0,-0.01,0.0,0,False,0,False,-1,5,0.1,0.2,False,0.92,normal,replace,0.1,1.0,1.0,8,8,True,True,R3_invert,5.10
694,1000.0,8,8,0,8,0,0,2.874170548379361,2.874170548379361,2.874170548379361,0.0,-0.0,0.09703303473547065,1.000440989755017,0.0,False,0,0,0,0,0,0.0,0.0,0.0,0.0,0.0,0,0.0,0,0,disabled,disabled,0.21755584458656685,0.0,19.37179199990169,7.571458000029452,29.543875000172193,hidden_regime_switching,multi_timescale_memory,CRA,multi_timescale_memory,candidate,NEST,44,0.0,0.0,0.0,0,False,0,False,-1,5,0.1,0.2,False,0.92,normal,replace,0.1,1.0,1.0,8,8,True,True,R3_invert,5.10
695,1000.0,8,8,0,8,0,0,2.8720428792161936,2.8720428792161936,2.8720428792161936,0.0,-0.0,0.09684063789622609,1.000440989755017,0.0,False,0,0,0,0,0,0.0,0.0,0.0,0.0,0.0,0,0.0,0,0,disabled,disabled,0.22025676686879692,0.0,18.739458000027298,7.2258750001310545,28.743917000156216,hidden_regime_switching,multi_timescale_memory,CRA,multi_timescale_memory,candidate,NEST,44,0.0,0.0,0.0,0,False,0,False,-1,5,0.1,0.2,False,0.92,normal,replace,0.1,1.0,1.0,8,8,True,True,R3_invert,5.10
696,1000.0,8,8,0,8,0,0,2.8781817686668663,2.8781817686668663,2.8781817686668663,-0.16953852230388622,0.12528520942803698,0.09664705662980198,1.000440989755017,0.0,True,0,0,0,0,0,0.0,0.0,0.0,0.0,0.0,0,0.0,0,0,disabled,disabled,0.2199371593929662,0.0,20.160416999942754,7.372083000063867,30.129375000115033,hidden_regime_switching,multi_timescale_memory,CRA,multi_timescale_memory,candidate,NEST,44,0.010170300219468242,0.0,-0.01,-1,True,-1,True,701,5,0.1,0.2,False,0.92,normal,replace,0.1,1.0,1.0,8,8,True,True,R3_invert,5.10
697,1000.0,8,8,0,8,0,0,2.876385792957841,2.876385792957841,2.876385792957841,0.0,-0.0,0.0964883120756107,1.000440989755017,0.0,False,0,0,0,0,0,0.0,0.0,0.0,0.0,0.0,0,0.0,0,0,disabled,disabled,0.2176644011788289,0.0,19.36087499984751,7.73045800019645,29.68529200006742,hidden_regime_switching,multi_timescale_memory,CRA,multi_timescale_memory,candidate,NEST,44,0.0,0.0,0.0,0,False,0,False,-1,5,0.1,0.2,False,0.92,normal,replace,0.1,1.0,1.0,8,8,True,True,R3_invert,5.10
698,1000.0,8,8,0,8,0,0,2.874413212852624,2.874413212852624,2.874413212852624,0.0,0.0,0.09632799316203104,1.000440989755017,0.0,True,0,0,0,0,0,0.0,0.0,0.0,0.0,0.0,0,0.0,0,0,disabled,disabled,0.2181922720767302,0.0,18.721333000030427,7.233916999894063,91.31966600011765,hidden_regime_switching,multi_timescale_memory,CRA,multi_timescale_memory,candidate,NEST,44,0.0,0.0,0.0,0,False,0,False,-1,5,0.1,0.2,False,0.92,normal,replace,0.1,1.0,1.0,8,8,True,True,R3_invert,5.10
699,1000.0,8,8,0,8,0,0,2.872382742128123,2.872382742128123,2.872382742128123,0.0,0.0,0.0961661244961796,1.000440989755017,0.0,True,0,0,0,0,0,0.0,0.0,0.0,0.0,0.0,0,0.0,0,0,disabled,disabled,0.22091466615230715,0.0,20.056249999925058,7.396833000029801,30.317166000031648,hidden_regime_switching,multi_timescale_memory,CRA,multi_timescale_memory,candidate,NEST,44,0.0,0.0,0.0,0,False,0,False,-1,5,0.1,0.2,False,0.92,normal,replace,0.1,1.0,1.0,8,8,True,True,R3_invert,5.10
700,1000.0,8,8,0,8,0,0,2.8703260825602785,2.8703260825602785,2.8703260825602785,0.0,0.0,0.09600273044656456,1.000440989755017,0.0,True,0,0,0,0,0,0.0,0.0,0.0,0.0,0.0,0,0.0,0,0,disabled,disabled,0.22213043871396376,0.0,19.033084000056988,7.769708000068931,29.409790999807228,hidden_regime_switching,multi_timescale_memory,CRA,multi_timescale_memory,candidate,NEST,44,0.0,0.0,0.0,0,False,0,False,-1,5,0.1,0.2,False,0.92,normal,replace,0.1,1.0,1.0,8,8,True,True,R3_invert,5.10
701,1000.0,8,8,0,8,0,0,2.868269815359697,2.868269815359697,2.868269815359697,0.0,-0.0,0.09583783514506303,1.000440989755017,0.0,False,0,0,0,0,0,0.0,0.0,0.0,0.0,0.0,0,0.0,0,0,disabled,disabled,0.223596518883582,0.0,19.61024999991423,7.888167000146495,30.10037499984719,hidden_regime_switching,multi_timescale_memory,CRA,multi_timescale_memory,candidate,NEST,44,0.0,-0.01,0.0,0,False,0,False,-1,5,0.1,0.2,False,0.92,normal,replace,0.1,1.0,1.0,8,8,True,True,R3_invert,5.10
702,1000.0,8,8,0,8,0,0,2.8661715138239687,2.8661715138239687,2.8661715138239687,0.0,-0.0,0.09567146248888345,1.000440989755017,0.0,False,0,0,0,0,0,0.0,0.0,0.0,0.0,0.0,0,0.0,0,0,disabled,disabled,0.21962497327421282,0.0,19.299207999893042,7.668667000189089,29.57687499997519,hidden_regime_switching,multi_timescale_memory,CRA,multi_timescale_memory,candidate,NEST,44,0.0,0.0,0.0,0,False,0,False,-1,5,0.1,0.2,False,0.92,normal,replace,0.1,1.0,1.0,8,8,True,True,R3_invert,5.10
703,1000.0,8,8,0,8,0,0,2.8640819737963636,2.8640819737963636,2.8640819737963636,0.0,-0.0,0.0955036361425128,1.000440989755017,0.0,False,0,0,0,0,0,0.0,0.0,0.0,0.0,0.0,0,0.0,0,0,disabled,disabled,0.22008504888074576,0.0,18.816666000020632,7.316334000051938,28.931166999882407,hidden_regime_switching,multi_timescale_memory,CRA,multi_timescale_memory,candidate,NEST,44,0.0,0.0,0.0,0,False,0,False,-1,5,0.1,0.2,False,0.92,normal,replace,0.1,1.0,1.0,8,8,True,True,R3_invert,5.10
704,1000.0,8,8,0,8,0,0,2.8595394840359356,2.8595394840359356,2.8595394840359356,0.23236482297950256,-0.1675923150104418,0.09533437953964899,1.000440989755017,0.0,False,0,0,0,0,0,0.0,0.0,0.0,0.0,0.0,0,0.0,0,0,disabled,disabled,0.21947735265861823,0.0,19.573415999957433,7.475625000097352,29.673208000076556,hidden_regime_switching,multi_timescale_memory,CRA,multi_timescale_memory,candidate,NEST,44,-0.010201384106718043,0.0,0.01,1,True,1,True,709,5,0.1,0.2,False,0.92,normal,replace,0.1,1.0,1.0,8,8,True,True,R3_invert,5.10
705,1000.0,8,8,0,8,0,0,2.8569372081657884,2.8569372081657884,2.8569372081657884,0.0,-0.0,0.09516371588511842,1.000440989755017,0.0,False,0,0,0,0,0,0.0,0.0,0.0,0.0,0.0,0,0.0,0,0,disabled,disabled,0.21680017139740748,0.0,18.793374999859225,7.7800830001706345,29.182624999975815,hidden_regime_switching,multi_timescale_memory,CRA,multi_timescale_memory,candidate,NEST,44,0.0,0.0,0.0,0,False,0,False,-1,5,0.1,0.2,False,0.92,normal,replace,0.1,1.0,1.0,8,8,True,True,R3_invert,5.10
706,1000.0,8,8,0,8,0,0,2.854583838654092,2.854583838654092,2.854583838654092,0.0,0.0,0.0949916681567788,1.000440989755017,0.0,True,0,0,0,0,0,0.0,0.0,0.0,0.0,0.0,0,0.0,0,0,disabled,disabled,0.21491052935289545,0.0,19.729666999865003,7.915249999996377,30.238084000075105,hidden_regime_switching,multi_timescale_memory,CRA,multi_timescale_memory,candidate,NEST,44,0.0,0.0,0.0,0,False,0,False,-1,5,0.1,0.2,False,0.92,normal,replace,0.1,1.0,1.0,8,8,True,True,R3_invert,5.10
707,1000.0,8,8,0,8,0,0,2.852352217791617,2.852352217791617,2.852352217791617,0.0,0.0,0.09481825910740739,1.000440989755017,0.0,True,0,0,0,0,0,0.0,0.0,0.0,0.0,0.0,0,0.0,0,0,disabled,disabled,0.21330291877319763,0.0,18.62762499990822,7.285874999979569,28.577124999856096,hidden_regime_switching,multi_timescale_memory,CRA,multi_timescale_memory,candidate,NEST,44,0.0,0.0,0.0,0,False,0,False,-1,5,0.1,0.2,False,0.92,normal,replace,0.1,1.0,1.0,8,8,True,True,R3_invert,5.10
708,1000.0,8,8,0,8,0,0,2.8501926931233244,2.8501926931233244,2.8501926931233244,0.0,0.0,0.09464351126657478,1.000440989755017,0.0,True,0,0,0,0,0,0.0,0.0,0.0,0.0,0.0,0,0.0,0,0,disabled,disabled,0.21318835333024655,0.0,19.85087499997462,7.395290999966164,30.382207999991806,hidden_regime_switching,multi_timescale_memory,CRA,multi_timescale_memory,candidate,NEST,44,0.0,0.0,0.0,0,False,0,False,-1,5,0.1,0.2,False,0.92,normal,replace,0.1,1.0,1.0,8,8,True,True,R3_invert,5.10
709,1000.0,8,8,0,8,0,0,2.8480793660130916,2.8480793660130916,2.8480793660130916,0.0,0.0,0.09446744694250431,1.000440989755017,0.0,False,0,0,0,0,0,0.0,0.0,0.0,0.0,0.0,0,0.0,0,0,disabled,disabled,0.2136466379883526,0.0,19.201084000087576,7.7186250000522705,29.534542000192232,hidden_regime_switching,multi_timescale_memory,CRA,multi_timescale_memory,candidate,NEST,44,0.0,0.01,0.0,0,False,0,False,-1,5,0.1,0.2,False,0.92,normal,replace,0.1,1.0,1.0,8,8,True,True,R3_invert,5.10
710,1000.0,8,8,0,8,0,0,2.845983075224871,2.845983075224871,2.845983075224871,0.0,0.0,0.09429008822391707,1.000440989755017,0.0,False,0,0,0,0,0,0.0,0.0,0.0,0.0,0.0,0,0.0,0,0,disabled,disabled,0.21276230464585577,0.0,19.760167000185902,8.042374999831736,30.406874999926004,hidden_regime_switching,multi_timescale_memory,CRA,multi_timescale_memory,candidate,NEST,44,0.0,0.0,0.0,0,False,0,False,-1,5,0.1,0.2,False,0.92,normal,replace,0.1,1.0,1.0,8,8,True,True,R3_invert,5.10
711,1000.0,8,8,0,8,0,0,2.843912096129629,2.843912096129629,2.843912096129629,0.0,0.0,0.09411145698186295,1.000440989755017,0.0,False,0,0,0,0,0,0.0,0.0,0.0,0.0,0.0,0,0.0,0,0,disabled,disabled,0.21349791247064687,0.0,19.388749999961874,8.089916000017183,30.10383399987404,hidden_regime_switching,multi_timescale_memory,CRA,multi_timescale_memory,candidate,NEST,44,0.0,0.0,0.0,0,False,0,False,-1,5,0.1,0.2,False,0.92,normal,replace,0.1,1.0,1.0,8,8,True,True,R3_invert,5.10
712,1000.0,8,8,0,8,0,0,2.8480997644626993,2.8480997644626993,2.8480997644626993,-0.2229583272533462,-0.15794107049255518,0.09393157487153742,1.000440989755017,0.0,False,0,0,0,0,0,0.0,0.0,0.0,0.0,0.0,0,0.0,0,0,disabled,disabled,0.21187752554152617,0.0,18.992458999946393,7.417833000090468,29.04850000004444,hidden_regime_switching,multi_timescale_memory,CRA,multi_timescale_memory,candidate,NEST,44,0.010104252089430702,0.0,-0.01,-1,True,-1,True,717,5,0.1,0.2,False,0.92,normal,replace,0.1,1.0,1.0,8,8,True,True,R3_invert,5.10
713,1000.0,8,8,0,8,0,0,2.845517061147104,2.845517061147104,2.845517061147104,0.0,0.0,0.09375046333408445,1.000440989755017,0.0,False,0,0,0,0,0,0.0,0.0,0.0,0.0,0.0,0,0.0,0,0,disabled,disabled,0.2092398783332552,0.0,19.56366700005674,7.678375000068627,30.303417000141053,hidden_regime_switching,multi_timescale_memory,CRA,multi_timescale_memory,candidate,NEST,44,0.0,0.0,0.0,0,False,0,False,-1,5,0.1,0.2,False,0.92,normal,replace,0.1,1.0,1.0,8,8,True,True,R3_invert,5.10
714,1000.0,8,8,0,8,0,0,2.8431710812226307,2.8431710812226307,2.8431710812226307,0.0,0.0,0.09356814359838554,1.000440989755017,0.0,True,0,0,0,0,0,0.0,0.0,0.0,0.0,0.0,0,0.0,0,0,disabled,disabled,0.20829151496152853,0.0,18.93425000002935,7.793666999987181,29.34179200019571,hidden_regime_switching,multi_timescale_memory,CRA,multi_timescale_memory,candidate,NEST,44,0.0,0.0,0.0,0,False,0,False,-1,5,0.1,0.2,False,0.92,normal,replace,0.1,1.0,1.0,8,8,True,True,R3_invert,5.10
715,1000.0,8,8,0,8,0,0,2.8409557835613186,2.8409557835613186,2.8409557835613186,0.0,0.0,0.09338463668283499,1.000440989755017,0.0,True,0,0,0,0,0,0.0,0.0,0.0,0.0,0.0,0,0.0,0,0,disabled,disabled,0.208642575656663,0.0,19.63366700010738,8.111790999919322,30.367292000164525,hidden_regime_switching,multi_timescale_memory,CRA,multi_timescale_memory,candidate,NEST,44,0.0,0.0,0.0,0,False,0,False,-1,5,0.1,0.2,False,0.92,normal,replace,0.1,1.0,1.0,8,8,True,True,R3_invert,5.10
716,1000.0,8,8,0,8,0,0,2.8388198181569617,2.8388198181569617,2.8388198181569617,0.0,0.0,0.0931999633971015,1.000440989755017,0.0,True,0,0,0,0,0,0.0,0.0,0.0,0.0,0.0,0,0.0,0,0,disabled,disabled,0.20971324014118053,0.0,18.67412499996135,7.8085420000206796,29.08295900010671,hidden_regime_switching,multi_timescale_memory,CRA,multi_timescale_memory,candidate,NEST,44,0.0,0.0,0.0,0,False,0,False,-1,5,0.1,0.2,False,0.92,normal,replace,0.1,1.0,1.0,8,8,True,True,R3_invert,5.10
717,1000.0,8,8,0,8,0,0,2.836731498066365,2.836731498066365,2.836731498066365,0.0,-0.0,0.09301414434387623,1.000440989755017,0.0,False,0,0,0,0,0,0.0,0.0,0.0,0.0,0.0,0,0.0,0,0,disabled,disabled,0.210529896756805,0.0,19.55616700001883,7.457500000100481,29.797916000006808,hidden_regime_switching,multi_timescale_memory,CRA,multi_timescale_memory,candidate,NEST,44,0.0,-0.01,0.0,0,False,0,False,-1,5,0.1,0.2,False,0.92,normal,replace,0.1,1.0,1.0,8,8,True,True,R3_invert,5.10
718,1000.0,8,8,0,8,0,0,2.8346940596862553,2.8346940596862553,2.8346940596862553,0.0,-0.0,0.09282719992060737,1.000440989755017,0.0,False,0,0,0,0,0,0.0,0.0,0.0,0.0,0.0,0,0.0,0,0,disabled,disabled,0.21314268742763876,0.0,19.326666000097248,7.426334000001589,29.37487499980307,hidden_regime_switching,multi_timescale_memory,CRA,multi_timescale_memory,candidate,NEST,44,0.0,0.0,0.0,0,False,0,False,-1,5,0.1,0.2,False,0.92,normal,replace,0.1,1.0,1.0,8,8,True,True,R3_invert,5.10
719,1000.0,8,8,0,8,0,0,2.8326648242988592,2.8326648242988592,2.8326648242988592,0.0,-0.0,0.09263915032122136,1.000440989755017,0.0,False,0,0,0,0,0,0.0,0.0,0.0,0.0,0.0,0,0.0,0,0,disabled,disabled,0.21223860853545773,0.0,78.8443339999958,7.50062500014792,88.93874999989748,hidden_regime_switching,multi_timescale_memory,CRA,multi_timescale_memory,candidate,NEST,44,0.0,0.0,0.0,0,False,0,False,-1,5,0.1,0.2,False,0.92,normal,replace,0.1,1.0,1.0,8,8,True,True,R3_invert,5.10
720,1000.0,8,8,0,8,0,0,2.828274353031499,2.828274353031499,2.828274353031499,0.2161505718358731,-0.1505290361847324,0.09245001553783085,1.000440989755017,0.0,False,0,0,0,0,0,0.0,0.0,0.0,0.0,0.0,0,0.0,0,0,disabled,disabled,0.2099808706374091,0.0,19.0001249998204,7.504166000217083,29.67741699990256,hidden_regime_switching,multi_timescale_memory,CRA,multi_timescale_memory,candidate,NEST,44,-0.010107668256984595,0.0,0.01,1,True,1,True,725,5,0.1,0.2,False,0.92,normal,replace,0.1,1.0,1.0,8,8,True,True,R3_invert,5.10
721,1000.0,8,8,0,8,0,0,2.8257907046367414,2.8257907046367414,2.8257907046367414,0.0,-0.0,0.09225981536242944,1.000440989755017,0.0,False,0,0,0,0,0,0.0,0.0,0.0,0.0,0.0,0,0.0,0,0,disabled,disabled,0.206879110366617,0.0,19.161333999818453,7.727875000000495,29.50591700005134,hidden_regime_switching,multi_timescale_memory,CRA,multi_timescale_memory,candidate,NEST,44,0.0,0.0,0.0,0,False,0,False,-1,5,0.1,0.2,False,0.92,normal,replace,0.1,1.0,1.0,8,8,True,True,R3_invert,5.10
722,1000.0,8,8,0,8,0,0,2.8235496375927425,2.8235496375927425,2.8235496375927425,0.0,0.0,0.0920685693885735,1.000440989755017,0.0,True,0,0,0,0,0,0.0,0.0,0.0,0.0,0.0,0,0.0,0,0,disabled,disabled,0.20807087453270778,0.0,19.313582999984646,8.108083000024635,30.0425410000571,hidden_regime_switching,multi_timescale_memory,CRA,multi_timescale_memory,candidate,NEST,44,0.0,0.0,0.0,0,False,0,False,-1,5,0.1,0.2,False,0.92,normal,replace,0.1,1.0,1.0,8,8,True,True,R3_invert,5.10
723,1000.0,8,8,0,8,0,0,2.8214401109974325,2.8214401109974325,2.8214401109974325,0.0,0.0,0.09187629701305078,1.000440989755017,0.0,True,0,0,0,0,0,0.0,0.0,0.0,0.0,0.0,0,0.0,0,0,disabled,disabled,0.20914135374161624,0.0,18.843082999865146,8.292875000051936,29.750250000006417,hidden_regime_switching,multi_timescale_memory,CRA,multi_timescale_memory,candidate,NEST,44,0.0,0.0,0.0,0,False,0,False,-1,5,0.1,0.2,False,0.92,normal,replace,0.1,1.0,1.0,8,8,True,True,R3_invert,5.10
724,1000.0,8,8,0,8,0,0,2.819414157545549,2.819414157545549,2.819414157545549,0.0,0.0,0.09168301743753635,1.000440989755017,0.0,True,0,0,0,0,0,0.0,0.0,0.0,0.0,0.0,0,0.0,0,0,disabled,disabled,0.21096084505785662,0.0,19.563416999972105,8.171916000037527,30.38441600006081,hidden_regime_switching,multi_timescale_memory,CRA,multi_timescale_memory,candidate,NEST,44,0.0,0.0,0.0,0,False,0,False,-1,5,0.1,0.2,False,0.92,normal,replace,0.1,1.0,1.0,8,8,True,True,R3_invert,5.10
725,1000.0,8,8,0,8,0,0,2.817428760039322,2.817428760039322,2.817428760039322,0.0,0.0,0.09148874967023561,1.000440989755017,0.0,False,0,0,0,0,0,0.0,0.0,0.0,0.0,0.0,0,0.0,0,0,disabled,disabled,0.21124318355702965,0.0,18.74433400007547,7.664624999961234,29.258666000032463,hidden_regime_switching,multi_timescale_memory,CRA,multi_timescale_memory,candidate,NEST,44,0.0,0.01,0.0,0,False,0,False,-1,5,0.1,0.2,False,0.92,normal,replace,0.1,1.0,1.0,8,8,True,True,R3_invert,5.10
726,1000.0,8,8,0,8,0,0,2.8154706223109804,2.8154706223109804,2.8154706223109804,0.0,0.0,0.09129351252751473,1.000440989755017,0.0,False,0,0,0,0,0,0.0,0.0,0.0,0.0,0.0,0,0.0,0,0,disabled,disabled,0.21160948855539807,0.0,19.471083000098588,7.757124999898224,30.665084000020215,hidden_regime_switching,multi_timescale_memory,CRA,multi_timescale_memory,candidate,NEST,44,0.0,0.0,0.0,0,False,0,False,-1,5,0.1,0.2,False,0.92,normal,replace,0.1,1.0,1.0,8,8,True,True,R3_invert,5.10
727,1000.0,8,8,0,8,0,0,2.8135431928953234,2.8135431928953234,2.8135431928953234,0.0,0.0,0.09109732463551838,1.000440989755017,0.0,False,0,0,0,0,0,0.0,0.0,0.0,0.0,0.0,0,0.0,0,0,disabled,disabled,0.21302855310563196,0.0,19.629375000022264,8.438166999894747,30.69212500008689,hidden_regime_switching,multi_timescale_memory,CRA,multi_timescale_memory,candidate,NEST,44,0.0,0.0,0.0,0,False,0,False,-1,5,0.1,0.2,False,0.92,normal,replace,0.1,1.0,1.0,8,8,True,True,R3_invert,5.10
728,1000.0,8,8,0,8,0,0,2.8179715991935383,2.8179715991935383,2.8179715991935383,-0.20799089457912212,-0.14259662017506386,0.090900204431775,1.000440989755017,0.0,False,0,0,0,0,0,0.0,0.0,0.0,0.0,0.0,0,0.0,0,0,disabled,disabled,0.21340333377040022,0.0,18.989666000152283,8.340666999856694,29.942500000061045,hidden_regime_switching,multi_timescale_memory,CRA,multi_timescale_memory,candidate,NEST,44,0.010029109574036136,0.0,-0.01,-1,True,-1,True,733,5,0.1,0.2,False,0.92,normal,replace,0.1,1.0,1.0,8,8,True,True,R3_invert,5.10
729,1000.0,8,8,0,8,0,0,2.8156266992632144,2.8156266992632144,2.8156266992632144,0.0,0.0,0.09070217016678966,1.000440989755017,0.0,False,0,0,0,0,0,0.0,0.0,0.0,0.0,0.0,0,0.0,0,0,disabled,disabled,0.21492861004557717,0.0,19.609415999866542,7.635792000201036,29.998708999983137,hidden_regime_switching,multi_timescale_memory,CRA,multi_timescale_memory,candidate,NEST,44,0.0,0.0,0.0,0,False,0,False,-1,5,0.1,0.2,False,0.92,normal,replace,0.1,1.0,1.0,8,8,True,True,R3_invert,5.10
730,1000.0,8,8,0,8,0,0,2.8135133243210864,2.8135133243210864,2.8135133243210864,0.0,0.0,0.09050323990562459,1.000440989755017,0.0,True,0,0,0,0,0,0.0,0.0,0.0,0.0,0.0,0,0.0,0,0,disabled,disabled,0.21546004683470876,0.0,18.82124999997359,7.692958000006911,29.84804100015026,hidden_regime_switching,multi_timescale_memory,CRA,multi_timescale_memory,candidate,NEST,44,0.0,0.0,0.0,0,False,0,False,-1,5,0.1,0.2,False,0.92,normal,replace,0.1,1.0,1.0,8,8,True,True,R3_invert,5.10
731,1000.0,8,8,0,8,0,0,2.811523731768916,2.811523731768916,2.811523731768916,0.0,0.0,0.0903034315294675,1.000440989755017,0.0,True,0,0,0,0,0,0.0,0.0,0.0,0.0,0.0,0,0.0,0,0,disabled,disabled,0.2160512570888784,0.0,21.011083000075814,7.7185840000311146,31.36033399982807,hidden_regime_switching,multi_timescale_memory,CRA,multi_timescale_memory,candidate,NEST,44,0.0,0.0,0.0,0,False,0,False,-1,5,0.1,0.2,False,0.92,normal,replace,0.1,1.0,1.0,8,8,True,True,R3_invert,5.10
732,1000.0,8,8,0,8,0,0,2.809591862348189,2.809591862348189,2.809591862348189,0.0,0.0,0.0901027627371877,1.000440989755017,0.0,True,0,0,0,0,0,0.0,0.0,0.0,0.0,0.0,0,0.0,0,0,disabled,disabled,0.21544134326330777,0.0,19.771665999996912,7.930875000056403,30.375250000133747,hidden_regime_switching,multi_timescale_memory,CRA,multi_timescale_memory,candidate,NEST,44,0.0,0.0,0.0,0,False,0,False,-1,5,0.1,0.2,False,0.92,normal,replace,0.1,1.0,1.0,8,8,True,True,R3_invert,5.10
733,1000.0,8,8,0,8,0,0,2.807710219414951,2.807710219414951,2.807710219414951,0.0,-0.0,0.0899012510468802,1.000440989755017,0.0,False,0,0,0,0,0,0.0,0.0,0.0,0.0,0.0,0,0.0,0,0,disabled,disabled,0.2168459907751128,0.0,19.732582999949955,8.336332999988372,30.699375000040163,hidden_regime_switching,multi_timescale_memory,CRA,multi_timescale_memory,candidate,NEST,44,0.0,-0.01,0.0,0,False,0,False,-1,5,0.1,0.2,False,0.92,normal,replace,0.1,1.0,1.0,8,8,True,True,R3_invert,5.10
734,1000.0,8,8,0,8,0,0,2.805858766496413,2.805858766496413,2.805858766496413,0.0,-0.0,0.08969891379739783,1.000440989755017,0.0,False,0,0,0,0,0,0.0,0.0,0.0,0.0,0.0,0,0.0,0,0,disabled,disabled,0.21760308425185482,0.0,18.878458000017417,8.516874999941138,30.018040999948425,hidden_regime_switching,multi_timescale_memory,CRA,multi_timescale_memory,candidate,NEST,44,0.0,0.0,0.0,0,False,0,False,-1,5,0.1,0.2,False,0.92,normal,replace,0.1,1.0,1.0,8,8,True,True,R3_invert,5.10
735,1000.0,8,8,0,8,0,0,2.8040208388395307,2.8040208388395307,2.8040208388395307,0.0,-0.0,0.08949576814987158,1.000440989755017,0.0,False,0,0,0,0,0,0.0,0.0,0.0,0.0,0.0,0,0.0,0,0,disabled,disabled,0.21738070898431516,0.0,19.040333000020837,7.7523340000880125,30.246374999933323,hidden_regime_switching,multi_timescale_memory,CRA,multi_timescale_memory,candidate,NEST,44,0.0,0.0,0.0,0,False,0,False,-1,5,0.1,0.2,False,0.92,normal,replace,0.1,1.0,1.0,8,8,True,True,R3_invert,5.10
736,1000.0,8,8,0,8,0,0,2.8104875585155296,2.8104875585155296,2.8104875585155296,-0.2011322295161157,0.1359509672716209,0.08929183108921893,1.000440989755017,0.0,True,0,0,0,0,0,0.0,0.0,0.0,0.0,0.0,0,0.0,0,0,disabled,disabled,0.2215244429045642,0.0,19.720958000107203,7.7534999998079,30.869624999922962,hidden_regime_switching,multi_timescale_memory,CRA,multi_timescale_memory,candidate,NEST,44,0.009995751727939345,0.0,-0.01,-1,True,-1,True,741,5,0.1,0.2,False,0.92,normal,replace,0.1,1.0,1.0,8,8,True,True,R3_invert,5.10
737,1000.0,8,8,0,8,0,0,2.8090669787227136,2.8090669787227136,2.8090669787227136,0.0,-0.0,0.08912311942564072,1.000440989755017,0.0,False,0,0,0,0,0,0.0,0.0,0.0,0.0,0.0,0,0.0,0,0,disabled,disabled,0.21934531304473737,0.0,19.73216700002922,7.8423330000987335,30.360290999851713,hidden_regime_switching,multi_timescale_memory,CRA,multi_timescale_memory,candidate,NEST,44,0.0,0.0,0.0,0,False,0,False,-1,5,0.1,0.2,False,0.92,normal,replace,0.1,1.0,1.0,8,8,True,True,R3_invert,5.10
738,1000.0,8,8,0,8,0,0,2.807430397005822,2.807430397005822,2.807430397005822,0.0,0.0,0.08895321779610622,1.000440989755017,0.0,True,0,0,0,0,0,0.0,0.0,0.0,0.0,0.0,0,0.0,0,0,disabled,disabled,0.21791509367555761,0.0,20.44962500008296,7.91516699996464,31.015750000051412,hidden_regime_switching,multi_timescale_memory,CRA,multi_timescale_memory,candidate,NEST,44,0.0,0.0,0.0,0,False,0,False,-1,5,0.1,0.2,False,0.92,normal,replace,0.1,1.0,1.0,8,8,True,True,R3_invert,5.10
739,1000.0,8,8,0,8,0,0,2.80567556265165,2.80567556265165,2.80567556265165,0.0,0.0,0.08878214655382684,1.000440989755017,0.0,True,0,0,0,0,0,0.0,0.0,0.0,0.0,0.0,0,0.0,0,0,disabled,disabled,0.2157034586556792,0.0,18.908791000058045,8.312959000022602,29.84175000005962,hidden_regime_switching,multi_timescale_memory,CRA,multi_timescale_memory,candidate,NEST,44,0.0,0.0,0.0,0,False,0,False,-1,5,0.1,0.2,False,0.92,normal,replace,0.1,1.0,1.0,8,8,True,True,R3_invert,5.10
740,1000.0,8,8,0,8,0,0,2.8038743922752056,2.8038743922752056,2.8038743922752056,0.0,0.0,0.08860992585061414,1.000440989755017,0.0,True,0,0,0,0,0,0.0,0.0,0.0,0.0,0.0,0,0.0,0,0,disabled,disabled,0.21533770796794371,0.0,79.24387499997465,7.854875000020911,89.7200829999747,hidden_regime_switching,multi_timescale_memory,CRA,multi_timescale_memory,candidate,NEST,44,0.0,0.0,0.0,0,False,0,False,-1,5,0.1,0.2,False,0.92,normal,replace,0.1,1.0,1.0,8,8,True,True,R3_invert,5.10
741,1000.0,8,8,0,8,0,0,2.8020525860588226,2.8020525860588226,2.8020525860588226,0.0,-0.0,0.08843657563856405,1.000440989755017,0.0,False,0,0,0,0,0,0.0,0.0,0.0,0.0,0.0,0,0.0,0,0,disabled,disabled,0.2149588408982721,0.0,20.010916000046564,7.742166999832989,30.379208999875118,hidden_regime_switching,multi_timescale_memory,CRA,multi_timescale_memory,candidate,NEST,44,0.0,-0.01,0.0,0,False,0,False,-1,5,0.1,0.2,False,0.92,normal,replace,0.1,1.0,1.0,8,8,True,True,R3_invert,5.10
742,1000.0,8,8,0,8,0,0,2.8002245855643824,2.8002245855643824,2.8002245855643824,0.0,-0.0,0.08826211567172794,1.000440989755017,0.0,False,0,0,0,0,0,0.0,0.0,0.0,0.0,0.0,0,0.0,0,0,disabled,disabled,0.2147342529322982,0.0,19.787040999972305,8.38908400010041,30.771042000196758,hidden_regime_switching,multi_timescale_memory,CRA,multi_timescale_memory,candidate,NEST,44,0.0,0.0,0.0,0,False,0,False,-1,5,0.1,0.2,False,0.92,normal,replace,0.1,1.0,1.0,8,8,True,True,R3_invert,5.10
743,1000.0,8,8,0,8,0,0,2.7984151683045653,2.7984151683045653,2.7984151683045653,0.0,-0.0,0.08808656550777087,1.000440989755017,0.0,False,0,0,0,0,0,0.0,0.0,0.0,0.0,0.0,0,0.0,0,0,disabled,disabled,0.2163371900717861,0.0,19.482624999909604,8.501083000055587,30.575833000057173,hidden_regime_switching,multi_timescale_memory,CRA,multi_timescale_memory,candidate,NEST,44,0.0,0.0,0.0,0,False,0,False,-1,5,0.1,0.2,False,0.92,normal,replace,0.1,1.0,1.0,8,8,True,True,R3_invert,5.10
744,1000.0,8,8,0,8,0,0,2.7941885093248757,2.7941885093248757,2.7941885093248757,0.2564911190365123,-0.1704983794391262,0.08790994450961712,1.000440989755017,0.0,False,0,0,0,0,0,0.0,0.0,0.0,0.0,0.0,0,0.0,0,0,disabled,disabled,0.2148882227586224,0.0,18.587707999813574,7.830417000150192,29.089750000139247,hidden_regime_switching,multi_timescale_memory,CRA,multi_timescale_memory,candidate,NEST,44,-0.009789315653958396,0.0,0.01,1,True,1,True,749,5,0.1,0.2,False,0.92,normal,replace,0.1,1.0,1.0,8,8,True,True,R3_invert,5.10
745,1000.0,8,8,0,8,0,0,2.7918778847995958,2.7918778847995958,2.7918778847995958,0.0,-0.0,0.08773227184708292,1.000440989755017,0.0,False,0,0,0,0,0,0.0,0.0,0.0,0.0,0.0,0,0.0,0,0,disabled,disabled,0.21503726914113663,0.0,19.358332999900085,7.7671670001109305,30.160041999806708,hidden_regime_switching,multi_timescale_memory,CRA,multi_timescale_memory,candidate,NEST,44,0.0,0.0,0.0,0,False,0,False,-1,5,0.1,0.2,False,0.92,normal,replace,0.1,1.0,1.0,8,8,True,True,R3_invert,5.10
746,1000.0,8,8,0,8,0,0,2.7898307415617327,2.7898307415617327,2.7898307415617327,0.0,0.0,0.0875535664984968,1.000440989755017,0.0,True,0,0,0,0,0,0.0,0.0,0.0,0.0,0.0,0,0.0,0,0,disabled,disabled,0.21465804013486167,0.0,19.921125000109896,7.899124999994456,30.43529199999284,hidden_regime_switching,multi_timescale_memory,CRA,multi_timescale_memory,candidate,NEST,44,0.0,0.0,0.0,0,False,0,False,-1,5,0.1,0.2,False,0.92,normal,replace,0.1,1.0,1.0,8,8,True,True,R3_invert,5.10
747,1000.0,8,8,0,8,0,0,2.7879130309442384,2.7879130309442384,2.7879130309442384,0.0,0.0,0.08737384725230722,1.000440989755017,0.0,True,0,0,0,0,0,0.0,0.0,0.0,0.0,0.0,0,0.0,0,0,disabled,disabled,0.21380506781669872,0.0,20.456499999909283,8.097791999944093,31.19729200011534,hidden_regime_switching,multi_timescale_memory,CRA,multi_timescale_memory,candidate,NEST,44,0.0,0.0,0.0,0,False,0,False,-1,5,0.1,0.2,False,0.92,normal,replace,0.1,1.0,1.0,8,8,True,True,R3_invert,5.10
748,1000.0,8,8,0,8,0,0,2.7860743701543558,2.7860743701543558,2.7860743701543558,0.0,0.0,0.08719313270867796,1.000440989755017,0.0,True,0,0,0,0,0,0.0,0.0,0.0,0.0,0.0,0,0.0,0,0,disabled,disabled,0.21443872852681523,0.0,18.796290999944176,8.429167000031157,29.843875000096887,hidden_regime_switching,multi_timescale_memory,CRA,multi_timescale_memory,candidate,NEST,44,0.0,0.0,0.0,0,False,0,False,-1,5,0.1,0.2,False,0.92,normal,replace,0.1,1.0,1.0,8,8,True,True,R3_invert,5.10
749,1000.0,8,8,0,8,0,0,2.7842682374509367,2.7842682374509367,2.7842682374509367,0.0,0.0,0.08701144128107116,1.000440989755017,0.0,False,0,0,0,0,0,0.0,0.0,0.0,0.0,0.0,0,0.0,0,0,disabled,disabled,0.21360840192801422,0.0,19.810958000107348,8.509916999855704,30.946000000085405,hidden_regime_switching,multi_timescale_memory,CRA,multi_timescale_memory,candidate,NEST,44,0.0,0.01,0.0,0,False,0,False,-1,5,0.1,0.2,False,0.92,normal,replace,0.1,1.0,1.0,8,8,True,True,R3_invert,5.10
750,1000.0,8,8,0,8,0,0,2.78248048020855,2.78248048020855,2.78248048020855,0.0,0.0,0.08682879119781813,1.000440989755017,0.0,False,0,0,0,0,0,0.0,0.0,0.0,0.0,0.0,0,0.0,0,0,disabled,disabled,0.21298490593027797,0.0,19.342415999972218,7.808000000068205,29.81391599996641,hidden_regime_switching,multi_timescale_memory,CRA,multi_timescale_memory,candidate,NEST,44,0.0,0.0,0.0,0,False,0,False,-1,5,0.1,0.2,False,0.92,normal,replace,0.1,1.0,1.0,8,8,True,True,R3_invert,5.10
751,1000.0,8,8,0,8,0,0,2.7807095874541012,2.7807095874541012,2.7807095874541012,0.0,0.0,0.08664520050367802,1.000440989755017,0.0,False,0,0,0,0,0,0.0,0.0,0.0,0.0,0.0,0,0.0,0,0,disabled,disabled,0.2130167720504268,0.0,18.893916000024547,7.882208999944851,30.072667000013098,hidden_regime_switching,multi_timescale_memory,CRA,multi_timescale_memory,candidate,NEST,44,0.0,0.0,0.0,0,False,0,False,-1,5,0.1,0.2,False,0.92,normal,replace,0.1,1.0,1.0,8,8,True,True,R3_invert,5.10
752,1000.0,8,8,0,8,0,0,2.776568900353727,2.776568900353727,2.776568900353727,0.25399436489280963,0.16699258223178998,0.08646068706138448,1.000440989755017,0.0,True,0,0,0,0,0,0.0,0.0,0.0,0.0,0.0,0,0.0,0,0,disabled,disabled,0.21092009191323147,0.0,20.31099999999242,8.136500000091473,31.070541999952184,hidden_regime_switching,multi_timescale_memory,CRA,multi_timescale_memory,candidate,NEST,44,-0.00997729418557594,0.0,0.01,1,True,1,True,757,5,0.1,0.2,False,0.92,normal,replace,0.1,1.0,1.0,8,8,True,True,R3_invert,5.10
753,1000.0,8,8,0,8,0,0,2.7752518115821863,2.7752518115821863,2.7752518115821863,0.0,0.0,0.08631126855318033,1.000440989755017,0.0,False,0,0,0,0,0,0.0,0.0,0.0,0.0,0.0,0,0.0,0,0,disabled,disabled,0.20651907573062367,0.0,19.182959000090705,8.313999999927546,30.114417000049798,hidden_regime_switching,multi_timescale_memory,CRA,multi_timescale_memory,candidate,NEST,44,0.0,0.0,0.0,0,False,0,False,-1,5,0.1,0.2,False,0.92,normal,replace,0.1,1.0,1.0,8,8,True,True,R3_invert,5.10
754,1000.0,8,8,0,8,0,0,2.773675620668436,2.773675620668436,2.773675620668436,0.0,0.0,0.08616053048234042,1.000440989755017,0.0,True,0,0,0,0,0,0.0,0.0,0.0,0.0,0.0,0,0.0,0,0,disabled,disabled,0.20436119548686182,0.0,19.467707999865524,8.569332999968537,30.642082999975173,hidden_regime_switching,multi_timescale_memory,CRA,multi_timescale_memory,candidate,NEST,44,0.0,0.0,0.0,0,False,0,False,-1,5,0.1,0.2,False,0.92,normal,replace,0.1,1.0,1.0,8,8,True,True,R3_invert,5.10
755,1000.0,8,8,0,8,0,0,2.771986261498578,2.771986261498578,2.771986261498578,0.0,0.0,0.08600849406268267,1.000440989755017,0.0,True,0,0,0,0,0,0.0,0.0,0.0,0.0,0.0,0,0.0,0,0,disabled,disabled,0.20424425728040774,0.0,19.117916999903173,8.531375000075059,30.285666999816385,hidden_regime_switching,multi_timescale_memory,CRA,multi_timescale_memory,candidate,NEST,44,0.0,0.0,0.0,0,False,0,False,-1,5,0.1,0.2,False,0.92,normal,replace,0.1,1.0,1.0,8,8,True,True,R3_invert,5.10
756,1000.0,8,8,0,8,0,0,2.7702706193584667,2.7702706193584667,2.7702706193584667,0.0,0.0,0.08585518030096345,1.000440989755017,0.0,True,0,0,0,0,0,0.0,0.0,0.0,0.0,0.0,0,0.0,0,0,disabled,disabled,0.20667885673263608,0.0,19.720084000027782,7.946624999931373,30.34412500005601,hidden_regime_switching,multi_timescale_memory,CRA,multi_timescale_memory,candidate,NEST,44,0.0,0.0,0.0,0,False,0,False,-1,5,0.1,0.2,False,0.92,normal,replace,0.1,1.0,1.0,8,8,True,True,R3_invert,5.10
757,1000.0,8,8,0,8,0,0,2.768527092144985,2.768527092144985,2.768527092144985,0.0,0.0,0.0857006099985986,1.000440989755017,0.0,False,0,0,0,0,0,0.0,0.0,0.0,0.0,0.0,0,0.0,0,0,disabled,disabled,0.2060961616310335,0.0,19.235250000065207,7.951416999958383,30.658291999998255,hidden_regime_switching,multi_timescale_memory,CRA,multi_timescale_memory,candidate,NEST,44,0.0,0.01,0.0,0,False,0,False,-1,5,0.1,0.2,False,0.92,normal,replace,0.1,1.0,1.0,8,8,True,True,R3_invert,5.10
758,1000.0,8,8,0,8,0,0,2.7667921769868316,2.7667921769868316,2.7667921769868316,0.0,0.0,0.0855448037533713,1.000440989755017,0.0,False,0,0,0,0,0,0.0,0.0,0.0,0.0,0.0,0,0.0,0,0,disabled,disabled,0.20759512737566865,0.0,20.702875000097265,8.035916999915571,31.338084000026356,hidden_regime_switching,multi_timescale_memory,CRA,multi_timescale_memory,candidate,NEST,44,0.0,0.0,0.0,0,False,0,False,-1,5,0.1,0.2,False,0.92,normal,replace,0.1,1.0,1.0,8,8,True,True,R3_invert,5.10
759,1000.0,8,8,0,8,0,0,2.7650398092520123,2.7650398092520123,2.7650398092520123,0.0,0.0,0.08538778196112677,1.000440989755017,0.0,False,0,0,0,0,0,0.0,0.0,0.0,0.0,0.0,0,0.0,0,0,disabled,disabled,0.20579780436470596,0.0,19.785208000030252,7.96083299997008,30.365290999952776,hidden_regime_switching,multi_timescale_memory,CRA,multi_timescale_memory,candidate,NEST,44,0.0,0.0,0.0,0,False,0,False,-1,5,0.1,0.2,False,0.92,normal,replace,0.1,1.0,1.0,8,8,True,True,R3_invert,5.10
760,1000.0,8,8,0,8,0,0,2.760974940983244,2.760974940983244,2.760974940983244,0.32480688783714823,0.21028639652223347,0.08522956481745406,1.000440989755017,0.0,True,0,0,0,0,0,0.0,0.0,0.0,0.0,0.0,0,0.0,0,0,disabled,disabled,0.20583049703867928,0.0,81.43620900000315,8.509499999945547,92.54641699999411,hidden_regime_switching,multi_timescale_memory,CRA,multi_timescale_memory,candidate,NEST,44,-0.010364049864588587,0.0,0.01,1,True,1,True,765,5,0.1,0.2,False,0.92,normal,replace,0.1,1.0,1.0,8,8,True,True,R3_invert,5.10
761,1000.0,8,8,0,8,0,0,2.7598402961813706,2.7598402961813706,2.7598402961813706,0.0,0.0,0.08510617231935481,1.000440989755017,0.0,False,0,0,0,0,0,0.0,0.0,0.0,0.0,0.0,0,0.0,0,0,disabled,disabled,0.20476853218332813,0.0,19.268541999963418,8.011916999976165,29.902209000056246,hidden_regime_switching,multi_timescale_memory,CRA,multi_timescale_memory,candidate,NEST,44,0.0,0.0,0.0,0,False,0,False,-1,5,0.1,0.2,False,0.92,normal,replace,0.1,1.0,1.0,8,8,True,True,R3_invert,5.10
762,1000.0,8,8,0,8,0,0,2.758410013141868,2.758410013141868,2.758410013141868,0.0,0.0,0.08498119226689933,1.000440989755017,0.0,True,0,0,0,0,0,0.0,0.0,0.0,0.0,0.0,0,0.0,0,0,disabled,disabled,0.2049962333706361,0.0,19.079208999983166,8.055415999933757,30.25045799995496,hidden_regime_switching,multi_timescale_memory,CRA,multi_timescale_memory,candidate,NEST,44,0.0,0.0,0.0,0,False,0,False,-1,5,0.1,0.2,False,0.92,normal,replace,0.1,1.0,1.0,8,8,True,True,R3_invert,5.10
763,1000.0,8,8,0,8,0,0,2.7568350555090553,2.7568350555090553,2.7568350555090553,0.0,0.0,0.08485464815286982,1.000440989755017,0.0,True,0,0,0,0,0,0.0,0.0,0.0,0.0,0.0,0,0.0,0,0,disabled,disabled,0.20503736917544568,0.0,20.16079100008028,8.037166999883993,30.819332999953986,hidden_regime_switching,multi_timescale_memory,CRA,multi_timescale_memory,candidate,NEST,44,0.0,0.0,0.0,0,False,0,False,-1,5,0.1,0.2,False,0.92,normal,replace,0.1,1.0,1.0,8,8,True,True,R3_invert,5.10
764,1000.0,8,8,0,8,0,0,2.7552463980971664,2.7552463980971664,2.7552463980971664,0.0,0.0,0.08472656324528706,1.000440989755017,0.0,True,0,0,0,0,0,0.0,0.0,0.0,0.0,0.0,0,0.0,0,0,disabled,disabled,0.21028056123939898,0.0,19.201541000029465,8.402916999784793,30.20812499994463,hidden_regime_switching,multi_timescale_memory,CRA,multi_timescale_memory,candidate,NEST,44,0.0,0.0,0.0,0,False,0,False,-1,5,0.1,0.2,False,0.92,normal,replace,0.1,1.0,1.0,8,8,True,True,R3_invert,5.10
765,1000.0,8,8,0,8,0,0,2.7536242505219253,2.7536242505219253,2.7536242505219253,0.0,0.0,0.08459696058926179,1.000440989755017,0.0,False,0,0,0,0,0,0.0,0.0,0.0,0.0,0.0,0,0.0,0,0,disabled,disabled,0.21006080126518523,0.0,18.934541999897192,8.589750000055574,30.123166000066703,hidden_regime_switching,multi_timescale_memory,CRA,multi_timescale_memory,candidate,NEST,44,0.0,0.01,0.0,0,False,0,False,-1,5,0.1,0.2,False,0.92,normal,replace,0.1,1.0,1.0,8,8,True,True,R3_invert,5.10
766,1000.0,8,8,0,8,0,0,2.751982342686167,2.751982342686167,2.751982342686167,0.0,0.0,0.08446586300883198,1.000440989755017,0.0,False,0,0,0,0,0,0.0,0.0,0.0,0.0,0.0,0,0.0,0,0,disabled,disabled,0.20926005885351984,0.0,19.43670800005748,8.479625000063606,30.58779200000572,hidden_regime_switching,multi_timescale_memory,CRA,multi_timescale_memory,candidate,NEST,44,0.0,0.0,0.0,0,False,0,False,-1,5,0.1,0.2,False,0.92,normal,replace,0.1,1.0,1.0,8,8,True,True,R3_invert,5.10
767,1000.0,8,8,0,8,0,0,2.7503364204989795,2.7503364204989795,2.7503364204989795,0.0,0.0,0.08433329310878612,1.000440989755017,0.0,False,0,0,0,0,0,0.0,0.0,0.0,0.0,0.0,0,0.0,0,0,disabled,disabled,0.20903931796310715,0.0,18.855000000030486,8.04183400009606,29.66545899994344,hidden_regime_switching,multi_timescale_memory,CRA,multi_timescale_memory,candidate,NEST,44,0.0,0.0,0.0,0,False,0,False,-1,5,0.1,0.2,False,0.92,normal,replace,0.1,1.0,1.0,8,8,True,True,R3_invert,5.10
768,1000.0,8,8,0,8,0,0,2.754382076019985,2.754382076019985,2.754382076019985,-0.3763487200599767,-0.24038638312364397,0.0841992732764725,1.000440989755017,0.0,False,0,0,0,0,0,0.0,0.0,0.0,0.0,0.0,0,0.0,0,0,disabled,disabled,0.20845921516027932,0.0,20.324000000073283,8.2132919999367,31.155125000168482,hidden_regime_switching,multi_timescale_memory,CRA,multi_timescale_memory,candidate,NEST,44,0.010113659481461711,0.0,0.01,1,True,-1,False,773,5,0.1,0.2,False,0.92,normal,replace,0.1,1.0,1.0,8,8,True,True,R4_identity,5.10
769,1000.0,8,8,0,8,0,0,2.7520013813289883,2.7520013813289883,2.7520013813289883,0.0,0.0,0.08406382568359472,1.000440989755017,0.0,False,0,0,0,0,0,0.0,0.0,0.0,0.0,0.0,0,0.0,0,0,disabled,disabled,0.20762885893123606,0.0,18.682291000004625,8.33316700004616,29.695499999888852,hidden_regime_switching,multi_timescale_memory,CRA,multi_timescale_memory,candidate,NEST,44,0.0,0.0,0.0,0,False,0,False,-1,5,0.1,0.2,False,0.92,normal,replace,0.1,1.0,1.0,8,8,True,True,R4_identity,5.10
770,1000.0,8,8,0,8,0,0,2.7499609598790897,2.7499609598790897,2.7499609598790897,0.0,0.0,0.08392697228799352,1.000440989755017,0.0,True,0,0,0,0,0,0.0,0.0,0.0,0.0,0.0,0,0.0,0,0,disabled,disabled,0.20525008499880926,0.0,19.33333300007689,8.637208999971335,30.57787499983533,hidden_regime_switching,multi_timescale_memory,CRA,multi_timescale_memory,candidate,NEST,44,0.0,0.0,0.0,0,False,0,False,-1,5,0.1,0.2,False,0.92,normal,replace,0.1,1.0,1.0,8,8,True,True,R4_identity,5.10
771,1000.0,8,8,0,8,0,0,2.748096070642168,2.748096070642168,2.748096070642168,0.0,0.0,0.08378873483541492,1.000440989755017,0.0,True,0,0,0,0,0,0.0,0.0,0.0,0.0,0.0,0,0.0,0,0,disabled,disabled,0.20448969548229368,0.0,18.935458999976618,8.886041000096156,30.47662499989201,hidden_regime_switching,multi_timescale_memory,CRA,multi_timescale_memory,candidate,NEST,44,0.0,0.0,0.0,0,False,0,False,-1,5,0.1,0.2,False,0.92,normal,replace,0.1,1.0,1.0,8,8,True,True,R4_identity,5.10
772,1000.0,8,8,0,8,0,0,2.746317957824779,2.746317957824779,2.746317957824779,0.0,0.0,0.08364913486126489,1.000440989755017,0.0,True,0,0,0,0,0,0.0,0.0,0.0,0.0,0.0,0,0.0,0,0,disabled,disabled,0.203636136531812,0.0,19.439165999983743,8.048959000007017,30.12020799997117,hidden_regime_switching,multi_timescale_memory,CRA,multi_timescale_memory,candidate,NEST,44,0.0,0.0,0.0,0,False,0,False,-1,5,0.1,0.2,False,0.92,normal,replace,0.1,1.0,1.0,8,8,True,True,R4_identity,5.10
773,1000.0,8,8,0,8,0,0,2.7445877518286945,2.7445877518286945,2.7445877518286945,0.0,0.0,0.0835081936923506,1.000440989755017,0.0,False,0,0,0,0,0,0.0,0.0,0.0,0.0,0.0,0,0.0,0,0,disabled,disabled,0.203278873911926,0.0,19.347541000115598,8.044250000011743,30.488375000004453,hidden_regime_switching,multi_timescale_memory,CRA,multi_timescale_memory,candidate,NEST,44,0.0,0.01,0.0,0,False,0,False,-1,5,0.1,0.2,False,0.92,normal,replace,0.1,1.0,1.0,8,8,True,True,R4_identity,5.10
774,1000.0,8,8,0,8,0,0,2.742899613367778,2.742899613367778,2.742899613367778,0.0,0.0,0.08336593244860828,1.000440989755017,0.0,False,0,0,0,0,0,0.0,0.0,0.0,0.0,0.0,0,0.0,0,0,disabled,disabled,0.20450489484273326,0.0,19.40929099987443,8.094792000065354,30.111750000060056,hidden_regime_switching,multi_timescale_memory,CRA,multi_timescale_memory,candidate,NEST,44,0.0,0.0,0.0,0,False,0,False,-1,5,0.1,0.2,False,0.92,normal,replace,0.1,1.0,1.0,8,8,True,True,R4_identity,5.10
775,1000.0,8,8,0,8,0,0,2.741236248206195,2.741236248206195,2.741236248206195,0.0,0.0,0.08322237204481793,1.000440989755017,0.0,False,0,0,0,0,0,0.0,0.0,0.0,0.0,0.0,0,0.0,0,0,disabled,disabled,0.20508804104112865,0.0,19.549042000107875,8.555749999914042,30.7508329999564,hidden_regime_switching,multi_timescale_memory,CRA,multi_timescale_memory,candidate,NEST,44,0.0,0.0,0.0,0,False,0,False,-1,5,0.1,0.2,False,0.92,normal,replace,0.1,1.0,1.0,8,8,True,True,R4_identity,5.10
776,1000.0,8,8,0,8,0,0,2.7453589073596216,2.7453589073596216,2.7453589073596216,-0.2790997338322242,-0.1784236870492583,0.08307753319230493,1.000440989755017,0.0,False,0,0,0,0,0,0.0,0.0,0.0,0.0,0.0,0,0.0,0,0,disabled,disabled,0.204249682572879,0.0,19.151500000134547,8.642541999961395,30.40529199984121,hidden_regime_switching,multi_timescale_memory,CRA,multi_timescale_memory,candidate,NEST,44,0.009873485624957221,0.0,0.01,1,True,-1,False,781,5,0.1,0.2,False,0.92,normal,replace,0.1,1.0,1.0,8,8,True,True,R4_identity,5.10
777,1000.0,8,8,0,8,0,0,2.743164058989558,2.743164058989558,2.743164058989558,0.0,0.0,0.08293143640062846,1.000440989755017,0.0,False,0,0,0,0,0,0.0,0.0,0.0,0.0,0.0,0,0.0,0,0,disabled,disabled,0.20351594099224357,0.0,19.33037499998136,8.726708000040162,30.66145899992989,hidden_regime_switching,multi_timescale_memory,CRA,multi_timescale_memory,candidate,NEST,44,0.0,0.0,0.0,0,False,0,False,-1,5,0.1,0.2,False,0.92,normal,replace,0.1,1.0,1.0,8,8,True,True,R4_identity,5.10
778,1000.0,8,8,0,8,0,0,2.7412322895232815,2.7412322895232815,2.7412322895232815,0.0,0.0,0.08278410197925719,1.000440989755017,0.0,True,0,0,0,0,0,0.0,0.0,0.0,0.0,0.0,0,0.0,0,0,disabled,disabled,0.2030367192279945,0.0,18.786624999847845,8.076250000158325,29.516416999967987,hidden_regime_switching,multi_timescale_memory,CRA,multi_timescale_memory,candidate,NEST,44,0.0,0.0,0.0,0,False,0,False,-1,5,0.1,0.2,False,0.92,normal,replace,0.1,1.0,1.0,8,8,True,True,R4_identity,5.10
779,1000.0,8,8,0,8,0,0,2.7394546461561085,2.7394546461561085,2.7394546461561085,0.0,0.0,0.08263555003923195,1.000440989755017,0.0,True,0,0,0,0,0,0.0,0.0,0.0,0.0,0.0,0,0.0,0,0,disabled,disabled,0.2047792433914699,0.0,79.66254100006154,8.626792000086425,91.36516700004904,hidden_regime_switching,multi_timescale_memory,CRA,multi_timescale_memory,candidate,NEST,44,0.0,0.0,0.0,0,False,0,False,-1,5,0.1,0.2,False,0.92,normal,replace,0.1,1.0,1.0,8,8,True,True,R4_identity,5.10
780,1000.0,8,8,0,8,0,0,2.737762420200178,2.737762420200178,2.737762420200178,0.0,0.0,0.08248580049481577,1.000440989755017,0.0,True,0,0,0,0,0,0.0,0.0,0.0,0.0,0.0,0,0.0,0,0,disabled,disabled,0.2060285210448729,0.0,18.885041999965324,8.795375000090644,30.283790999874327,hidden_regime_switching,multi_timescale_memory,CRA,multi_timescale_memory,candidate,NEST,44,0.0,0.0,0.0,0,False,0,False,-1,5,0.1,0.2,False,0.92,normal,replace,0.1,1.0,1.0,8,8,True,True,R4_identity,5.10
781,1000.0,8,8,0,8,0,0,2.7360936176665582,2.7360936176665582,2.7360936176665582,0.0,0.0,0.08233487306513115,1.000440989755017,0.0,False,0,0,0,0,0,0.0,0.0,0.0,0.0,0.0,0,0.0,0,0,disabled,disabled,0.20430910704130056,0.0,19.558167000013782,8.92795799995838,31.174875000033353,hidden_regime_switching,multi_timescale_memory,CRA,multi_timescale_memory,candidate,NEST,44,0.0,0.01,0.0,0,False,0,False,-1,5,0.1,0.2,False,0.92,normal,replace,0.1,1.0,1.0,8,8,True,True,R4_identity,5.10
782,1000.0,8,8,0,8,0,0,2.7344622656645763,2.7344622656645763,2.7344622656645763,0.0,0.0,0.08218278727578496,1.000440989755017,0.0,False,0,0,0,0,0,0.0,0.0,0.0,0.0,0.0,0,0.0,0,0,disabled,disabled,0.2056325700893602,0.0,19.21054100012043,8.285083999908238,30.163124999944557,hidden_regime_switching,multi_timescale_memory,CRA,multi_timescale_memory,candidate,NEST,44,0.0,0.0,0.0,0,False,0,False,-1,5,0.1,0.2,False,0.92,normal,replace,0.1,1.0,1.0,8,8,True,True,R4_identity,5.10
783,1000.0,8,8,0,8,0,0,2.7328338861472146,2.7328338861472146,2.7328338861472146,0.0,0.0,0.08202956246048057,1.000440989755017,0.0,False,0,0,0,0,0,0.0,0.0,0.0,0.0,0.0,0,0.0,0,0,disabled,disabled,0.20434794934351075,0.0,18.9649169999484,8.175458000096114,30.277999999952954,hidden_regime_switching,multi_timescale_memory,CRA,multi_timescale_memory,candidate,NEST,44,0.0,0.0,0.0,0,False,0,False,-1,5,0.1,0.2,False,0.92,normal,replace,0.1,1.0,1.0,8,8,True,True,R4_identity,5.10
784,1000.0,8,8,0,8,0,0,2.728922645411188,2.728922645411188,2.728922645411188,0.18168052941041293,0.11606162262234247,0.0818752177626179,1.000440989755017,0.0,True,0,0,0,0,0,0.0,0.0,0.0,0.0,0.0,0,0.0,0,0,disabled,disabled,0.203252215407832,0.0,20.04579200001899,8.197957999982464,30.88370900013615,hidden_regime_switching,multi_timescale_memory,CRA,multi_timescale_memory,candidate,NEST,44,-0.009557024466940959,0.0,-0.01,-1,True,1,False,789,5,0.1,0.2,False,0.92,normal,replace,0.1,1.0,1.0,8,8,True,True,R4_identity,5.10
785,1000.0,8,8,0,8,0,0,2.7276370255048197,2.7276370255048197,2.7276370255048197,0.0,0.0,0.081755772136881,1.000440989755017,0.0,False,0,0,0,0,0,0.0,0.0,0.0,0.0,0.0,0,0.0,0,0,disabled,disabled,0.20229671157176998,0.0,19.080749999830005,8.757167000112531,30.500208000148632,hidden_regime_switching,multi_timescale_memory,CRA,multi_timescale_memory,candidate,NEST,44,0.0,0.0,0.0,0,False,0,False,-1,5,0.1,0.2,False,0.92,normal,replace,0.1,1.0,1.0,8,8,True,True,R4_identity,5.10
786,1000.0,8,8,0,8,0,0,2.72618806170249,2.72618806170249,2.72618806170249,0.0,0.0,0.08163481235081349,1.000440989755017,0.0,True,0,0,0,0,0,0.0,0.0,0.0,0.0,0.0,0,0.0,0,0,disabled,disabled,0.20181716852735487,0.0,19.817167000155678,8.894749999853957,31.34683300004326,hidden_regime_switching,multi_timescale_memory,CRA,multi_timescale_memory,candidate,NEST,44,0.0,0.0,0.0,0,False,0,False,-1,5,0.1,0.2,False,0.92,normal,replace,0.1,1.0,1.0,8,8,True,True,R4_identity,5.10
787,1000.0,8,8,0,8,0,0,2.7246584844156114,2.7246584844156114,2.7246584844156114,0.0,0.0,0.08151236087438186,1.000440989755017,0.0,True,0,0,0,0,0,0.0,0.0,0.0,0.0,0.0,0,0.0,0,0,disabled,disabled,0.201285127637707,0.0,20.190458999877592,8.950958000013998,31.759624999949665,hidden_regime_switching,multi_timescale_memory,CRA,multi_timescale_memory,candidate,NEST,44,0.0,0.0,0.0,0,False,0,False,-1,5,0.1,0.2,False,0.92,normal,replace,0.1,1.0,1.0,8,8,True,True,R4_identity,5.10
788,1000.0,8,8,0,8,0,0,2.723089897733263,2.723089897733263,2.723089897733263,0.0,0.0,0.08138843996242279,1.000440989755017,0.0,True,0,0,0,0,0,0.0,0.0,0.0,0.0,0.0,0,0.0,0,0,disabled,disabled,0.20075673760478896,0.0,19.679708000012397,8.912499999951251,31.259082999895327,hidden_regime_switching,multi_timescale_memory,CRA,multi_timescale_memory,candidate,NEST,44,0.0,0.0,0.0,0,False,0,False,-1,5,0.1,0.2,False,0.92,normal,replace,0.1,1.0,1.0,8,8,True,True,R4_identity,5.10
789,1000.0,8,8,0,8,0,0,2.7215028787093005,2.7215028787093005,2.7215028787093005,0.0,-0.0,0.08126307165641575,1.000440989755017,0.0,False,0,0,0,0,0,0.0,0.0,0.0,0.0,0.0,0,0.0,0,0,disabled,disabled,0.20021385819986026,0.0,19.232583000075465,8.132166999985202,30.063790999975026,hidden_regime_switching,multi_timescale_memory,CRA,multi_timescale_memory,candidate,NEST,44,0.0,-0.01,0.0,0,False,0,False,-1,5,0.1,0.2,False,0.92,normal,replace,0.1,1.0,1.0,8,8,True,True,R4_identity,5.10
790,1000.0,8,8,0,8,0,0,2.7199172612695866,2.7199172612695866,2.7199172612695866,0.0,-0.0,0.08113627778624215,1.000440989755017,0.0,False,0,0,0,0,0,0.0,0.0,0.0,0.0,0.0,0,0.0,0,0,disabled,disabled,0.2005999136479577,0.0,18.970833000139464,8.240582999860635,30.352708000009443,hidden_regime_switching,multi_timescale_memory,CRA,multi_timescale_memory,candidate,NEST,44,0.0,0.0,0.0,0,False,0,False,-1,5,0.1,0.2,False,0.92,normal,replace,0.1,1.0,1.0,8,8,True,True,R4_identity,5.10
791,1000.0,8,8,0,8,0,0,2.718353918224008,2.718353918224008,2.718353918224008,0.0,-0.0,0.08100807997193099,1.000440989755017,0.0,False,0,0,0,0,0,0.0,0.0,0.0,0.0,0.0,0,0.0,0,0,disabled,disabled,0.20253820189208227,0.0,20.24845899995853,8.410540999875593,31.27870899993468,hidden_regime_switching,multi_timescale_memory,CRA,multi_timescale_memory,candidate,NEST,44,0.0,0.0,0.0,0,False,0,False,-1,5,0.1,0.2,False,0.92,normal,replace,0.1,1.0,1.0,8,8,True,True,R4_identity,5.10
792,1000.0,8,8,0,8,0,0,2.7239510935529054,2.7239510935529054,2.7239510935529054,-0.18325036571484615,0.11644788356147878,0.08087849962539127,1.000440989755017,0.0,True,0,0,0,0,0,0.0,0.0,0.0,0.0,0.0,0,0.0,0,0,disabled,disabled,0.20282183168671253,0.0,19.14758299994901,8.760083999959534,30.52233400012483,hidden_regime_switching,multi_timescale_memory,CRA,multi_timescale_memory,candidate,NEST,44,0.009471835715915674,0.0,0.01,1,True,-1,False,797,5,0.1,0.2,False,0.92,normal,replace,0.1,1.0,1.0,8,8,True,True,R4_identity,5.10
793,1000.0,8,8,0,8,0,0,2.722694863021148,2.722694863021148,2.722694863021148,0.0,-0.0,0.08078355795213103,1.000440989755017,0.0,False,0,0,0,0,0,0.0,0.0,0.0,0.0,0.0,0,0.0,0,0,disabled,disabled,0.20251554941722194,0.0,19.802166000090438,8.805833999986135,31.205500000169195,hidden_regime_switching,multi_timescale_memory,CRA,multi_timescale_memory,candidate,NEST,44,0.0,0.0,0.0,0,False,0,False,-1,5,0.1,0.2,False,0.92,normal,replace,0.1,1.0,1.0,8,8,True,True,R4_identity,5.10
794,1000.0,8,8,0,8,0,0,2.721267263075074,2.721267263075074,2.721267263075074,0.0,0.0,0.0806868439529634,1.000440989755017,0.0,True,0,0,0,0,0,0.0,0.0,0.0,0.0,0.0,0,0.0,0,0,disabled,disabled,0.20152956367297037,0.0,18.784666999863475,8.814208000103463,30.229250000047614,hidden_regime_switching,multi_timescale_memory,CRA,multi_timescale_memory,candidate,NEST,44,0.0,0.0,0.0,0,False,0,False,-1,5,0.1,0.2,False,0.92,normal,replace,0.1,1.0,1.0,8,8,True,True,R4_identity,5.10
795,1000.0,8,8,0,8,0,0,2.719763866610985,2.719763866610985,2.719763866610985,0.0,0.0,0.0805883823136995,1.000440989755017,0.0,True,0,0,0,0,0,0.0,0.0,0.0,0.0,0.0,0,0.0,0,0,disabled,disabled,0.20155844215086383,0.0,19.507583999939015,8.708749999868814,30.867250000028434,hidden_regime_switching,multi_timescale_memory,CRA,multi_timescale_memory,candidate,NEST,44,0.0,0.0,0.0,0,False,0,False,-1,5,0.1,0.2,False,0.92,normal,replace,0.1,1.0,1.0,8,8,True,True,R4_identity,5.10
796,1000.0,8,8,0,8,0,0,2.718225972953695,2.718225972953695,2.718225972953695,0.0,0.0,0.08048819748772447,1.000440989755017,0.0,True,0,0,0,0,0,0.0,0.0,0.0,0.0,0.0,0,0.0,0,0,disabled,disabled,0.20153585966069176,0.0,18.77508300003683,8.198666999987836,29.704166999863446,hidden_regime_switching,multi_timescale_memory,CRA,multi_timescale_memory,candidate,NEST,44,0.0,0.0,0.0,0,False,0,False,-1,5,0.1,0.2,False,0.92,normal,replace,0.1,1.0,1.0,8,8,True,True,R4_identity,5.10
797,1000.0,8,8,0,8,0,0,2.7166957879071933,2.7166957879071933,2.7166957879071933,0.0,0.0,0.08038631369789784,1.000440989755017,0.0,False,0,0,0,0,0,0.0,0.0,0.0,0.0,0.0,0,0.0,0,0,disabled,disabled,0.2035908072515138,0.0,20.17879200002426,8.374958000104016,31.17658299993309,hidden_regime_switching,multi_timescale_memory,CRA,multi_timescale_memory,candidate,NEST,44,0.0,0.01,0.0,0,False,0,False,-1,5,0.1,0.2,False,0.92,normal,replace,0.1,1.0,1.0,8,8,True,True,R4_identity,5.10
798,1000.0,8,8,0,8,0,0,2.7151568462479645,2.7151568462479645,2.7151568462479645,0.0,0.0,0.08028275493843957,1.000440989755017,0.0,False,0,0,0,0,0,0.0,0.0,0.0,0.0,0.0,0,0.0,0,0,disabled,disabled,0.2030381065715705,0.0,79.01733300013802,8.870541999840498,90.49387499999284,hidden_regime_switching,multi_timescale_memory,CRA,multi_timescale_memory,candidate,NEST,44,0.0,0.0,0.0,0,False,0,False,-1,5,0.1,0.2,False,0.92,normal,replace,0.1,1.0,1.0,8,8,True,True,R4_identity,5.10
799,1000.0,8,8,0,8,0,0,2.7136264677915083,2.7136264677915083,2.7136264677915083,0.0,0.0,0.08017754497680168,1.000440989755017,0.0,False,0,0,0,0,0,0.0,0.0,0.0,0.0,0.0,0,0.0,0,0,disabled,disabled,0.20366700146526995,0.0,18.7933750000866,8.293749999893407,29.754791999948793,hidden_regime_switching,multi_timescale_memory,CRA,multi_timescale_memory,candidate,NEST,44,0.0,0.0,0.0,0,False,0,False,-1,5,0.1,0.2,False,0.92,normal,replace,0.1,1.0,1.0,8,8,True,True,R4_identity,5.10
800,1000.0,8,8,0,8,0,0,2.7098063604676077,2.7098063604676077,2.7098063604676077,0.18939756853373957,0.11996769047915183,0.08007070735552566,1.000440989755017,0.1,True,0,0,0,0,0,0.0,0.0,0.0,0.0,0.0,0,0.0,0,0,disabled,disabled,0.20302188476151617,0.0,19.233582999959253,8.387334000190094,30.789292000008572,hidden_regime_switching,multi_timescale_memory,CRA,multi_timescale_memory,candidate,NEST,44,-0.009627332314583785,0.0,-0.01,-1,True,1,False,805,5,0.1,0.2,False,0.92,normal,replace,0.1,1.0,1.0,8,8,True,True,R4_identity,5.10
801,1000.0,8,8,0,8,0,0,2.708624778706872,2.708624778706872,2.708624778706872,0.0,0.0,0.07999826539408579,1.000440989755017,0.0,False,0,0,0,0,0,0.0,0.0,0.0,0.0,0.0,0,0.0,0,0,disabled,disabled,0.20220618469570972,0.0,19.888957999910417,9.33129200006988,31.82137499993587,hidden_regime_switching,multi_timescale_memory,CRA,multi_timescale_memory,candidate,NEST,44,0.0,0.0,0.0,0,False,0,False,-1,5,0.1,0.2,False,0.92,normal,replace,0.1,1.0,1.0,8,8,True,True,R4_identity,5.10
802,1000.0,8,8,0,8,0,0,2.707259585274284,2.707259585274284,2.707259585274284,0.0,0.0,0.0799238101907184,1.000440989755017,0.0,True,0,0,0,0,0,0.0,0.0,0.0,0.0,0.0,0,0.0,0,0,disabled,disabled,0.2005751594147549,0.0,21.384375000025102,8.574208000027284,32.69691600007718,hidden_regime_switching,multi_timescale_memory,CRA,multi_timescale_memory,candidate,NEST,44,0.0,0.0,0.0,0,False,0,False,-1,5,0.1,0.2,False,0.92,normal,replace,0.1,1.0,1.0,8,8,True,True,R4_identity,5.10
803,1000.0,8,8,0,8,0,0,2.7058581736872465,2.7058581736872465,2.7058581736872465,0.0,0.0,0.07984736851223723,1.000440989755017,0.0,True,0,0,0,0,0,0.0,0.0,0.0,0.0,0.0,0,0.0,0,0,disabled,disabled,0.2045916301679611,0.0,19.84566700002688,8.506249999982174,30.972415999940495,hidden_regime_switching,multi_timescale_memory,CRA,multi_timescale_memory,candidate,NEST,44,0.0,0.0,0.0,0,False,0,False,-1,5,0.1,0.2,False,0.92,normal,replace,0.1,1.0,1.0,8,8,True,True,R4_identity,5.10
804,1000.0,8,8,0,8,0,0,2.704420978056521,2.704420978056521,2.704420978056521,0.0,0.0,0.07976896687673096,1.000440989755017,0.0,True,0,0,0,0,0,0.0,0.0,0.0,0.0,0.0,0,0.0,0,0,disabled,disabled,0.20467085410568853,0.0,18.777250000084678,8.783541999946465,30.177999999978056,hidden_regime_switching,multi_timescale_memory,CRA,multi_timescale_memory,candidate,NEST,44,0.0,0.0,0.0,0,False,0,False,-1,5,0.1,0.2,False,0.92,normal,replace,0.1,1.0,1.0,8,8,True,True,R4_identity,5.10
805,1000.0,8,8,0,8,0,0,2.7029654941307353,2.7029654941307353,2.7029654941307353,0.0,-0.0,0.07968863155558434,1.000440989755017,0.0,False,0,0,0,0,0,0.0,0.0,0.0,0.0,0.0,0,0.0,0,0,disabled,disabled,0.20432810921201927,0.0,19.655375000183994,9.200499999906242,31.47304100002657,hidden_regime_switching,multi_timescale_memory,CRA,multi_timescale_memory,candidate,NEST,44,0.0,-0.01,0.0,0,False,0,False,-1,5,0.1,0.2,False,0.92,normal,replace,0.1,1.0,1.0,8,8,True,True,R4_identity,5.10
806,1000.0,8,8,0,8,0,0,2.701505875916187,2.701505875916187,2.701505875916187,0.0,-0.0,0.07960638857548391,1.000440989755017,0.0,False,0,0,0,0,0,0.0,0.0,0.0,0.0,0.0,0,0.0,0,0,disabled,disabled,0.2042996762078113,0.0,18.833500000027925,8.883458999889626,30.41508299997986,hidden_regime_switching,multi_timescale_memory,CRA,multi_timescale_memory,candidate,NEST,44,0.0,0.0,0.0,0,False,0,False,-1,5,0.1,0.2,False,0.92,normal,replace,0.1,1.0,1.0,8,8,True,True,R4_identity,5.10
807,1000.0,8,8,0,8,0,0,2.70004449865265,2.70004449865265,2.70004449865265,0.0,-0.0,0.07952226372040867,1.000440989755017,0.0,False,0,0,0,0,0,0.0,0.0,0.0,0.0,0.0,0,0.0,0,0,disabled,disabled,0.20397090121183936,0.0,19.574999999804277,8.455542000092464,30.731500000001688,hidden_regime_switching,multi_timescale_memory,CRA,multi_timescale_memory,candidate,NEST,44,0.0,0.0,0.0,0,False,0,False,-1,5,0.1,0.2,False,0.92,normal,replace,0.1,1.0,1.0,8,8,True,True,R4_identity,5.10
808,1000.0,8,8,0,8,0,0,2.705940604404761,2.705940604404761,2.705940604404761,-0.1937396948868889,0.1226643522184383,0.07943628253360563,1.000440989755017,-0.1,True,0,0,0,0,0,0.0,0.0,0.0,0.0,0.0,0,0.0,0,0,disabled,disabled,0.20360853512281274,0.0,19.043374999910156,8.505582999987382,30.71999999997388,hidden_regime_switching,multi_timescale_memory,CRA,multi_timescale_memory,candidate,NEST,44,0.009680663895574558,0.0,0.01,1,True,-1,False,813,5,0.1,0.2,False,0.92,normal,replace,0.1,1.0,1.0,8,8,True,True,R4_identity,5.10
809,1000.0,8,8,0,8,0,0,2.704806475599669,2.704806475599669,2.704806475599669,0.0,-0.0,0.07938447031955029,1.000440989755017,0.0,False,0,0,0,0,0,0.0,0.0,0.0,0.0,0.0,0,0.0,0,0,disabled,disabled,0.20415176560277537,0.0,20.360624999966603,8.57737499995892,31.605541000089943,hidden_regime_switching,multi_timescale_memory,CRA,multi_timescale_memory,candidate,NEST,44,0.0,0.0,0.0,0,False,0,False,-1,5,0.1,0.2,False,0.92,normal,replace,0.1,1.0,1.0,8,8,True,True,R4_identity,5.10
810,1000.0,8,8,0,8,0,0,2.7035201813594965,2.7035201813594965,2.7035201813594965,0.0,0.0,0.0793304201458924,1.000440989755017,0.0,True,0,0,0,0,0,0.0,0.0,0.0,0.0,0.0,0,0.0,0,0,disabled,disabled,0.20591371321426788,0.0,19.17812499982574,8.853457999975944,30.66387500007295,hidden_regime_switching,multi_timescale_memory,CRA,multi_timescale_memory,candidate,NEST,44,0.0,0.0,0.0,0,False,0,False,-1,5,0.1,0.2,False,0.92,normal,replace,0.1,1.0,1.0,8,8,True,True,R4_identity,5.10
811,1000.0,8,8,0,8,0,0,2.7021723172495093,2.7021723172495093,2.7021723172495093,0.0,0.0,0.0792741607333869,1.000440989755017,0.0,True,0,0,0,0,0,0.0,0.0,0.0,0.0,0.0,0,0.0,0,0,disabled,disabled,0.2079487007363099,0.0,19.634958000096958,8.855124999854525,31.09012499999153,hidden_regime_switching,multi_timescale_memory,CRA,multi_timescale_memory,candidate,NEST,44,0.0,0.0,0.0,0,False,0,False,-1,5,0.1,0.2,False,0.92,normal,replace,0.1,1.0,1.0,8,8,True,True,R4_identity,5.10
812,1000.0,8,8,0,8,0,0,2.700783573937021,2.700783573937021,2.700783573937021,0.0,0.0,0.07921572053870622,1.000440989755017,0.0,True,0,0,0,0,0,0.0,0.0,0.0,0.0,0.0,0,0.0,0,0,disabled,disabled,0.20771740920012594,0.0,19.139916999847628,9.139375000131622,30.957749999970474,hidden_regime_switching,multi_timescale_memory,CRA,multi_timescale_memory,candidate,NEST,44,0.0,0.0,0.0,0,False,0,False,-1,5,0.1,0.2,False,0.92,normal,replace,0.1,1.0,1.0,8,8,True,True,R4_identity,5.10
813,1000.0,8,8,0,8,0,0,2.6993911155958017,2.6993911155958017,2.6993911155958017,0.0,0.0,0.07915512775657531,1.000440989755017,0.0,False,0,0,0,0,0,0.0,0.0,0.0,0.0,0.0,0,0.0,0,0,disabled,disabled,0.20890333769274605,0.0,18.746166000028097,8.941124999864769,30.310417000009693,hidden_regime_switching,multi_timescale_memory,CRA,multi_timescale_memory,candidate,NEST,44,0.0,0.01,0.0,0,False,0,False,-1,5,0.1,0.2,False,0.92,normal,replace,0.1,1.0,1.0,8,8,True,True,R4_identity,5.10
814,1000.0,8,8,0,8,0,0,2.697992583957135,2.697992583957135,2.697992583957135,0.0,0.0,0.07909241032189057,1.000440989755017,0.0,False,0,0,0,0,0,0.0,0.0,0.0,0.0,0.0,0,0.0,0,0,disabled,disabled,0.2087605266923136,0.0,19.99220800007606,8.604874999946333,31.2674159999915,hidden_regime_switching,multi_timescale_memory,CRA,multi_timescale_memory,candidate,NEST,44,0.0,0.0,0.0,0,False,0,False,-1,5,0.1,0.2,False,0.92,normal,replace,0.1,1.0,1.0,8,8,True,True,R4_identity,5.10
815,1000.0,8,8,0,8,0,0,2.6965968605339783,2.6965968605339783,2.6965968605339783,0.0,0.0,0.07902759591182282,1.000440989755017,0.0,False,0,0,0,0,0,0.0,0.0,0.0,0.0,0.0,0,0.0,0,0,disabled,disabled,0.20893448915234458,0.0,18.799124999986816,8.633665999923323,30.637583000043378,hidden_regime_switching,multi_timescale_memory,CRA,multi_timescale_memory,candidate,NEST,44,0.0,0.0,0.0,0,False,0,False,-1,5,0.1,0.2,False,0.92,normal,replace,0.1,1.0,1.0,8,8,True,True,R4_identity,5.10
816,1000.0,8,8,0,8,0,0,2.701467140655619,2.701467140655619,2.701467140655619,-0.20363026772039816,-0.1291752294530211,0.07896071194790429,1.000440989755017,0.0,False,0,0,0,0,0,0.0,0.0,0.0,0.0,0.0,0,0.0,0,0,disabled,disabled,0.20833597180052177,0.0,20.5335829998603,8.72150000009242,31.86708299995189,hidden_regime_switching,multi_timescale_memory,CRA,multi_timescale_memory,candidate,NEST,44,0.010008969173676838,0.0,0.01,1,True,-1,False,821,5,0.1,0.2,False,0.92,normal,replace,0.1,1.0,1.0,8,8,True,True,R4_identity,5.10
817,1000.0,8,8,0,8,0,0,2.6996487275468786,2.6996487275468786,2.6996487275468786,0.0,0.0,0.07889178559809995,1.000440989755017,0.0,False,0,0,0,0,0,0.0,0.0,0.0,0.0,0.0,0,0.0,0,0,disabled,disabled,0.20635424623929843,0.0,19.277042000112488,8.621958000048835,30.516040999827965,hidden_regime_switching,multi_timescale_memory,CRA,multi_timescale_memory,candidate,NEST,44,0.0,0.0,0.0,0,False,0,False,-1,5,0.1,0.2,False,0.92,normal,replace,0.1,1.0,1.0,8,8,True,True,R4_identity,5.10
818,1000.0,8,8,0,8,0,0,2.6980122190468596,2.6980122190468596,2.6980122190468596,0.0,0.0,0.07882084377886314,1.000440989755017,0.0,True,0,0,0,0,0,0.0,0.0,0.0,0.0,0.0,0,0.0,0,0,disabled,disabled,0.20491462133865745,0.0,19.370833000039056,9.002334000115297,30.981958999973358,hidden_regime_switching,multi_timescale_memory,CRA,multi_timescale_memory,candidate,NEST,44,0.0,0.0,0.0,0,False,0,False,-1,5,0.1,0.2,False,0.92,normal,replace,0.1,1.0,1.0,8,8,True,True,R4_identity,5.10
819,1000.0,8,8,0,8,0,0,2.6964627375990817,2.6964627375990817,2.6964627375990817,0.0,0.0,0.07874791315717564,1.000440989755017,0.0,True,0,0,0,0,0,0.0,0.0,0.0,0.0,0.0,0,0.0,0,0,disabled,disabled,0.20352511182278477,0.0,18.809334000025046,9.037749999833977,30.45445800012203,hidden_regime_switching,multi_timescale_memory,CRA,multi_timescale_memory,candidate,NEST,44,0.0,0.0,0.0,0,False,0,False,-1,5,0.1,0.2,False,0.92,normal,replace,0.1,1.0,1.0,8,8,True,True,R4_identity,5.10
820,1000.0,8,8,0,8,0,0,2.6949687432432343,2.6949687432432343,2.6949687432432343,0.0,0.0,0.07867302015257234,1.000440989755017,0.0,True,0,0,0,0,0,0.0,0.0,0.0,0.0,0.0,0,0.0,0,0,disabled,disabled,0.20372565800933806,0.0,83.41695800004345,9.066374999974869,95.10762499985503,hidden_regime_switching,multi_timescale_memory,CRA,multi_timescale_memory,candidate,NEST,44,0.0,0.0,0.0,0,False,0,False,-1,5,0.1,0.2,False,0.92,normal,replace,0.1,1.0,1.0,8,8,True,True,R4_identity,5.10
821,1000.0,8,8,0,8,0,0,2.6935036816368516,2.6935036816368516,2.6935036816368516,0.0,0.0,0.07859619093915063,1.000440989755017,0.0,False,0,0,0,0,0,0.0,0.0,0.0,0.0,0.0,0,0.0,0,0,disabled,disabled,0.2035986162106882,0.0,19.54262499998549,8.588832999976148,30.762000000095213,hidden_regime_switching,multi_timescale_memory,CRA,multi_timescale_memory,candidate,NEST,44,0.0,0.01,0.0,0,False,0,False,-1,5,0.1,0.2,False,0.92,normal,replace,0.1,1.0,1.0,8,8,True,True,R4_identity,5.10
822,1000.0,8,8,0,8,0,0,2.6920686693543234,2.6920686693543234,2.6920686693543234,0.0,0.0,0.07851745144756449,1.000440989755017,0.0,False,0,0,0,0,0,0.0,0.0,0.0,0.0,0.0,0,0.0,0,0,disabled,disabled,0.2047399421981675,0.0,19.442583000000013,8.692624999866894,30.772084000091127,hidden_regime_switching,multi_timescale_memory,CRA,multi_timescale_memory,candidate,NEST,44,0.0,0.0,0.0,0,False,0,False,-1,5,0.1,0.2,False,0.92,normal,replace,0.1,1.0,1.0,8,8,True,True,R4_identity,5.10
823,1000.0,8,8,0,8,0,0,2.690640431234392,2.690640431234392,2.690640431234392,0.0,0.0,0.07843682736700357,1.000440989755017,0.0,False,0,0,0,0,0,0.0,0.0,0.0,0.0,0.0,0,0.0,0,0,disabled,disabled,0.20415850023482296,0.0,20.299041999805922,8.714666000059879,31.64541699993606,hidden_regime_switching,multi_timescale_memory,CRA,multi_timescale_memory,candidate,NEST,44,0.0,0.0,0.0,0,False,0,False,-1,5,0.1,0.2,False,0.92,normal,replace,0.1,1.0,1.0,8,8,True,True,R4_identity,5.10
824,1000.0,8,8,0,8,0,0,2.6954364374188553,2.6954364374188553,2.6954364374188553,-0.10593295959346986,-0.06782325669731401,0.07835434414715726,1.000440989755017,0.0,False,0,0,0,0,0,0.0,0.0,0.0,0.0,0.0,0,0.0,0,0,disabled,disabled,0.2033542969431137,0.0,19.142749999900843,9.132874999977503,30.897916999947483,hidden_regime_switching,multi_timescale_memory,CRA,multi_timescale_memory,candidate,NEST,44,0.009628229014016523,0.0,0.01,1,True,-1,False,829,5,0.1,0.2,False,0.92,normal,replace,0.1,1.0,1.0,8,8,True,True,R4_identity,5.10
825,1000.0,8,8,0,8,0,0,2.6937756663202936,2.6937756663202936,2.6937756663202936,0.0,0.0,0.0782700270001639,1.000440989755017,0.0,False,0,0,0,0,0,0.0,0.0,0.0,0.0,0.0,0,0.0,0,0,disabled,disabled,0.20149231882149898,0.0,19.498500000054264,9.128958000019338,31.245624999883148,hidden_regime_switching,multi_timescale_memory,CRA,multi_timescale_memory,candidate,NEST,44,0.0,0.0,0.0,0,False,0,False,-1,5,0.1,0.2,False,0.92,normal,replace,0.1,1.0,1.0,8,8,True,True,R4_identity,5.10
826,1000.0,8,8,0,8,0,0,2.692237662123499,2.692237662123499,2.692237662123499,0.0,0.0,0.07818390090254516,1.000440989755017,0.0,True,0,0,0,0,0,0.0,0.0,0.0,0.0,0.0,0,0.0,0,0,disabled,disabled,0.2033276525390768,0.0,19.214125000189597,9.261540999887075,31.094624999923326,hidden_regime_switching,multi_timescale_memory,CRA,multi_timescale_memory,candidate,NEST,44,0.0,0.0,0.0,0,False,0,False,-1,5,0.1,0.2,False,0.92,normal,replace,0.1,1.0,1.0,8,8,True,True,R4_identity,5.10
827,1000.0,8,8,0,8,0,0,2.690757930505644,2.690757930505644,2.690757930505644,0.0,0.0,0.07809599059712585,1.000440989755017,0.0,True,0,0,0,0,0,0.0,0.0,0.0,0.0,0.0,0,0.0,0,0,disabled,disabled,0.20353219968879088,0.0,18.704000000070664,8.991790999971272,30.346042000019224,hidden_regime_switching,multi_timescale_memory,CRA,multi_timescale_memory,candidate,NEST,44,0.0,0.0,0.0,0,False,0,False,-1,5,0.1,0.2,False,0.92,normal,replace,0.1,1.0,1.0,8,8,True,True,R4_identity,5.10
828,1000.0,8,8,0,8,0,0,2.6893054087536625,2.6893054087536625,2.6893054087536625,0.0,0.0,0.07800632059493909,1.000440989755017,0.0,True,0,0,0,0,0,0.0,0.0,0.0,0.0,0.0,0,0.0,0,0,disabled,disabled,0.20310076562716883,0.0,19.72558400007074,8.68595799988725,31.18458400012969,hidden_regime_switching,multi_timescale_memory,CRA,multi_timescale_memory,candidate,NEST,44,0.0,0.0,0.0,0,False,0,False,-1,5,0.1,0.2,False,0.92,normal,replace,0.1,1.0,1.0,8,8,True,True,R4_identity,5.10
829,1000.0,8,8,0,8,0,0,2.687877263249995,2.687877263249995,2.687877263249995,0.0,0.0,0.07791491517711707,1.000440989755017,0.0,False,0,0,0,0,0,0.0,0.0,0.0,0.0,0.0,0,0.0,0,0,disabled,disabled,0.20361785232066154,0.0,18.952375000026223,8.840707999979713,30.97441699992487,hidden_regime_switching,multi_timescale_memory,CRA,multi_timescale_memory,candidate,NEST,44,0.0,0.01,0.0,0,False,0,False,-1,5,0.1,0.2,False,0.92,normal,replace,0.1,1.0,1.0,8,8,True,True,R4_identity,5.10
830,1000.0,8,8,0,8,0,0,2.6864896585067215,2.6864896585067215,2.6864896585067215,0.0,0.0,0.07782179839676749,1.000440989755017,0.0,False,0,0,0,0,0,0.0,0.0,0.0,0.0,0.0,0,0.0,0,0,disabled,disabled,0.20634841116996494,0.0,20.49545899990335,8.938291000049503,32.06583300016064,hidden_regime_switching,multi_timescale_memory,CRA,multi_timescale_memory,candidate,NEST,44,0.0,0.0,0.0,0,False,0,False,-1,5,0.1,0.2,False,0.92,normal,replace,0.1,1.0,1.0,8,8,True,True,R4_identity,5.10
831,1000.0,8,8,0,8,0,0,2.6851098377574516,2.6851098377574516,2.6851098377574516,0.0,0.0,0.07772699408083573,1.000440989755017,0.0,False,0,0,0,0,0,0.0,0.0,0.0,0.0,0.0,0,0.0,0,0,disabled,disabled,0.20615642396141176,0.0,19.701915999803532,8.74545900001067,31.068041000025914,hidden_regime_switching,multi_timescale_memory,CRA,multi_timescale_memory,candidate,NEST,44,0.0,0.0,0.0,0,False,0,False,-1,5,0.1,0.2,False,0.92,normal,replace,0.1,1.0,1.0,8,8,True,True,R4_identity,5.10
832,1000.0,8,8,0,8,0,0,2.6907733022768734,2.6907733022768734,2.6907733022768734,-0.017608931647253752,-0.011380321502251057,0.07763052583195287,1.000440989755017,0.0,False,0,0,0,0,0,0.0,0.0,0.0,0.0,0.0,0,0.0,0,0,disabled,disabled,0.20719428912716165,0.0,19.87070799987123,9.31579200005217,31.799167000144735,hidden_regime_switching,multi_timescale_memory,CRA,multi_timescale_memory,candidate,NEST,44,0.010154944554559604,0.0,0.01,1,True,-1,False,837,5,0.1,0.2,False,0.92,normal,replace,0.1,1.0,1.0,8,8,True,True,R4_identity,5.10
833,1000.0,8,8,0,8,0,0,2.68936031734218,2.68936031734218,2.68936031734218,0.0,0.0,0.0775324170302697,1.000440989755017,0.0,False,0,0,0,0,0,0.0,0.0,0.0,0.0,0.0,0,0.0,0,0,disabled,disabled,0.20810602974983805,0.0,18.833166999911555,9.177166999961628,30.642083999964598,hidden_regime_switching,multi_timescale_memory,CRA,multi_timescale_memory,candidate,NEST,44,0.0,0.0,0.0,0,False,0,False,-1,5,0.1,0.2,False,0.92,normal,replace,0.1,1.0,1.0,8,8,True,True,R4_identity,5.10
834,1000.0,8,8,0,8,0,0,2.687986155635184,2.687986155635184,2.687986155635184,0.0,0.0,0.07743269083527676,1.000440989755017,0.0,True,0,0,0,0,0,0.0,0.0,0.0,0.0,0.0,0,0.0,0,0,disabled,disabled,0.20960870004709076,0.0,19.56854100012606,9.417166999810433,31.603207999978622,hidden_regime_switching,multi_timescale_memory,CRA,multi_timescale_memory,candidate,NEST,44,0.0,0.0,0.0,0,False,0,False,-1,5,0.1,0.2,False,0.92,normal,replace,0.1,1.0,1.0,8,8,True,True,R4_identity,5.10
835,1000.0,8,8,0,8,0,0,2.6866324361517133,2.6866324361517133,2.6866324361517133,0.0,0.0,0.07733137018761065,1.000440989755017,0.0,True,0,0,0,0,0,0.0,0.0,0.0,0.0,0.0,0,0.0,0,0,disabled,disabled,0.21013816575868116,0.0,19.187667000096553,9.209124999870255,31.090958000049795,hidden_regime_switching,multi_timescale_memory,CRA,multi_timescale_memory,candidate,NEST,44,0.0,0.0,0.0,0,False,0,False,-1,5,0.1,0.2,False,0.92,normal,replace,0.1,1.0,1.0,8,8,True,True,R4_identity,5.10
836,1000.0,8,8,0,8,0,0,2.6852766784557427,2.6852766784557427,2.6852766784557427,0.0,0.0,0.07722847781084646,1.000440989755017,0.0,True,0,0,0,0,0,0.0,0.0,0.0,0.0,0.0,0,0.0,0,0,disabled,disabled,0.2088679806235385,0.0,18.718083000067054,8.688124999935098,30.029709000018556,hidden_regime_switching,multi_timescale_memory,CRA,multi_timescale_memory,candidate,NEST,44,0.0,0.0,0.0,0,False,0,False,-1,5,0.1,0.2,False,0.92,normal,replace,0.1,1.0,1.0,8,8,True,True,R4_identity,5.10
837,1000.0,8,8,0,8,0,0,2.6839438413873564,2.6839438413873564,2.6839438413873564,0.0,0.0,0.0771240362132767,1.000440989755017,0.0,False,0,0,0,0,0,0.0,0.0,0.0,0.0,0.0,0,0.0,0,0,disabled,disabled,0.21028871768863056,0.0,19.58595799987961,8.780207999961931,31.572207999943203,hidden_regime_switching,multi_timescale_memory,CRA,multi_timescale_memory,candidate,NEST,44,0.0,0.01,0.0,0,False,0,False,-1,5,0.1,0.2,False,0.92,normal,replace,0.1,1.0,1.0,8,8,True,True,R4_identity,5.10
838,1000.0,8,8,0,8,0,0,2.682657454627058,2.682657454627058,2.682657454627058,0.0,0.0,0.07701806768967659,1.000440989755017,0.0,False,0,0,0,0,0,0.0,0.0,0.0,0.0,0.0,0,0.0,0,0,disabled,disabled,0.214169538107285,0.0,19.43516700021064,8.909999999787033,30.95045800000662,hidden_regime_switching,multi_timescale_memory,CRA,multi_timescale_memory,candidate,NEST,44,0.0,0.0,0.0,0,False,0,False,-1,5,0.1,0.2,False,0.92,normal,replace,0.1,1.0,1.0,8,8,True,True,R4_identity,5.10
839,1000.0,8,8,0,8,0,0,2.681391882777205,2.681391882777205,2.681391882777205,0.0,0.0,0.076910594323056,1.000440989755017,0.0,False,0,0,0,0,0,0.0,0.0,0.0,0.0,0.0,0,0.0,0,0,disabled,disabled,0.21557970766399048,0.0,79.64954099998067,9.404749999930573,91.66333300004226,hidden_regime_switching,multi_timescale_memory,CRA,multi_timescale_memory,candidate,NEST,44,0.0,0.0,0.0,0,False,0,False,-1,5,0.1,0.2,False,0.92,normal,replace,0.1,1.0,1.0,8,8,True,True,R4_identity,5.10
840,1000.0,8,8,0,8,0,0,2.6880796870050108,2.6880796870050108,2.6880796870050108,0.0769291968051203,0.05018633124420075,0.07680163798639802,1.000440989755017,0.0,True,0,0,0,0,0,0.0,0.0,0.0,0.0,0.0,0,0.0,0,0,disabled,disabled,0.21610136935755353,0.0,18.875416000128098,9.097417000020869,30.60208299984879,hidden_regime_switching,multi_timescale_memory,CRA,multi_timescale_memory,candidate,NEST,44,0.01053358292185145,0.0,0.01,1,True,1,True,845,5,0.1,0.2,False,0.92,normal,replace,0.1,1.0,1.0,8,8,True,True,R4_identity,5.10
841,1000.0,8,8,0,8,0,0,2.6869237506797843,2.6869237506797843,2.6869237506797843,0.0,0.0,0.07672722034438431,1.000440989755017,0.0,False,0,0,0,0,0,0.0,0.0,0.0,0.0,0.0,0,0.0,0,0,disabled,disabled,0.2142232873476413,0.0,19.391750000067987,8.731000000125277,30.893375000005108,hidden_regime_switching,multi_timescale_memory,CRA,multi_timescale_memory,candidate,NEST,44,0.0,0.0,0.0,0,False,0,False,-1,5,0.1,0.2,False,0.92,normal,replace,0.1,1.0,1.0,8,8,True,True,R4_identity,5.10
842,1000.0,8,8,0,8,0,0,2.6857212955078547,2.6857212955078547,2.6857212955078547,0.0,0.0,0.07665093085510725,1.000440989755017,0.0,True,0,0,0,0,0,0.0,0.0,0.0,0.0,0.0,0,0.0,0,0,disabled,disabled,0.21646334309139625,0.0,19.517833999998402,8.904249999886815,31.518915999868113,hidden_regime_switching,multi_timescale_memory,CRA,multi_timescale_memory,candidate,NEST,44,0.0,0.0,0.0,0,False,0,False,-1,5,0.1,0.2,False,0.92,normal,replace,0.1,1.0,1.0,8,8,True,True,R4_identity,5.10
843,1000.0,8,8,0,8,0,0,2.6844772260176453,2.6844772260176453,2.6844772260176453,0.0,0.0,0.07657279465976911,1.000440989755017,0.0,True,0,0,0,0,0,0.0,0.0,0.0,0.0,0.0,0,0.0,0,0,disabled,disabled,0.21554096749933294,0.0,20.531458000050407,9.26162500013561,32.48783399999411,hidden_regime_switching,multi_timescale_memory,CRA,multi_timescale_memory,candidate,NEST,44,0.0,0.0,0.0,0,False,0,False,-1,5,0.1,0.2,False,0.92,normal,replace,0.1,1.0,1.0,8,8,True,True,R4_identity,5.10
844,1000.0,8,8,0,8,0,0,2.6832210128109137,2.6832210128109137,2.6832210128109137,0.0,0.0,0.07649283666526425,1.000440989755017,0.0,True,0,0,0,0,0,0.0,0.0,0.0,0.0,0.0,0,0.0,0,0,disabled,disabled,0.21562372265870433,0.0,21.664249999957974,9.36095900010514,33.84037499995429,hidden_regime_switching,multi_timescale_memory,CRA,multi_timescale_memory,candidate,NEST,44,0.0,0.0,0.0,0,False,0,False,-1,5,0.1,0.2,False,0.92,normal,replace,0.1,1.0,1.0,8,8,True,True,R4_identity,5.10
845,1000.0,8,8,0,8,0,0,2.681966837500865,2.681966837500865,2.681966837500865,0.0,0.0,0.0764110815460857,1.000440989755017,0.0,False,0,0,0,0,0,0.0,0.0,0.0,0.0,0.0,0,0.0,0,0,disabled,disabled,0.21617170214587755,0.0,19.65112500010946,9.321624999984124,31.657042000006186,hidden_regime_switching,multi_timescale_memory,CRA,multi_timescale_memory,candidate,NEST,44,0.0,0.01,0.0,0,False,0,False,-1,5,0.1,0.2,False,0.92,normal,replace,0.1,1.0,1.0,8,8,True,True,R4_identity,5.10
846,1000.0,8,8,0,8,0,0,2.6807388711607514,2.6807388711607514,2.6807388711607514,0.0,0.0,0.07632755374621734,1.000440989755017,0.0,False,0,0,0,0,0,0.0,0.0,0.0,0.0,0.0,0,0.0,0,0,disabled,disabled,0.21866306591243845,0.0,20.64754200000607,9.07466600006046,32.383583999944676,hidden_regime_switching,multi_timescale_memory,CRA,multi_timescale_memory,candidate,NEST,44,0.0,0.0,0.0,0,False,0,False,-1,5,0.1,0.2,False,0.92,normal,replace,0.1,1.0,1.0,8,8,True,True,R4_identity,5.10
847,1000.0,8,8,0,8,0,0,2.6795119033166945,2.6795119033166945,2.6795119033166945,0.0,0.0,0.07624227748101176,1.000440989755017,0.0,False,0,0,0,0,0,0.0,0.0,0.0,0.0,0.0,0,0.0,0,0,disabled,disabled,0.21841894051365873,0.0,19.33475000009821,9.574458999850322,31.60699999989447,hidden_regime_switching,multi_timescale_memory,CRA,multi_timescale_memory,candidate,NEST,44,0.0,0.0,0.0,0,False,0,False,-1,5,0.1,0.2,False,0.92,normal,replace,0.1,1.0,1.0,8,8,True,True,R4_identity,5.10
848,1000.0,8,8,0,8,0,0,2.6862685210343304,2.6862685210343304,2.6862685210343304,0.135347131104393,0.08918069994108675,0.07615527673905376,1.000440989755017,0.0,True,0,0,0,0,0,0.0,0.0,0.0,0.0,0.0,0,0.0,0,0,disabled,disabled,0.21913456525867936,0.0,19.75345899995773,9.705333000056271,32.076916999812966,hidden_regime_switching,multi_timescale_memory,CRA,multi_timescale_memory,candidate,NEST,44,0.010113616596931881,0.0,0.01,1,True,1,True,853,5,0.1,0.2,False,0.92,normal,replace,0.1,1.0,1.0,8,8,True,True,R4_identity,5.10
849,1000.0,8,8,0,8,0,0,2.6852797888733893,2.6852797888733893,2.6852797888733893,0.0,0.0,0.07610257528400995,1.000440989755017,0.0,False,0,0,0,0,0,0.0,0.0,0.0,0.0,0.0,0,0.0,0,0,disabled,disabled,0.2180719300627194,0.0,19.085791999941648,9.590082999920924,31.351666999853478,hidden_regime_switching,multi_timescale_memory,CRA,multi_timescale_memory,candidate,NEST,44,0.0,0.0,0.0,0,False,0,False,-1,5,0.1,0.2,False,0.92,normal,replace,0.1,1.0,1.0,8,8,True,True,R4_identity,5.10
850,1000.0,8,8,0,8,0,0,2.684148452026566,2.684148452026566,2.684148452026566,0.0,0.0,0.07604776465646405,1.000440989755017,0.0,True,0,0,0,0,0,0.0,0.0,0.0,0.0,0.0,0,0.0,0,0,disabled,disabled,0.21701970221938183,0.0,19.74508400007835,9.674165999967954,32.03400000006695,hidden_regime_switching,multi_timescale_memory,CRA,multi_timescale_memory,candidate,NEST,44,0.0,0.0,0.0,0,False,0,False,-1,5,0.1,0.2,False,0.92,normal,replace,0.1,1.0,1.0,8,8,True,True,R4_identity,5.10
851,1000.0,8,8,0,8,0,0,2.6829453166088406,2.6829453166088406,2.6829453166088406,0.0,0.0,0.07599087206373849,1.000440989755017,0.0,True,0,0,0,0,0,0.0,0.0,0.0,0.0,0.0,0,0.0,0,0,disabled,disabled,0.21610862334365333,0.0,19.47241700008817,9.605916999817055,31.69883300006404,hidden_regime_switching,multi_timescale_memory,CRA,multi_timescale_memory,candidate,NEST,44,0.0,0.0,0.0,0,False,0,False,-1,5,0.1,0.2,False,0.92,normal,replace,0.1,1.0,1.0,8,8,True,True,R4_identity,5.10
852,1000.0,8,8,0,8,0,0,2.6817478943817497,2.6817478943817497,2.6817478943817497,0.0,0.0,0.075931924462598,1.000440989755017,0.0,True,0,0,0,0,0,0.0,0.0,0.0,0.0,0.0,0,0.0,0,0,disabled,disabled,0.21943700110810305,0.0,18.89837500016256,9.319624999989173,30.937499999936335,hidden_regime_switching,multi_timescale_memory,CRA,multi_timescale_memory,candidate,NEST,44,0.0,0.0,0.0,0,False,0,False,-1,5,0.1,0.2,False,0.92,normal,replace,0.1,1.0,1.0,8,8,True,True,R4_identity,5.10
853,1000.0,8,8,0,8,0,0,2.6805417362776978,2.6805417362776978,2.6805417362776978,0.0,0.0,0.0758709485612769,1.000440989755017,0.0,False,0,0,0,0,0,0.0,0.0,0.0,0.0,0.0,0,0.0,0,0,disabled,disabled,0.21970493735639174,0.0,20.07137500004319,9.703124999987267,32.65033399998174,hidden_regime_switching,multi_timescale_memory,CRA,multi_timescale_memory,candidate,NEST,44,0.0,0.01,0.0,0,False,0,False,-1,5,0.1,0.2,False,0.92,normal,replace,0.1,1.0,1.0,8,8,True,True,R4_identity,5.10
854,1000.0,8,8,0,8,0,0,2.6793418426017843,2.6793418426017843,2.6793418426017843,0.0,0.0,0.07580797082149099,1.000440989755017,0.0,False,0,0,0,0,0,0.0,0.0,0.0,0.0,0.0,0,0.0,0,0,disabled,disabled,0.22061406472224032,0.0,18.98037499995553,8.920542000169007,30.632125000011,hidden_regime_switching,multi_timescale_memory,CRA,multi_timescale_memory,candidate,NEST,44,0.0,0.0,0.0,0,False,0,False,-1,5,0.1,0.2,False,0.92,normal,replace,0.1,1.0,1.0,8,8,True,True,R4_identity,5.10
855,1000.0,8,8,0,8,0,0,2.6781448564315617,2.6781448564315617,2.6781448564315617,0.0,0.0,0.07574301746043431,1.000440989755017,0.0,False,0,0,0,0,0,0.0,0.0,0.0,0.0,0.0,0,0.0,0,0,disabled,disabled,0.2207654157764818,0.0,20.422875000122076,8.91633399987768,32.36479199995301,hidden_regime_switching,multi_timescale_memory,CRA,multi_timescale_memory,candidate,NEST,44,0.0,0.0,0.0,0,False,0,False,-1,5,0.1,0.2,False,0.92,normal,replace,0.1,1.0,1.0,8,8,True,True,R4_identity,5.10
856,1000.0,8,8,0,8,0,0,2.6744854080484277,2.6744854080484277,2.6744854080484277,-0.18610104019436058,-0.12384793711353316,0.07567611445276073,1.000440989755017,0.0,False,0,0,0,0,0,0.0,0.0,0.0,0.0,0.0,0,0.0,0,0,disabled,disabled,0.2184324917346343,0.0,19.530999999915366,9.070000000065193,31.21929100007037,hidden_regime_switching,multi_timescale_memory,CRA,multi_timescale_memory,candidate,NEST,44,-0.009544862215854984,0.0,-0.01,-1,True,-1,True,861,5,0.1,0.2,False,0.92,normal,replace,0.1,1.0,1.0,8,8,True,True,R4_identity,5.10
857,1000.0,8,8,0,8,0,0,2.67286563134932,2.67286563134932,2.67286563134932,0.0,0.0,0.07560728753255067,1.000440989755017,0.0,False,0,0,0,0,0,0.0,0.0,0.0,0.0,0.0,0,0.0,0,0,disabled,disabled,0.21346739345213184,0.0,20.50116599980356,9.270750000041517,32.39341599987711,hidden_regime_switching,multi_timescale_memory,CRA,multi_timescale_memory,candidate,NEST,44,0.0,0.0,0.0,0,False,0,False,-1,5,0.1,0.2,False,0.92,normal,replace,0.1,1.0,1.0,8,8,True,True,R4_identity,5.10
858,1000.0,8,8,0,8,0,0,2.6714244283736672,2.6714244283736672,2.6714244283736672,0.0,0.0,0.07553656219526282,1.000440989755017,0.0,True,0,0,0,0,0,0.0,0.0,0.0,0.0,0.0,0,0.0,0,0,disabled,disabled,0.21198533191795566,0.0,19.121958000141603,9.395000000040454,31.194624999898224,hidden_regime_switching,multi_timescale_memory,CRA,multi_timescale_memory,candidate,NEST,44,0.0,0.0,0.0,0,False,0,False,-1,5,0.1,0.2,False,0.92,normal,replace,0.1,1.0,1.0,8,8,True,True,R4_identity,5.10
859,1000.0,8,8,0,8,0,0,2.670074517738348,2.670074517738348,2.670074517738348,0.0,0.0,0.07546396369967126,1.000440989755017,0.0,True,0,0,0,0,0,0.0,0.0,0.0,0.0,0.0,0,0.0,0,0,disabled,disabled,0.21123116482722448,0.0,19.708332999925915,9.702833000119426,32.02087499994377,hidden_regime_switching,multi_timescale_memory,CRA,multi_timescale_memory,candidate,NEST,44,0.0,0.0,0.0,0,False,0,False,-1,5,0.1,0.2,False,0.92,normal,replace,0.1,1.0,1.0,8,8,True,True,R4_identity,5.10
860,1000.0,8,8,0,8,0,0,2.6687764920143486,2.6687764920143486,2.6687764920143486,0.0,0.0,0.07538951706978778,1.000440989755017,0.0,True,0,0,0,0,0,0.0,0.0,0.0,0.0,0.0,0,0.0,0,0,disabled,disabled,0.21120513050409606,0.0,19.428833000119994,9.62087499988229,31.658791999916502,hidden_regime_switching,multi_timescale_memory,CRA,multi_timescale_memory,candidate,NEST,44,0.0,0.0,0.0,0,False,0,False,-1,5,0.1,0.2,False,0.92,normal,replace,0.1,1.0,1.0,8,8,True,True,R4_identity,5.10
861,1000.0,8,8,0,8,0,0,2.667499620875022,2.667499620875022,2.667499620875022,0.0,-0.0,0.0753132470967697,1.000440989755017,0.0,False,0,0,0,0,0,0.0,0.0,0.0,0.0,0.0,0,0.0,0,0,disabled,disabled,0.21041566606368178,0.0,18.961792000027344,8.884957999953258,93.83495899987793,hidden_regime_switching,multi_timescale_memory,CRA,multi_timescale_memory,candidate,NEST,44,0.0,-0.01,0.0,0,False,0,False,-1,5,0.1,0.2,False,0.92,normal,replace,0.1,1.0,1.0,8,8,True,True,R4_identity,5.10
862,1000.0,8,8,0,8,0,0,2.6662404896173095,2.6662404896173095,2.6662404896173095,0.0,-0.0,0.07523517834081334,1.000440989755017,0.0,False,0,0,0,0,0,0.0,0.0,0.0,0.0,0.0,0,0.0,0,0,disabled,disabled,0.2104432795263751,0.0,19.540957999879538,8.930917000043337,31.67062500006068,hidden_regime_switching,multi_timescale_memory,CRA,multi_timescale_memory,candidate,NEST,44,0.0,0.0,0.0,0,False,0,False,-1,5,0.1,0.2,False,0.92,normal,replace,0.1,1.0,1.0,8,8,True,True,R4_identity,5.10
863,1000.0,8,8,0,8,0,0,2.6649829623433208,2.6649829623433208,2.6649829623433208,0.0,-0.0,0.07515533513303295,1.000440989755017,0.0,False,0,0,0,0,0,0.0,0.0,0.0,0.0,0.0,0,0.0,0,0,disabled,disabled,0.2094412485736621,0.0,19.24012499989658,8.910624999998618,31.3064580000173,hidden_regime_switching,multi_timescale_memory,CRA,multi_timescale_memory,candidate,NEST,44,0.0,0.0,0.0,0,False,0,False,-1,5,0.1,0.2,False,0.92,normal,replace,0.1,1.0,1.0,8,8,True,True,R4_identity,5.10
864,1000.0,8,8,0,8,0,0,2.6613868319400322,2.6613868319400322,2.6613868319400322,-0.1964992375666686,0.13233709276504388,0.07507374157732567,1.000440989755017,0.0,True,0,0,0,0,0,0.0,0.0,0.0,0.0,0.0,0,0.0,0,0,disabled,disabled,0.20723870707794223,0.0,20.868165999900157,9.056584000063594,32.518125000024156,hidden_regime_switching,multi_timescale_memory,CRA,multi_timescale_memory,candidate,NEST,44,-0.010387518271409747,0.0,-0.01,-1,True,-1,True,869,5,0.1,0.2,False,0.92,normal,replace,0.1,1.0,1.0,8,8,True,True,R4_identity,5.10
865,1000.0,8,8,0,8,0,0,2.6604991914836904,2.6604991914836904,2.6604991914836904,0.0,-0.0,0.0750264215522221,1.000440989755017,0.0,False,0,0,0,0,0,0.0,0.0,0.0,0.0,0.0,0,0.0,0,0,disabled,disabled,0.2054684654560237,0.0,20.79254199998104,9.20158300004914,32.62420800001564,hidden_regime_switching,multi_timescale_memory,CRA,multi_timescale_memory,candidate,NEST,44,0.0,0.0,0.0,0,False,0,False,-1,5,0.1,0.2,False,0.92,normal,replace,0.1,1.0,1.0,8,8,True,True,R4_identity,5.10
866,1000.0,8,8,0,8,0,0,2.659429394366255,2.659429394366255,2.659429394366255,0.0,0.0,0.07497696671272297,1.000440989755017,0.0,True,0,0,0,0,0,0.0,0.0,0.0,0.0,0.0,0,0.0,0,0,disabled,disabled,0.2058407579499697,0.0,20.052416999988054,9.32137499989949,31.99908300007337,hidden_regime_switching,multi_timescale_memory,CRA,multi_timescale_memory,candidate,NEST,44,0.0,0.0,0.0,0,False,0,False,-1,5,0.1,0.2,False,0.92,normal,replace,0.1,1.0,1.0,8,8,True,True,R4_identity,5.10
867,1000.0,8,8,0,8,0,0,2.6582725055801646,2.6582725055801646,2.6582725055801646,0.0,0.0,0.07492540438012195,1.000440989755017,0.0,True,0,0,0,0,0,0.0,0.0,0.0,0.0,0.0,0,0.0,0,0,disabled,disabled,0.20614490662830143,0.0,19.945416999917143,9.692999999970198,32.426582999960374,hidden_regime_switching,multi_timescale_memory,CRA,multi_timescale_memory,candidate,NEST,44,0.0,0.0,0.0,0,False,0,False,-1,5,0.1,0.2,False,0.92,normal,replace,0.1,1.0,1.0,8,8,True,True,R4_identity,5.10
868,1000.0,8,8,0,8,0,0,2.6570713315059336,2.6570713315059336,2.6570713315059336,0.0,0.0,0.07487176162471047,1.000440989755017,0.0,True,0,0,0,0,0,0.0,0.0,0.0,0.0,0.0,0,0.0,0,0,disabled,disabled,0.20594839239103013,0.0,19.47100000006685,9.76529199988363,31.865541999877678,hidden_regime_switching,multi_timescale_memory,CRA,multi_timescale_memory,candidate,NEST,44,0.0,0.0,0.0,0,False,0,False,-1,5,0.1,0.2,False,0.92,normal,replace,0.1,1.0,1.0,8,8,True,True,R4_identity,5.10
869,1000.0,8,8,0,8,0,0,2.655845356909354,2.655845356909354,2.655845356909354,0.0,-0.0,0.07481606526780626,1.000440989755017,0.0,False,0,0,0,0,0,0.0,0.0,0.0,0.0,0.0,0,0.0,0,0,disabled,disabled,0.20529798596046867,0.0,19.592207999949096,9.65758300003472,31.874750000042695,hidden_regime_switching,multi_timescale_memory,CRA,multi_timescale_memory,candidate,NEST,44,0.0,-0.01,0.0,0,False,0,False,-1,5,0.1,0.2,False,0.92,normal,replace,0.1,1.0,1.0,8,8,True,True,R4_identity,5.10
870,1000.0,8,8,0,8,0,0,2.654616179425874,2.654616179425874,2.654616179425874,0.0,-0.0,0.07475834188376641,1.000440989755017,0.0,False,0,0,0,0,0,0.0,0.0,0.0,0.0,0.0,0,0.0,0,0,disabled,disabled,0.20557920329295865,0.0,19.6739160001016,10.25525000000016,32.57358399991972,hidden_regime_switching,multi_timescale_memory,CRA,multi_timescale_memory,candidate,NEST,44,0.0,0.0,0.0,0,False,0,False,-1,5,0.1,0.2,False,0.92,normal,replace,0.1,1.0,1.0,8,8,True,True,R4_identity,5.10
871,1000.0,8,8,0,8,0,0,2.653392562180058,2.653392562180058,2.653392562180058,0.0,-0.0,0.0746986178019854,1.000440989755017,0.0,False,0,0,0,0,0,0.0,0.0,0.0,0.0,0.0,0,0.0,0,0,disabled,disabled,0.20613809358460866,0.0,21.500416999970184,9.940375000041968,34.20220799989693,hidden_regime_switching,multi_timescale_memory,CRA,multi_timescale_memory,candidate,NEST,44,0.0,0.0,0.0,0,False,0,False,-1,5,0.1,0.2,False,0.92,normal,replace,0.1,1.0,1.0,8,8,True,True,R4_identity,5.10
872,1000.0,8,8,0,8,0,0,2.6498519124564437,2.6498519124564437,2.6498519124564437,-0.2413841680166049,0.16415713083914027,0.07463691910887794,1.000440989755017,0.0,True,0,0,0,0,0,0.0,0.0,0.0,0.0,0.0,0,0.0,0,0,disabled,disabled,0.20471151183898328,0.0,18.79283400012355,9.81266600001618,31.23041599997123,hidden_regime_switching,multi_timescale_memory,CRA,multi_timescale_memory,candidate,NEST,44,-0.009635669881749334,0.0,-0.01,-1,True,-1,True,877,5,0.1,0.2,False,0.92,normal,replace,0.1,1.0,1.0,8,8,True,True,R4_identity,5.10
873,1000.0,8,8,0,8,0,0,2.64908304398387,2.64908304398387,2.64908304398387,0.0,-0.0,0.0746092716498469,1.000440989755017,0.0,False,0,0,0,0,0,0.0,0.0,0.0,0.0,0.0,0,0.0,0,0,disabled,disabled,0.20291717741902904,0.0,20.44587499995032,10.051541999928304,33.15375000011045,hidden_regime_switching,multi_timescale_memory,CRA,multi_timescale_memory,candidate,NEST,44,0.0,0.0,0.0,0,False,0,False,-1,5,0.1,0.2,False,0.92,normal,replace,0.1,1.0,1.0,8,8,True,True,R4_identity,5.10
874,1000.0,8,8,0,8,0,0,2.6480778301363945,2.6480778301363945,2.6480778301363945,0.0,0.0,0.07457926903123632,1.000440989755017,0.0,True,0,0,0,0,0,0.0,0.0,0.0,0.0,0.0,0,0.0,0,0,disabled,disabled,0.20248895784103382,0.0,19.72537500000726,9.965250000050219,32.30516600001465,hidden_regime_switching,multi_timescale_memory,CRA,multi_timescale_memory,candidate,NEST,44,0.0,0.0,0.0,0,False,0,False,-1,5,0.1,0.2,False,0.92,normal,replace,0.1,1.0,1.0,8,8,True,True,R4_identity,5.10
875,1000.0,8,8,0,8,0,0,2.646955169355747,2.646955169355747,2.646955169355747,0.0,0.0,0.07454694051026968,1.000440989755017,0.0,True,0,0,0,0,0,0.0,0.0,0.0,0.0,0.0,0,0.0,0,0,disabled,disabled,0.20203524222986857,0.0,18.934917000024143,9.632833000068786,31.252541999947425,hidden_regime_switching,multi_timescale_memory,CRA,multi_timescale_memory,candidate,NEST,44,0.0,0.0,0.0,0,False,0,False,-1,5,0.1,0.2,False,0.92,normal,replace,0.1,1.0,1.0,8,8,True,True,R4_identity,5.10
876,1000.0,8,8,0,8,0,0,2.645783663498237,2.645783663498237,2.645783663498237,0.0,0.0,0.07451231507786951,1.000440989755017,0.0,True,0,0,0,0,0,0.0,0.0,0.0,0.0,0.0,0,0.0,0,0,disabled,disabled,0.20245639587174757,0.0,19.568582999909268,9.61083300012433,31.84062500008622,hidden_regime_switching,multi_timescale_memory,CRA,multi_timescale_memory,candidate,NEST,44,0.0,0.0,0.0,0,False,0,False,-1,5,0.1,0.2,False,0.92,normal,replace,0.1,1.0,1.0,8,8,True,True,R4_identity,5.10
877,1000.0,8,8,0,8,0,0,2.644592062783385,2.644592062783385,2.644592062783385,0.0,-0.0,0.07447542146079976,1.000440989755017,0.0,False,0,0,0,0,0,0.0,0.0,0.0,0.0,0.0,0,0.0,0,0,disabled,disabled,0.20281407288668074,0.0,18.932791999986875,9.218207999992956,30.975124999940817,hidden_regime_switching,multi_timescale_memory,CRA,multi_timescale_memory,candidate,NEST,44,0.0,-0.01,0.0,0,False,0,False,-1,5,0.1,0.2,False,0.92,normal,replace,0.1,1.0,1.0,8,8,True,True,R4_identity,5.10
878,1000.0,8,8,0,8,0,0,2.6434090901685217,2.6434090901685217,2.6434090901685217,0.0,-0.0,0.07443628812379205,1.000440989755017,0.0,False,0,0,0,0,0,0.0,0.0,0.0,0.0,0.0,0,0.0,0,0,disabled,disabled,0.20454381143466005,0.0,20.078624999996464,9.285625000075015,32.45237500004805,hidden_regime_switching,multi_timescale_memory,CRA,multi_timescale_memory,candidate,NEST,44,0.0,0.0,0.0,0,False,0,False,-1,5,0.1,0.2,False,0.92,normal,replace,0.1,1.0,1.0,8,8,True,True,R4_identity,5.10
879,1000.0,8,8,0,8,0,0,2.642225181920038,2.642225181920038,2.642225181920038,0.0,-0.0,0.07439494327165584,1.000440989755017,0.0,False,0,0,0,0,0,0.0,0.0,0.0,0.0,0.0,0,0.0,0,0,disabled,disabled,0.20462786405193256,0.0,19.095790999926976,9.237167000037516,31.306167000138885,hidden_regime_switching,multi_timescale_memory,CRA,multi_timescale_memory,candidate,NEST,44,0.0,0.0,0.0,0,False,0,False,-1,5,0.1,0.2,False,0.92,normal,replace,0.1,1.0,1.0,8,8,True,True,R4_identity,5.10
880,1000.0,8,8,0,8,0,0,2.6387379036138743,2.6387379036138743,2.6387379036138743,-0.3172699453158263,0.2170166041722433,0.07435141485137281,1.000440989755017,-0.1,True,0,0,0,0,0,0.0,0.0,0.0,0.0,0.0,0,0.0,0,0,disabled,disabled,0.20362179741974895,0.0,20.03233300001739,9.40325000010489,32.0635420000599,hidden_regime_switching,multi_timescale_memory,CRA,multi_timescale_memory,candidate,NEST,44,-0.010256980669436498,0.0,-0.01,-1,True,-1,True,885,5,0.1,0.2,False,0.92,normal,replace,0.1,1.0,1.0,8,8,True,True,R4_identity,5.10
881,1000.0,8,8,0,8,0,0,2.6381697150085692,2.6381697150085692,2.6381697150085692,0.0,-0.0,0.0743417305541754,1.000440989755017,0.0,False,0,0,0,0,0,0.0,0.0,0.0,0.0,0.0,0,0.0,0,0,disabled,disabled,0.20262918202470015,0.0,19.09574999990582,9.513541999922381,31.228709000060917,hidden_regime_switching,multi_timescale_memory,CRA,multi_timescale_memory,candidate,NEST,44,0.0,0.0,0.0,0,False,0,False,-1,5,0.1,0.2,False,0.92,normal,replace,0.1,1.0,1.0,8,8,True,True,R4_identity,5.10
882,1000.0,8,8,0,8,0,0,2.637338357979889,2.637338357979889,2.637338357979889,0.0,0.0,0.0743294858176097,1.000440989755017,0.0,True,0,0,0,0,0,0.0,0.0,0.0,0.0,0.0,0,0.0,0,0,disabled,disabled,0.20650485254735784,0.0,79.37062499991043,9.649167000134184,91.63412499992774,hidden_regime_switching,multi_timescale_memory,CRA,multi_timescale_memory,candidate,NEST,44,0.0,0.0,0.0,0,False,0,False,-1,5,0.1,0.2,False,0.92,normal,replace,0.1,1.0,1.0,8,8,True,True,R4_identity,5.10
883,1000.0,8,8,0,8,0,0,2.6363622589948914,2.6363622589948914,2.6363622589948914,0.0,0.0,0.07431471171558285,1.000440989755017,0.0,True,0,0,0,0,0,0.0,0.0,0.0,0.0,0.0,0,0.0,0,0,disabled,disabled,0.20736089855282902,0.0,19.20541599997705,9.17875000004642,31.172834000017247,hidden_regime_switching,multi_timescale_memory,CRA,multi_timescale_memory,candidate,NEST,44,0.0,0.0,0.0,0,False,0,False,-1,5,0.1,0.2,False,0.92,normal,replace,0.1,1.0,1.0,8,8,True,True,R4_identity,5.10
884,1000.0,8,8,0,8,0,0,2.635327524407468,2.635327524407468,2.635327524407468,0.0,0.0,0.07429743904129088,1.000440989755017,0.0,True,0,0,0,0,0,0.0,0.0,0.0,0.0,0.0,0,0.0,0,0,disabled,disabled,0.20889313203277915,0.0,18.790165999917008,9.287792000122863,31.176167000012356,hidden_regime_switching,multi_timescale_memory,CRA,multi_timescale_memory,candidate,NEST,44,0.0,0.0,0.0,0,False,0,False,-1,5,0.1,0.2,False,0.92,normal,replace,0.1,1.0,1.0,8,8,True,True,R4_identity,5.10
885,1000.0,8,8,0,8,0,0,2.6342668018874744,2.6342668018874744,2.6342668018874744,0.0,-0.0,0.07427769830946866,1.000440989755017,0.0,False,0,0,0,0,0,0.0,0.0,0.0,0.0,0.0,0,0.0,0,0,disabled,disabled,0.20977161163539737,0.0,20.074833000080616,9.28495799985285,31.95354099989345,hidden_regime_switching,multi_timescale_memory,CRA,multi_timescale_memory,candidate,NEST,44,0.0,-0.01,0.0,0,False,0,False,-1,5,0.1,0.2,False,0.92,normal,replace,0.1,1.0,1.0,8,8,True,True,R4_identity,5.10
886,1000.0,8,8,0,8,0,0,2.6331852146026318,2.6331852146026318,2.6331852146026318,0.0,-0.0,0.07425551975862282,1.000440989755017,0.0,False,0,0,0,0,0,0.0,0.0,0.0,0.0,0.0,0,0.0,0,0,disabled,disabled,0.2091962028789034,0.0,19.37529099996027,9.316417000036381,31.2973749998946,hidden_regime_switching,multi_timescale_memory,CRA,multi_timescale_memory,candidate,NEST,44,0.0,0.0,0.0,0,False,0,False,-1,5,0.1,0.2,False,0.92,normal,replace,0.1,1.0,1.0,8,8,True,True,R4_identity,5.10
887,1000.0,8,8,0,8,0,0,2.632116747860667,2.632116747860667,2.632116747860667,0.0,-0.0,0.07423093335324799,1.000440989755017,0.0,False,0,0,0,0,0,0.0,0.0,0.0,0.0,0.0,0,0.0,0,0,disabled,disabled,0.21097395925102802,0.0,19.762249999985215,9.889791999967201,32.301999999845066,hidden_regime_switching,multi_timescale_memory,CRA,multi_timescale_memory,candidate,NEST,44,0.0,0.0,0.0,0,False,0,False,-1,5,0.1,0.2,False,0.92,normal,replace,0.1,1.0,1.0,8,8,True,True,R4_identity,5.10
888,1000.0,8,8,0,8,0,0,2.6364547172300132,2.6364547172300132,2.6364547172300132,0.3602354904973428,-0.2480391177396103,0.07420396878602634,1.000440989755017,0.1,False,0,0,0,0,0,0.0,0.0,0.0,0.0,0.0,0,0.0,0,0,disabled,disabled,0.2095476528451954,0.0,19.19045899990124,9.82308299990109,31.6224579999016,hidden_regime_switching,multi_timescale_memory,CRA,multi_timescale_memory,candidate,NEST,44,0.009751779345518845,0.0,0.01,1,True,1,True,893,5,0.1,0.2,False,0.92,normal,replace,0.1,1.0,1.0,8,8,True,True,R4_identity,5.10
889,1000.0,8,8,0,8,0,0,2.63460117139653,2.63460117139653,2.63460117139653,0.0,-0.0,0.07417465548001063,1.000440989755017,0.0,False,0,0,0,0,0,0.0,0.0,0.0,0.0,0.0,0,0.0,0,0,disabled,disabled,0.20707847868451257,0.0,18.395541000018056,9.641249999958745,31.43041699991045,hidden_regime_switching,multi_timescale_memory,CRA,multi_timescale_memory,candidate,NEST,44,0.0,0.0,0.0,0,False,0,False,-1,5,0.1,0.2,False,0.92,normal,replace,0.1,1.0,1.0,8,8,True,True,R4_identity,5.10
890,1000.0,8,8,0,8,0,0,2.633092927047914,2.633092927047914,2.633092927047914,0.0,0.0,0.07414302259079082,1.000440989755017,0.0,True,0,0,0,0,0,0.0,0.0,0.0,0.0,0.0,0,0.0,0,0,disabled,disabled,0.2043843343628673,0.0,19.378916999812645,10.018541000135883,32.016290999990815,hidden_regime_switching,multi_timescale_memory,CRA,multi_timescale_memory,candidate,NEST,44,0.0,0.0,0.0,0,False,0,False,-1,5,0.1,0.2,False,0.92,normal,replace,0.1,1.0,1.0,8,8,True,True,R4_identity,5.10
891,1000.0,8,8,0,8,0,0,2.6317559612636234,2.6317559612636234,2.6317559612636234,0.0,0.0,0.07410909900864436,1.000440989755017,0.0,True,0,0,0,0,0,0.0,0.0,0.0,0.0,0.0,0,0.0,0,0,disabled,disabled,0.2029368377645966,0.0,18.743583999821567,9.905708000133018,31.262166999795227,hidden_regime_switching,multi_timescale_memory,CRA,multi_timescale_memory,candidate,NEST,44,0.0,0.0,0.0,0,False,0,False,-1,5,0.1,0.2,False,0.92,normal,replace,0.1,1.0,1.0,8,8,True,True,R4_identity,5.10
892,1000.0,8,8,0,8,0,0,2.63049974086438,2.63049974086438,2.63049974086438,0.0,0.0,0.0740729133606704,1.000440989755017,0.0,True,0,0,0,0,0,0.0,0.0,0.0,0.0,0.0,0,0.0,0,0,disabled,disabled,0.201517495808476,0.0,19.66787500009559,9.898374999920634,32.25654199991368,hidden_regime_switching,multi_timescale_memory,CRA,multi_timescale_memory,candidate,NEST,44,0.0,0.0,0.0,0,False,0,False,-1,5,0.1,0.2,False,0.92,normal,replace,0.1,1.0,1.0,8,8,True,True,R4_identity,5.10
893,1000.0,8,8,0,8,0,0,2.629288486507718,2.629288486507718,2.629288486507718,0.0,0.0,0.0740344940129078,1.000440989755017,0.0,False,0,0,0,0,0,0.0,0.0,0.0,0.0,0.0,0,0.0,0,0,disabled,disabled,0.20103159149669292,0.0,18.783624999969106,9.302875000003041,30.736333000049854,hidden_regime_switching,multi_timescale_memory,CRA,multi_timescale_memory,candidate,NEST,44,0.0,0.01,0.0,0,False,0,False,-1,5,0.1,0.2,False,0.92,normal,replace,0.1,1.0,1.0,8,8,True,True,R4_identity,5.10
894,1000.0,8,8,0,8,0,0,2.628103543418776,2.628103543418776,2.628103543418776,0.0,0.0,0.07399386907243738,1.000440989755017,0.0,False,0,0,0,0,0,0.0,0.0,0.0,0.0,0.0,0,0.0,0,0,disabled,disabled,0.20090153565505275,0.0,19.473290999940218,9.341875000018263,31.934125000134372,hidden_regime_switching,multi_timescale_memory,CRA,multi_timescale_memory,candidate,NEST,44,0.0,0.0,0.0,0,False,0,False,-1,5,0.1,0.2,False,0.92,normal,replace,0.1,1.0,1.0,8,8,True,True,R4_identity,5.10
895,1000.0,8,8,0,8,0,0,2.626908679869686,2.626908679869686,2.626908679869686,0.0,0.0,0.07395106638946813,1.000440989755017,0.0,False,0,0,0,0,0,0.0,0.0,0.0,0.0,0.0,0,0.0,0,0,disabled,disabled,0.19829068037801623,0.0,18.87695799996436,9.45258299998386,31.375000000025466,hidden_regime_switching,multi_timescale_memory,CRA,multi_timescale_memory,candidate,NEST,44,0.0,0.0,0.0,0,False,0,False,-1,5,0.1,0.2,False,0.92,normal,replace,0.1,1.0,1.0,8,8,True,True,R4_identity,5.10
896,1000.0,8,8,0,8,0,0,2.6335372645124937,2.6335372645124937,2.6335372645124937,0.3485068076769928,0.2426271811005685,0.07390611355940792,1.000440989755017,0.1,True,0,0,0,0,0,0.0,0.0,0.0,0.0,0.0,0,0.0,0,0,disabled,disabled,0.1973001056950503,0.0,20.19254199990428,9.642292000080488,32.45954199996959,hidden_regime_switching,multi_timescale_memory,CRA,multi_timescale_memory,candidate,NEST,44,0.009686450122796187,0.0,0.01,1,True,1,True,901,5,0.1,0.2,False,0.92,normal,replace,0.1,1.0,1.0,8,8,True,True,R4_identity,5.10
897,1000.0,8,8,0,8,0,0,2.632979936208111,2.632979936208111,2.632979936208111,0.0,0.0,0.0738950379249184,1.000440989755017,0.0,False,0,0,0,0,0,0.0,0.0,0.0,0.0,0.0,0,0.0,0,0,disabled,disabled,0.19668277866034956,0.0,19.969499999888285,9.684500000048502,32.27516700007982,hidden_regime_switching,multi_timescale_memory,CRA,multi_timescale_memory,candidate,NEST,44,0.0,0.0,0.0,0,False,0,False,-1,5,0.1,0.2,False,0.92,normal,replace,0.1,1.0,1.0,8,8,True,True,R4_identity,5.10
898,1000.0,8,8,0,8,0,0,2.63210222488056,2.63210222488056,2.63210222488056,0.0,0.0,0.07388143457795462,1.000440989755017,0.0,True,0,0,0,0,0,0.0,0.0,0.0,0.0,0.0,0,0.0,0,0,disabled,disabled,0.19774995883450952,0.0,19.708666999804336,9.634375000132422,32.81670900014433,hidden_regime_switching,multi_timescale_memory,CRA,multi_timescale_memory,candidate,NEST,44,0.0,0.0,0.0,0,False,0,False,-1,5,0.1,0.2,False,0.92,normal,replace,0.1,1.0,1.0,8,8,True,True,R4_identity,5.10
899,1000.0,8,8,0,8,0,0,2.631066225255991,2.631066225255991,2.631066225255991,0.0,0.0,0.07386533424978911,1.000440989755017,0.0,True,0,0,0,0,0,0.0,0.0,0.0,0.0,0.0,0,0.0,0,0,disabled,disabled,0.19831088320997736,0.0,20.010083999977724,9.928374999844891,32.64804200011895,hidden_regime_switching,multi_timescale_memory,CRA,multi_timescale_memory,candidate,NEST,44,0.0,0.0,0.0,0,False,0,False,-1,5,0.1,0.2,False,0.92,normal,replace,0.1,1.0,1.0,8,8,True,True,R4_identity,5.10
900,1000.0,8,8,0,8,0,0,2.6299489082114116,2.6299489082114116,2.6299489082114116,0.0,0.0,0.07384676739391678,1.000440989755017,0.0,True,0,0,0,0,0,0.0,0.0,0.0,0.0,0.0,0,0.0,0,0,disabled,disabled,0.19814912273203955,0.0,18.98445899996659,9.912041000006866,31.52924999994866,hidden_regime_switching,multi_timescale_memory,CRA,multi_timescale_memory,candidate,NEST,44,0.0,0.0,0.0,0,False,0,False,-1,5,0.1,0.2,False,0.92,normal,replace,0.1,1.0,1.0,8,8,True,True,R4_identity,5.10
901,1000.0,8,8,0,8,0,0,2.6287997548249007,2.6287997548249007,2.6287997548249007,0.0,0.0,0.07382576418828192,1.000440989755017,0.0,False,0,0,0,0,0,0.0,0.0,0.0,0.0,0.0,0,0.0,0,0,disabled,disabled,0.1986390325839622,0.0,20.2217500000188,10.027707999824997,32.889792000105444,hidden_regime_switching,multi_timescale_memory,CRA,multi_timescale_memory,candidate,NEST,44,0.0,0.01,0.0,0,False,0,False,-1,5,0.1,0.2,False,0.92,normal,replace,0.1,1.0,1.0,8,8,True,True,R4_identity,5.10
902,1000.0,8,8,0,8,0,0,2.6276273384752313,2.6276273384752313,2.6276273384752313,0.0,0.0,0.0738023545374885,1.000440989755017,0.0,False,0,0,0,0,0,0.0,0.0,0.0,0.0,0.0,0,0.0,0,0,disabled,disabled,0.19790562589048655,0.0,18.901333000030718,10.571125000069514,32.07891700003529,hidden_regime_switching,multi_timescale_memory,CRA,multi_timescale_memory,candidate,NEST,44,0.0,0.0,0.0,0,False,0,False,-1,5,0.1,0.2,False,0.92,normal,replace,0.1,1.0,1.0,8,8,True,True,R4_identity,5.10
903,1000.0,8,8,0,8,0,0,2.6264523659526864,2.6264523659526864,2.6264523659526864,0.0,0.0,0.07377656807499383,1.000440989755017,0.0,False,0,0,0,0,0,0.0,0.0,0.0,0.0,0.0,0,0.0,0,0,disabled,disabled,0.1981424308733315,0.0,82.0082079999338,10.145999999849664,94.86004199993658,hidden_regime_switching,multi_timescale_memory,CRA,multi_timescale_memory,candidate,NEST,44,0.0,0.0,0.0,0,False,0,False,-1,5,0.1,0.2,False,0.92,normal,replace,0.1,1.0,1.0,8,8,True,True,R4_identity,5.10
904,1000.0,8,8,0,8,0,0,2.6340102297997707,2.6340102297997707,2.6340102297997707,0.43530391804732815,0.3021998985946307,0.07374843416528573,1.000440989755017,0.1,True,0,0,0,0,0,0.0,0.0,0.0,0.0,0.0,0,0.0,0,0,disabled,disabled,0.1976714207221244,0.0,19.056999999975233,9.602832999917155,31.39099999998507,hidden_regime_switching,multi_timescale_memory,CRA,multi_timescale_memory,candidate,NEST,44,0.010537168453146369,0.0,0.01,1,True,1,True,909,5,0.1,0.2,False,0.92,normal,replace,0.1,1.0,1.0,8,8,True,True,R4_identity,5.10
905,1000.0,8,8,0,8,0,0,2.6336497026577996,2.6336497026577996,2.6336497026577996,0.0,0.0,0.07375398190604344,1.000440989755017,0.0,False,0,0,0,0,0,0.0,0.0,0.0,0.0,0.0,0,0.0,0,0,disabled,disabled,0.19887243747918237,0.0,19.89958400008618,9.517082999991544,32.39649999977701,hidden_regime_switching,multi_timescale_memory,CRA,multi_timescale_memory,candidate,NEST,44,0.0,0.0,0.0,0,False,0,False,-1,5,0.1,0.2,False,0.92,normal,replace,0.1,1.0,1.0,8,8,True,True,R4_identity,5.10
906,1000.0,8,8,0,8,0,0,2.632880785618827,2.632880785618827,2.632880785618827,0.0,0.0,0.07375680813028211,1.000440989755017,0.0,True,0,0,0,0,0,0.0,0.0,0.0,0.0,0.0,0,0.0,0,0,disabled,disabled,0.20011736451817086,0.0,19.279292000192072,9.425124999779655,31.870042000036847,hidden_regime_switching,multi_timescale_memory,CRA,multi_timescale_memory,candidate,NEST,44,0.0,0.0,0.0,0,False,0,False,-1,5,0.1,0.2,False,0.92,normal,replace,0.1,1.0,1.0,8,8,True,True,R4_identity,5.10
907,1000.0,8,8,0,8,0,0,2.6318717583118993,2.6318717583118993,2.6318717583118993,0.0,0.0,0.0737569452964813,1.000440989755017,0.0,True,0,0,0,0,0,0.0,0.0,0.0,0.0,0.0,0,0.0,0,0,disabled,disabled,0.19743302211869107,0.0,18.90358299988293,9.54091700009485,31.473624999989624,hidden_regime_switching,multi_timescale_memory,CRA,multi_timescale_memory,candidate,NEST,44,0.0,0.0,0.0,0,False,0,False,-1,5,0.1,0.2,False,0.92,normal,replace,0.1,1.0,1.0,8,8,True,True,R4_identity,5.10
908,1000.0,8,8,0,8,0,0,2.6307648624301767,2.6307648624301767,2.6307648624301767,0.0,0.0,0.07375442557159341,1.000440989755017,0.0,True,0,0,0,0,0,0.0,0.0,0.0,0.0,0.0,0,0.0,0,0,disabled,disabled,0.19770799782263637,0.0,20.71374999991349,9.579540999993696,32.94187500000589,hidden_regime_switching,multi_timescale_memory,CRA,multi_timescale_memory,candidate,NEST,44,0.0,0.0,0.0,0,False,0,False,-1,5,0.1,0.2,False,0.92,normal,replace,0.1,1.0,1.0,8,8,True,True,R4_identity,5.10
909,1000.0,8,8,0,8,0,0,2.6296060123672196,2.6296060123672196,2.6296060123672196,0.0,0.0,0.0737492808333735,1.000440989755017,0.0,False,0,0,0,0,0,0.0,0.0,0.0,0.0,0.0,0,0.0,0,0,disabled,disabled,0.19729244798378254,0.0,19.477874999893174,9.579833000088911,31.689916000004814,hidden_regime_switching,multi_timescale_memory,CRA,multi_timescale_memory,candidate,NEST,44,0.0,0.01,0.0,0,False,0,False,-1,5,0.1,0.2,False,0.92,normal,replace,0.1,1.0,1.0,8,8,True,True,R4_identity,5.10
910,1000.0,8,8,0,8,0,0,2.6284207044830588,2.6284207044830588,2.6284207044830588,0.0,0.0,0.07374154267269165,1.000440989755017,0.0,False,0,0,0,0,0,0.0,0.0,0.0,0.0,0.0,0,0.0,0,0,disabled,disabled,0.19675284150811123,0.0,19.760874999974476,10.013791000119454,32.39320800003043,hidden_regime_switching,multi_timescale_memory,CRA,multi_timescale_memory,candidate,NEST,44,0.0,0.0,0.0,0,False,0,False,-1,5,0.1,0.2,False,0.92,normal,replace,0.1,1.0,1.0,8,8,True,True,R4_identity,5.10
911,1000.0,8,8,0,8,0,0,2.6272187355276246,2.6272187355276246,2.6272187355276246,0.0,0.0,0.07373124239582797,1.000440989755017,0.0,False,0,0,0,0,0,0.0,0.0,0.0,0.0,0.0,0,0.0,0,0,disabled,disabled,0.19586485033901724,0.0,19.214124999962223,10.051541999928304,31.909374999941065,hidden_regime_switching,multi_timescale_memory,CRA,multi_timescale_memory,candidate,NEST,44,0.0,0.0,0.0,0,False,0,False,-1,5,0.1,0.2,False,0.92,normal,replace,0.1,1.0,1.0,8,8,True,True,R4_identity,5.10
912,1000.0,8,8,0,8,0,0,2.6237970032700204,2.6237970032700204,2.6237970032700204,-0.4850439958873403,-0.3363608422694546,0.07371841102675045,1.000440989755017,-0.1,False,0,0,0,0,0,0.0,0.0,0.0,0.0,0.0,0,0.0,0,0,disabled,disabled,0.19664284445846025,0.0,20.483584000203336,10.745957999915845,33.856125000056636,hidden_regime_switching,multi_timescale_memory,CRA,multi_timescale_memory,candidate,NEST,44,-0.010352418497161599,0.0,-0.01,-1,True,-1,True,917,5,0.1,0.2,False,0.92,normal,replace,0.1,1.0,1.0,8,8,True,True,R4_identity,5.10
913,1000.0,8,8,0,8,0,0,2.6216753970165785,2.6216753970165785,2.6216753970165785,0.0,0.0,0.0737030793093756,1.000440989755017,0.0,False,0,0,0,0,0,0.0,0.0,0.0,0.0,0.0,0,0.0,0,0,disabled,disabled,0.1955114107551985,0.0,19.080875000099695,10.147791999997935,32.21216700012519,hidden_regime_switching,multi_timescale_memory,CRA,multi_timescale_memory,candidate,NEST,44,0.0,0.0,0.0,0,False,0,False,-1,5,0.1,0.2,False,0.92,normal,replace,0.1,1.0,1.0,8,8,True,True,R4_identity,5.10
914,1000.0,8,8,0,8,0,0,2.6200202717502883,2.6200202717502883,2.6200202717502883,0.0,0.0,0.07368527770981229,1.000440989755017,0.0,True,0,0,0,0,0,0.0,0.0,0.0,0.0,0.0,0,0.0,0,0,disabled,disabled,0.19470641091450513,0.0,18.70458299981692,10.017042000072252,31.341249999968568,hidden_regime_switching,multi_timescale_memory,CRA,multi_timescale_memory,candidate,NEST,44,0.0,0.0,0.0,0,False,0,False,-1,5,0.1,0.2,False,0.92,normal,replace,0.1,1.0,1.0,8,8,True,True,R4_identity,5.10
915,1000.0,8,8,0,8,0,0,2.618577709251686,2.618577709251686,2.618577709251686,0.0,0.0,0.0736650364185886,1.000440989755017,0.0,True,0,0,0,0,0,0.0,0.0,0.0,0.0,0.0,0,0.0,0,0,disabled,disabled,0.19188549404189725,0.0,19.265249999989464,10.057583999923736,31.928790999927514,hidden_regime_switching,multi_timescale_memory,CRA,multi_timescale_memory,candidate,NEST,44,0.0,0.0,0.0,0,False,0,False,-1,5,0.1,0.2,False,0.92,normal,replace,0.1,1.0,1.0,8,8,True,True,R4_identity,5.10
916,1000.0,8,8,0,8,0,0,2.6172474528574705,2.6172474528574705,2.6172474528574705,0.0,0.0,0.07364238535286204,1.000440989755017,0.0,True,0,0,0,0,0,0.0,0.0,0.0,0.0,0.0,0,0.0,0,0,disabled,disabled,0.19102983147103725,0.0,18.77291700020578,10.261082999932114,31.63558300002478,hidden_regime_switching,multi_timescale_memory,CRA,multi_timescale_memory,candidate,NEST,44,0.0,0.0,0.0,0,False,0,False,-1,5,0.1,0.2,False,0.92,normal,replace,0.1,1.0,1.0,8,8,True,True,R4_identity,5.10
917,1000.0,8,8,0,8,0,0,2.6159710163878818,2.6159710163878818,2.6159710163878818,0.0,-0.0,0.07361735415861313,1.000440989755017,0.0,False,0,0,0,0,0,0.0,0.0,0.0,0.0,0.0,0,0.0,0,0,disabled,disabled,0.19011488231400708,0.0,19.66266599993105,10.30716700006451,32.62287500001548,hidden_regime_switching,multi_timescale_memory,CRA,multi_timescale_memory,candidate,NEST,44,0.0,-0.01,0.0,0,False,0,False,-1,5,0.1,0.2,False,0.92,normal,replace,0.1,1.0,1.0,8,8,True,True,R4_identity,5.10
918,1000.0,8,8,0,8,0,0,2.6147287749253665,2.6147287749253665,2.6147287749253665,0.0,-0.0,0.07358997221282251,1.000440989755017,0.0,False,0,0,0,0,0,0.0,0.0,0.0,0.0,0.0,0,0.0,0,0,disabled,disabled,0.19010749098859314,0.0,18.755542000008063,9.999999999990905,31.415958000025057,hidden_regime_switching,multi_timescale_memory,CRA,multi_timescale_memory,candidate,NEST,44,0.0,0.0,0.0,0,False,0,False,-1,5,0.1,0.2,False,0.92,normal,replace,0.1,1.0,1.0,8,8,True,True,R4_identity,5.10
919,1000.0,8,8,0,8,0,0,2.613498633481778,2.613498633481778,2.613498633481778,0.0,-0.0,0.07356026862563166,1.000440989755017,0.0,False,0,0,0,0,0,0.0,0.0,0.0,0.0,0.0,0,0.0,0,0,disabled,disabled,0.18933438478101028,0.0,19.43966699991506,9.581499999967491,31.711041000107798,hidden_regime_switching,multi_timescale_memory,CRA,multi_timescale_memory,candidate,NEST,44,0.0,0.0,0.0,0,False,0,False,-1,5,0.1,0.2,False,0.92,normal,replace,0.1,1.0,1.0,8,8,True,True,R4_identity,5.10
920,1000.0,8,8,0,8,0,0,2.61709816157643,2.61709816157643,2.61709816157643,0.46383298852970567,-0.3241481823831878,0.07352827224248744,1.000440989755017,0.0,False,0,0,0,0,0,0.0,0.0,0.0,0.0,0.0,0,0.0,0,0,disabled,disabled,0.19062690729079534,0.0,18.933750000087457,9.563583000044673,31.580082999880688,hidden_regime_switching,multi_timescale_memory,CRA,multi_timescale_memory,candidate,NEST,44,0.010118694335593665,0.0,-0.01,-1,True,1,False,925,5,0.1,0.2,False,0.92,normal,replace,0.1,1.0,1.0,8,8,True,True,R4_identity,5.10
921,1000.0,8,8,0,8,0,0,2.61500094040161,2.61500094040161,2.61500094040161,0.0,-0.0,0.07349401164627044,1.000440989755017,0.0,False,0,0,0,0,0,0.0,0.0,0.0,0.0,0.0,0,0.0,0,0,disabled,disabled,0.1899994536983467,0.0,19.2923750000773,9.630125000057888,31.948542000009184,hidden_regime_switching,multi_timescale_memory,CRA,multi_timescale_memory,candidate,NEST,44,0.0,0.0,0.0,0,False,0,False,-1,5,0.1,0.2,False,0.92,normal,replace,0.1,1.0,1.0,8,8,True,True,R4_identity,5.10
922,1000.0,8,8,0,8,0,0,2.613351287056633,2.613351287056633,2.613351287056633,0.0,0.0,0.07345751515940731,1.000440989755017,0.0,True,0,0,0,0,0,0.0,0.0,0.0,0.0,0.0,0,0.0,0,0,disabled,disabled,0.1899523188635852,0.0,19.614541999999346,9.677250000095228,31.89333299997088,hidden_regime_switching,multi_timescale_memory,CRA,multi_timescale_memory,candidate,NEST,44,0.0,0.0,0.0,0,False,0,False,-1,5,0.1,0.2,False,0.92,normal,replace,0.1,1.0,1.0,8,8,True,True,R4_identity,5.10
923,1000.0,8,8,0,8,0,0,2.6119146515429357,2.6119146515429357,2.6119146515429357,0.0,0.0,0.07341881084596727,1.000440989755017,0.0,True,0,0,0,0,0,0.0,0.0,0.0,0.0,0.0,0,0.0,0,0,disabled,disabled,0.18846395453336928,0.0,79.80887500002609,10.294665999936115,92.72454200004177,hidden_regime_switching,multi_timescale_memory,CRA,multi_timescale_memory,candidate,NEST,44,0.0,0.0,0.0,0,False,0,False,-1,5,0.1,0.2,False,0.92,normal,replace,0.1,1.0,1.0,8,8,True,True,R4_identity,5.10
924,1000.0,8,8,0,8,0,0,2.610594002134005,2.610594002134005,2.610594002134005,0.0,0.0,0.07337792651374277,1.000440989755017,0.0,True,0,0,0,0,0,0.0,0.0,0.0,0.0,0.0,0,0.0,0,0,disabled,disabled,0.1885119070572019,0.0,19.198083999981463,10.296332999814695,32.09637500003737,hidden_regime_switching,multi_timescale_memory,CRA,multi_timescale_memory,candidate,NEST,44,0.0,0.0,0.0,0,False,0,False,-1,5,0.1,0.2,False,0.92,normal,replace,0.1,1.0,1.0,8,8,True,True,R4_identity,5.10
925,1000.0,8,8,0,8,0,0,2.609351140244462,2.609351140244462,2.609351140244462,0.0,-0.0,0.07333488971631451,1.000440989755017,0.0,False,0,0,0,0,0,0.0,0.0,0.0,0.0,0.0,0,0.0,0,0,disabled,disabled,0.19022246641566465,0.0,18.787125000017113,10.247000000163098,31.675499999892054,hidden_regime_switching,multi_timescale_memory,CRA,multi_timescale_memory,candidate,NEST,44,0.0,-0.01,0.0,0,False,0,False,-1,5,0.1,0.2,False,0.92,normal,replace,0.1,1.0,1.0,8,8,True,True,R4_identity,5.10
926,1000.0,8,8,0,8,0,0,2.608129451505089,2.608129451505089,2.608129451505089,0.0,-0.0,0.0732897277551009,1.000440989755017,0.0,False,0,0,0,0,0,0.0,0.0,0.0,0.0,0.0,0,0.0,0,0,disabled,disabled,0.18902878315882976,0.0,19.364709000001312,10.321166000039739,32.37041599982149,hidden_regime_switching,multi_timescale_memory,CRA,multi_timescale_memory,candidate,NEST,44,0.0,0.0,0.0,0,False,0,False,-1,5,0.1,0.2,False,0.92,normal,replace,0.1,1.0,1.0,8,8,True,True,R4_identity,5.10
927,1000.0,8,8,0,8,0,0,2.606927236311532,2.606927236311532,2.606927236311532,0.0,-0.0,0.07324246768139206,1.000440989755017,0.0,False,0,0,0,0,0,0.0,0.0,0.0,0.0,0.0,0,0.0,0,0,disabled,disabled,0.1890340033426714,0.0,19.2762080000648,9.558332999858976,31.50495799991404,hidden_regime_switching,multi_timescale_memory,CRA,multi_timescale_memory,candidate,NEST,44,0.0,0.0,0.0,0,False,0,False,-1,5,0.1,0.2,False,0.92,normal,replace,0.1,1.0,1.0,8,8,True,True,R4_identity,5.10
928,1000.0,8,8,0,8,0,0,2.6036020622175347,2.6036020622175347,2.6036020622175347,-0.3615744226330016,0.25697329910358574,0.07319313629836853,1.000440989755017,0.0,True,0,0,0,0,0,0.0,0.0,0.0,0.0,0.0,0,0.0,0,0,disabled,disabled,0.189103965428834,0.0,18.64891699983673,9.655208000140192,31.412792000082845,hidden_regime_switching,multi_timescale_memory,CRA,multi_timescale_memory,candidate,NEST,44,-0.009672677007190182,0.0,-0.01,-1,True,-1,True,933,5,0.1,0.2,False,0.92,normal,replace,0.1,1.0,1.0,8,8,True,True,R4_identity,5.10
929,1000.0,8,8,0,8,0,0,2.603118284683669,2.603118284683669,2.603118284683669,0.0,-0.0,0.07317776016310476,1.000440989755017,0.0,False,0,0,0,0,0,0.0,0.0,0.0,0.0,0.0,0,0.0,0,0,disabled,disabled,0.1888932769477032,0.0,19.731624999849373,9.91708300011851,32.64008299993293,hidden_regime_switching,multi_timescale_memory,CRA,multi_timescale_memory,candidate,NEST,44,0.0,0.0,0.0,0,False,0,False,-1,5,0.1,0.2,False,0.92,normal,replace,0.1,1.0,1.0,8,8,True,True,R4_identity,5.10
930,1000.0,8,8,0,8,0,0,2.6022858462415632,2.6022858462415632,2.6022858462415632,0.0,0.0,0.07315993358855742,1.000440989755017,0.0,True,0,0,0,0,0,0.0,0.0,0.0,0.0,0.0,0,0.0,0,0,disabled,disabled,0.1881693224844696,0.0,19.621292000010726,9.798374999945736,32.058332999895356,hidden_regime_switching,multi_timescale_memory,CRA,multi_timescale_memory,candidate,NEST,44,0.0,0.0,0.0,0,False,0,False,-1,5,0.1,0.2,False,0.92,normal,replace,0.1,1.0,1.0,8,8,True,True,R4_identity,5.10
931,1000.0,8,8,0,8,0,0,2.601268744190459,2.601268744190459,2.601268744190459,0.0,0.0,0.07313968653353878,1.000440989755017,0.0,True,0,0,0,0,0,0.0,0.0,0.0,0.0,0.0,0,0.0,0,0,disabled,disabled,0.1865482201296622,0.0,20.124791999933223,9.841125000093598,32.57883299988862,hidden_regime_switching,multi_timescale_memory,CRA,multi_timescale_memory,candidate,NEST,44,0.0,0.0,0.0,0,False,0,False,-1,5,0.1,0.2,False,0.92,normal,replace,0.1,1.0,1.0,8,8,True,True,R4_identity,5.10
932,1000.0,8,8,0,8,0,0,2.6001595396628874,2.6001595396628874,2.6001595396628874,0.0,0.0,0.07311704868557117,1.000440989755017,0.0,True,0,0,0,0,0,0.0,0.0,0.0,0.0,0.0,0,0.0,0,0,disabled,disabled,0.1854013115789348,0.0,19.373916999938956,9.802125000078377,31.854292000161877,hidden_regime_switching,multi_timescale_memory,CRA,multi_timescale_memory,candidate,NEST,44,0.0,0.0,0.0,0,False,0,False,-1,5,0.1,0.2,False,0.92,normal,replace,0.1,1.0,1.0,8,8,True,True,R4_identity,5.10
933,1000.0,8,8,0,8,0,0,2.5990189246729853,2.5990189246729853,2.5990189246729853,0.0,-0.0,0.07309204946306397,1.000440989755017,0.0,False,0,0,0,0,0,0.0,0.0,0.0,0.0,0.0,0,0.0,0,0,disabled,disabled,0.18591332981197173,0.0,19.614333999925293,10.164291000137382,32.42329099998642,hidden_regime_switching,multi_timescale_memory,CRA,multi_timescale_memory,candidate,NEST,44,0.0,-0.01,0.0,0,False,0,False,-1,5,0.1,0.2,False,0.92,normal,replace,0.1,1.0,1.0,8,8,True,True,R4_identity,5.10
934,1000.0,8,8,0,8,0,0,2.597861858874953,2.597861858874953,2.597861858874953,0.0,-0.0,0.07306471801747416,1.000440989755017,0.0,False,0,0,0,0,0,0.0,0.0,0.0,0.0,0.0,0,0.0,0,0,disabled,disabled,0.18583923275106784,0.0,18.996916999867608,10.463833000130762,32.07762500005629,hidden_regime_switching,multi_timescale_memory,CRA,multi_timescale_memory,candidate,NEST,44,0.0,0.0,0.0,0,False,0,False,-1,5,0.1,0.2,False,0.92,normal,replace,0.1,1.0,1.0,8,8,True,True,R4_identity,5.10
935,1000.0,8,8,0,8,0,0,2.59669582963421,2.59669582963421,2.59669582963421,0.0,-0.0,0.07303508323545077,1.000440989755017,0.0,False,0,0,0,0,0,0.0,0.0,0.0,0.0,0.0,0,0.0,0,0,disabled,disabled,0.18546264653794342,0.0,19.46133399997052,10.40362499998082,32.47895799995604,hidden_regime_switching,multi_timescale_memory,CRA,multi_timescale_memory,candidate,NEST,44,0.0,0.0,0.0,0,False,0,False,-1,5,0.1,0.2,False,0.92,normal,replace,0.1,1.0,1.0,8,8,True,True,R4_identity,5.10
936,1000.0,8,8,0,8,0,0,2.6002199728621593,2.6002199728621593,2.6002199728621593,0.42610199389989634,-0.3007248581374631,0.07300317374096303,1.000440989755017,0.0,False,0,0,0,0,0,0.0,0.0,0.0,0.0,0.0,0,0.0,0,0,disabled,disabled,0.18578212103030012,0.0,19.260250000115775,10.443249999980253,32.314250000126776,hidden_regime_switching,multi_timescale_memory,CRA,multi_timescale_memory,candidate,NEST,44,0.009914219908791346,0.0,0.01,1,True,1,True,941,5,0.1,0.2,False,0.92,normal,replace,0.1,1.0,1.0,8,8,True,True,R4_identity,5.10
937,1000.0,8,8,0,8,0,0,2.598241678154888,2.598241678154888,2.598241678154888,0.0,-0.0,0.07296901789741266,1.000440989755017,0.0,False,0,0,0,0,0,0.0,0.0,0.0,0.0,0.0,0,0.0,0,0,disabled,disabled,0.18537181876084663,0.0,18.723124999951324,10.237375000087923,31.593374999829393,hidden_regime_switching,multi_timescale_memory,CRA,multi_timescale_memory,candidate,NEST,44,0.0,0.0,0.0,0,False,0,False,-1,5,0.1,0.2,False,0.92,normal,replace,0.1,1.0,1.0,8,8,True,True,R4_identity,5.10
938,1000.0,8,8,0,8,0,0,2.5966553414788396,2.5966553414788396,2.5966553414788396,0.0,0.0,0.07293264380973022,1.000440989755017,0.0,True,0,0,0,0,0,0.0,0.0,0.0,0.0,0.0,0,0.0,0,0,disabled,disabled,0.18396123038010792,0.0,19.3128749999687,10.535708000134036,32.46283300018149,hidden_regime_switching,multi_timescale_memory,CRA,multi_timescale_memory,candidate,NEST,44,0.0,0.0,0.0,0,False,0,False,-1,5,0.1,0.2,False,0.92,normal,replace,0.1,1.0,1.0,8,8,True,True,R4_identity,5.10
939,1000.0,8,8,0,8,0,0,2.5952690326500183,2.5952690326500183,2.5952690326500183,0.0,0.0,0.07289407932645567,1.000440989755017,0.0,True,0,0,0,0,0,0.0,0.0,0.0,0.0,0.0,0,0.0,0,0,disabled,disabled,0.18360460535825762,0.0,18.816000000015265,10.375584000030358,31.810875000019223,hidden_regime_switching,multi_timescale_memory,CRA,multi_timescale_memory,candidate,NEST,44,0.0,0.0,0.0,0,False,0,False,-1,5,0.1,0.2,False,0.92,normal,replace,0.1,1.0,1.0,8,8,True,True,R4_identity,5.10
940,1000.0,8,8,0,8,0,0,2.593997234815202,2.593997234815202,2.593997234815202,0.0,0.0,0.07285335204180325,1.000440989755017,0.0,True,0,0,0,0,0,0.0,0.0,0.0,0.0,0.0,0,0.0,0,0,disabled,disabled,0.18463731515157278,0.0,19.554375000097934,10.303124999836655,32.44874999995773,hidden_regime_switching,multi_timescale_memory,CRA,multi_timescale_memory,candidate,NEST,44,0.0,0.0,0.0,0,False,0,False,-1,5,0.1,0.2,False,0.92,normal,replace,0.1,1.0,1.0,8,8,True,True,R4_identity,5.10
941,1000.0,8,8,0,8,0,0,2.5927708245131806,2.5927708245131806,2.5927708245131806,0.0,0.0,0.07281048929771092,1.000440989755017,0.0,False,0,0,0,0,0,0.0,0.0,0.0,0.0,0.0,0,0.0,0,0,disabled,disabled,0.18367061947933916,0.0,18.711041999949884,10.023165999882622,31.423166999957175,hidden_regime_switching,multi_timescale_memory,CRA,multi_timescale_memory,candidate,NEST,44,0.0,0.01,0.0,0,False,0,False,-1,5,0.1,0.2,False,0.92,normal,replace,0.1,1.0,1.0,8,8,True,True,R4_identity,5.10
942,1000.0,8,8,0,8,0,0,2.5915774674888503,2.5915774674888503,2.5915774674888503,0.0,0.0,0.07276551818587419,1.000440989755017,0.0,False,0,0,0,0,0,0.0,0.0,0.0,0.0,0.0,0,0.0,0,0,disabled,disabled,0.18394369064681193,0.0,79.73537499992744,10.370541999918714,92.88695800000824,hidden_regime_switching,multi_timescale_memory,CRA,multi_timescale_memory,candidate,NEST,44,0.0,0.0,0.0,0,False,0,False,-1,5,0.1,0.2,False,0.92,normal,replace,0.1,1.0,1.0,8,8,True,True,R4_identity,5.10
943,1000.0,8,8,0,8,0,0,2.590369015683465,2.590369015683465,2.590369015683465,0.0,0.0,0.07271846554976479,1.000440989755017,0.0,False,0,0,0,0,0,0.0,0.0,0.0,0.0,0.0,0,0.0,0,0,disabled,disabled,0.18074197737209818,0.0,18.94316700008858,10.291665999830002,31.869624999899315,hidden_regime_switching,multi_timescale_memory,CRA,multi_timescale_memory,candidate,NEST,44,0.0,0.0,0.0,0,False,0,False,-1,5,0.1,0.2,False,0.92,normal,replace,0.1,1.0,1.0,8,8,True,True,R4_identity,5.10
944,1000.0,8,8,0,8,0,0,2.587121782178069,2.587121782178069,2.587121782178069,-0.4265817035773384,-0.3011458728492891,0.072669357986634,1.000440989755017,0.0,False,0,0,0,0,0,0.0,0.0,0.0,0.0,0.0,0,0.0,0,0,disabled,disabled,0.1795301865826877,0.0,19.38374999986081,10.527958000011495,32.544542000096044,hidden_regime_switching,multi_timescale_memory,CRA,multi_timescale_memory,candidate,NEST,44,-0.010230624164639903,0.0,-0.01,-1,True,-1,True,949,5,0.1,0.2,False,0.92,normal,replace,0.1,1.0,1.0,8,8,True,True,R4_identity,5.10
945,1000.0,8,8,0,8,0,0,2.585175208011899,2.585175208011899,2.585175208011899,0.0,0.0,0.072618221849501,1.000440989755017,0.0,False,0,0,0,0,0,0.0,0.0,0.0,0.0,0.0,0,0.0,0,0,disabled,disabled,0.18157239127445912,0.0,18.91512500014869,10.44299999989562,31.959208999978728,hidden_regime_switching,multi_timescale_memory,CRA,multi_timescale_memory,candidate,NEST,44,0.0,0.0,0.0,0,False,0,False,-1,5,0.1,0.2,False,0.92,normal,replace,0.1,1.0,1.0,8,8,True,True,R4_identity,5.10
946,1000.0,8,8,0,8,0,0,2.5836350157463235,2.5836350157463235,2.5836350157463235,0.0,0.0,0.07256508324912607,1.000440989755017,0.0,True,0,0,0,0,0,0.0,0.0,0.0,0.0,0.0,0,0.0,0,0,disabled,disabled,0.18237543335867024,0.0,18.667124999865337,10.320250000177111,31.60120799998367,hidden_regime_switching,multi_timescale_memory,CRA,multi_timescale_memory,candidate,NEST,44,0.0,0.0,0.0,0,False,0,False,-1,5,0.1,0.2,False,0.92,normal,replace,0.1,1.0,1.0,8,8,True,True,R4_identity,5.10
947,1000.0,8,8,0,8,0,0,2.5823071581823527,2.5823071581823527,2.5823071581823527,0.0,0.0,0.07250996805596906,1.000440989755017,0.0,True,0,0,0,0,0,0.0,0.0,0.0,0.0,0.0,0,0.0,0,0,disabled,disabled,0.1833403355683103,0.0,19.61866600004214,10.472375000063039,32.713165999894045,hidden_regime_switching,multi_timescale_memory,CRA,multi_timescale_memory,candidate,NEST,44,0.0,0.0,0.0,0,False,0,False,-1,5,0.1,0.2,False,0.92,normal,replace,0.1,1.0,1.0,8,8,True,True,R4_identity,5.10
948,1000.0,8,8,0,8,0,0,2.5810779068159397,2.5810779068159397,2.5810779068159397,0.0,0.0,0.07245290190213295,1.000440989755017,0.0,True,0,0,0,0,0,0.0,0.0,0.0,0.0,0.0,0,0.0,0,0,disabled,disabled,0.18271767790302107,0.0,18.852375000051325,10.476042000163943,31.95458300001519,hidden_regime_switching,multi_timescale_memory,CRA,multi_timescale_memory,candidate,NEST,44,0.0,0.0,0.0,0,False,0,False,-1,5,0.1,0.2,False,0.92,normal,replace,0.1,1.0,1.0,8,8,True,True,R4_identity,5.10
949,1000.0,8,8,0,8,0,0,2.579895614657632,2.579895614657632,2.579895614657632,0.0,-0.0,0.07239391018329287,1.000440989755017,0.0,False,0,0,0,0,0,0.0,0.0,0.0,0.0,0.0,0,0.0,0,0,disabled,disabled,0.181933251010574,0.0,19.598000000087268,10.65037500006838,32.89429099982044,hidden_regime_switching,multi_timescale_memory,CRA,multi_timescale_memory,candidate,NEST,44,0.0,-0.01,0.0,0,False,0,False,-1,5,0.1,0.2,False,0.92,normal,replace,0.1,1.0,1.0,8,8,True,True,R4_identity,5.10
950,1000.0,8,8,0,8,0,0,2.5787370106641,2.5787370106641,2.5787370106641,0.0,-0.0,0.07233301806061039,1.000440989755017,0.0,False,0,0,0,0,0,0.0,0.0,0.0,0.0,0.0,0,0.0,0,0,disabled,disabled,0.18131363170606196,0.0,18.829749999895284,10.6069580001531,32.12658300003568,hidden_regime_switching,multi_timescale_memory,CRA,multi_timescale_memory,candidate,NEST,44,0.0,0.0,0.0,0,False,0,False,-1,5,0.1,0.2,False,0.92,normal,replace,0.1,1.0,1.0,8,8,True,True,R4_identity,5.10
951,1000.0,8,8,0,8,0,0,2.5775861792550745,2.5775861792550745,2.5775861792550745,0.0,-0.0,0.07227025046263351,1.000440989755017,0.0,False,0,0,0,0,0,0.0,0.0,0.0,0.0,0.0,0,0.0,0,0,disabled,disabled,0.18035479533243848,0.0,19.653832999892984,10.604625000041779,32.93870800007426,hidden_regime_switching,multi_timescale_memory,CRA,multi_timescale_memory,candidate,NEST,44,0.0,0.0,0.0,0,False,0,False,-1,5,0.1,0.2,False,0.92,normal,replace,0.1,1.0,1.0,8,8,True,True,R4_identity,5.10
952,1000.0,8,8,0,8,0,0,2.5811705338519677,2.5811705338519677,2.5811705338519677,0.4100124586582347,-0.28990380141671807,0.07220563208718217,1.000440989755017,0.0,False,0,0,0,0,0,0.0,0.0,0.0,0.0,0.0,0,0.0,0,0,disabled,disabled,0.1803271613741737,0.0,19.462458999896626,10.456291000082274,32.55766699999185,hidden_regime_switching,multi_timescale_memory,CRA,multi_timescale_memory,candidate,NEST,44,0.010088681209616222,0.0,0.01,1,True,1,True,957,5,0.1,0.2,False,0.92,normal,replace,0.1,1.0,1.0,8,8,True,True,R4_identity,5.10
953,1000.0,8,8,0,8,0,0,2.579280778705301,2.579280778705301,2.579280778705301,0.0,-0.0,0.07213918740321959,1.000440989755017,0.0,False,0,0,0,0,0,0.0,0.0,0.0,0.0,0.0,0,0.0,0,0,disabled,disabled,0.1816425849911374,0.0,18.48850000010316,9.85954199995831,31.11491599997862,hidden_regime_switching,multi_timescale_memory,CRA,multi_timescale_memory,candidate,NEST,44,0.0,0.0,0.0,0,False,0,False,-1,5,0.1,0.2,False,0.92,normal,replace,0.1,1.0,1.0,8,8,True,True,R4_identity,5.10
954,1000.0,8,8,0,8,0,0,2.577797632446958,2.577797632446958,2.577797632446958,0.0,0.0,0.07207094065270943,1.000440989755017,0.0,True,0,0,0,0,0,0.0,0.0,0.0,0.0,0.0,0,0.0,0,0,disabled,disabled,0.184194890382261,0.0,19.33637499996621,10.0865409999642,32.804625000153464,hidden_regime_switching,multi_timescale_memory,CRA,multi_timescale_memory,candidate,NEST,44,0.0,0.0,0.0,0,False,0,False,-1,5,0.1,0.2,False,0.92,normal,replace,0.1,1.0,1.0,8,8,True,True,R4_identity,5.10
955,1000.0,8,8,0,8,0,0,2.5765273925899153,2.5765273925899153,2.5765273925899153,0.0,0.0,0.07200091585245887,1.000440989755017,0.0,True,0,0,0,0,0,0.0,0.0,0.0,0.0,0.0,0,0.0,0,0,disabled,disabled,0.1858414134337032,0.0,18.82754199982628,9.98175000017909,31.847374999870226,hidden_regime_switching,multi_timescale_memory,CRA,multi_timescale_memory,candidate,NEST,44,0.0,0.0,0.0,0,False,0,False,-1,5,0.1,0.2,False,0.92,normal,replace,0.1,1.0,1.0,8,8,True,True,R4_identity,5.10
956,1000.0,8,8,0,8,0,0,2.575359225281003,2.575359225281003,2.575359225281003,0.0,0.0,0.07192913679594781,1.000440989755017,0.0,True,0,0,0,0,0,0.0,0.0,0.0,0.0,0.0,0,0.0,0,0,disabled,disabled,0.1858504764742106,0.0,20.009082999877137,10.11229200003072,32.75529200004712,hidden_regime_switching,multi_timescale_memory,CRA,multi_timescale_memory,candidate,NEST,44,0.0,0.0,0.0,0,False,0,False,-1,5,0.1,0.2,False,0.92,normal,replace,0.1,1.0,1.0,8,8,True,True,R4_identity,5.10
957,1000.0,8,8,0,8,0,0,2.5742548999549304,2.5742548999549304,2.5742548999549304,0.0,0.0,0.0718556270551442,1.000440989755017,0.0,False,0,0,0,0,0,0.0,0.0,0.0,0.0,0.0,0,0.0,0,0,disabled,disabled,0.18687491474257456,0.0,19.396625000126733,9.951374999900509,31.950499999993554,hidden_regime_switching,multi_timescale_memory,CRA,multi_timescale_memory,candidate,NEST,44,0.0,0.01,0.0,0,False,0,False,-1,5,0.1,0.2,False,0.92,normal,replace,0.1,1.0,1.0,8,8,True,True,R4_identity,5.10
958,1000.0,8,8,0,8,0,0,2.5731932494246004,2.5731932494246004,2.5731932494246004,0.0,0.0,0.07178040998230557,1.000440989755017,0.0,False,0,0,0,0,0,0.0,0.0,0.0,0.0,0.0,0,0.0,0,0,disabled,disabled,0.18818467497848346,0.0,20.313750000013897,10.131000000001222,33.06341699999393,hidden_regime_switching,multi_timescale_memory,CRA,multi_timescale_memory,candidate,NEST,44,0.0,0.0,0.0,0,False,0,False,-1,5,0.1,0.2,False,0.92,normal,replace,0.1,1.0,1.0,8,8,True,True,R4_identity,5.10
959,1000.0,8,8,0,8,0,0,2.5721375793170616,2.5721375793170616,2.5721375793170616,0.0,0.0,0.07170350871176703,1.000440989755017,0.0,False,0,0,0,0,0,0.0,0.0,0.0,0.0,0.0,0,0.0,0,0,disabled,disabled,0.18709657805706836,0.0,19.432915999914258,10.24487500012583,32.28966599999694,hidden_regime_switching,multi_timescale_memory,CRA,multi_timescale_memory,candidate,NEST,44,0.0,0.0,0.0,0,False,0,False,-1,5,0.1,0.2,False,0.92,normal,replace,0.1,1.0,1.0,8,8,True,True,R4_identity,5.10
