step,dt_ms,n_polyps,n_alive,n_juvenile,n_adult,births_this_step,deaths_this_step,mean_trophic_health,min_trophic_health,max_trophic_health,colony_prediction,raw_dopamine,mean_directional_accuracy_ema,capital,position_size,direction_correct,n_edges,n_gap_junctions,n_ff,n_lat,n_fb,motif_message_total,ff_message_total,lat_message_total,fb_message_total,graph_context_mean_abs,graph_context_nonzero_count,macro_eligibility_trace_abs_sum,macro_eligibility_trace_nonzero_count,macro_eligibility_matured_updates,macro_eligibility_trace_mode,macro_eligibility_credit_mode,context_memory_enabled,context_memory_mode,context_memory_value,context_memory_updates,context_memory_feature_active,context_memory_feature_source,context_memory_visible_cue_sign,context_memory_raw_observation,context_memory_bound_observation,context_memory_key,context_memory_slot_count,predictive_context_enabled,predictive_context_mode,predictive_context_value,predictive_context_updates,predictive_context_feature_active,predictive_context_feature_source,predictive_context_visible_signal,predictive_context_raw_observation,predictive_context_bound_observation,predictive_context_key,predictive_context_slot_count,composition_routing_enabled,composition_routing_mode,composition_routing_feature_active,composition_routing_feature_source,composition_routing_raw_observation,composition_routing_bound_observation,composition_routing_event_type,composition_routing_phase,composition_routing_skill_a,composition_routing_skill_b,composition_routing_selected_skill,composition_routing_context,composition_routing_true_skill,composition_routing_router_correct,composition_routing_module_updates,composition_routing_router_updates,composition_routing_module_uses,composition_routing_router_uses,composition_routing_correct_route_uses,composition_routing_pre_feedback_select_steps,I_union_bits,changepoint_probability,spinnaker_wall_ms,host_compute_wall_ms,total_step_wall_ms,task,model,model_family,variant,variant_group,backend,seed,event_type,phase,trial_id,context_sign,decision_cue_sign,memory_runner,replay_mode,raw_sensory_return_1m,sensory_return_1m,target_return_1m,target_signal_horizon,target_signal_sign,target_signal_nonzero,prediction_sign,strict_direction_correct,feedback_due_step,configured_horizon_bars,configured_readout_lr,configured_delayed_readout_lr,configured_initial_population,configured_max_population,visible_cue_sign,feature_source,context_updates,feature_active,replay_events_after_step,replay_consolidations_after_step,replay_selected_keys_after_step
0,1000.0,8,8,8,0,0,0,19.910199708645575,19.910199708645575,19.910199708645575,0.04122661942889728,0.0,0.5,1.0,0.04122661942889728,False,0,0,0,0,0,0.0,0.0,0.0,0.0,0.0,0,0.0,0,0,disabled,disabled,True,keyed,1,1,False,raw,0,0.0055000000000000005,0.0055000000000000005,ctx:A,1,False,disabled,0,0,False,raw,0,0.0055000000000000005,0.0055000000000000005,,0,False,disabled,False,raw,0.0055000000000000005,0.0055000000000000005,,,,,,,,False,0,0,0,0,0,0,0.0,0.0,1.056458999999954,0.4427079999995698,1.6438750000000724,silent_context_reentry,random_replay,CRA,random_replay,replay_ablation,MockSimulator,42,context,context_A_initial,0,1,0,internal,random,0.0055000000000000005,0.0055000000000000005,0.0,0.0,0,False,1,False,-1,1,0.1,0.2,8,8,0,raw,1,False,,,
1,1000.0,8,8,8,0,0,0,19.82084699960904,19.82084699960904,19.82084699960904,0.0,0.0,0.49979999999999997,1.0,0.0,False,0,0,0,0,0,0.0,0.0,0.0,0.0,0.0,0,0.0,0,0,disabled,disabled,True,keyed,1,1,False,raw,0,0.0,0.0,trial:-1,1,False,disabled,0,0,False,raw,0,0.0,0.0,,0,False,disabled,False,raw,0.0,0.0,,,,,,,,False,0,0,0,0,0,0,0.0,0.0,0.8572500000001426,0.3741669999994812,1.3701250000002219,silent_context_reentry,random_replay,CRA,random_replay,replay_ablation,MockSimulator,42,none,none,-1,0,0,internal,random,0.0,0.0,0.0,0.0,0,False,0,False,-1,1,0.1,0.2,8,8,0,raw,1,False,,,
2,1000.0,8,8,8,0,0,0,19.731939640573223,19.731939640573223,19.731939640573223,0.0,0.0,0.49940799999999996,1.0,0.0,False,0,0,0,0,0,0.0,0.0,0.0,0.0,0.0,0,0.0,0,0,disabled,disabled,True,keyed,1,1,False,raw,0,0.0,0.0,trial:-1,1,False,disabled,0,0,False,raw,0,0.0,0.0,,0,False,disabled,False,raw,0.0,0.0,,,,,,,,False,0,0,0,0,0,0,0.0,0.0,0.8658329999997605,0.38658400000013415,1.3859170000003473,silent_context_reentry,random_replay,CRA,random_replay,replay_ablation,MockSimulator,42,none,none,-1,0,0,internal,random,0.0,0.0,0.0,0.0,0,False,0,False,-1,1,0.1,0.2,8,8,0,raw,1,False,,,
3,1000.0,8,8,8,0,0,0,19.64347541035469,19.64347541035469,19.64347541035469,0.0,0.0,0.49883175999999996,1.0,0.0,False,0,0,0,0,0,0.0,0.0,0.0,0.0,0.0,0,0.0,0,0,disabled,disabled,True,keyed,1,1,False,raw,0,0.0,0.0,trial:-1,1,False,disabled,0,0,False,raw,0,0.0,0.0,,0,False,disabled,False,raw,0.0,0.0,,,,,,,,False,0,0,0,0,0,0,0.0,0.0,0.9178749999998459,0.38866700000017573,1.447332999999773,silent_context_reentry,random_replay,CRA,random_replay,replay_ablation,MockSimulator,42,none,none,-1,0,0,internal,random,0.0,0.0,0.0,0.0,0,False,0,False,-1,1,0.1,0.2,8,8,0,raw,1,False,,,
4,1000.0,8,8,8,0,0,0,19.555452098848193,19.555452098848193,19.555452098848193,0.0,0.0,0.4980788063999999,1.0,0.0,False,0,0,0,0,0,0.0,0.0,0.0,0.0,0.0,0,0.0,0,0,disabled,disabled,True,keyed,1,1,False,raw,0,0.0,0.0,trial:-1,1,False,disabled,0,0,False,raw,0,0.0,0.0,,0,False,disabled,False,raw,0.0,0.0,,,,,,,,False,0,0,0,0,0,0,0.0,0.0,0.9135419999992678,0.38895800000027236,1.44520900000078,silent_context_reentry,random_replay,CRA,random_replay,replay_ablation,MockSimulator,42,none,none,-1,0,0,internal,random,0.0,0.0,0.0,0.0,0,False,0,False,-1,1,0.1,0.2,8,8,0,raw,1,False,,,
5,1000.0,8,8,8,0,0,0,19.467867506971437,19.467867506971437,19.467867506971437,0.0,0.0,0.4971564382399999,1.0,0.0,False,0,0,0,0,0,0.0,0.0,0.0,0.0,0.0,0,0.0,0,0,disabled,disabled,True,keyed,1,1,False,raw,0,0.0,0.0,trial:-1,1,False,disabled,0,0,False,raw,0,0.0,0.0,,0,False,disabled,False,raw,0.0,0.0,,,,,,,,False,0,0,0,0,0,0,0.0,0.0,0.9206669999999306,0.38949999999982055,1.4527080000004133,silent_context_reentry,random_replay,CRA,random_replay,replay_ablation,MockSimulator,42,none,none,-1,0,0,internal,random,0.0,0.0,0.0,0.0,0,False,0,False,-1,1,0.1,0.2,8,8,0,raw,1,False,,,
6,1000.0,8,8,8,0,0,0,19.380719446610097,19.380719446610097,19.380719446610097,0.0,0.0,0.49607173328383986,1.0,0.0,False,0,0,0,0,0,0.0,0.0,0.0,0.0,0.0,0,0.0,0,0,disabled,disabled,True,keyed,1,1,False,raw,0,0.0,0.0,trial:-1,1,False,disabled,0,0,False,raw,0,0.0,0.0,,0,False,disabled,False,raw,0.0,0.0,,,,,,,,False,0,0,0,0,0,0,0.0,0.0,0.9155409999994646,0.3898339999999223,1.4474580000003456,silent_context_reentry,random_replay,CRA,random_replay,replay_ablation,MockSimulator,42,none,none,-1,0,0,internal,random,0.0,0.0,0.0,0.0,0,False,0,False,-1,1,0.1,0.2,8,8,0,raw,1,False,,,
7,1000.0,8,8,8,0,0,0,19.29400574056311,19.29400574056311,19.29400574056311,0.0,0.0,0.4948315539506303,1.0,0.0,False,0,0,0,0,0,0.0,0.0,0.0,0.0,0.0,0,0.0,0,0,disabled,disabled,True,keyed,1,1,False,raw,0,0.0,0.0,trial:-1,1,False,disabled,0,0,False,raw,0,0.0,0.0,,0,False,disabled,False,raw,0.0,0.0,,,,,,,,False,0,0,0,0,0,0,0.0,0.0,0.9998750000006495,0.45399999999951035,1.5942500000001303,silent_context_reentry,random_replay,CRA,random_replay,replay_ablation,MockSimulator,42,none,none,-1,0,0,internal,random,0.0,0.0,0.0,0.0,0,False,0,False,-1,1,0.1,0.2,8,8,0,raw,1,False,,,
8,1000.0,8,8,8,0,0,0,19.207724222488253,19.207724222488253,19.207724222488253,0.0,0.0,0.4934425530974355,1.0,0.0,False,0,0,0,0,0,0.0,0.0,0.0,0.0,0.0,0,0.0,0,0,disabled,disabled,True,keyed,1,1,False,raw,0,0.0,0.0,trial:-1,1,False,disabled,0,0,False,raw,0,0.0,0.0,,0,False,disabled,False,raw,0.0,0.0,,,,,,,,False,0,0,0,0,0,0,0.0,0.0,1.0260830000001775,0.48366700000013196,1.6962500000001768,silent_context_reentry,random_replay,CRA,random_replay,replay_ablation,MockSimulator,42,none,none,-1,0,0,internal,random,0.0,0.0,0.0,0.0,0,False,0,False,-1,1,0.1,0.2,8,8,0,raw,1,False,,,
9,1000.0,8,8,8,0,0,0,19.121872736847966,19.121872736847966,19.121872736847966,0.0,0.0,0.49191117965678827,1.0,0.0,False,0,0,0,0,0,0.0,0.0,0.0,0.0,0.0,0,0.0,0,0,disabled,disabled,True,keyed,1,1,False,raw,0,0.0,0.0,trial:-1,1,False,disabled,0,0,False,raw,0,0.0,0.0,,0,False,disabled,False,raw,0.0,0.0,,,,,,,,False,0,0,0,0,0,0,0.0,0.0,0.8569999999998856,0.6436669999994038,1.6446659999997948,silent_context_reentry,random_replay,CRA,random_replay,replay_ablation,MockSimulator,42,none,none,-1,0,0,internal,random,0.0,0.0,0.0,0.0,0,False,0,False,-1,1,0.1,0.2,8,8,0,raw,1,False,,,
10,1000.0,8,8,8,0,0,0,19.036449138855495,19.036449138855495,19.036449138855495,0.0,0.0,0.49024368413252795,1.0,0.0,False,0,0,0,0,0,0.0,0.0,0.0,0.0,0.0,0,0.0,0,0,disabled,disabled,True,keyed,1,1,False,raw,0,0.0,0.0,trial:-1,1,False,disabled,0,0,False,raw,0,0.0,0.0,,0,False,disabled,False,raw,0.0,0.0,,,,,,,,False,0,0,0,0,0,0,0.0,0.0,0.8575000000003996,0.5785419999995156,1.5701249999997557,silent_context_reentry,random_replay,CRA,random_replay,replay_ablation,MockSimulator,42,none,none,-1,0,0,internal,random,0.0,0.0,0.0,0.0,0,False,0,False,-1,1,0.1,0.2,8,8,0,raw,1,False,,,
11,1000.0,8,8,8,0,0,0,18.95145129442124,18.95145129442124,18.95145129442124,0.0,0.0,0.4884461239573753,1.0,0.0,False,0,0,0,0,0,0.0,0.0,0.0,0.0,0.0,0,0.0,0,0,disabled,disabled,True,keyed,1,1,False,raw,0,0.0,0.0,trial:-1,1,False,disabled,0,0,False,raw,0,0.0,0.0,,0,False,disabled,False,raw,0.0,0.0,,,,,,,,False,0,0,0,0,0,0,0.0,0.0,0.8910420000001196,0.6206670000006298,1.6441249999994412,silent_context_reentry,random_replay,CRA,random_replay,replay_ablation,MockSimulator,42,none,none,-1,0,0,internal,random,0.0,0.0,0.0,0.0,0,False,0,False,-1,1,0.1,0.2,8,8,0,raw,1,False,,,
12,1000.0,8,8,8,0,0,0,18.866877080099428,18.866877080099428,18.866877080099428,0.0,0.0,0.4865243687155758,1.0,0.0,False,0,0,0,0,0,0.0,0.0,0.0,0.0,0.0,0,0.0,0,0,disabled,disabled,True,keyed,1,1,False,raw,0,0.0,0.0,trial:-1,1,False,disabled,0,0,False,raw,0,0.0,0.0,,0,False,disabled,False,raw,0.0,0.0,,,,,,,,False,0,0,0,0,0,0,0.0,0.0,0.911667000000449,0.6273329999997301,1.681292000000667,silent_context_reentry,random_replay,CRA,random_replay,replay_ablation,MockSimulator,42,none,none,-1,0,0,internal,random,0.0,0.0,0.0,0.0,0,False,0,False,-1,1,0.1,0.2,8,8,0,raw,1,False,,,
13,1000.0,8,8,8,0,0,0,18.782724383035006,18.782724383035006,18.782724383035006,0.0,0.0,0.4844841052338653,1.0,0.0,False,0,0,0,0,0,0.0,0.0,0.0,0.0,0.0,0,0.0,0,0,disabled,disabled,True,keyed,1,1,False,raw,0,0.0,0.0,trial:-1,1,False,disabled,0,0,False,raw,0,0.0,0.0,,0,False,disabled,False,raw,0.0,0.0,,,,,,,,False,0,0,0,0,0,0,0.0,0.0,0.921625000000148,0.6745419999996116,1.7384580000001648,silent_context_reentry,random_replay,CRA,random_replay,replay_ablation,MockSimulator,42,none,none,-1,0,0,internal,random,0.0,0.0,0.0,0.0,0,False,0,False,-1,1,0.1,0.2,8,8,0,raw,1,False,,,
14,1000.0,8,8,8,0,0,0,18.69899110091084,18.69899110091084,18.69899110091084,0.0,0.0,0.48233084254393704,1.0,0.0,False,0,0,0,0,0,0.0,0.0,0.0,0.0,0.0,0,0.0,0,0,disabled,disabled,True,keyed,1,1,False,raw,0,0.0,0.0,trial:-1,1,False,disabled,0,0,False,raw,0,0.0,0.0,,0,False,disabled,False,raw,0.0,0.0,,,,,,,,False,0,0,0,0,0,0,0.0,0.0,0.8696669999999074,0.6844580000002765,1.7156670000000318,silent_context_reentry,random_replay,CRA,random_replay,replay_ablation,MockSimulator,42,none,none,-1,0,0,internal,random,0.0,0.0,0.0,0.0,0,False,0,False,-1,1,0.1,0.2,8,8,0,raw,1,False,,,
15,1000.0,8,8,8,0,0,0,18.615675141895135,18.615675141895135,18.615675141895135,0.0,0.0,0.4800699167195123,1.0,0.0,False,0,0,0,0,0,0.0,0.0,0.0,0.0,0.0,0,0.0,0,0,disabled,disabled,True,keyed,1,1,False,raw,0,0.0,0.0,trial:-1,1,False,disabled,0,0,False,raw,0,0.0,0.0,,0,False,disabled,False,raw,0.0,0.0,,,,,,,,False,0,0,0,0,0,0,0.0,0.0,0.8575000000003996,0.6859999999999644,1.6788750000005237,silent_context_reentry,random_replay,CRA,random_replay,replay_ablation,MockSimulator,42,none,none,-1,0,0,internal,random,0.0,0.0,0.0,0.0,0,False,0,False,-1,1,0.1,0.2,8,8,0,raw,1,False,,,
16,1000.0,8,8,8,0,0,0,18.532774424589157,18.532774424589157,18.532774424589157,0.0,0.0,0.477706495591047,1.0,0.0,False,0,0,0,0,0,0.0,0.0,0.0,0.0,0.0,0,0.0,0,0,disabled,disabled,True,keyed,1,1,False,raw,0,0.0,0.0,trial:-1,1,False,disabled,0,0,False,raw,0,0.0,0.0,,0,False,disabled,False,raw,0.0,0.0,,,,,,,,False,0,0,0,0,0,0,0.0,0.0,0.8836669999991997,0.9045000000007519,1.9228749999999906,silent_context_reentry,random_replay,CRA,random_replay,replay_ablation,MockSimulator,42,none,none,-1,0,0,internal,random,0.0,0.0,0.0,0.0,0,False,0,False,-1,1,0.1,0.2,8,8,0,raw,1,False,,,
17,1000.0,8,8,8,0,0,0,18.450286877975188,18.450286877975188,18.450286877975188,0.0,0.0,0.4752455833410325,1.0,0.0,False,0,0,0,0,0,0.0,0.0,0.0,0.0,0.0,0,0.0,0,0,disabled,disabled,True,keyed,1,1,False,raw,0,0.0,0.0,trial:-1,1,False,disabled,0,0,False,raw,0,0.0,0.0,,0,False,disabled,False,raw,0.0,0.0,,,,,,,,False,0,0,0,0,0,0,0.0,0.0,1.0345420000001937,0.7922080000000165,2.021625000000249,silent_context_reentry,random_replay,CRA,random_replay,replay_ablation,MockSimulator,42,none,none,-1,0,0,internal,random,0.0,0.0,0.0,0.0,0,False,0,False,-1,1,0.1,0.2,8,8,0,raw,1,False,,,
18,1000.0,8,8,8,0,0,0,18.368210441364756,18.368210441364756,18.368210441364756,0.0,0.0,0.4726920249827822,1.0,0.0,False,0,0,0,0,0,0.0,0.0,0.0,0.0,0.0,0,0.0,0,0,disabled,disabled,True,keyed,1,1,False,raw,0,0.0,0.0,trial:-1,1,False,disabled,0,0,False,raw,0,0.0,0.0,,0,False,disabled,False,raw,0.0,0.0,,,,,,,,False,0,0,0,0,0,0,0.0,0.0,0.9152500000002561,0.6917089999998183,1.7536659999999316,silent_context_reentry,random_replay,CRA,random_replay,replay_ablation,MockSimulator,42,none,none,-1,0,0,internal,random,0.0,0.0,0.0,0.0,0,False,0,False,-1,1,0.1,0.2,8,8,0,raw,1,False,,,
19,1000.0,8,8,8,0,0,0,18.28654306434712,18.28654306434712,18.28654306434712,0.0,0.0,0.47005051072552545,1.0,0.0,False,0,0,0,0,0,0.0,0.0,0.0,0.0,0.0,0,0.0,0,0,disabled,disabled,True,keyed,1,1,False,raw,0,0.0,0.0,trial:-1,1,False,disabled,0,0,False,raw,0,0.0,0.0,,0,False,disabled,False,raw,0.0,0.0,,,,,,,,False,0,0,0,0,0,0,0.0,0.0,0.914208000000194,0.6959579999996635,1.7563330000003319,silent_context_reentry,random_replay,CRA,random_replay,replay_ablation,MockSimulator,42,none,none,-1,0,0,internal,random,0.0,0.0,0.0,0.0,0,False,0,False,-1,1,0.1,0.2,8,8,0,raw,1,False,,,
20,1000.0,8,8,8,0,0,0,18.205282706737997,18.205282706737997,18.205282706737997,0.0,0.0,0.4673255802285659,1.0,0.0,False,0,0,0,0,0,0.0,0.0,0.0,0.0,0.0,0,0.0,0,0,disabled,disabled,True,keyed,1,1,False,raw,0,0.0,0.0,trial:-1,1,False,disabled,0,0,False,raw,0,0.0,0.0,,0,False,disabled,False,raw,0.0,0.0,,,,,,,,False,0,0,0,0,0,0,0.0,0.0,0.9352920000003095,0.7869579999999488,1.8931660000003347,silent_context_reentry,random_replay,CRA,random_replay,replay_ablation,MockSimulator,42,none,none,-1,0,0,internal,random,0.0,0.0,0.0,0.0,0,False,0,False,-1,1,0.1,0.2,8,8,0,raw,1,False,,,
21,1000.0,8,8,8,0,0,0,18.124427338528566,18.124427338528566,18.124427338528566,0.0,0.0,0.4645216267471945,1.0,0.0,False,0,0,0,0,0,0.0,0.0,0.0,0.0,0.0,0,0.0,0,0,disabled,disabled,True,keyed,1,1,False,raw,0,0.0,0.0,trial:-1,1,False,disabled,0,0,False,raw,0,0.0,0.0,,0,False,disabled,False,raw,0.0,0.0,,,,,,,,False,0,0,0,0,0,0,0.0,0.0,0.9238749999997964,0.754541000000053,1.8228330000003012,silent_context_reentry,random_replay,CRA,random_replay,replay_ablation,MockSimulator,42,none,none,-1,0,0,internal,random,0.0,0.0,0.0,0.0,0,False,0,False,-1,1,0.1,0.2,8,8,0,raw,1,False,,,
22,1000.0,8,8,8,0,0,0,18.04397493983472,18.04397493983472,18.04397493983472,0.0,0.0,0.46164290117298656,1.0,0.0,False,0,0,0,0,0,0.0,0.0,0.0,0.0,0.0,0,0.0,0,0,disabled,disabled,True,keyed,1,1,False,raw,0,0.0,0.0,trial:-1,1,False,disabled,0,0,False,raw,0,0.0,0.0,,0,False,disabled,False,raw,0.0,0.0,,,,,,,,False,0,0,0,0,0,0,0.0,0.0,0.9313749999995125,0.7397080000002276,1.8156249999998764,silent_context_reentry,random_replay,CRA,random_replay,replay_ablation,MockSimulator,42,none,none,-1,0,0,internal,random,0.0,0.0,0.0,0.0,0,False,0,False,-1,1,0.1,0.2,8,8,0,raw,1,False,,,
23,1000.0,8,8,8,0,0,0,17.963923500846562,17.963923500846562,17.963923500846562,0.0,0.0,0.458693515971048,1.0,0.0,False,0,0,0,0,0,0.0,0.0,0.0,0.0,0.0,0,0.0,0,0,disabled,disabled,True,keyed,1,1,False,raw,0,0.0,0.0,trial:-1,1,False,disabled,0,0,False,raw,0,0.0,0.0,,0,False,disabled,False,raw,0.0,0.0,,,,,,,,False,0,0,0,0,0,0,0.0,0.0,0.9194590000003444,0.7398749999998344,1.8046250000001152,silent_context_reentry,random_replay,CRA,random_replay,replay_ablation,MockSimulator,42,none,none,-1,0,0,internal,random,0.0,0.0,0.0,0.0,0,False,0,False,-1,1,0.1,0.2,8,8,0,raw,1,False,,,
24,1000.0,8,8,8,0,0,0,17.88427102177817,17.88427102177817,17.88427102177817,0.07485969068749909,0.6343111408558778,0.45567744901671786,1.0,0.07485969068749909,True,0,0,0,0,0,0.0,0.0,0.0,0.0,0.0,0,0.0,0,0,disabled,disabled,True,keyed,1,1,True,internal_keyed_context,1,0.01,0.01,ctx:A,1,False,disabled,0,0,False,raw,0,0.01,0.01,,0,False,disabled,False,raw,0.01,0.01,,,,,,,,False,0,0,0,0,0,0,0.0,0.0,0.8542079999998009,0.7327500000000597,1.7220830000006515,silent_context_reentry,random_replay,CRA,random_replay,replay_ablation,MockSimulator,42,decision,decision_A_initial,0,1,1,internal,random,0.01,0.01,0.01,0.01,1,True,1,True,24,1,0.1,0.2,8,8,1,internal_keyed_context,1,True,,,
25,1000.0,8,8,8,0,0,0,17.80501551281759,17.80501551281759,17.80501551281759,0.0,0.0,0.4529985473341725,1.0,0.0,False,0,0,0,0,0,0.0,0.0,0.0,0.0,0.0,0,0.0,0,0,disabled,disabled,True,keyed,1,1,False,raw,0,0.0,0.0,trial:-1,1,False,disabled,0,0,False,raw,0,0.0,0.0,,0,False,disabled,False,raw,0.0,0.0,,,,,,,,False,0,0,0,0,0,0,0.0,0.0,1.4407499999995466,0.8614170000003085,2.483666000000717,silent_context_reentry,random_replay,CRA,random_replay,replay_ablation,MockSimulator,42,none,none,-1,0,0,internal,random,0.0,0.0,0.0,0.0,0,False,0,False,-1,1,0.1,0.2,8,8,0,raw,1,False,,,
26,1000.0,8,8,8,0,0,0,17.7261549940771,17.7261549940771,17.7261549940771,0.0,0.0,0.4502445307393222,1.0,0.0,False,0,0,0,0,0,0.0,0.0,0.0,0.0,0.0,0,0.0,0,0,disabled,disabled,True,keyed,1,1,False,raw,0,0.0,0.0,trial:-1,1,False,disabled,0,0,False,raw,0,0.0,0.0,,0,False,disabled,False,raw,0.0,0.0,,,,,,,,False,0,0,0,0,0,0,0.0,0.0,0.8682499999999038,0.7810829999996827,1.7897500000003674,silent_context_reentry,random_replay,CRA,random_replay,replay_ablation,MockSimulator,42,none,none,-1,0,0,internal,random,0.0,0.0,0.0,0.0,0,False,0,False,-1,1,0.1,0.2,8,8,0,raw,1,False,,,
27,1000.0,8,8,8,0,0,0,17.647687495543703,17.647687495543703,17.647687495543703,0.0,0.0,0.4474194753893323,1.0,0.0,False,0,0,0,0,0,0.0,0.0,0.0,0.0,0.0,0,0.0,0,0,disabled,disabled,True,keyed,1,1,False,raw,0,0.0,0.0,trial:-1,1,False,disabled,0,0,False,raw,0,0.0,0.0,,0,False,disabled,False,raw,0.0,0.0,,,,,,,,False,0,0,0,0,0,0,0.0,0.0,0.8552499999998631,0.771584000000658,1.763500000000029,silent_context_reentry,random_replay,CRA,random_replay,replay_ablation,MockSimulator,42,none,none,-1,0,0,internal,random,0.0,0.0,0.0,0.0,0,False,0,False,-1,1,0.1,0.2,8,8,0,raw,1,False,,,
28,1000.0,8,8,8,0,0,0,17.569611057029892,17.569611057029892,17.569611057029892,0.0,0.0,0.44452732444104626,1.0,0.0,False,0,0,0,0,0,0.0,0.0,0.0,0.0,0.0,0,0.0,0,0,disabled,disabled,True,keyed,1,1,False,raw,0,0.0,0.0,trial:-1,1,False,disabled,0,0,False,raw,0,0.0,0.0,,0,False,disabled,False,raw,0.0,0.0,,,,,,,,False,0,0,0,0,0,0,0.0,0.0,0.8541249999991507,0.7318330000005702,1.7206249999999201,silent_context_reentry,random_replay,CRA,random_replay,replay_ablation,MockSimulator,42,none,none,-1,0,0,internal,random,0.0,0.0,0.0,0.0,0,False,0,False,-1,1,0.1,0.2,8,8,0,raw,1,False,,,
29,1000.0,8,8,8,0,0,0,17.49192372812463,17.49192372812463,17.49192372812463,0.0,0.0,0.4415718917405359,1.0,0.0,False,0,0,0,0,0,0.0,0.0,0.0,0.0,0.0,0,0.0,0,0,disabled,disabled,True,keyed,1,1,False,raw,0,0.0,0.0,trial:-1,1,False,disabled,0,0,False,raw,0,0.0,0.0,,0,False,disabled,False,raw,0.0,0.0,,,,,,,,False,0,0,0,0,0,0,0.0,0.0,0.8527080000000353,0.7341250000001409,1.7202499999999787,silent_context_reentry,random_replay,CRA,random_replay,replay_ablation,MockSimulator,42,none,none,-1,0,0,internal,random,0.0,0.0,0.0,0.0,0,False,0,False,-1,1,0.1,0.2,8,8,0,raw,1,False,,,
30,1000.0,8,8,8,0,0,0,17.41462356814459,17.41462356814459,17.41462356814459,0.0,0.0,0.43855686541826955,1.0,0.0,False,0,0,0,0,0,0.0,0.0,0.0,0.0,0.0,0,0.0,0,0,disabled,disabled,True,keyed,1,1,False,raw,0,0.0,0.0,trial:-1,1,False,disabled,0,0,False,raw,0,0.0,0.0,,0,False,disabled,False,raw,0.0,0.0,,,,,,,,False,0,0,0,0,0,0,0.0,0.0,0.8614159999993376,0.7515420000006046,1.7472920000001224,silent_context_reentry,random_replay,CRA,random_replay,replay_ablation,MockSimulator,42,none,none,-1,0,0,internal,random,0.0,0.0,0.0,0.0,0,False,0,False,-1,1,0.1,0.2,8,8,0,raw,1,False,,,
31,1000.0,8,8,8,0,0,0,17.337708646085655,17.337708646085655,17.337708646085655,0.0,0.0,0.43548581139219766,1.0,0.0,False,0,0,0,0,0,0.0,0.0,0.0,0.0,0.0,0,0.0,0,0,disabled,disabled,True,keyed,1,1,False,raw,0,0.0,0.0,trial:-1,1,False,disabled,0,0,False,raw,0,0.0,0.0,,0,False,disabled,False,raw,0.0,0.0,,,,,,,,False,0,0,0,0,0,0,0.0,0.0,0.8482079999998504,0.7444169999999417,1.7259160000007157,silent_context_reentry,random_replay,CRA,random_replay,replay_ablation,MockSimulator,42,none,none,-1,0,0,internal,random,0.0,0.0,0.0,0.0,0,False,0,False,-1,1,0.1,0.2,8,8,0,raw,1,False,,,
32,1000.0,8,8,8,0,0,0,17.261177040574623,17.261177040574623,17.261177040574623,0.0,0.0,0.4323621767810013,1.0,0.0,False,0,0,0,0,0,0.0,0.0,0.0,0.0,0.0,0,0.0,0,0,disabled,disabled,True,keyed,1,1,False,raw,0,0.0,0.0,trial:-1,1,False,disabled,0,0,False,raw,0,0.0,0.0,,0,False,disabled,False,raw,0.0,0.0,,,,,,,,False,0,0,0,0,0,0,0.0,0.0,0.8936669999997093,0.8121250000003855,1.8388329999998732,silent_context_reentry,random_replay,CRA,random_replay,replay_ablation,MockSimulator,42,none,none,-1,0,0,internal,random,0.0,0.0,0.0,0.0,0,False,0,False,-1,1,0.1,0.2,8,8,0,raw,1,False,,,
33,1000.0,8,8,8,0,0,0,17.18502683982118,17.18502683982118,17.18502683982118,0.0,0.0,0.42918929322969596,1.0,0.0,False,0,0,0,0,0,0.0,0.0,0.0,0.0,0.0,0,0.0,0,0,disabled,disabled,True,keyed,1,1,False,raw,0,0.0,0.0,trial:-1,1,False,disabled,0,0,False,raw,0,0.0,0.0,,0,False,disabled,False,raw,0.0,0.0,,,,,,,,False,0,0,0,0,0,0,0.0,0.0,0.9125000000000938,1.0272919999998464,2.0741250000000377,silent_context_reentry,random_replay,CRA,random_replay,replay_ablation,MockSimulator,42,none,none,-1,0,0,internal,random,0.0,0.0,0.0,0.0,0,False,0,False,-1,1,0.1,0.2,8,8,0,raw,1,False,,,
34,1000.0,8,8,8,0,0,0,17.10925614157011,17.10925614157011,17.10925614157011,0.0,0.0,0.42597038014973043,1.0,0.0,False,0,0,0,0,0,0.0,0.0,0.0,0.0,0.0,0,0.0,0,0,disabled,disabled,True,keyed,1,1,False,raw,0,0.0,0.0,trial:-1,1,False,disabled,0,0,False,raw,0,0.0,0.0,,0,False,disabled,False,raw,0.0,0.0,,,,,,,,False,0,0,0,0,0,0,0.0,0.0,0.867582999999783,0.8129999999999526,1.8220420000005788,silent_context_reentry,random_replay,CRA,random_replay,replay_ablation,MockSimulator,42,none,none,-1,0,0,internal,random,0.0,0.0,0.0,0.0,0,False,0,False,-1,1,0.1,0.2,8,8,0,raw,1,False,,,
35,1000.0,8,8,8,0,0,0,17.03386305305373,17.03386305305373,17.03386305305373,0.0,0.0,0.4227085478756716,1.0,0.0,False,0,0,0,0,0,0.0,0.0,0.0,0.0,0.0,0,0.0,0,0,disabled,disabled,True,keyed,1,1,False,raw,0,0.0,0.0,trial:-1,1,False,disabled,0,0,False,raw,0,0.0,0.0,,0,False,disabled,False,raw,0.0,0.0,,,,,,,,False,0,0,0,0,0,0,0.0,0.0,0.8517079999998955,0.7790420000004517,1.7635839999998737,silent_context_reentry,random_replay,CRA,random_replay,replay_ablation,MockSimulator,42,none,none,-1,0,0,internal,random,0.0,0.0,0.0,0.0,0,False,0,False,-1,1,0.1,0.2,8,8,0,raw,1,False,,,
36,1000.0,8,8,8,0,0,0,16.958845690944578,16.958845690944578,16.958845690944578,0.0,0.0,0.41940680074051523,1.0,0.0,False,0,0,0,0,0,0.0,0.0,0.0,0.0,0.0,0,0.0,0,0,disabled,disabled,True,keyed,1,1,False,raw,0,0.0,0.0,trial:-1,1,False,disabled,0,0,False,raw,0,0.0,0.0,,0,False,disabled,False,raw,0.0,0.0,,,,,,,,False,0,0,0,0,0,0,0.0,0.0,0.8585409999994909,0.8560840000004788,1.8456670000004394,silent_context_reentry,random_replay,CRA,random_replay,replay_ablation,MockSimulator,42,none,none,-1,0,0,internal,random,0.0,0.0,0.0,0.0,0,False,0,False,-1,1,0.1,0.2,8,8,0,raw,1,False,,,
37,1000.0,8,8,8,0,0,0,16.88420218130833,16.88420218130833,16.88420218130833,0.0,0.0,0.41606804007161485,1.0,0.0,False,0,0,0,0,0,0.0,0.0,0.0,0.0,0.0,0,0.0,0,0,disabled,disabled,True,keyed,1,1,False,raw,0,0.0,0.0,trial:-1,1,False,disabled,0,0,False,raw,0,0.0,0.0,,0,False,disabled,False,raw,0.0,0.0,,,,,,,,False,0,0,0,0,0,0,0.0,0.0,0.9790839999999079,0.9607909999997943,2.0855000000006285,silent_context_reentry,random_replay,CRA,random_replay,replay_ablation,MockSimulator,42,none,none,-1,0,0,internal,random,0.0,0.0,0.0,0.0,0,False,0,False,-1,1,0.1,0.2,8,8,0,raw,1,False,,,
38,1000.0,8,8,8,0,0,0,16.809930659556937,16.809930659556937,16.809930659556937,0.0,0.0,0.4126950671091743,1.0,0.0,False,0,0,0,0,0,0.0,0.0,0.0,0.0,0.0,0,0.0,0,0,disabled,disabled,True,keyed,1,1,False,raw,0,0.0,0.0,trial:-1,1,False,disabled,0,0,False,raw,0,0.0,0.0,,0,False,disabled,False,raw,0.0,0.0,,,,,,,,False,0,0,0,0,0,0,0.0,0.0,0.9411659999996047,0.9410000000000807,2.030583999999891,silent_context_reentry,random_replay,CRA,random_replay,replay_ablation,MockSimulator,42,none,none,-1,0,0,internal,random,0.0,0.0,0.0,0.0,0,False,0,False,-1,1,0.1,0.2,8,8,0,raw,1,False,,,
39,1000.0,8,8,8,0,0,0,16.73602927040203,16.73602927040203,16.73602927040203,0.0,0.0,0.4092905858492027,1.0,0.0,False,0,0,0,0,0,0.0,0.0,0.0,0.0,0.0,0,0.0,0,0,disabled,disabled,True,keyed,1,1,False,raw,0,0.0,0.0,trial:-1,1,False,disabled,0,0,False,raw,0,0.0,0.0,,0,False,disabled,False,raw,0.0,0.0,,,,,,,,False,0,0,0,0,0,0,0.0,0.0,0.8565000000002598,0.839749999999917,1.8304170000007502,silent_context_reentry,random_replay,CRA,random_replay,replay_ablation,MockSimulator,42,none,none,-1,0,0,internal,random,0.0,0.0,0.0,0.0,0,False,0,False,-1,1,0.1,0.2,8,8,0,raw,1,False,,,
40,1000.0,8,8,8,0,0,0,16.662496167808534,16.662496167808534,16.662496167808534,0.0,0.0,0.4058572058127863,1.0,0.0,False,0,0,0,0,0,0.0,0.0,0.0,0.0,0.0,0,0.0,0,0,disabled,disabled,True,keyed,1,1,False,raw,0,0.0,0.0,trial:-1,1,False,disabled,0,0,False,raw,0,0.0,0.0,,0,False,disabled,False,raw,0.0,0.0,,,,,,,,False,0,0,0,0,0,0,0.0,0.0,0.8520829999998369,0.8578749999994528,1.8419999999998993,silent_context_reentry,random_replay,CRA,random_replay,replay_ablation,MockSimulator,42,none,none,-1,0,0,internal,random,0.0,0.0,0.0,0.0,0,False,0,False,-1,1,0.1,0.2,8,8,0,raw,1,False,,,
41,1000.0,8,8,8,0,0,0,16.5893295149485,16.5893295149485,16.5893295149485,0.0,0.0,0.4023974447434869,1.0,0.0,False,0,0,0,0,0,0.0,0.0,0.0,0.0,0.0,0,0.0,0,0,disabled,disabled,True,keyed,1,1,False,raw,0,0.0,0.0,trial:-1,1,False,disabled,0,0,False,raw,0,0.0,0.0,,0,False,disabled,False,raw,0.0,0.0,,,,,,,,False,0,0,0,0,0,0,0.0,0.0,1.2266670000000701,1.0194160000001062,2.400542000000172,silent_context_reentry,random_replay,CRA,random_replay,replay_ablation,MockSimulator,42,none,none,-1,0,0,internal,random,0.0,0.0,0.0,0.0,0,False,0,False,-1,1,0.1,0.2,8,8,0,raw,1,False,,,
42,1000.0,8,8,8,0,0,0,16.5165274841552,16.5165274841552,16.5165274841552,0.0,0.0,0.3989137312346343,1.0,0.0,False,0,0,0,0,0,0.0,0.0,0.0,0.0,0.0,0,0.0,0,0,disabled,disabled,True,keyed,1,1,False,raw,0,0.0,0.0,trial:-1,1,False,disabled,0,0,False,raw,0,0.0,0.0,,0,False,disabled,False,raw,0.0,0.0,,,,,,,,False,0,0,0,0,0,0,0.0,0.0,0.8645000000004899,0.903582999999486,1.9072090000005204,silent_context_reentry,random_replay,CRA,random_replay,replay_ablation,MockSimulator,42,none,none,-1,0,0,internal,random,0.0,0.0,0.0,0.0,0,False,0,False,-1,1,0.1,0.2,8,8,0,raw,1,False,,,
43,1000.0,8,8,8,0,0,0,16.444088256877443,16.444088256877443,16.444088256877443,0.0,0.0,0.39540840728823845,1.0,0.0,False,0,0,0,0,0,0.0,0.0,0.0,0.0,0.0,0,0.0,0,0,disabled,disabled,True,keyed,1,1,False,raw,0,0.0,0.0,trial:-1,1,False,disabled,0,0,False,raw,0,0.0,0.0,,0,False,disabled,False,raw,0.0,0.0,,,,,,,,False,0,0,0,0,0,0,0.0,0.0,0.8527090000001181,0.8602909999995134,1.8477080000005586,silent_context_reentry,random_replay,CRA,random_replay,replay_ablation,MockSimulator,42,none,none,-1,0,0,internal,random,0.0,0.0,0.0,0.0,0,False,0,False,-1,1,0.1,0.2,8,8,0,raw,1,False,,,
44,1000.0,8,8,8,0,0,0,16.37201002363408,16.37201002363408,16.37201002363408,0.0,0.0,0.39188373080720457,1.0,0.0,False,0,0,0,0,0,0.0,0.0,0.0,0.0,0.0,0,0.0,0,0,disabled,disabled,True,keyed,1,1,False,raw,0,0.0,0.0,trial:-1,1,False,disabled,0,0,False,raw,0,0.0,0.0,,0,False,disabled,False,raw,0.0,0.0,,,,,,,,False,0,0,0,0,0,0,0.0,0.0,0.8469170000005022,0.849624999999854,1.8291659999993826,silent_context_reentry,random_replay,CRA,random_replay,replay_ablation,MockSimulator,42,none,none,-1,0,0,internal,random,0.0,0.0,0.0,0.0,0,False,0,False,-1,1,0.1,0.2,8,8,0,raw,1,False,,,
45,1000.0,8,8,8,0,0,0,16.3002909839688,16.3002909839688,16.3002909839688,0.0,0.0,0.38834187802249676,1.0,0.0,False,0,0,0,0,0,0.0,0.0,0.0,0.0,0.0,0,0.0,0,0,disabled,disabled,True,keyed,1,1,False,raw,0,0.0,0.0,trial:-1,1,False,disabled,0,0,False,raw,0,0.0,0.0,,0,False,disabled,False,raw,0.0,0.0,,,,,,,,False,0,0,0,0,0,0,0.0,0.0,0.8519170000003129,0.899167000000034,1.883332999999432,silent_context_reentry,random_replay,CRA,random_replay,replay_ablation,MockSimulator,42,none,none,-1,0,0,internal,random,0.0,0.0,0.0,0.0,0,False,0,False,-1,1,0.1,0.2,8,8,0,raw,1,False,,,
46,1000.0,8,8,8,0,0,0,16.228929346405103,16.228929346405103,16.228929346405103,0.0,0.0,0.3847849458568544,1.0,0.0,False,0,0,0,0,0,0.0,0.0,0.0,0.0,0.0,0,0.0,0,0,disabled,disabled,True,keyed,1,1,False,raw,0,0.0,0.0,trial:-1,1,False,disabled,0,0,False,raw,0,0.0,0.0,,0,False,disabled,False,raw,0.0,0.0,,,,,,,,False,0,0,0,0,0,0,0.0,0.0,1.0279999999998068,1.142208000000089,2.3217920000000447,silent_context_reentry,random_replay,CRA,random_replay,replay_ablation,MockSimulator,42,none,none,-1,0,0,internal,random,0.0,0.0,0.0,0.0,0,False,0,False,-1,1,0.1,0.2,8,8,0,raw,1,False,,,
47,1000.0,8,8,8,0,0,0,16.15792332840151,16.15792332840151,16.15792332840151,0.0,0.0,0.3812149542266287,1.0,0.0,False,0,0,0,0,0,0.0,0.0,0.0,0.0,0.0,0,0.0,0,0,disabled,disabled,True,keyed,1,1,False,raw,0,0.0,0.0,trial:-1,1,False,disabled,0,0,False,raw,0,0.0,0.0,,0,False,disabled,False,raw,0.0,0.0,,,,,,,,False,0,0,0,0,0,0,0.0,0.0,1.0049170000003826,1.0915420000001674,2.2572919999994667,silent_context_reentry,random_replay,CRA,random_replay,replay_ablation,MockSimulator,42,none,none,-1,0,0,internal,random,0.0,0.0,0.0,0.0,0,False,0,False,-1,1,0.1,0.2,8,8,0,raw,1,False,,,
48,1000.0,8,8,8,0,0,0,16.08727115630701,16.08727115630701,16.08727115630701,-0.09367884888783257,0.73374324267062,0.3776338482832693,1.0,-0.09367884888783257,True,0,0,0,0,0,0.0,0.0,0.0,0.0,0.0,0,0.0,0,0,disabled,disabled,True,keyed,1,1,True,internal_keyed_context,-1,-0.01,-0.01,ctx:A,1,False,disabled,0,0,False,raw,0,-0.01,-0.01,,0,False,disabled,False,raw,-0.01,-0.01,,,,,,,,False,0,0,0,0,0,0,0.0,0.0,0.865875000000571,1.0698329999998535,2.0734159999999946,silent_context_reentry,random_replay,CRA,random_replay,replay_ablation,MockSimulator,42,decision,decision_A_initial,1,1,-1,internal,random,-0.01,-0.01,-0.01,-0.01,-1,True,-1,True,48,1,0.1,0.2,8,8,-1,internal_keyed_context,1,True,,,
49,1000.0,8,8,0,8,0,0,16.016971065316714,16.016971065316714,16.016971065316714,0.0,0.0,0.3744435005959536,1.0,0.0,False,0,0,0,0,0,0.0,0.0,0.0,0.0,0.0,0,0.0,0,0,disabled,disabled,True,keyed,1,1,False,raw,0,0.0,0.0,trial:-1,1,False,disabled,0,0,False,raw,0,0.0,0.0,,0,False,disabled,False,raw,0.0,0.0,,,,,,,,False,0,0,0,0,0,0,0.0,0.0,0.9357919999999353,0.9978330000004476,2.0880409999994853,silent_context_reentry,random_replay,CRA,random_replay,replay_ablation,MockSimulator,42,none,none,-1,0,0,internal,random,0.0,0.0,0.0,0.0,0,False,0,False,-1,1,0.1,0.2,8,8,0,raw,1,False,,,
50,1000.0,8,8,0,8,0,0,15.947021299427728,15.947021299427728,15.947021299427728,0.0,0.0,0.37122971327681725,1.0,0.0,False,0,0,0,0,0,0.0,0.0,0.0,0.0,0.0,0,0.0,0,0,disabled,disabled,True,keyed,1,1,False,raw,0,0.0,0.0,trial:-1,1,False,disabled,0,0,False,raw,0,0.0,0.0,,0,False,disabled,False,raw,0.0,0.0,,,,,,,,False,0,0,0,0,0,0,0.0,0.0,0.9241669999999758,0.9775830000000596,2.0479169999996216,silent_context_reentry,random_replay,CRA,random_replay,replay_ablation,MockSimulator,42,none,none,-1,0,0,internal,random,0.0,0.0,0.0,0.0,0,False,0,False,-1,1,0.1,0.2,8,8,0,raw,1,False,,,
51,1000.0,8,8,0,8,0,0,15.877420111395264,15.877420111395264,15.877420111395264,0.0,0.0,0.36799470005020796,1.0,0.0,False,0,0,0,0,0,0.0,0.0,0.0,0.0,0.0,0,0.0,0,0,disabled,disabled,True,keyed,1,1,False,raw,0,0.0,0.0,trial:-1,1,False,disabled,0,0,False,raw,0,0.0,0.0,,0,False,disabled,False,raw,0.0,0.0,,,,,,,,False,0,0,0,0,0,0,0.0,0.0,0.9152079999994456,0.9705420000001297,2.029457999999984,silent_context_reentry,random_replay,CRA,random_replay,replay_ablation,MockSimulator,42,none,none,-1,0,0,internal,random,0.0,0.0,0.0,0.0,0,False,0,False,-1,1,0.1,0.2,8,8,0,raw,1,False,,,
52,1000.0,8,8,0,8,0,0,15.808165762688951,15.808165762688951,15.808165762688951,0.0,0.0,0.3647405954673523,1.0,0.0,False,0,0,0,0,0,0.0,0.0,0.0,0.0,0.0,0,0.0,0,0,disabled,disabled,True,keyed,1,1,False,raw,0,0.0,0.0,trial:-1,1,False,disabled,0,0,False,raw,0,0.0,0.0,,0,False,disabled,False,raw,0.0,0.0,,,,,,,,False,0,0,0,0,0,0,0.0,0.0,0.9215830000002256,0.9757920000001974,2.0402500000002988,silent_context_reentry,random_replay,CRA,random_replay,replay_ablation,MockSimulator,42,none,none,-1,0,0,internal,random,0.0,0.0,0.0,0.0,0,False,0,False,-1,1,0.1,0.2,8,8,0,raw,1,False,,,
53,1000.0,8,8,0,8,0,0,15.739256523449374,15.739256523449374,15.739256523449374,0.0,0.0,0.36146945718779083,1.0,0.0,False,0,0,0,0,0,0.0,0.0,0.0,0.0,0.0,0,0.0,0,0,disabled,disabled,True,keyed,1,1,False,raw,0,0.0,0.0,trial:-1,1,False,disabled,0,0,False,raw,0,0.0,0.0,,0,False,disabled,False,raw,0.0,0.0,,,,,,,,False,0,0,0,0,0,0,0.0,0.0,0.923084000000074,1.0106659999999934,2.078584000000383,silent_context_reentry,random_replay,CRA,random_replay,replay_ablation,MockSimulator,42,none,none,-1,0,0,internal,random,0.0,0.0,0.0,0.0,0,False,0,False,-1,1,0.1,0.2,8,8,0,raw,1,False,,,
54,1000.0,8,8,0,8,0,0,15.670690672444827,15.670690672444827,15.670690672444827,0.0,0.0,0.35818326820122487,1.0,0.0,False,0,0,0,0,0,0.0,0.0,0.0,0.0,0.0,0,0.0,0,0,disabled,disabled,True,keyed,1,1,False,raw,0,0.0,0.0,trial:-1,1,False,disabled,0,0,False,raw,0,0.0,0.0,,0,False,disabled,False,raw,0.0,0.0,,,,,,,,False,0,0,0,0,0,0,0.0,0.0,0.9238749999997964,1.0170830000006958,2.0848329999996196,silent_context_reentry,random_replay,CRA,random_replay,replay_ablation,MockSimulator,42,none,none,-1,0,0,internal,random,0.0,0.0,0.0,0.0,0,False,0,False,-1,1,0.1,0.2,8,8,0,raw,1,False,,,
55,1000.0,8,8,0,8,0,0,15.602466497028287,15.602466497028287,15.602466497028287,0.0,0.0,0.35488393899124643,1.0,0.0,False,0,0,0,0,0,0.0,0.0,0.0,0.0,0.0,0,0.0,0,0,disabled,disabled,True,keyed,1,1,False,raw,0,0.0,0.0,trial:-1,1,False,disabled,0,0,False,raw,0,0.0,0.0,,0,False,disabled,False,raw,0.0,0.0,,,,,,,,False,0,0,0,0,0,0,0.0,0.0,0.9143749999998008,0.9940830000001455,2.0513750000006326,silent_context_reentry,random_replay,CRA,random_replay,replay_ablation,MockSimulator,42,none,none,-1,0,0,internal,random,0.0,0.0,0.0,0.0,0,False,0,False,-1,1,0.1,0.2,8,8,0,raw,1,False,,,
56,1000.0,8,8,0,8,0,0,15.534582293094585,15.534582293094585,15.534582293094585,0.0,0.0,0.35157330964238664,1.0,0.0,False,0,0,0,0,0,0.0,0.0,0.0,0.0,0.0,0,0.0,0,0,disabled,disabled,True,keyed,1,1,False,raw,0,0.0,0.0,trial:-1,1,False,disabled,0,0,False,raw,0,0.0,0.0,,0,False,disabled,False,raw,0.0,0.0,,,,,,,,False,0,0,0,0,0,0,0.0,0.0,1.5693329999999506,1.2039169999997767,2.915166000000191,silent_context_reentry,random_replay,CRA,random_replay,replay_ablation,MockSimulator,42,none,none,-1,0,0,internal,random,0.0,0.0,0.0,0.0,0,False,0,False,-1,1,0.1,0.2,8,8,0,raw,1,False,,,
57,1000.0,8,8,0,8,0,0,15.46703636503782,15.46703636503782,15.46703636503782,0.0,0.0,0.34825315189188477,1.0,0.0,False,0,0,0,0,0,0.0,0.0,0.0,0.0,0.0,0,0.0,0,0,disabled,disabled,True,keyed,1,1,False,raw,0,0.0,0.0,trial:-1,1,False,disabled,0,0,False,raw,0,0.0,0.0,,0,False,disabled,False,raw,0.0,0.0,,,,,,,,False,0,0,0,0,0,0,0.0,0.0,0.9322499999999678,1.0495840000004364,2.133957999999936,silent_context_reentry,random_replay,CRA,random_replay,replay_ablation,MockSimulator,42,none,none,-1,0,0,internal,random,0.0,0.0,0.0,0.0,0,False,0,False,-1,1,0.1,0.2,8,8,0,raw,1,False,,,
58,1000.0,8,8,0,8,0,0,15.399827025708959,15.399827025708959,15.399827025708959,0.0,0.0,0.34492517112754595,1.0,0.0,False,0,0,0,0,0,0.0,0.0,0.0,0.0,0.0,0,0.0,0,0,disabled,disabled,True,keyed,1,1,False,raw,0,0.0,0.0,trial:-1,1,False,disabled,0,0,False,raw,0,0.0,0.0,,0,False,disabled,False,raw,0.0,0.0,,,,,,,,False,0,0,0,0,0,0,0.0,0.0,0.9183329999995493,1.0185420000006218,2.08291599999999,silent_context_reentry,random_replay,CRA,random_replay,replay_ablation,MockSimulator,42,none,none,-1,0,0,internal,random,0.0,0.0,0.0,0.0,0,False,0,False,-1,1,0.1,0.2,8,8,0,raw,1,False,,,
59,1000.0,8,8,0,8,0,0,15.332952596373655,15.332952596373655,15.332952596373655,0.0,0.0,0.34159100833302397,1.0,0.0,False,0,0,0,0,0,0.0,0.0,0.0,0.0,0.0,0,0.0,0,0,disabled,disabled,True,keyed,1,1,False,raw,0,0.0,0.0,trial:-1,1,False,disabled,0,0,False,raw,0,0.0,0.0,,0,False,disabled,False,raw,0.0,0.0,,,,,,,,False,0,0,0,0,0,0,0.0,0.0,0.9156250000001975,1.0227499999997391,2.0799579999994933,silent_context_reentry,random_replay,CRA,random_replay,replay_ablation,MockSimulator,42,none,none,-1,0,0,internal,random,0.0,0.0,0.0,0.0,0,False,0,False,-1,1,0.1,0.2,8,8,0,raw,1,False,,,
60,1000.0,8,8,0,8,0,0,15.266411406670287,15.266411406670287,15.266411406670287,0.0,0.0,0.33825224198183185,1.0,0.0,False,0,0,0,0,0,0.0,0.0,0.0,0.0,0.0,0,0.0,0,0,disabled,disabled,True,keyed,1,1,False,raw,0,0.0,0.0,trial:-1,1,False,disabled,0,0,False,raw,0,0.0,0.0,,0,False,disabled,False,raw,0.0,0.0,,,,,,,,False,0,0,0,0,0,0,0.0,0.0,0.915249999999368,1.0723339999998416,2.1298329999996923,silent_context_reentry,random_replay,CRA,random_replay,replay_ablation,MockSimulator,42,none,none,-1,0,0,internal,random,0.0,0.0,0.0,0.0,0,False,0,False,-1,1,0.1,0.2,8,8,0,raw,1,False,,,
61,1000.0,8,8,0,8,0,0,15.200201794568194,15.200201794568194,15.200201794568194,0.0,0.0,0.3349103898813542,1.0,0.0,False,0,0,0,0,0,0.0,0.0,0.0,0.0,0.0,0,0.0,0,0,disabled,disabled,True,keyed,1,1,False,raw,0,0.0,0.0,trial:-1,1,False,disabled,0,0,False,raw,0,0.0,0.0,,0,False,disabled,False,raw,0.0,0.0,,,,,,,,False,0,0,0,0,0,0,0.0,0.0,0.963500000000117,1.1759170000003039,2.2879169999994176,silent_context_reentry,random_replay,CRA,random_replay,replay_ablation,MockSimulator,42,none,none,-1,0,0,internal,random,0.0,0.0,0.0,0.0,0,False,0,False,-1,1,0.1,0.2,8,8,0,raw,1,False,,,
62,1000.0,8,8,0,8,0,0,15.134322106326133,15.134322106326133,15.134322106326133,0.0,0.0,0.3315669109681029,1.0,0.0,False,0,0,0,0,0,0.0,0.0,0.0,0.0,0.0,0,0.0,0,0,disabled,disabled,True,keyed,1,1,False,raw,0,0.0,0.0,trial:-1,1,False,disabled,0,0,False,raw,0,0.0,0.0,,0,False,disabled,False,raw,0.0,0.0,,,,,,,,False,0,0,0,0,0,0,0.0,0.0,0.9475419999995793,1.4242500000003488,2.5195839999998526,silent_context_reentry,random_replay,CRA,random_replay,replay_ablation,MockSimulator,42,none,none,-1,0,0,internal,random,0.0,0.0,0.0,0.0,0,False,0,False,-1,1,0.1,0.2,8,8,0,raw,1,False,,,
63,1000.0,8,8,0,8,0,0,15.068770696450924,15.068770696450924,15.068770696450924,0.0,0.0,0.3282232070554291,1.0,0.0,False,0,0,0,0,0,0.0,0.0,0.0,0.0,0.0,0,0.0,0,0,disabled,disabled,True,keyed,1,1,False,raw,0,0.0,0.0,trial:-1,1,False,disabled,0,0,False,raw,0,0.0,0.0,,0,False,disabled,False,raw,0.0,0.0,,,,,,,,False,0,0,0,0,0,0,0.0,0.0,1.0413329999998666,1.5215419999998758,2.738332999999926,silent_context_reentry,random_replay,CRA,random_replay,replay_ablation,MockSimulator,42,none,none,-1,0,0,internal,random,0.0,0.0,0.0,0.0,0,False,0,False,-1,1,0.1,0.2,8,8,0,raw,1,False,,,
64,1000.0,8,8,0,8,0,0,15.00354592765632,15.00354592765632,15.00354592765632,0.0,0.0,0.3248806245348751,1.0,0.0,False,0,0,0,0,0,0.0,0.0,0.0,0.0,0.0,0,0.0,0,0,disabled,disabled,True,keyed,1,1,False,raw,0,0.0,0.0,trial:-1,1,False,disabled,0,0,False,raw,0,0.0,0.0,,0,False,disabled,False,raw,0.0,0.0,,,,,,,,False,0,0,0,0,0,0,0.0,0.0,0.952708999999885,1.182125000000589,2.285291999999828,silent_context_reentry,random_replay,CRA,random_replay,replay_ablation,MockSimulator,42,none,none,-1,0,0,internal,random,0.0,0.0,0.0,0.0,0,False,0,False,-1,1,0.1,0.2,8,8,0,raw,1,False,,,
65,1000.0,8,8,0,8,0,0,14.938646170822075,14.938646170822075,14.938646170822075,0.0,0.0,0.321540456032321,1.0,0.0,False,0,0,0,0,0,0.0,0.0,0.0,0.0,0.0,0,0.0,0,0,disabled,disabled,True,keyed,1,1,False,raw,0,0.0,0.0,trial:-1,1,False,disabled,0,0,False,raw,0,0.0,0.0,,0,False,disabled,False,raw,0.0,0.0,,,,,,,,False,0,0,0,0,0,0,0.0,0.0,0.9796250000002615,1.1537920000002089,2.284791999999314,silent_context_reentry,random_replay,CRA,random_replay,replay_ablation,MockSimulator,42,none,none,-1,0,0,internal,random,0.0,0.0,0.0,0.0,0,False,0,False,-1,1,0.1,0.2,8,8,0,raw,1,False,,,
66,1000.0,8,8,0,8,0,0,14.87406980495321,14.87406980495321,14.87406980495321,0.0,0.0,0.31820394202005514,1.0,0.0,False,0,0,0,0,0,0.0,0.0,0.0,0.0,0.0,0,0.0,0,0,disabled,disabled,True,keyed,1,1,False,raw,0,0.0,0.0,trial:-1,1,False,disabled,0,0,False,raw,0,0.0,0.0,,0,False,disabled,False,raw,0.0,0.0,,,,,,,,False,0,0,0,0,0,0,0.0,0.0,0.9675000000006762,1.0835419999999374,2.202167000000088,silent_context_reentry,random_replay,CRA,random_replay,replay_ablation,MockSimulator,42,none,none,-1,0,0,internal,random,0.0,0.0,0.0,0.0,0,False,0,False,-1,1,0.1,0.2,8,8,0,raw,1,False,,,
67,1000.0,8,8,0,8,0,0,14.809815217139496,14.809815217139496,14.809815217139496,0.0,0.0,0.31487227238586696,1.0,0.0,False,0,0,0,0,0,0.0,0.0,0.0,0.0,0.0,0,0.0,0,0,disabled,disabled,True,keyed,1,1,False,raw,0,0.0,0.0,trial:-1,1,False,disabled,0,0,False,raw,0,0.0,0.0,,0,False,disabled,False,raw,0.0,0.0,,,,,,,,False,0,0,0,0,0,0,0.0,0.0,0.9201669999994166,1.1069580000002688,2.1679999999992816,silent_context_reentry,random_replay,CRA,random_replay,replay_ablation,MockSimulator,42,none,none,-1,0,0,internal,random,0.0,0.0,0.0,0.0,0,False,0,False,-1,1,0.1,0.2,8,8,0,raw,1,False,,,
68,1000.0,8,8,0,8,0,0,14.745880802515124,14.745880802515124,14.745880802515124,0.0,0.0,0.3115465879602383,1.0,0.0,False,0,0,0,0,0,0.0,0.0,0.0,0.0,0.0,0,0.0,0,0,disabled,disabled,True,keyed,1,1,False,raw,0,0.0,0.0,trial:-1,1,False,disabled,0,0,False,raw,0,0.0,0.0,,0,False,disabled,False,raw,0.0,0.0,,,,,,,,False,0,0,0,0,0,0,0.0,0.0,0.9186249999997287,1.1098340000001983,2.16970800000027,silent_context_reentry,random_replay,CRA,random_replay,replay_ablation,MockSimulator,42,none,none,-1,0,0,internal,random,0.0,0.0,0.0,0.0,0,False,0,False,-1,1,0.1,0.2,8,8,0,raw,1,False,,,
69,1000.0,8,8,0,8,0,0,14.682264964218586,14.682264964218586,14.682264964218586,0.0,0.0,0.3082279820026805,1.0,0.0,False,0,0,0,0,0,0.0,0.0,0.0,0.0,0.0,0,0.0,0,0,disabled,disabled,True,keyed,1,1,False,raw,0,0.0,0.0,trial:-1,1,False,disabled,0,0,False,raw,0,0.0,0.0,,0,False,disabled,False,raw,0.0,0.0,,,,,,,,False,0,0,0,0,0,0,0.0,0.0,1.0864589999997065,1.814291000000523,3.0420419999996895,silent_context_reentry,random_replay,CRA,random_replay,replay_ablation,MockSimulator,42,none,none,-1,0,0,internal,random,0.0,0.0,0.0,0.0,0,False,0,False,-1,1,0.1,0.2,8,8,0,raw,1,False,,,
70,1000.0,8,8,0,8,0,0,14.618966113352755,14.618966113352755,14.618966113352755,0.0,0.0,0.30491750164824083,1.0,0.0,False,0,0,0,0,0,0.0,0.0,0.0,0.0,0.0,0,0.0,0,0,disabled,disabled,True,keyed,1,1,False,raw,0,0.0,0.0,trial:-1,1,False,disabled,0,0,False,raw,0,0.0,0.0,,0,False,disabled,False,raw,0.0,0.0,,,,,,,,False,0,0,0,0,0,0,0.0,0.0,0.966208000000357,1.3388750000000726,2.4580419999997716,silent_context_reentry,random_replay,CRA,random_replay,replay_ablation,MockSimulator,42,none,none,-1,0,0,internal,random,0.0,0.0,0.0,0.0,0,False,0,False,-1,1,0.1,0.2,8,8,0,raw,1,False,,,
71,1000.0,8,8,0,8,0,0,14.555982668945163,14.555982668945163,14.555982668945163,0.0,0.0,0.3016161493151777,1.0,0.0,False,0,0,0,0,0,0.0,0.0,0.0,0.0,0.0,0,0.0,0,0,disabled,disabled,True,keyed,1,1,False,raw,0,0.0,0.0,trial:-1,1,False,disabled,0,0,False,raw,0,0.0,0.0,,0,False,disabled,False,raw,0.0,0.0,,,,,,,,False,0,0,0,0,0,0,0.0,0.0,0.9242499999997378,1.1650000000003047,2.2356249999999633,silent_context_reentry,random_replay,CRA,random_replay,replay_ablation,MockSimulator,42,none,none,-1,0,0,internal,random,0.0,0.0,0.0,0.0,0,False,0,False,-1,1,0.1,0.2,8,8,0,raw,1,False,1,1,ctx:A
72,1000.0,8,8,0,8,0,0,14.493313057908473,14.493313057908473,14.493313057908473,0.11535685994737421,0.8189328325343178,0.2983248840747778,1.0,0.11535685994737421,True,0,0,0,0,0,0.0,0.0,0.0,0.0,0.0,0,0.0,0,0,disabled,disabled,True,keyed,1,1,True,internal_keyed_context,1,0.01,0.01,ctx:A,1,False,disabled,0,0,False,raw,0,0.01,0.01,,0,False,disabled,False,raw,0.01,0.01,,,,,,,,False,0,0,0,0,0,0,0.0,0.0,0.9224589999998756,1.2010830000006578,2.269708000000037,silent_context_reentry,random_replay,CRA,random_replay,replay_ablation,MockSimulator,42,decision,decision_A_initial,2,1,1,internal,random,0.01,0.01,0.01,0.01,1,True,1,True,72,1,0.1,0.2,8,8,1,internal_keyed_context,1,True,,,
73,1000.0,8,8,0,8,0,0,14.430955715001152,14.430955715001152,14.430955715001152,0.0,0.0,0.2954446229842679,1.0,0.0,False,0,0,0,0,0,0.0,0.0,0.0,0.0,0.0,0,0.0,0,0,disabled,disabled,True,keyed,1,1,False,raw,0,0.0,0.0,trial:-1,1,False,disabled,0,0,False,raw,0,0.0,0.0,,0,False,disabled,False,raw,0.0,0.0,,,,,,,,False,0,0,0,0,0,0,0.0,0.0,0.9116250000005266,1.1573339999992882,2.2120000000001028,silent_context_reentry,random_replay,CRA,random_replay,replay_ablation,MockSimulator,42,none,none,-1,0,0,internal,random,0.0,0.0,0.0,0.0,0,False,0,False,-1,1,0.1,0.2,8,8,0,raw,1,False,,,
74,1000.0,8,8,0,8,0,0,14.368909082788345,14.368909082788345,14.368909082788345,0.0,0.0,0.29256024238374845,1.0,0.0,False,0,0,0,0,0,0.0,0.0,0.0,0.0,0.0,0,0.0,0,0,disabled,disabled,True,keyed,1,1,False,raw,0,0.0,0.0,trial:-1,1,False,disabled,0,0,False,raw,0,0.0,0.0,,0,False,disabled,False,raw,0.0,0.0,,,,,,,,False,0,0,0,0,0,0,0.0,0.0,0.9182499999997873,1.1584159999999954,2.2193750000001344,silent_context_reentry,random_replay,CRA,random_replay,replay_ablation,MockSimulator,42,none,none,-1,0,0,internal,random,0.0,0.0,0.0,0.0,0,False,0,False,-1,1,0.1,0.2,8,8,0,raw,1,False,,,
75,1000.0,8,8,0,8,0,0,14.307171611602932,14.307171611602932,14.307171611602932,0.0,0.0,0.289673059158056,1.0,0.0,False,0,0,0,0,0,0.0,0.0,0.0,0.0,0.0,0,0.0,0,0,disabled,disabled,True,keyed,1,1,False,raw,0,0.0,0.0,trial:-1,1,False,disabled,0,0,False,raw,0,0.0,0.0,,0,False,disabled,False,raw,0.0,0.0,,,,,,,,False,0,0,0,0,0,0,0.0,0.0,0.913124999999404,1.243750000000432,2.2979170000008153,silent_context_reentry,random_replay,CRA,random_replay,replay_ablation,MockSimulator,42,none,none,-1,0,0,internal,random,0.0,0.0,0.0,0.0,0,False,0,False,-1,1,0.1,0.2,8,8,0,raw,1,False,,,
76,1000.0,8,8,0,8,0,0,14.245741759506792,14.245741759506792,14.245741759506792,0.0,0.0,0.2867843391644378,1.0,0.0,False,0,0,0,0,0,0.0,0.0,0.0,0.0,0.0,0,0.0,0,0,disabled,disabled,True,keyed,1,1,False,raw,0,0.0,0.0,trial:-1,1,False,disabled,0,0,False,raw,0,0.0,0.0,,0,False,disabled,False,raw,0.0,0.0,,,,,,,,False,0,0,0,0,0,0,0.0,0.0,1.331750000000298,1.471582999999832,2.9878750000005283,silent_context_reentry,random_replay,CRA,random_replay,replay_ablation,MockSimulator,42,none,none,-1,0,0,internal,random,0.0,0.0,0.0,0.0,0,False,0,False,-1,1,0.1,0.2,8,8,0,raw,1,False,,,
77,1000.0,8,8,0,8,0,0,14.184617992252253,14.184617992252253,14.184617992252253,0.0,0.0,0.28389529874690106,1.0,0.0,False,0,0,0,0,0,0.0,0.0,0.0,0.0,0.0,0,0.0,0,0,disabled,disabled,True,keyed,1,1,False,raw,0,0.0,0.0,trial:-1,1,False,disabled,0,0,False,raw,0,0.0,0.0,,0,False,disabled,False,raw,0.0,0.0,,,,,,,,False,0,0,0,0,0,0,0.0,0.0,0.9396249999999995,1.2448330000003338,2.3439999999999017,silent_context_reentry,random_replay,CRA,random_replay,replay_ablation,MockSimulator,42,none,none,-1,0,0,internal,random,0.0,0.0,0.0,0.0,0,False,0,False,-1,1,0.1,0.2,8,8,0,raw,1,False,,,
78,1000.0,8,8,0,8,0,0,14.123798783243732,14.123798783243732,14.123798783243732,0.0,0.0,0.2810071062104001,1.0,0.0,False,0,0,0,0,0,0.0,0.0,0.0,0.0,0.0,0,0.0,0,0,disabled,disabled,True,keyed,1,1,False,raw,0,0.0,0.0,trial:-1,1,False,disabled,0,0,False,raw,0,0.0,0.0,,0,False,disabled,False,raw,0.0,0.0,,,,,,,,False,0,0,0,0,0,0,0.0,0.0,0.8513749999998765,1.1325410000004865,2.1244999999998626,silent_context_reentry,random_replay,CRA,random_replay,replay_ablation,MockSimulator,42,none,none,-1,0,0,internal,random,0.0,0.0,0.0,0.0,0,False,0,False,-1,1,0.1,0.2,8,8,0,raw,1,False,,,
79,1000.0,8,8,0,8,0,0,14.063282613499574,14.063282613499574,14.063282613499574,0.0,0.0,0.2781208832558603,1.0,0.0,False,0,0,0,0,0,0.0,0.0,0.0,0.0,0.0,0,0.0,0,0,disabled,disabled,True,keyed,1,1,False,raw,0,0.0,0.0,trial:-1,1,False,disabled,0,0,False,raw,0,0.0,0.0,,0,False,disabled,False,raw,0.0,0.0,,,,,,,,False,0,0,0,0,0,0,0.0,0.0,0.854916999999844,1.12325000000002,2.1110410000000357,silent_context_reentry,random_replay,CRA,random_replay,replay_ablation,MockSimulator,42,none,none,-1,0,0,internal,random,0.0,0.0,0.0,0.0,0,False,0,False,-1,1,0.1,0.2,8,8,0,raw,1,False,,,
80,1000.0,8,8,0,8,0,0,14.003067971614078,14.003067971614078,14.003067971614078,0.0,0.0,0.275237706377018,1.0,0.0,False,0,0,0,0,0,0.0,0.0,0.0,0.0,0.0,0,0.0,0,0,disabled,disabled,True,keyed,1,1,False,raw,0,0.0,0.0,trial:-1,1,False,disabled,0,0,False,raw,0,0.0,0.0,,0,False,disabled,False,raw,0.0,0.0,,,,,,,,False,0,0,0,0,0,0,0.0,0.0,0.8571669999994924,1.130125000000426,2.119249999999795,silent_context_reentry,random_replay,CRA,random_replay,replay_ablation,MockSimulator,42,none,none,-1,0,0,internal,random,0.0,0.0,0.0,0.0,0,False,0,False,-1,1,0.1,0.2,8,8,0,raw,1,False,,,
81,1000.0,8,8,0,8,0,0,13.943153353719707,13.943153353719707,13.943153353719707,0.0,0.0,0.27235860822002705,1.0,0.0,False,0,0,0,0,0,0.0,0.0,0.0,0.0,0.0,0,0.0,0,0,disabled,disabled,True,keyed,1,1,False,raw,0,0.0,0.0,trial:-1,1,False,disabled,0,0,False,raw,0,0.0,0.0,,0,False,disabled,False,raw,0.0,0.0,,,,,,,,False,0,0,0,0,0,0,0.0,0.0,0.8522080000004095,1.1898749999996738,2.1746250000003187,silent_context_reentry,random_replay,CRA,random_replay,replay_ablation,MockSimulator,42,none,none,-1,0,0,internal,random,0.0,0.0,0.0,0.0,0,False,0,False,-1,1,0.1,0.2,8,8,0,raw,1,False,,,
82,1000.0,8,8,0,8,0,0,13.883537263449497,13.883537263449497,13.883537263449497,0.0,0.0,0.2694845789067649,1.0,0.0,False,0,0,0,0,0,0.0,0.0,0.0,0.0,0.0,0,0.0,0,0,disabled,disabled,True,keyed,1,1,False,raw,0,0.0,0.0,trial:-1,1,False,disabled,0,0,False,raw,0,0.0,0.0,,0,False,disabled,False,raw,0.0,0.0,,,,,,,,False,0,0,0,0,0,0,0.0,0.0,0.8697080000006352,2.4542089999997074,3.460375000000404,silent_context_reentry,random_replay,CRA,random_replay,replay_ablation,MockSimulator,42,none,none,-1,0,0,internal,random,0.0,0.0,0.0,0.0,0,False,0,False,-1,1,0.1,0.2,8,8,0,raw,1,False,,,
83,1000.0,8,8,0,8,0,0,13.824218211899646,13.824218211899646,13.824218211899646,0.0,0.0,0.2666165673227453,1.0,0.0,False,0,0,0,0,0,0.0,0.0,0.0,0.0,0.0,0,0.0,0,0,disabled,disabled,True,keyed,1,1,False,raw,0,0.0,0.0,trial:-1,1,False,disabled,0,0,False,raw,0,0.0,0.0,,0,False,disabled,False,raw,0.0,0.0,,,,,,,,False,0,0,0,0,0,0,0.0,0.0,0.9569999999996526,1.321292000000085,2.433917000000285,silent_context_reentry,random_replay,CRA,random_replay,replay_ablation,MockSimulator,42,none,none,-1,0,0,internal,random,0.0,0.0,0.0,0.0,0,False,0,False,-1,1,0.1,0.2,8,8,0,raw,1,False,,,
84,1000.0,8,8,0,8,0,0,13.765194717592287,13.765194717592287,13.765194717592287,0.0,0.0,0.26375548237052376,1.0,0.0,False,0,0,0,0,0,0.0,0.0,0.0,0.0,0.0,0,0.0,0,0,disabled,disabled,True,keyed,1,1,False,raw,0,0.0,0.0,trial:-1,1,False,disabled,0,0,False,raw,0,0.0,0.0,,0,False,disabled,False,raw,0.0,0.0,,,,,,,,False,0,0,0,0,0,0,0.0,0.0,0.8561660000001581,1.1707090000001585,2.1605410000002934,silent_context_reentry,random_replay,CRA,random_replay,replay_ablation,MockSimulator,42,none,none,-1,0,0,internal,random,0.0,0.0,0.0,0.0,0,False,0,False,-1,1,0.1,0.2,8,8,0,raw,1,False,,,
85,1000.0,8,8,0,8,0,0,13.706465306438455,13.706465306438455,13.706465306438455,0.0,0.0,0.260902194189462,1.0,0.0,False,0,0,0,0,0,0.0,0.0,0.0,0.0,0.0,0,0.0,0,0,disabled,disabled,True,keyed,1,1,False,raw,0,0.0,0.0,trial:-1,1,False,disabled,0,0,False,raw,0,0.0,0.0,,0,False,disabled,False,raw,0.0,0.0,,,,,,,,False,0,0,0,0,0,0,0.0,0.0,0.8245839999991844,1.1442500000002909,2.0961250000004483,silent_context_reentry,random_replay,CRA,random_replay,replay_ablation,MockSimulator,42,none,none,-1,0,0,internal,random,0.0,0.0,0.0,0.0,0,False,0,False,-1,1,0.1,0.2,8,8,0,raw,1,False,,,
86,1000.0,8,8,0,8,0,0,13.648028511701238,13.648028511701238,13.648028511701238,0.0,0.0,0.25805753534269443,1.0,0.0,False,0,0,0,0,0,0.0,0.0,0.0,0.0,0.0,0,0.0,0,0,disabled,disabled,True,keyed,1,1,False,raw,0,0.0,0.0,trial:-1,1,False,disabled,0,0,False,raw,0,0.0,0.0,,0,False,disabled,False,raw,0.0,0.0,,,,,,,,False,0,0,0,0,0,0,0.0,0.0,0.9242089999998981,1.3133329999996946,2.3711660000005352,silent_context_reentry,random_replay,CRA,random_replay,replay_ablation,MockSimulator,42,none,none,-1,0,0,internal,random,0.0,0.0,0.0,0.0,0,False,0,False,-1,1,0.1,0.2,8,8,0,raw,1,False,,,
87,1000.0,8,8,0,8,0,0,13.5898828739591,13.5898828739591,13.5898828739591,0.0,0.0,0.2552223019721218,1.0,0.0,False,0,0,0,0,0,0.0,0.0,0.0,0.0,0.0,0,0.0,0,0,disabled,disabled,True,keyed,1,1,False,raw,0,0.0,0.0,trial:-1,1,False,disabled,0,0,False,raw,0,0.0,0.0,,0,False,disabled,False,raw,0.0,0.0,,,,,,,,False,0,0,0,0,0,0,0.0,0.0,0.9257920000003139,1.2743329999995723,2.3438340000003777,silent_context_reentry,random_replay,CRA,random_replay,replay_ablation,MockSimulator,42,none,none,-1,0,0,internal,random,0.0,0.0,0.0,0.0,0,False,0,False,-1,1,0.1,0.2,8,8,0,raw,1,False,,,
88,1000.0,8,8,0,8,0,0,13.532026941069404,13.532026941069404,13.532026941069404,0.0,0.0,0.252397254922235,1.0,0.0,False,0,0,0,0,0,0.0,0.0,0.0,0.0,0.0,0,0.0,0,0,disabled,disabled,True,keyed,1,1,False,raw,0,0.0,0.0,trial:-1,1,False,disabled,0,0,False,raw,0,0.0,0.0,,0,False,disabled,False,raw,0.0,0.0,,,,,,,,False,0,0,0,0,0,0,0.0,0.0,0.8264579999996968,1.184000000000296,2.146541000000113,silent_context_reentry,random_replay,CRA,random_replay,replay_ablation,MockSimulator,42,none,none,-1,0,0,internal,random,0.0,0.0,0.0,0.0,0,False,0,False,-1,1,0.1,0.2,8,8,0,raw,1,False,,,
89,1000.0,8,8,0,8,0,0,13.4744592681321,13.4744592681321,13.4744592681321,0.0,0.0,0.24958312083355486,1.0,0.0,False,0,0,0,0,0,0.0,0.0,0.0,0.0,0.0,0,0.0,0,0,disabled,disabled,True,keyed,1,1,False,raw,0,0.0,0.0,trial:-1,1,False,disabled,0,0,False,raw,0,0.0,0.0,,0,False,disabled,False,raw,0.0,0.0,,,,,,,,False,0,0,0,0,0,0,0.0,0.0,0.932708999999754,1.271749999999905,2.4794579999998234,silent_context_reentry,random_replay,CRA,random_replay,replay_ablation,MockSimulator,42,none,none,-1,0,0,internal,random,0.0,0.0,0.0,0.0,0,False,0,False,-1,1,0.1,0.2,8,8,0,raw,1,False,,,
90,1000.0,8,8,0,8,0,0,13.41717841745361,13.41717841745361,13.41717841745361,0.0,0.0,0.24678059320645301,1.0,0.0,False,0,0,0,0,0,0.0,0.0,0.0,0.0,0.0,0,0.0,0,0,disabled,disabled,True,keyed,1,1,False,raw,0,0.0,0.0,trial:-1,1,False,disabled,0,0,False,raw,0,0.0,0.0,,0,False,disabled,False,raw,0.0,0.0,,,,,,,,False,0,0,0,0,0,0,0.0,0.0,0.8245410000000675,1.1725840000007537,2.129124999999732,silent_context_reentry,random_replay,CRA,random_replay,replay_ablation,MockSimulator,42,none,none,-1,0,0,internal,random,0.0,0.0,0.0,0.0,0,False,0,False,-1,1,0.1,0.2,8,8,0,raw,1,False,,,
91,1000.0,8,8,0,8,0,0,13.36018295851088,13.36018295851088,13.36018295851088,0.0,0.0,0.24399033343610183,1.0,0.0,False,0,0,0,0,0,0.0,0.0,0.0,0.0,0.0,0,0.0,0,0,disabled,disabled,True,keyed,1,1,False,raw,0,0.0,0.0,trial:-1,1,False,disabled,0,0,False,raw,0,0.0,0.0,,0,False,disabled,False,raw,0.0,0.0,,,,,,,,False,0,0,0,0,0,0,0.0,0.0,0.837124999999439,1.1785829999997333,2.1421659999996123,silent_context_reentry,random_replay,CRA,random_replay,replay_ablation,MockSimulator,42,none,none,-1,0,0,internal,random,0.0,0.0,0.0,0.0,0,False,0,False,-1,1,0.1,0.2,8,8,0,raw,1,False,,,
92,1000.0,8,8,0,8,0,0,13.303471467915621,13.303471467915621,13.303471467915621,0.0,0.0,0.24121297181928208,1.0,0.0,False,0,0,0,0,0,0.0,0.0,0.0,0.0,0.0,0,0.0,0,0,disabled,disabled,True,keyed,1,1,False,raw,0,0.0,0.0,trial:-1,1,False,disabled,0,0,False,raw,0,0.0,0.0,,0,False,disabled,False,raw,0.0,0.0,,,,,,,,False,0,0,0,0,0,0,0.0,0.0,0.8201249999997273,1.1687079999997962,2.1159580000000844,silent_context_reentry,random_replay,CRA,random_replay,replay_ablation,MockSimulator,42,none,none,-1,0,0,internal,random,0.0,0.0,0.0,0.0,0,False,0,False,-1,1,0.1,0.2,8,8,0,raw,1,False,,,
93,1000.0,8,8,0,8,0,0,13.247042529378724,13.247042529378724,13.247042529378724,0.0,0.0,0.2384491085337607,1.0,0.0,False,0,0,0,0,0,0.0,0.0,0.0,0.0,0.0,0,0.0,0,0,disabled,disabled,True,keyed,1,1,False,raw,0,0.0,0.0,trial:-1,1,False,disabled,0,0,False,raw,0,0.0,0.0,,0,False,disabled,False,raw,0.0,0.0,,,,,,,,False,0,0,0,0,0,0,0.0,0.0,0.8262500000002504,1.1847910000000184,2.137375000000219,silent_context_reentry,random_replay,CRA,random_replay,replay_ablation,MockSimulator,42,none,none,-1,0,0,internal,random,0.0,0.0,0.0,0.0,0,False,0,False,-1,1,0.1,0.2,8,8,0,raw,1,False,,,
94,1000.0,8,8,0,8,0,0,13.190894733674849,13.190894733674849,13.190894733674849,0.0,0.0,0.23569931459093243,1.0,0.0,False,0,0,0,0,0,0.0,0.0,0.0,0.0,0.0,0,0.0,0,0,disabled,disabled,True,keyed,1,1,False,raw,0,0.0,0.0,trial:-1,1,False,disabled,0,0,False,raw,0,0.0,0.0,,0,False,disabled,False,raw,0.0,0.0,,,,,,,,False,0,0,0,0,0,0,0.0,0.0,0.823500000000088,1.199249999999985,2.149708000000139,silent_context_reentry,random_replay,CRA,random_replay,replay_ablation,MockSimulator,42,none,none,-1,0,0,internal,random,0.0,0.0,0.0,0.0,0,False,0,False,-1,1,0.1,0.2,8,8,0,raw,1,False,,,
95,1000.0,8,8,0,8,0,0,13.135026678607193,13.135026678607193,13.135026678607193,0.0,0.0,0.2329641327624038,1.0,0.0,False,0,0,0,0,0,0.0,0.0,0.0,0.0,0.0,0,0.0,0,0,disabled,disabled,True,keyed,1,1,False,raw,0,0.0,0.0,trial:-1,1,False,disabled,0,0,False,raw,0,0.0,0.0,,0,False,disabled,False,raw,0.0,0.0,,,,,,,,False,0,0,0,0,0,0,0.0,0.0,0.8201669999996497,1.1904999999998722,2.1377500000001604,silent_context_reentry,random_replay,CRA,random_replay,replay_ablation,MockSimulator,42,none,none,-1,0,0,internal,random,0.0,0.0,0.0,0.0,0,False,0,False,-1,1,0.1,0.2,8,8,0,raw,1,False,1,1,ctx:A
96,1000.0,8,8,0,8,0,0,13.079436968972448,13.079436968972448,13.079436968972448,-0.13941093934220244,0.8840717187467998,0.23024407848117992,1.0,-0.13941093934220244,True,0,0,0,0,0,0.0,0.0,0.0,0.0,0.0,0,0.0,0,0,disabled,disabled,True,keyed,1,1,True,internal_keyed_context,-1,-0.01,-0.01,ctx:A,1,False,disabled,0,0,False,raw,0,-0.01,-0.01,,0,False,disabled,False,raw,-0.01,-0.01,,,,,,,,False,0,0,0,0,0,0,0.0,0.0,0.9455000000002656,1.5566670000000116,2.652874999999888,silent_context_reentry,random_replay,CRA,random_replay,replay_ablation,MockSimulator,42,decision,decision_A_initial,3,1,-1,internal,random,-0.01,-0.01,-0.01,-0.01,-1,True,-1,True,96,1,0.1,0.2,8,8,-1,internal_keyed_context,1,True,,,
97,1000.0,8,8,0,8,0,0,13.024124216525902,13.024124216525902,13.024124216525902,0.0,0.0,0.22793964071810005,1.0,0.0,False,0,0,0,0,0,0.0,0.0,0.0,0.0,0.0,0,0.0,0,0,disabled,disabled,True,keyed,1,1,False,raw,0,0.0,0.0,trial:-1,1,False,disabled,0,0,False,raw,0,0.0,0.0,,0,False,disabled,False,raw,0.0,0.0,,,,,,,,False,0,0,0,0,0,0,0.0,0.0,0.9227499999999722,1.3779160000000346,2.4510419999996813,silent_context_reentry,random_replay,CRA,random_replay,replay_ablation,MockSimulator,42,none,none,-1,0,0,internal,random,0.0,0.0,0.0,0.0,0,False,0,False,-1,1,0.1,0.2,8,8,0,raw,1,False,,,
98,1000.0,8,8,0,8,0,0,12.969087039946745,12.969087039946745,12.969087039946745,0.0,0.0,0.2256352828341509,1.0,0.0,False,0,0,0,0,0,0.0,0.0,0.0,0.0,0.0,0,0.0,0,0,disabled,disabled,True,keyed,1,1,False,raw,0,0.0,0.0,trial:-1,1,False,disabled,0,0,False,raw,0,0.0,0.0,,0,False,disabled,False,raw,0.0,0.0,,,,,,,,False,0,0,0,0,0,0,0.0,0.0,0.8858750000007021,1.2440419999997232,2.2729159999999027,silent_context_reentry,random_replay,CRA,random_replay,replay_ablation,MockSimulator,42,none,none,-1,0,0,internal,random,0.0,0.0,0.0,0.0,0,False,0,False,-1,1,0.1,0.2,8,8,0,raw,1,False,,,
99,1000.0,8,8,0,8,0,0,12.914324064803532,12.914324064803532,12.914324064803532,0.0,0.0,0.2233319234092725,1.0,0.0,False,0,0,0,0,0,0.0,0.0,0.0,0.0,0.0,0,0.0,0,0,disabled,disabled,True,keyed,1,1,False,raw,0,0.0,0.0,trial:-1,1,False,disabled,0,0,False,raw,0,0.0,0.0,,0,False,disabled,False,raw,0.0,0.0,,,,,,,,False,0,0,0,0,0,0,0.0,0.0,0.823167000000069,1.241875000000725,2.192415999999753,silent_context_reentry,random_replay,CRA,random_replay,replay_ablation,MockSimulator,42,none,none,-1,0,0,internal,random,0.0,0.0,0.0,0.0,0,False,0,False,-1,1,0.1,0.2,8,8,0,raw,1,False,,,
100,1000.0,8,8,0,8,0,0,12.859833923519828,12.859833923519828,12.859833923519828,0.0,0.0,0.22103044424825555,1.0,0.0,False,0,0,0,0,0,0.0,0.0,0.0,0.0,0.0,0,0.0,0,0,disabled,disabled,True,keyed,1,1,False,raw,0,0.0,0.0,trial:-1,1,False,disabled,0,0,False,raw,0,0.0,0.0,,0,False,disabled,False,raw,0.0,0.0,,,,,,,,False,0,0,0,0,0,0,0.0,0.0,0.8240829999994759,1.3816670000004194,2.3313749999998024,silent_context_reentry,random_replay,CRA,random_replay,replay_ablation,MockSimulator,42,none,none,-1,0,0,internal,random,0.0,0.0,0.0,0.0,0,False,0,False,-1,1,0.1,0.2,8,8,0,raw,1,False,,,
101,1000.0,8,8,0,8,0,0,12.805615255340008,12.805615255340008,12.805615255340008,0.0,0.0,0.21873169148431557,1.0,0.0,False,0,0,0,0,0,0.0,0.0,0.0,0.0,0.0,0,0.0,0,0,disabled,disabled,True,keyed,1,1,False,raw,0,0.0,0.0,trial:-1,1,False,disabled,0,0,False,raw,0,0.0,0.0,,0,False,disabled,False,raw,0.0,0.0,,,,,,,,False,0,0,0,0,0,0,0.0,0.0,0.9171249999999631,1.3901660000001925,2.4489589999996397,silent_context_reentry,random_replay,CRA,random_replay,replay_ablation,MockSimulator,42,none,none,-1,0,0,internal,random,0.0,0.0,0.0,0.0,0,False,0,False,-1,1,0.1,0.2,8,8,0,raw,1,False,,,
102,1000.0,8,8,0,8,0,0,12.751666706295248,12.751666706295248,12.751666706295248,0.0,0.0,0.2164364766532339,1.0,0.0,False,0,0,0,0,0,0.0,0.0,0.0,0.0,0.0,0,0.0,0,0,disabled,disabled,True,keyed,1,1,False,raw,0,0.0,0.0,trial:-1,1,False,disabled,0,0,False,raw,0,0.0,0.0,,0,False,disabled,False,raw,0.0,0.0,,,,,,,,False,0,0,0,0,0,0,0.0,0.0,0.9149580000000768,1.8169170000001955,2.872374999999927,silent_context_reentry,random_replay,CRA,random_replay,replay_ablation,MockSimulator,42,none,none,-1,0,0,internal,random,0.0,0.0,0.0,0.0,0,False,0,False,-1,1,0.1,0.2,8,8,0,raw,1,False,,,
103,1000.0,8,8,0,8,0,0,12.69798692916967,12.69798692916967,12.69798692916967,0.0,0.0,0.21414557773880177,1.0,0.0,False,0,0,0,0,0,0.0,0.0,0.0,0.0,0.0,0,0.0,0,0,disabled,disabled,True,keyed,1,1,False,raw,0,0.0,0.0,trial:-1,1,False,disabled,0,0,False,raw,0,0.0,0.0,,0,False,disabled,False,raw,0.0,0.0,,,,,,,,False,0,0,0,0,0,0,0.0,0.0,0.9417080000000411,1.4396669999996448,2.5308749999997104,silent_context_reentry,random_replay,CRA,random_replay,replay_ablation,MockSimulator,42,none,none,-1,0,0,internal,random,0.0,0.0,0.0,0.0,0,False,0,False,-1,1,0.1,0.2,8,8,0,raw,1,False,,,
104,1000.0,8,8,0,8,0,0,12.64457458346666,12.64457458346666,12.64457458346666,0.0,0.0,0.21185974019028564,1.0,0.0,False,0,0,0,0,0,0.0,0.0,0.0,0.0,0.0,0,0.0,0,0,disabled,disabled,True,keyed,1,1,False,raw,0,0.0,0.0,trial:-1,1,False,disabled,0,0,False,raw,0,0.0,0.0,,0,False,disabled,False,raw,0.0,0.0,,,,,,,,False,0,0,0,0,0,0,0.0,0.0,0.913291999999899,1.417374999999943,2.4726670000001505,silent_context_reentry,random_replay,CRA,random_replay,replay_ablation,MockSimulator,42,none,none,-1,0,0,internal,random,0.0,0.0,0.0,0.0,0,False,0,False,-1,1,0.1,0.2,8,8,0,raw,1,False,,,
105,1000.0,8,8,0,8,0,0,12.591428335375364,12.591428335375364,12.591428335375364,0.0,0.0,0.20957967791261461,1.0,0.0,False,0,0,0,0,0,0.0,0.0,0.0,0.0,0.0,0,0.0,0,0,disabled,disabled,True,keyed,1,1,False,raw,0,0.0,0.0,trial:-1,1,False,disabled,0,0,False,raw,0,0.0,0.0,,0,False,disabled,False,raw,0.0,0.0,,,,,,,,False,0,0,0,0,0,0,0.0,0.0,0.913957999999937,1.4261669999999782,2.480459000000046,silent_context_reentry,random_replay,CRA,random_replay,replay_ablation,MockSimulator,42,none,none,-1,0,0,internal,random,0.0,0.0,0.0,0.0,0,False,0,False,-1,1,0.1,0.2,8,8,0,raw,1,False,,,
106,1000.0,8,8,0,8,0,0,12.538546857737328,12.538546857737328,12.538546857737328,0.0,0.0,0.20730607422997432,1.0,0.0,False,0,0,0,0,0,0.0,0.0,0.0,0.0,0.0,0,0.0,0,0,disabled,disabled,True,keyed,1,1,False,raw,0,0.0,0.0,trial:-1,1,False,disabled,0,0,False,raw,0,0.0,0.0,,0,False,disabled,False,raw,0.0,0.0,,,,,,,,False,0,0,0,0,0,0,0.0,0.0,0.8534999999998405,1.3357080000000465,2.3204169999999635,silent_context_reentry,random_replay,CRA,random_replay,replay_ablation,MockSimulator,42,none,none,-1,0,0,internal,random,0.0,0.0,0.0,0.0,0,False,0,False,-1,1,0.1,0.2,8,8,0,raw,1,False,,,
107,1000.0,8,8,0,8,0,0,12.48592883001334,12.48592883001334,12.48592883001334,0.0,0.0,0.2050395828234746,1.0,0.0,False,0,0,0,0,0,0.0,0.0,0.0,0.0,0.0,0,0.0,0,0,disabled,disabled,True,keyed,1,1,False,raw,0,0.0,0.0,trial:-1,1,False,disabled,0,0,False,raw,0,0.0,0.0,,0,False,disabled,False,raw,0.0,0.0,,,,,,,,False,0,0,0,0,0,0,0.0,0.0,0.8522089999996041,1.3368750000006813,2.321540999999705,silent_context_reentry,random_replay,CRA,random_replay,replay_ablation,MockSimulator,42,none,none,-1,0,0,internal,random,0.0,0.0,0.0,0.0,0,False,0,False,-1,1,0.1,0.2,8,8,0,raw,1,False,,,
108,1000.0,8,8,0,8,0,0,12.433572938250396,12.433572938250396,12.433572938250396,0.0,0.0,0.20278082864354288,1.0,0.0,False,0,0,0,0,0,0.0,0.0,0.0,0.0,0.0,0,0.0,0,0,disabled,disabled,True,keyed,1,1,False,raw,0,0.0,0.0,trial:-1,1,False,disabled,0,0,False,raw,0,0.0,0.0,,0,False,disabled,False,raw,0.0,0.0,,,,,,,,False,0,0,0,0,0,0,0.0,0.0,0.9835830000000101,1.9121670000004087,3.0481670000002126,silent_context_reentry,random_replay,CRA,random_replay,replay_ablation,MockSimulator,42,none,none,-1,0,0,internal,random,0.0,0.0,0.0,0.0,0,False,0,False,-1,1,0.1,0.2,8,8,0,raw,1,False,,,
109,1000.0,8,8,0,8,0,0,12.381477875048864,12.381477875048864,12.381477875048864,0.0,0.0,0.20053040879767903,1.0,0.0,False,0,0,0,0,0,0.0,0.0,0.0,0.0,0.0,0,0.0,0,0,disabled,disabled,True,keyed,1,1,False,raw,0,0.0,0.0,trial:-1,1,False,disabled,0,0,False,raw,0,0.0,0.0,,0,False,disabled,False,raw,0.0,0.0,,,,,,,,False,0,0,0,0,0,0,0.0,0.0,1.010291000000052,1.493041999999889,2.6663750000004427,silent_context_reentry,random_replay,CRA,random_replay,replay_ablation,MockSimulator,42,none,none,-1,0,0,internal,random,0.0,0.0,0.0,0.0,0,False,0,False,-1,1,0.1,0.2,8,8,0,raw,1,False,,,
110,1000.0,8,8,0,8,0,0,12.32964233952979,12.32964233952979,12.32964233952979,0.0,0.0,0.1982888934141923,1.0,0.0,False,0,0,0,0,0,0.0,0.0,0.0,0.0,0.0,0,0.0,0,0,disabled,disabled,True,keyed,1,1,False,raw,0,0.0,0.0,trial:-1,1,False,disabled,0,0,False,raw,0,0.0,0.0,,0,False,disabled,False,raw,0.0,0.0,,,,,,,,False,0,0,0,0,0,0,0.0,0.0,0.837124999999439,1.3702499999999063,2.346208000000516,silent_context_reentry,random_replay,CRA,random_replay,replay_ablation,MockSimulator,42,none,none,-1,0,0,internal,random,0.0,0.0,0.0,0.0,0,False,0,False,-1,1,0.1,0.2,8,8,0,raw,1,False,,,
111,1000.0,8,8,0,8,0,0,12.278065037302389,12.278065037302389,12.278065037302389,0.0,0.0,0.196056826482526,1.0,0.0,False,0,0,0,0,0,0.0,0.0,0.0,0.0,0.0,0,0.0,0,0,disabled,disabled,True,keyed,1,1,False,raw,0,0.0,0.0,trial:-1,1,False,disabled,0,0,False,raw,0,0.0,0.0,,0,False,disabled,False,raw,0.0,0.0,,,,,,,,False,0,0,0,0,0,0,0.0,0.0,0.8290000000004127,1.4464170000003662,2.4040840000001396,silent_context_reentry,random_replay,CRA,random_replay,replay_ablation,MockSimulator,42,none,none,-1,0,0,internal,random,0.0,0.0,0.0,0.0,0,False,0,False,-1,1,0.1,0.2,8,8,0,raw,1,False,,,
112,1000.0,8,8,0,8,0,0,12.226744680431667,12.226744680431667,12.226744680431667,0.0,0.0,0.19383472667076065,1.0,0.0,False,0,0,0,0,0,0.0,0.0,0.0,0.0,0.0,0,0.0,0,0,disabled,disabled,True,keyed,1,1,False,raw,0,0.0,0.0,trial:-1,1,False,disabled,0,0,False,raw,0,0.0,0.0,,0,False,disabled,False,raw,0.0,0.0,,,,,,,,False,0,0,0,0,0,0,0.0,0.0,0.9502089999999797,1.528000000000418,2.619458999999935,silent_context_reentry,random_replay,CRA,random_replay,replay_ablation,MockSimulator,42,none,none,-1,0,0,internal,random,0.0,0.0,0.0,0.0,0,False,0,False,-1,1,0.1,0.2,8,8,0,raw,1,False,,,
113,1000.0,8,8,0,8,0,0,12.175679987406236,12.175679987406236,12.175679987406236,0.0,0.0,0.19162308812087292,1.0,0.0,False,0,0,0,0,0,0.0,0.0,0.0,0.0,0.0,0,0.0,0,0,disabled,disabled,True,keyed,1,1,False,raw,0,0.0,0.0,trial:-1,1,False,disabled,0,0,False,raw,0,0.0,0.0,,0,False,disabled,False,raw,0.0,0.0,,,,,,,,False,0,0,0,0,0,0,0.0,0.0,0.9079160000000641,1.3532500000001946,2.4062080000000208,silent_context_reentry,random_replay,CRA,random_replay,replay_ablation,MockSimulator,42,none,none,-1,0,0,internal,random,0.0,0.0,0.0,0.0,0,False,0,False,-1,1,0.1,0.2,8,8,0,raw,1,False,,,
114,1000.0,8,8,0,8,0,0,12.124869683106276,12.124869683106276,12.124869683106276,0.0,0.0,0.1894223812223124,1.0,0.0,False,0,0,0,0,0,0.0,0.0,0.0,0.0,0.0,0,0.0,0,0,disabled,disabled,True,keyed,1,1,False,raw,0,0.0,0.0,trial:-1,1,False,disabled,0,0,False,raw,0,0.0,0.0,,0,False,disabled,False,raw,0.0,0.0,,,,,,,,False,0,0,0,0,0,0,0.0,0.0,0.8277909999998556,1.4163750000006914,2.3711249999998074,silent_context_reentry,random_replay,CRA,random_replay,replay_ablation,MockSimulator,42,none,none,-1,0,0,internal,random,0.0,0.0,0.0,0.0,0,False,0,False,-1,1,0.1,0.2,8,8,0,raw,1,False,,,
115,1000.0,8,8,0,8,0,0,12.074312498771647,12.074312498771647,12.074312498771647,0.0,0.0,0.18723305336444596,1.0,0.0,False,0,0,0,0,0,0.0,0.0,0.0,0.0,0.0,0,0.0,0,0,disabled,disabled,True,keyed,1,1,False,raw,0,0.0,0.0,trial:-1,1,False,disabled,0,0,False,raw,0,0.0,0.0,,0,False,disabled,False,raw,0.0,0.0,,,,,,,,False,0,0,0,0,0,0,0.0,0.0,0.9075830000000451,1.5480829999994228,2.6049170000002064,silent_context_reentry,random_replay,CRA,random_replay,replay_ablation,MockSimulator,42,none,none,-1,0,0,internal,random,0.0,0.0,0.0,0.0,0,False,0,False,-1,1,0.1,0.2,8,8,0,raw,1,False,,,
116,1000.0,8,8,0,8,0,0,12.024007171970181,12.024007171970181,12.024007171970181,0.0,0.0,0.18505552966840522,1.0,0.0,False,0,0,0,0,0,0.0,0.0,0.0,0.0,0.0,0,0.0,0,0,disabled,disabled,True,keyed,1,1,False,raw,0,0.0,0.0,trial:-1,1,False,disabled,0,0,False,raw,0,0.0,0.0,,0,False,disabled,False,raw,0.0,0.0,,,,,,,,False,0,0,0,0,0,0,0.0,0.0,0.9185419999999667,1.6532500000003836,2.7099589999997065,silent_context_reentry,random_replay,CRA,random_replay,replay_ablation,MockSimulator,42,none,none,-1,0,0,internal,random,0.0,0.0,0.0,0.0,0,False,0,False,-1,1,0.1,0.2,8,8,0,raw,1,False,,,
117,1000.0,8,8,0,8,0,0,11.973952446566116,11.973952446566116,11.973952446566116,0.0,0.0,0.18289021369886035,1.0,0.0,False,0,0,0,0,0,0.0,0.0,0.0,0.0,0.0,0,0.0,0,0,disabled,disabled,True,keyed,1,1,False,raw,0,0.0,0.0,trial:-1,1,False,disabled,0,0,False,raw,0,0.0,0.0,,0,False,disabled,False,raw,0.0,0.0,,,,,,,,False,0,0,0,0,0,0,0.0,0.0,0.889374999999859,1.5546660000005375,2.5848330000002306,silent_context_reentry,random_replay,CRA,random_replay,replay_ablation,MockSimulator,42,none,none,-1,0,0,internal,random,0.0,0.0,0.0,0.0,0,False,0,False,-1,1,0.1,0.2,8,8,0,raw,1,False,,,
118,1000.0,8,8,0,8,0,0,11.924147072688692,11.924147072688692,11.924147072688692,0.0,0.0,0.18073748815622992,1.0,0.0,False,0,0,0,0,0,0.0,0.0,0.0,0.0,0.0,0,0.0,0,0,disabled,disabled,True,keyed,1,1,False,raw,0,0.0,0.0,trial:-1,1,False,disabled,0,0,False,raw,0,0.0,0.0,,0,False,disabled,False,raw,0.0,0.0,,,,,,,,False,0,0,0,0,0,0,0.0,0.0,0.8646670000000967,1.8334160000001987,2.8359169999996325,silent_context_reentry,random_replay,CRA,random_replay,replay_ablation,MockSimulator,42,none,none,-1,0,0,internal,random,0.0,0.0,0.0,0.0,0,False,0,False,-1,1,0.1,0.2,8,8,0,raw,1,False,,,
119,1000.0,8,8,0,8,0,0,11.874589806700905,11.874589806700905,11.874589806700905,0.0,0.0,0.17859771554982518,1.0,0.0,False,0,0,0,0,0,0.0,0.0,0.0,0.0,0.0,0,0.0,0,0,disabled,disabled,True,keyed,1,1,False,raw,0,0.0,0.0,trial:-1,1,False,disabled,0,0,False,raw,0,0.0,0.0,,0,False,disabled,False,raw,0.0,0.0,,,,,,,,False,0,0,0,0,0,0,0.0,0.0,0.9184580000001219,1.92316700000017,3.165958000000302,silent_context_reentry,random_replay,CRA,random_replay,replay_ablation,MockSimulator,42,none,none,-1,0,0,internal,random,0.0,0.0,0.0,0.0,0,False,0,False,-1,1,0.1,0.2,8,8,0,raw,1,False,1,1,ctx:A
120,1000.0,8,8,0,8,0,0,11.825279411168419,11.825279411168419,11.825279411168419,0.0,0.0,0.17647123885241411,1.0,0.0,False,0,0,0,0,0,0.0,0.0,0.0,0.0,0.0,0,0.0,0,0,disabled,disabled,True,keyed,1,1,False,raw,0,0.0,0.0,trial:-1,1,False,disabled,0,0,False,raw,0,0.0,0.0,,0,False,disabled,False,raw,0.0,0.0,,,,,,,,False,0,0,0,0,0,0,0.0,0.0,1.7481669999996896,1.761875000000579,3.6633339999996295,silent_context_reentry,random_replay,CRA,random_replay,replay_ablation,MockSimulator,42,none,none,-1,0,0,internal,random,0.0,0.0,0.0,0.0,0,False,0,False,-1,1,0.1,0.2,8,8,0,raw,1,False,,,
121,1000.0,8,8,0,8,0,0,11.776214654828621,11.776214654828621,11.776214654828621,0.0,0.0,0.17435838213667956,1.0,0.0,False,0,0,0,0,0,0.0,0.0,0.0,0.0,0.0,0,0.0,0,0,disabled,disabled,True,keyed,1,1,False,raw,0,0.0,0.0,trial:-1,1,False,disabled,0,0,False,raw,0,0.0,0.0,,0,False,disabled,False,raw,0.0,0.0,,,,,,,,False,0,0,0,0,0,0,0.0,0.0,0.8888330000003108,1.6077499999997968,2.6432080000002856,silent_context_reentry,random_replay,CRA,random_replay,replay_ablation,MockSimulator,42,none,none,-1,0,0,internal,random,0.0,0.0,0.0,0.0,0,False,0,False,-1,1,0.1,0.2,8,8,0,raw,1,False,,,
122,1000.0,8,8,0,8,0,0,11.72739431255985,11.72739431255985,11.72739431255985,0.0,0.0,0.1722594511940334,1.0,0.0,False,0,0,0,0,0,0.0,0.0,0.0,0.0,0.0,0,0.0,0,0,disabled,disabled,True,keyed,1,1,False,raw,0,0.0,0.0,trial:-1,1,False,disabled,0,0,False,raw,0,0.0,0.0,,0,False,disabled,False,raw,0.0,0.0,,,,,,,,False,0,0,0,0,0,0,0.0,0.0,1.0092500000000726,1.636874999999982,2.7857500000001423,silent_context_reentry,random_replay,CRA,random_replay,replay_ablation,MockSimulator,42,none,none,-1,0,0,internal,random,0.0,0.0,0.0,0.0,0,False,0,False,-1,1,0.1,0.2,8,8,0,raw,1,False,,,
123,1000.0,8,8,0,8,0,0,11.678817165350763,11.678817165350763,11.678817165350763,0.0,0.0,0.17017473413623846,1.0,0.0,False,0,0,0,0,0,0.0,0.0,0.0,0.0,0.0,0,0.0,0,0,disabled,disabled,True,keyed,1,1,False,raw,0,0.0,0.0,trial:-1,1,False,disabled,0,0,False,raw,0,0.0,0.0,,0,False,disabled,False,raw,0.0,0.0,,,,,,,,False,0,0,0,0,0,0,0.0,0.0,0.8755840000000958,1.656000000000546,2.6751250000005555,silent_context_reentry,random_replay,CRA,random_replay,replay_ablation,MockSimulator,42,none,none,-1,0,0,internal,random,0.0,0.0,0.0,0.0,0,False,0,False,-1,1,0.1,0.2,8,8,0,raw,1,False,,,
124,1000.0,8,8,0,8,0,0,11.630482000269865,11.630482000269865,11.630482000269865,0.0,0.0,0.16810450198027768,1.0,0.0,False,0,0,0,0,0,0.0,0.0,0.0,0.0,0.0,0,0.0,0,0,disabled,disabled,True,keyed,1,1,False,raw,0,0.0,0.0,trial:-1,1,False,disabled,0,0,False,raw,0,0.0,0.0,,0,False,disabled,False,raw,0.0,0.0,,,,,,,,False,0,0,0,0,0,0,0.0,0.0,0.9023329999999774,1.6972919999993508,2.7553749999995603,silent_context_reentry,random_replay,CRA,random_replay,replay_ablation,MockSimulator,42,none,none,-1,0,0,internal,random,0.0,0.0,0.0,0.0,0,False,0,False,-1,1,0.1,0.2,8,8,0,raw,1,False,,,
125,1000.0,8,8,0,8,0,0,11.582387610435175,11.582387610435175,11.582387610435175,0.0,0.0,0.16604900921690086,1.0,0.0,False,0,0,0,0,0,0.0,0.0,0.0,0.0,0.0,0,0.0,0,0,disabled,disabled,True,keyed,1,1,False,raw,0,0.0,0.0,trial:-1,1,False,disabled,0,0,False,raw,0,0.0,0.0,,0,False,disabled,False,raw,0.0,0.0,,,,,,,,False,0,0,0,0,0,0,0.0,0.0,1.125374999999984,3.7942920000002545,5.068875000000084,silent_context_reentry,random_replay,CRA,random_replay,replay_ablation,MockSimulator,42,none,none,-1,0,0,internal,random,0.0,0.0,0.0,0.0,0,False,0,False,-1,1,0.1,0.2,8,8,0,raw,1,False,,,
126,1000.0,8,8,0,8,0,0,11.534532794984067,11.534532794984067,11.534532794984067,0.0,0.0,0.16400849436326698,1.0,0.0,False,0,0,0,0,0,0.0,0.0,0.0,0.0,0.0,0,0.0,0,0,disabled,disabled,True,keyed,1,1,False,raw,0,0.0,0.0,trial:-1,1,False,disabled,0,0,False,raw,0,0.0,0.0,,0,False,disabled,False,raw,0.0,0.0,,,,,,,,False,0,0,0,0,0,0,0.0,0.0,1.0079999999996758,1.6560840000003907,2.810750000000084,silent_context_reentry,random_replay,CRA,random_replay,replay_ablation,MockSimulator,42,none,none,-1,0,0,internal,random,0.0,0.0,0.0,0.0,0,False,0,False,-1,1,0.1,0.2,8,8,0,raw,1,False,,,
127,1000.0,8,8,0,8,0,0,11.486916359043239,11.486916359043239,11.486916359043239,0.0,0.0,0.1619831805000917,1.0,0.0,False,0,0,0,0,0,0.0,0.0,0.0,0.0,0.0,0,0.0,0,0,disabled,disabled,True,keyed,1,1,False,raw,0,0.0,0.0,trial:-1,1,False,disabled,0,0,False,raw,0,0.0,0.0,,0,False,disabled,False,raw,0.0,0.0,,,,,,,,False,0,0,0,0,0,0,0.0,0.0,1.4016659999995795,1.7615000000006376,3.3111669999996707,silent_context_reentry,random_replay,CRA,random_replay,replay_ablation,MockSimulator,42,none,none,-1,0,0,internal,random,0.0,0.0,0.0,0.0,0,False,0,False,-1,1,0.1,0.2,8,8,0,raw,1,False,,,
128,1000.0,8,8,0,8,0,0,11.439537113698846,11.439537113698846,11.439537113698846,0.0,0.0,0.15997327579369813,1.0,0.0,False,0,0,0,0,0,0.0,0.0,0.0,0.0,0.0,0,0.0,0,0,disabled,disabled,True,keyed,1,1,False,raw,0,0.0,0.0,trial:-1,1,False,disabled,0,0,False,raw,0,0.0,0.0,,0,False,disabled,False,raw,0.0,0.0,,,,,,,,False,0,0,0,0,0,0,0.0,0.0,1.5840410000000915,1.8614589999996767,3.5985410000005658,silent_context_reentry,random_replay,CRA,random_replay,replay_ablation,MockSimulator,42,none,none,-1,0,0,internal,random,0.0,0.0,0.0,0.0,0,False,0,False,-1,1,0.1,0.2,8,8,0,raw,1,False,,,
129,1000.0,8,8,0,8,0,0,11.392393875966773,11.392393875966773,11.392393875966773,0.0,0.0,0.15797897400336025,1.0,0.0,False,0,0,0,0,0,0.0,0.0,0.0,0.0,0.0,0,0.0,0,0,disabled,disabled,True,keyed,1,1,False,raw,0,0.0,0.0,trial:-1,1,False,disabled,0,0,False,raw,0,0.0,0.0,,0,False,disabled,False,raw,0.0,0.0,,,,,,,,False,0,0,0,0,0,0,0.0,0.0,0.901958000000036,1.6493330000004747,2.699332999999804,silent_context_reentry,random_replay,CRA,random_replay,replay_ablation,MockSimulator,42,none,none,-1,0,0,internal,random,0.0,0.0,0.0,0.0,0,False,0,False,-1,1,0.1,0.2,8,8,0,raw,1,False,,,
130,1000.0,8,8,0,8,0,0,11.345485468763062,11.345485468763062,11.345485468763062,0.0,0.0,0.15600045497431841,1.0,0.0,False,0,0,0,0,0,0.0,0.0,0.0,0.0,0.0,0,0.0,0,0,disabled,disabled,True,keyed,1,1,False,raw,0,0.0,0.0,trial:-1,1,False,disabled,0,0,False,raw,0,0.0,0.0,,0,False,disabled,False,raw,0.0,0.0,,,,,,,,False,0,0,0,0,0,0,0.0,0.0,1.6965839999993904,1.7950410000002748,3.629916999999594,silent_context_reentry,random_replay,CRA,random_replay,replay_ablation,MockSimulator,42,none,none,-1,0,0,internal,random,0.0,0.0,0.0,0.0,0,False,0,False,-1,1,0.1,0.2,8,8,0,raw,1,False,,,
131,1000.0,8,8,0,8,0,0,11.29881072087449,11.29881072087449,11.29881072087449,0.0,0.0,0.15403788511683691,1.0,0.0,False,0,0,0,0,0,0.0,0.0,0.0,0.0,0.0,0,0.0,0,0,disabled,disabled,True,keyed,1,1,False,raw,0,0.0,0.0,trial:-1,1,False,disabled,0,0,False,raw,0,0.0,0.0,,0,False,disabled,False,raw,0.0,0.0,,,,,,,,False,0,0,0,0,0,0,0.0,0.0,0.8842920000002863,1.6634580000003396,2.6931670000003294,silent_context_reentry,random_replay,CRA,random_replay,replay_ablation,MockSimulator,42,none,none,-1,0,0,internal,random,0.0,0.0,0.0,0.0,0,False,0,False,-1,1,0.1,0.2,8,8,0,raw,1,False,,,
132,1000.0,8,8,0,8,0,0,11.25236846692928,11.25236846692928,11.25236846692928,0.0,0.0,0.15209141787166494,1.0,0.0,False,0,0,0,0,0,0.0,0.0,0.0,0.0,0.0,0,0.0,0,0,disabled,disabled,True,keyed,1,1,False,raw,0,0.0,0.0,trial:-1,1,False,disabled,0,0,False,raw,0,0.0,0.0,,0,False,disabled,False,raw,0.0,0.0,,,,,,,,False,0,0,0,0,0,0,0.0,0.0,0.8692500000000436,1.6792919999994993,2.6874169999997477,silent_context_reentry,random_replay,CRA,random_replay,replay_ablation,MockSimulator,42,none,none,-1,0,0,internal,random,0.0,0.0,0.0,0.0,0,False,0,False,-1,1,0.1,0.2,8,8,0,raw,1,False,,,
133,1000.0,8,8,0,8,0,0,11.20615754736797,11.20615754736797,11.20615754736797,0.0,0.0,0.1501611941622531,1.0,0.0,False,0,0,0,0,0,0.0,0.0,0.0,0.0,0.0,0,0.0,0,0,disabled,disabled,True,keyed,1,1,False,raw,0,0.0,0.0,trial:-1,1,False,disabled,0,0,False,raw,0,0.0,0.0,,0,False,disabled,False,raw,0.0,0.0,,,,,,,,False,0,0,0,0,0,0,0.0,0.0,0.8778329999996615,1.6959999999999198,2.714166999999712,silent_context_reentry,random_replay,CRA,random_replay,replay_ablation,MockSimulator,42,none,none,-1,0,0,internal,random,0.0,0.0,0.0,0.0,0,False,0,False,-1,1,0.1,0.2,8,8,0,raw,1,False,,,
134,1000.0,8,8,0,8,0,0,11.16017680841443,11.16017680841443,11.16017680841443,0.0,0.0,0.14824734283406907,1.0,0.0,False,0,0,0,0,0,0.0,0.0,0.0,0.0,0.0,0,0.0,0,0,disabled,disabled,True,keyed,1,1,False,raw,0,0.0,0.0,trial:-1,1,False,disabled,0,0,False,raw,0,0.0,0.0,,0,False,disabled,False,raw,0.0,0.0,,,,,,,,False,0,0,0,0,0,0,0.0,0.0,0.8555830000007703,1.5941249999995577,2.5892499999997654,silent_context_reentry,random_replay,CRA,random_replay,replay_ablation,MockSimulator,42,none,none,-1,0,0,internal,random,0.0,0.0,0.0,0.0,0,False,0,False,-1,1,0.1,0.2,8,8,0,raw,1,False,,,
135,1000.0,8,8,0,8,0,0,11.114425102047008,11.114425102047008,11.114425102047008,0.0,0.0,0.1463499810813475,1.0,0.0,False,0,0,0,0,0,0.0,0.0,0.0,0.0,0.0,0,0.0,0,0,disabled,disabled,True,keyed,1,1,False,raw,0,0.0,0.0,trial:-1,1,False,disabled,0,0,False,raw,0,0.0,0.0,,0,False,disabled,False,raw,0.0,0.0,,,,,,,,False,0,0,0,0,0,0,0.0,0.0,0.8527919999998801,2.1048329999997506,3.0858750000000157,silent_context_reentry,random_replay,CRA,random_replay,replay_ablation,MockSimulator,42,none,none,-1,0,0,internal,random,0.0,0.0,0.0,0.0,0,False,0,False,-1,1,0.1,0.2,8,8,0,raw,1,False,,,
136,1000.0,8,8,0,8,0,0,11.068901285969833,11.068901285969833,11.068901285969833,0.0,0.0,0.14446921486160116,1.0,0.0,False,0,0,0,0,0,0.0,0.0,0.0,0.0,0.0,0,0.0,0,0,disabled,disabled,True,keyed,1,1,False,raw,0,0.0,0.0,trial:-1,1,False,disabled,0,0,False,raw,0,0.0,0.0,,0,False,disabled,False,raw,0.0,0.0,,,,,,,,False,0,0,0,0,0,0,0.0,0.0,0.8489579999997332,1.578834000000029,2.5621249999998597,silent_context_reentry,random_replay,CRA,random_replay,replay_ablation,MockSimulator,42,none,none,-1,0,0,internal,random,0.0,0.0,0.0,0.0,0,False,0,False,-1,1,0.1,0.2,8,8,0,raw,1,False,,,
137,1000.0,8,8,0,8,0,0,11.02360422358426,11.02360422358426,11.02360422358426,0.0,0.0,0.14260513929821214,1.0,0.0,False,0,0,0,0,0,0.0,0.0,0.0,0.0,0.0,0,0.0,0,0,disabled,disabled,True,keyed,1,1,False,raw,0,0.0,0.0,trial:-1,1,False,disabled,0,0,False,raw,0,0.0,0.0,,0,False,disabled,False,raw,0.0,0.0,,,,,,,,False,0,0,0,0,0,0,0.0,0.0,0.8244999999993397,1.5396250000003775,2.4900419999998036,silent_context_reentry,random_replay,CRA,random_replay,replay_ablation,MockSimulator,42,none,none,-1,0,0,internal,random,0.0,0.0,0.0,0.0,0,False,0,False,-1,1,0.1,0.2,8,8,0,raw,1,False,,,
138,1000.0,8,8,0,8,0,0,10.978532783960452,10.978532783960452,10.978532783960452,0.0,0.0,0.14075783907141406,1.0,0.0,False,0,0,0,0,0,0.0,0.0,0.0,0.0,0.0,0,0.0,0,0,disabled,disabled,True,keyed,1,1,False,raw,0,0.0,0.0,trial:-1,1,False,disabled,0,0,False,raw,0,0.0,0.0,,0,False,disabled,False,raw,0.0,0.0,,,,,,,,False,0,0,0,0,0,0,0.0,0.0,0.8273330000001522,1.553125000000044,2.5072919999997723,silent_context_reentry,random_replay,CRA,random_replay,replay_ablation,MockSimulator,42,none,none,-1,0,0,internal,random,0.0,0.0,0.0,0.0,0,False,0,False,-1,1,0.1,0.2,8,8,0,raw,1,False,,,
139,1000.0,8,8,0,8,0,0,10.93368584180911,10.93368584180911,10.93368584180911,0.0,0.0,0.1389273887979686,1.0,0.0,False,0,0,0,0,0,0.0,0.0,0.0,0.0,0.0,0,0.0,0,0,disabled,disabled,True,keyed,1,1,False,raw,0,0.0,0.0,trial:-1,1,False,disabled,0,0,False,raw,0,0.0,0.0,,0,False,disabled,False,raw,0.0,0.0,,,,,,,,False,0,0,0,0,0,0,0.0,0.0,0.8190419999998255,1.5558750000002064,2.504375000000003,silent_context_reentry,random_replay,CRA,random_replay,replay_ablation,MockSimulator,42,none,none,-1,0,0,internal,random,0.0,0.0,0.0,0.0,0,False,0,False,-1,1,0.1,0.2,8,8,0,raw,1,False,,,
140,1000.0,8,8,0,8,0,0,10.889062277453336,10.889062277453336,10.889062277453336,0.0,0.0,0.1371138533998324,1.0,0.0,False,0,0,0,0,0,0.0,0.0,0.0,0.0,0.0,0,0.0,0,0,disabled,disabled,True,keyed,1,1,False,raw,0,0.0,0.0,trial:-1,1,False,disabled,0,0,False,raw,0,0.0,0.0,,0,False,disabled,False,raw,0.0,0.0,,,,,,,,False,0,0,0,0,0,0,0.0,0.0,0.8202500000002999,1.5660830000001624,2.516875000000418,silent_context_reentry,random_replay,CRA,random_replay,replay_ablation,MockSimulator,42,none,none,-1,0,0,internal,random,0.0,0.0,0.0,0.0,0,False,0,False,-1,1,0.1,0.2,8,8,0,raw,1,False,,,
141,1000.0,8,8,0,8,0,0,10.844660976800643,10.844660976800643,10.844660976800643,0.0,0.0,0.13531728846210245,1.0,0.0,False,0,0,0,0,0,0.0,0.0,0.0,0.0,0.0,0,0.0,0,0,disabled,disabled,True,keyed,1,1,False,raw,0,0.0,0.0,trial:-1,1,False,disabled,0,0,False,raw,0,0.0,0.0,,0,False,disabled,False,raw,0.0,0.0,,,,,,,,False,0,0,0,0,0,0,0.0,0.0,1.0072079999998707,2.038833000000295,3.1879169999999846,silent_context_reentry,random_replay,CRA,random_replay,replay_ablation,MockSimulator,42,none,none,-1,0,0,internal,random,0.0,0.0,0.0,0.0,0,False,0,False,-1,1,0.1,0.2,8,8,0,raw,1,False,,,
142,1000.0,8,8,0,8,0,0,10.800480831315108,10.800480831315108,10.800480831315108,0.0,0.0,0.13353774058052176,1.0,0.0,False,0,0,0,0,0,0.0,0.0,0.0,0.0,0.0,0,0.0,0,0,disabled,disabled,True,keyed,1,1,False,raw,0,0.0,0.0,trial:-1,1,False,disabled,0,0,False,raw,0,0.0,0.0,,0,False,disabled,False,raw,0.0,0.0,,,,,,,,False,0,0,0,0,0,0,0.0,0.0,0.9487090000002141,1.7206249999999201,2.824375000000323,silent_context_reentry,random_replay,CRA,random_replay,replay_ablation,MockSimulator,42,none,none,-1,0,0,internal,random,0.0,0.0,0.0,0.0,0,False,0,False,-1,1,0.1,0.2,8,8,0,raw,1,False,,,
143,1000.0,8,8,0,8,0,0,10.756520737989648,10.756520737989648,10.756520737989648,0.0,0.0,0.13177524769881946,1.0,0.0,False,0,0,0,0,0,0.0,0.0,0.0,0.0,0.0,0,0.0,0,0,disabled,disabled,True,keyed,1,1,False,raw,0,0.0,0.0,trial:-1,1,False,disabled,0,0,False,raw,0,0.0,0.0,,0,False,disabled,False,raw,0.0,0.0,,,,,,,,False,0,0,0,0,0,0,0.0,0.0,0.8179170000000013,1.609540999999659,2.5568329999998696,silent_context_reentry,random_replay,CRA,random_replay,replay_ablation,MockSimulator,42,none,none,-1,0,0,internal,random,0.0,0.0,0.0,0.0,0,False,0,False,-1,1,0.1,0.2,8,8,0,raw,1,False,1,1,ctx:A
144,1000.0,8,8,0,8,0,0,10.712779599318454,10.712779599318454,10.712779599318454,-0.09143256379350505,-0.0,0.13002983943615307,1.0,-0.09143256379350505,False,0,0,0,0,0,0.0,0.0,0.0,0.0,0.0,0,0.0,0,0,disabled,disabled,True,keyed,-1,2,False,raw,0,-0.0055000000000000005,-0.0055000000000000005,ctx:B,2,False,disabled,0,0,False,raw,0,-0.0055000000000000005,-0.0055000000000000005,,0,False,disabled,False,raw,-0.0055000000000000005,-0.0055000000000000005,,,,,,,,False,0,0,0,0,0,0,0.0,0.0,0.8226249999996327,1.6112919999997644,2.564375000000396,silent_context_reentry,random_replay,CRA,random_replay,replay_ablation,MockSimulator,42,context,context_B_intruder,4,-1,0,internal,random,-0.0055000000000000005,-0.0055000000000000005,0.0,0.0,0,False,-1,False,-1,1,0.1,0.2,8,8,0,raw,2,False,,,
145,1000.0,8,8,0,8,0,0,10.669256323269549,10.669256323269549,10.669256323269549,0.0,0.0,0.1283015374049138,1.0,0.0,False,0,0,0,0,0,0.0,0.0,0.0,0.0,0.0,0,0.0,0,0,disabled,disabled,True,keyed,-1,2,False,raw,0,0.0,0.0,trial:-1,2,False,disabled,0,0,False,raw,0,0.0,0.0,,0,False,disabled,False,raw,0.0,0.0,,,,,,,,False,0,0,0,0,0,0,0.0,0.0,0.8336250000002821,1.651500000000361,2.6146249999996485,silent_context_reentry,random_replay,CRA,random_replay,replay_ablation,MockSimulator,42,none,none,-1,0,0,internal,random,0.0,0.0,0.0,0.0,0,False,0,False,-1,1,0.1,0.2,8,8,0,raw,2,False,,,
146,1000.0,8,8,0,8,0,0,10.625949823257487,10.625949823257487,10.625949823257487,0.0,0.0,0.12659035551914963,1.0,0.0,False,0,0,0,0,0,0.0,0.0,0.0,0.0,0.0,0,0.0,0,0,disabled,disabled,True,keyed,-1,2,False,raw,0,0.0,0.0,trial:-1,2,False,disabled,0,0,False,raw,0,0.0,0.0,,0,False,disabled,False,raw,0.0,0.0,,,,,,,,False,0,0,0,0,0,0,0.0,0.0,0.8379160000000496,1.6074589999997002,2.571332999999676,silent_context_reentry,random_replay,CRA,random_replay,replay_ablation,MockSimulator,42,none,none,-1,0,0,internal,random,0.0,0.0,0.0,0.0,0,False,0,False,-1,1,0.1,0.2,8,8,0,raw,2,False,,,
147,1000.0,8,8,0,8,0,0,10.582859018116192,10.582859018116192,10.582859018116192,-0.05828119301347241,-0.0,0.12489630029385407,1.0,-0.05828119301347241,False,0,0,0,0,0,0.0,0.0,0.0,0.0,0.0,0,0.0,0,0,disabled,disabled,True,keyed,-1,2,False,raw,0,-0.0034999999999999996,-0.0034999999999999996,trial:6,2,False,disabled,0,0,False,raw,0,-0.0034999999999999996,-0.0034999999999999996,,0,False,disabled,False,raw,-0.0034999999999999996,-0.0034999999999999996,,,,,,,,False,0,0,0,0,0,0,0.0,0.0,0.8554160000002753,2.2173340000000152,3.1986250000004546,silent_context_reentry,random_replay,CRA,random_replay,replay_ablation,MockSimulator,42,distractor,replay_need_distractor,6,0,0,internal,random,-0.0034999999999999996,-0.0034999999999999996,0.0,0.0,0,False,-1,False,-1,1,0.1,0.2,8,8,0,raw,2,False,,,
148,1000.0,8,8,0,8,0,0,10.53998283207192,10.53998283207192,10.53998283207192,0.0,0.0,0.12321937113536266,1.0,0.0,False,0,0,0,0,0,0.0,0.0,0.0,0.0,0.0,0,0.0,0,0,disabled,disabled,True,keyed,-1,2,False,raw,0,0.0,0.0,trial:-1,2,False,disabled,0,0,False,raw,0,0.0,0.0,,0,False,disabled,False,raw,0.0,0.0,,,,,,,,False,0,0,0,0,0,0,0.0,0.0,0.9496250000005091,2.205916999999502,3.310250000000181,silent_context_reentry,random_replay,CRA,random_replay,replay_ablation,MockSimulator,42,none,none,-1,0,0,internal,random,0.0,0.0,0.0,0.0,0,False,0,False,-1,1,0.1,0.2,8,8,0,raw,2,False,,,
149,1000.0,8,8,0,8,0,0,10.497320194716378,10.497320194716378,10.497320194716378,-0.05828119301347242,-0.0,0.12155956062309337,1.0,-0.05828119301347242,False,0,0,0,0,0,0.0,0.0,0.0,0.0,0.0,0,0.0,0,0,disabled,disabled,True,keyed,-1,2,False,raw,0,-0.0034999999999999996,-0.0034999999999999996,trial:6,2,False,disabled,0,0,False,raw,0,-0.0034999999999999996,-0.0034999999999999996,,0,False,disabled,False,raw,-0.0034999999999999996,-0.0034999999999999996,,,,,,,,False,0,0,0,0,0,0,0.0,0.0,0.8330839999999284,1.6775410000002822,2.641999999999811,silent_context_reentry,random_replay,CRA,random_replay,replay_ablation,MockSimulator,42,distractor,replay_need_distractor,6,0,0,internal,random,-0.0034999999999999996,-0.0034999999999999996,0.0,0.0,0,False,-1,False,-1,1,0.1,0.2,8,8,0,raw,2,False,,,
150,1000.0,8,8,0,8,0,0,10.454870040979952,10.454870040979952,10.454870040979952,-0.05828119301347242,-0.0,0.1199168547828607,1.0,-0.05828119301347242,False,0,0,0,0,0,0.0,0.0,0.0,0.0,0.0,0,0.0,0,0,disabled,disabled,True,keyed,-1,2,False,raw,0,-0.0034999999999999996,-0.0034999999999999996,trial:6,2,False,disabled,0,0,False,raw,0,-0.0034999999999999996,-0.0034999999999999996,,0,False,disabled,False,raw,-0.0034999999999999996,-0.0034999999999999996,,,,,,,,False,0,0,0,0,0,0,0.0,0.0,0.8347089999993784,1.6630410000004758,2.625457999999803,silent_context_reentry,random_replay,CRA,random_replay,replay_ablation,MockSimulator,42,distractor,replay_need_distractor,6,0,0,internal,random,-0.0034999999999999996,-0.0034999999999999996,0.0,0.0,0,False,-1,False,-1,1,0.1,0.2,8,8,0,raw,2,False,,,
151,1000.0,8,8,0,8,0,0,10.412631311105086,10.412631311105086,10.412631311105086,0.0,0.0,0.1182912333519881,1.0,0.0,False,0,0,0,0,0,0.0,0.0,0.0,0.0,0.0,0,0.0,0,0,disabled,disabled,True,keyed,-1,2,False,raw,0,0.0,0.0,trial:-1,2,False,disabled,0,0,False,raw,0,0.0,0.0,,0,False,disabled,False,raw,0.0,0.0,,,,,,,,False,0,0,0,0,0,0,0.0,0.0,0.825124999999538,1.6840829999997808,2.637875000000456,silent_context_reentry,random_replay,CRA,random_replay,replay_ablation,MockSimulator,42,none,none,-1,0,0,internal,random,0.0,0.0,0.0,0.0,0,False,0,False,-1,1,0.1,0.2,8,8,0,raw,2,False,,,
152,1000.0,8,8,0,8,0,0,10.370602950619785,10.370602950619785,10.370602950619785,0.0,0.0,0.11668267003643727,1.0,0.0,False,0,0,0,0,0,0.0,0.0,0.0,0.0,0.0,0,0.0,0,0,disabled,disabled,True,keyed,-1,2,False,raw,0,0.0,0.0,trial:-1,2,False,disabled,0,0,False,raw,0,0.0,0.0,,0,False,disabled,False,raw,0.0,0.0,,,,,,,,False,0,0,0,0,0,0,0.0,0.0,0.8277080000000936,2.084707999999935,3.040458000000079,silent_context_reentry,random_replay,CRA,random_replay,replay_ablation,MockSimulator,42,none,none,-1,0,0,internal,random,0.0,0.0,0.0,0.0,0,False,0,False,-1,1,0.1,0.2,8,8,0,raw,2,False,,,
153,1000.0,8,8,0,8,0,0,10.328783910311257,10.328783910311257,10.328783910311257,0.0,0.0,0.11509113276016768,1.0,0.0,False,0,0,0,0,0,0.0,0.0,0.0,0.0,0.0,0,0.0,0,0,disabled,disabled,True,keyed,-1,2,False,raw,0,0.0,0.0,trial:-1,2,False,disabled,0,0,False,raw,0,0.0,0.0,,0,False,disabled,False,raw,0.0,0.0,,,,,,,,False,0,0,0,0,0,0,0.0,0.0,0.8614590000002309,1.756416000000094,2.7588749999996054,silent_context_reentry,random_replay,CRA,random_replay,replay_ablation,MockSimulator,42,none,none,-1,0,0,internal,random,0.0,0.0,0.0,0.0,0,False,0,False,-1,1,0.1,0.2,8,8,0,raw,2,False,,,
154,1000.0,8,8,0,8,0,0,10.28717314619968,10.28717314619968,10.28717314619968,0.0,0.0,0.11351658390693428,1.0,0.0,False,0,0,0,0,0,0.0,0.0,0.0,0.0,0.0,0,0.0,0,0,disabled,disabled,True,keyed,-1,2,False,raw,0,0.0,0.0,trial:-1,2,False,disabled,0,0,False,raw,0,0.0,0.0,,0,False,disabled,False,raw,0.0,0.0,,,,,,,,False,0,0,0,0,0,0,0.0,0.0,0.8209580000002603,1.6800420000002703,2.6289159999999256,silent_context_reentry,random_replay,CRA,random_replay,replay_ablation,MockSimulator,42,none,none,-1,0,0,internal,random,0.0,0.0,0.0,0.0,0,False,0,False,-1,1,0.1,0.2,8,8,0,raw,2,False,,,
155,1000.0,8,8,0,8,0,0,10.2457696195121,10.2457696195121,10.2457696195121,0.0,0.0,0.11195898055472617,1.0,0.0,False,0,0,0,0,0,0.0,0.0,0.0,0.0,0.0,0,0.0,0,0,disabled,disabled,True,keyed,-1,2,False,raw,0,0.0,0.0,trial:-1,2,False,disabled,0,0,False,raw,0,0.0,0.0,,0,False,disabled,False,raw,0.0,0.0,,,,,,,,False,0,0,0,0,0,0,0.0,0.0,0.8222920000005018,1.687915999999845,2.6385420000005766,silent_context_reentry,random_replay,CRA,random_replay,replay_ablation,MockSimulator,42,none,none,-1,0,0,internal,random,0.0,0.0,0.0,0.0,0,False,0,False,-1,1,0.1,0.2,8,8,0,raw,2,False,,,
156,1000.0,8,8,0,8,0,0,10.204572296656469,10.204572296656469,10.204572296656469,0.0,0.0,0.11041827470304359,1.0,0.0,False,0,0,0,0,0,0.0,0.0,0.0,0.0,0.0,0,0.0,0,0,disabled,disabled,True,keyed,-1,2,False,raw,0,0.0,0.0,trial:-1,2,False,disabled,0,0,False,raw,0,0.0,0.0,,0,False,disabled,False,raw,0.0,0.0,,,,,,,,False,0,0,0,0,0,0,0.0,0.0,0.8218750000006381,1.6883749999996311,2.6364170000006126,silent_context_reentry,random_replay,CRA,random_replay,replay_ablation,MockSimulator,42,none,none,-1,0,0,internal,random,0.0,0.0,0.0,0.0,0,False,0,False,-1,1,0.1,0.2,8,8,0,raw,2,False,,,
157,1000.0,8,8,0,8,0,0,10.163580149195795,10.163580149195795,10.163580149195795,0.05828119301347242,0.0,0.10889441349320643,1.0,0.05828119301347242,False,0,0,0,0,0,0.0,0.0,0.0,0.0,0.0,0,0.0,0,0,disabled,disabled,True,keyed,-1,2,False,raw,0,0.0034999999999999996,0.0034999999999999996,trial:6,2,False,disabled,0,0,False,raw,0,0.0034999999999999996,0.0034999999999999996,,0,False,disabled,False,raw,0.0034999999999999996,0.0034999999999999996,,,,,,,,False,0,0,0,0,0,0,0.0,0.0,0.8729579999995352,1.7902080000000709,2.794583000000017,silent_context_reentry,random_replay,CRA,random_replay,replay_ablation,MockSimulator,42,distractor,replay_need_distractor,6,0,0,internal,random,0.0034999999999999996,0.0034999999999999996,0.0,0.0,0,False,1,False,-1,1,0.1,0.2,8,8,0,raw,2,False,,,
158,1000.0,8,8,0,8,0,0,10.122792153822441,10.122792153822441,10.122792153822441,-0.05828119301347242,-0.0,0.10738733942188154,1.0,-0.05828119301347242,False,0,0,0,0,0,0.0,0.0,0.0,0.0,0.0,0,0.0,0,0,disabled,disabled,True,keyed,-1,2,False,raw,0,-0.0034999999999999996,-0.0034999999999999996,trial:6,2,False,disabled,0,0,False,raw,0,-0.0034999999999999996,-0.0034999999999999996,,0,False,disabled,False,raw,-0.0034999999999999996,-0.0034999999999999996,,,,,,,,False,0,0,0,0,0,0,0.0,0.0,0.8301670000001593,2.2631249999998104,3.2242500000005947,silent_context_reentry,random_replay,CRA,random_replay,replay_ablation,MockSimulator,42,distractor,replay_need_distractor,6,0,0,internal,random,-0.0034999999999999996,-0.0034999999999999996,0.0,0.0,0,False,-1,False,-1,1,0.1,0.2,8,8,0,raw,2,False,,,
159,1000.0,8,8,0,8,0,0,10.08220729233254,10.08220729233254,10.08220729233254,0.0,0.0,0.10589699054801237,1.0,0.0,False,0,0,0,0,0,0.0,0.0,0.0,0.0,0.0,0,0.0,0,0,disabled,disabled,True,keyed,-1,2,False,raw,0,0.0,0.0,trial:-1,2,False,disabled,0,0,False,raw,0,0.0,0.0,,0,False,disabled,False,raw,0.0,0.0,,,,,,,,False,0,0,0,0,0,0,0.0,0.0,0.8446250000000433,1.7969589999999869,2.7784579999998726,silent_context_reentry,random_replay,CRA,random_replay,replay_ablation,MockSimulator,42,none,none,-1,0,0,internal,random,0.0,0.0,0.0,0.0,0,False,0,False,-1,1,0.1,0.2,8,8,0,raw,2,False,,,
160,1000.0,8,8,0,8,0,0,10.041824551600532,10.041824551600532,10.041824551600532,-0.05828119301347242,-0.0,0.10442330069332921,1.0,-0.05828119301347242,False,0,0,0,0,0,0.0,0.0,0.0,0.0,0.0,0,0.0,0,0,disabled,disabled,True,keyed,-1,2,False,raw,0,-0.0034999999999999996,-0.0034999999999999996,trial:6,2,False,disabled,0,0,False,raw,0,-0.0034999999999999996,-0.0034999999999999996,,0,False,disabled,False,raw,-0.0034999999999999996,-0.0034999999999999996,,,,,,,,False,0,0,0,0,0,0,0.0,0.0,0.8332080000004183,1.7393339999998148,2.699416000000454,silent_context_reentry,random_replay,CRA,random_replay,replay_ablation,MockSimulator,42,distractor,replay_need_distractor,6,0,0,internal,random,-0.0034999999999999996,-0.0034999999999999996,0.0,0.0,0,False,-1,False,-1,1,0.1,0.2,8,8,0,raw,2,False,,,
161,1000.0,8,8,0,8,0,0,10.001642923553842,10.001642923553842,10.001642923553842,-0.05828119301347242,-0.0,0.10296619963661417,1.0,-0.05828119301347242,False,0,0,0,0,0,0.0,0.0,0.0,0.0,0.0,0,0.0,0,0,disabled,disabled,True,keyed,-1,2,False,raw,0,-0.0034999999999999996,-0.0034999999999999996,trial:6,2,False,disabled,0,0,False,raw,0,-0.0034999999999999996,-0.0034999999999999996,,0,False,disabled,False,raw,-0.0034999999999999996,-0.0034999999999999996,,,,,,,,False,0,0,0,0,0,0,0.0,0.0,0.84479199999965,1.7762499999998127,2.749584000000027,silent_context_reentry,random_replay,CRA,random_replay,replay_ablation,MockSimulator,42,distractor,replay_need_distractor,6,0,0,internal,random,-0.0034999999999999996,-0.0034999999999999996,0.0,0.0,0,False,-1,False,-1,1,0.1,0.2,8,8,0,raw,2,False,,,
162,1000.0,8,8,0,8,0,0,9.961661405147682,9.961661405147682,9.961661405147682,0.0,0.0,0.1015256133018904,1.0,0.0,False,0,0,0,0,0,0.0,0.0,0.0,0.0,0.0,0,0.0,0,0,disabled,disabled,True,keyed,-1,2,False,raw,0,0.0,0.0,trial:-1,2,False,disabled,0,0,False,raw,0,0.0,0.0,,0,False,disabled,False,raw,0.0,0.0,,,,,,,,False,0,0,0,0,0,0,0.0,0.0,0.8333330000001027,1.7692499999997224,2.7340420000001586,silent_context_reentry,random_replay,CRA,random_replay,replay_ablation,MockSimulator,42,none,none,-1,0,0,internal,random,0.0,0.0,0.0,0.0,0,False,0,False,-1,1,0.1,0.2,8,8,0,raw,2,False,,,
163,1000.0,8,8,0,8,0,0,9.921878998339967,9.921878998339967,9.921878998339967,-0.05828119301347242,-0.0,0.10010146394070094,1.0,-0.05828119301347242,False,0,0,0,0,0,0.0,0.0,0.0,0.0,0.0,0,0.0,0,0,disabled,disabled,True,keyed,-1,2,False,raw,0,-0.0034999999999999996,-0.0034999999999999996,trial:6,2,False,disabled,0,0,False,raw,0,-0.0034999999999999996,-0.0034999999999999996,,0,False,disabled,False,raw,-0.0034999999999999996,-0.0034999999999999996,,,,,,,,False,0,0,0,0,0,0,0.0,0.0,0.8804169999994116,1.7639580000006205,2.7726660000002568,silent_context_reentry,random_replay,CRA,random_replay,replay_ablation,MockSimulator,42,distractor,replay_need_distractor,6,0,0,internal,random,-0.0034999999999999996,-0.0034999999999999996,0.0,0.0,0,False,-1,False,-1,1,0.1,0.2,8,8,0,raw,2,False,,,
164,1000.0,8,8,0,8,0,0,9.882294710066368,9.882294710066368,9.882294710066368,0.0,0.0,0.09869367030863829,1.0,0.0,False,0,0,0,0,0,0.0,0.0,0.0,0.0,0.0,0,0.0,0,0,disabled,disabled,True,keyed,-1,2,False,raw,0,0.0,0.0,trial:-1,2,False,disabled,0,0,False,raw,0,0.0,0.0,,0,False,disabled,False,raw,0.0,0.0,,,,,,,,False,0,0,0,0,0,0,0.0,0.0,0.8733750000002871,1.997540999999714,2.9994579999996773,silent_context_reentry,random_replay,CRA,random_replay,replay_ablation,MockSimulator,42,none,none,-1,0,0,internal,random,0.0,0.0,0.0,0.0,0,False,0,False,-1,1,0.1,0.2,8,8,0,raw,2,False,,,
165,1000.0,8,8,0,8,0,0,9.842907552215488,9.842907552215488,9.842907552215488,0.0,0.0,0.09730214783628188,1.0,0.0,False,0,0,0,0,0,0.0,0.0,0.0,0.0,0.0,0,0.0,0,0,disabled,disabled,True,keyed,-1,2,False,raw,0,0.0,0.0,trial:-1,2,False,disabled,0,0,False,raw,0,0.0,0.0,,0,False,disabled,False,raw,0.0,0.0,,,,,,,,False,0,0,0,0,0,0,0.0,0.0,0.8666250000004538,1.8455829999997064,2.844375000000454,silent_context_reentry,random_replay,CRA,random_replay,replay_ablation,MockSimulator,42,none,none,-1,0,0,internal,random,0.0,0.0,0.0,0.0,0,False,0,False,-1,1,0.1,0.2,8,8,0,raw,2,False,,,
166,1000.0,8,8,0,8,0,0,9.803716541604151,9.803716541604151,9.803716541604151,0.0,0.0,0.09592680879469627,1.0,0.0,False,0,0,0,0,0,0.0,0.0,0.0,0.0,0.0,0,0.0,0,0,disabled,disabled,True,keyed,-1,2,False,raw,0,0.0,0.0,trial:-1,2,False,disabled,0,0,False,raw,0,0.0,0.0,,0,False,disabled,False,raw,0.0,0.0,,,,,,,,False,0,0,0,0,0,0,0.0,0.0,0.829624999999723,1.789207999999931,2.7485000000000426,silent_context_reentry,random_replay,CRA,random_replay,replay_ablation,MockSimulator,42,none,none,-1,0,0,internal,random,0.0,0.0,0.0,0.0,0,False,0,False,-1,1,0.1,0.2,8,8,0,raw,2,False,,,
167,1000.0,8,8,0,8,0,0,9.76472069995283,9.76472069995283,9.76472069995283,0.0,0.0,0.09456756245563958,1.0,0.0,False,0,0,0,0,0,0.0,0.0,0.0,0.0,0.0,0,0.0,0,0,disabled,disabled,True,keyed,-1,2,False,raw,0,0.0,0.0,trial:-1,2,False,disabled,0,0,False,raw,0,0.0,0.0,,0,False,disabled,False,raw,0.0,0.0,,,,,,,,False,0,0,0,0,0,0,0.0,0.0,0.8204580000006345,1.8195839999997077,2.767541999999956,silent_context_reentry,random_replay,CRA,random_replay,replay_ablation,MockSimulator,42,none,none,-1,0,0,internal,random,0.0,0.0,0.0,0.0,0,False,0,False,-1,1,0.1,0.2,8,8,0,raw,2,False,2,2,ctx:A;ctx:B
168,1000.0,8,8,0,8,0,0,9.725919053861185,9.725919053861185,9.725919053861185,-0.16517927276580588,0.9291032166272707,0.09322431524662725,1.0,-0.16517927276580588,True,0,0,0,0,0,0.0,0.0,0.0,0.0,0.0,0,0.0,0,0,disabled,disabled,True,keyed,-1,2,True,internal_keyed_context,1,0.01,-0.01,ctx:B,2,False,disabled,0,0,False,raw,0,-0.01,-0.01,,0,False,disabled,False,raw,-0.01,-0.01,,,,,,,,False,0,0,0,0,0,0,0.0,0.0,0.8260839999998382,1.8541250000003728,2.8118340000000686,silent_context_reentry,random_replay,CRA,random_replay,replay_ablation,MockSimulator,42,decision,decision_B_intruder,4,-1,1,internal,random,0.01,-0.01,-0.01,-0.01,-1,True,-1,True,168,1,0.1,0.2,8,8,1,internal_keyed_context,2,True,,,
169,1000.0,8,8,0,8,0,0,9.687310634783735,9.687310634783735,9.687310634783735,0.0,0.0,0.09229697090099316,1.0,0.0,False,0,0,0,0,0,0.0,0.0,0.0,0.0,0.0,0,0.0,0,0,disabled,disabled,True,keyed,-1,2,False,raw,0,0.0,0.0,trial:-1,2,False,disabled,0,0,False,raw,0,0.0,0.0,,0,False,disabled,False,raw,0.0,0.0,,,,,,,,False,0,0,0,0,0,0,0.0,0.0,0.8334169999999474,2.0826249999998936,3.0436250000001053,silent_context_reentry,random_replay,CRA,random_replay,replay_ablation,MockSimulator,42,none,none,-1,0,0,internal,random,0.0,0.0,0.0,0.0,0,False,0,False,-1,1,0.1,0.2,8,8,0,raw,2,False,,,
170,1000.0,8,8,0,8,0,0,9.648894479005632,9.648894479005632,9.648894479005632,0.0,0.0,0.0913694306030858,1.0,0.0,False,0,0,0,0,0,0.0,0.0,0.0,0.0,0.0,0,0.0,0,0,disabled,disabled,True,keyed,-1,2,False,raw,0,0.0,0.0,trial:-1,2,False,disabled,0,0,False,raw,0,0.0,0.0,,0,False,disabled,False,raw,0.0,0.0,,,,,,,,False,0,0,0,0,0,0,0.0,0.0,0.8797080000002566,1.917583999999195,2.942916000000295,silent_context_reentry,random_replay,CRA,random_replay,replay_ablation,MockSimulator,42,none,none,-1,0,0,internal,random,0.0,0.0,0.0,0.0,0,False,0,False,-1,1,0.1,0.2,8,8,0,raw,2,False,,,
171,1000.0,8,8,0,8,0,0,9.610669627618583,9.610669627618583,9.610669627618583,0.06793972946318083,0.0,0.09044207312873434,1.0,0.06793972946318083,False,0,0,0,0,0,0.0,0.0,0.0,0.0,0.0,0,0.0,0,0,disabled,disabled,True,keyed,-1,2,False,raw,0,0.0034999999999999996,0.0034999999999999996,trial:6,2,False,disabled,0,0,False,raw,0,0.0034999999999999996,0.0034999999999999996,,0,False,disabled,False,raw,0.0034999999999999996,0.0034999999999999996,,,,,,,,False,0,0,0,0,0,0,0.0,0.0,0.8345419999997716,1.8491670000004845,2.815957999999341,silent_context_reentry,random_replay,CRA,random_replay,replay_ablation,MockSimulator,42,distractor,replay_need_distractor,6,0,0,internal,random,0.0034999999999999996,0.0034999999999999996,0.0,0.0,0,False,1,False,-1,1,0.1,0.2,8,8,0,raw,2,False,,,
172,1000.0,8,8,0,8,0,0,9.572635126496865,9.572635126496865,9.572635126496865,0.0,0.0,0.08951526218111569,1.0,0.0,False,0,0,0,0,0,0.0,0.0,0.0,0.0,0.0,0,0.0,0,0,disabled,disabled,True,keyed,-1,2,False,raw,0,0.0,0.0,trial:-1,2,False,disabled,0,0,False,raw,0,0.0,0.0,,0,False,disabled,False,raw,0.0,0.0,,,,,,,,False,0,0,0,0,0,0,0.0,0.0,0.8224169999992981,1.8210000000005166,2.771082999999841,silent_context_reentry,random_replay,CRA,random_replay,replay_ablation,MockSimulator,42,none,none,-1,0,0,internal,random,0.0,0.0,0.0,0.0,0,False,0,False,-1,1,0.1,0.2,8,8,0,raw,2,False,,,
173,1000.0,8,8,0,8,0,0,9.534790026273479,9.534790026273479,9.534790026273479,0.06793972946318083,0.0,0.08858934684215031,1.0,0.06793972946318083,False,0,0,0,0,0,0.0,0.0,0.0,0.0,0.0,0,0.0,0,0,disabled,disabled,True,keyed,-1,2,False,raw,0,0.0034999999999999996,0.0034999999999999996,trial:6,2,False,disabled,0,0,False,raw,0,0.0034999999999999996,0.0034999999999999996,,0,False,disabled,False,raw,0.0034999999999999996,0.0034999999999999996,,,,,,,,False,0,0,0,0,0,0,0.0,0.0,0.8347500000001062,1.8468750000000256,2.8085000000004356,silent_context_reentry,random_replay,CRA,random_replay,replay_ablation,MockSimulator,42,distractor,replay_need_distractor,6,0,0,internal,random,0.0034999999999999996,0.0034999999999999996,0.0,0.0,0,False,1,False,-1,1,0.1,0.2,8,8,0,raw,2,False,,,
174,1000.0,8,8,0,8,0,0,9.497133382316413,9.497133382316413,9.497133382316413,0.0,0.0,0.08766466201187109,1.0,0.0,False,0,0,0,0,0,0.0,0.0,0.0,0.0,0.0,0,0.0,0,0,disabled,disabled,True,keyed,-1,2,False,raw,0,0.0,0.0,trial:-1,2,False,disabled,0,0,False,raw,0,0.0,0.0,,0,False,disabled,False,raw,0.0,0.0,,,,,,,,False,0,0,0,0,0,0,0.0,0.0,0.8218749999997499,1.837708000000049,2.7861250000000837,silent_context_reentry,random_replay,CRA,random_replay,replay_ablation,MockSimulator,42,none,none,-1,0,0,internal,random,0.0,0.0,0.0,0.0,0,False,0,False,-1,1,0.1,0.2,8,8,0,raw,2,False,,,
175,1000.0,8,8,0,8,0,0,9.459664254705027,9.459664254705027,9.459664254705027,0.06793972946318085,0.0,0.08674152883606617,1.0,0.06793972946318085,False,0,0,0,0,0,0.0,0.0,0.0,0.0,0.0,0,0.0,0,0,disabled,disabled,True,keyed,-1,2,False,raw,0,0.0034999999999999996,0.0034999999999999996,trial:6,2,False,disabled,0,0,False,raw,0,0.0034999999999999996,0.0034999999999999996,,0,False,disabled,False,raw,0.0034999999999999996,0.0034999999999999996,,,,,,,,False,0,0,0,0,0,0,0.0,0.0,0.8535409999996801,2.546666999999836,3.526166999999525,silent_context_reentry,random_replay,CRA,random_replay,replay_ablation,MockSimulator,42,distractor,replay_need_distractor,6,0,0,internal,random,0.0034999999999999996,0.0034999999999999996,0.0,0.0,0,False,1,False,-1,1,0.1,0.2,8,8,0,raw,2,False,,,
176,1000.0,8,8,0,8,0,0,9.42238170820655,9.42238170820655,9.42238170820655,-0.06793972946318083,-0.0,0.0858202551224887,1.0,-0.06793972946318083,False,0,0,0,0,0,0.0,0.0,0.0,0.0,0.0,0,0.0,0,0,disabled,disabled,True,keyed,-1,2,False,raw,0,-0.0034999999999999996,-0.0034999999999999996,trial:6,2,False,disabled,0,0,False,raw,0,-0.0034999999999999996,-0.0034999999999999996,,0,False,disabled,False,raw,-0.0034999999999999996,-0.0034999999999999996,,,,,,,,False,0,0,0,0,0,0,0.0,0.0,0.9698750000000089,2.209875000000139,3.331874999999762,silent_context_reentry,random_replay,CRA,random_replay,replay_ablation,MockSimulator,42,distractor,replay_need_distractor,6,0,0,internal,random,-0.0034999999999999996,-0.0034999999999999996,0.0,0.0,0,False,-1,False,-1,1,0.1,0.2,8,8,0,raw,2,False,,,
177,1000.0,8,8,0,8,0,0,9.385284812252712,9.385284812252712,9.385284812252712,0.0,0.0,0.0849011357459199,1.0,0.0,False,0,0,0,0,0,0.0,0.0,0.0,0.0,0.0,0,0.0,0,0,disabled,disabled,True,keyed,-1,2,False,raw,0,0.0,0.0,trial:-1,2,False,disabled,0,0,False,raw,0,0.0,0.0,,0,False,disabled,False,raw,0.0,0.0,,,,,,,,False,0,0,0,0,0,0,0.0,0.0,0.9151659999995232,1.9571250000005591,3.014750000000177,silent_context_reentry,random_replay,CRA,random_replay,replay_ablation,MockSimulator,42,none,none,-1,0,0,internal,random,0.0,0.0,0.0,0.0,0,False,0,False,-1,1,0.1,0.2,8,8,0,raw,2,False,,,
178,1000.0,8,8,0,8,0,0,9.348372640916464,9.348372640916464,9.348372640916464,0.0,0.0,0.08398445304236486,1.0,0.0,False,0,0,0,0,0,0.0,0.0,0.0,0.0,0.0,0,0.0,0,0,disabled,disabled,True,keyed,-1,2,False,raw,0,0.0,0.0,trial:-1,2,False,disabled,0,0,False,raw,0,0.0,0.0,,0,False,disabled,False,raw,0.0,0.0,,,,,,,,False,0,0,0,0,0,0,0.0,0.0,0.8273340000002349,1.8916249999998414,2.848875000000639,silent_context_reentry,random_replay,CRA,random_replay,replay_ablation,MockSimulator,42,none,none,-1,0,0,internal,random,0.0,0.0,0.0,0.0,0,False,0,False,-1,1,0.1,0.2,8,8,0,raw,2,False,,,
179,1000.0,8,8,0,8,0,0,9.31164427288884,9.31164427288884,9.31164427288884,0.0,0.0,0.08307047719265366,1.0,0.0,False,0,0,0,0,0,0.0,0.0,0.0,0.0,0.0,0,0.0,0,0,disabled,disabled,True,keyed,-1,2,False,raw,0,0.0,0.0,trial:-1,2,False,disabled,0,0,False,raw,0,0.0,0.0,,0,False,disabled,False,raw,0.0,0.0,,,,,,,,False,0,0,0,0,0,0,0.0,0.0,0.87941700000016,2.112333000000355,3.1192920000000512,silent_context_reentry,random_replay,CRA,random_replay,replay_ablation,MockSimulator,42,none,none,-1,0,0,internal,random,0.0,0.0,0.0,0.0,0,False,0,False,-1,1,0.1,0.2,8,8,0,raw,2,False,,,
180,1000.0,8,8,0,8,0,0,9.275098791455921,9.275098791455921,9.275098791455921,0.0,0.0,0.08215946659571395,1.0,0.0,False,0,0,0,0,0,0.0,0.0,0.0,0.0,0.0,0,0.0,0,0,disabled,disabled,True,keyed,-1,2,False,raw,0,0.0,0.0,trial:-1,2,False,disabled,0,0,False,raw,0,0.0,0.0,,0,False,disabled,False,raw,0.0,0.0,,,,,,,,False,0,0,0,0,0,0,0.0,0.0,1.0150830000004163,2.5294169999998672,3.6857920000006317,silent_context_reentry,random_replay,CRA,random_replay,replay_ablation,MockSimulator,42,none,none,-1,0,0,internal,random,0.0,0.0,0.0,0.0,0,False,0,False,-1,1,0.1,0.2,8,8,0,raw,2,False,,,
181,1000.0,8,8,0,8,0,0,9.238735284475919,9.238735284475919,9.238735284475919,0.0,0.0,0.08125166823177478,1.0,0.0,False,0,0,0,0,0,0.0,0.0,0.0,0.0,0.0,0,0.0,0,0,disabled,disabled,True,keyed,-1,2,False,raw,0,0.0,0.0,trial:-1,2,False,disabled,0,0,False,raw,0,0.0,0.0,,0,False,disabled,False,raw,0.0,0.0,,,,,,,,False,0,0,0,0,0,0,0.0,0.0,0.8807499999994306,2.0660420000000457,3.093290999999887,silent_context_reentry,random_replay,CRA,random_replay,replay_ablation,MockSimulator,42,none,none,-1,0,0,internal,random,0.0,0.0,0.0,0.0,0,False,0,False,-1,1,0.1,0.2,8,8,0,raw,2,False,,,
182,1000.0,8,8,0,8,0,0,9.20255284435637,9.20255284435637,9.20255284435637,0.0,0.0,0.08034731801575488,1.0,0.0,False,0,0,0,0,0,0.0,0.0,0.0,0.0,0.0,0,0.0,0,0,disabled,disabled,True,keyed,-1,2,False,raw,0,0.0,0.0,trial:-1,2,False,disabled,0,0,False,raw,0,0.0,0.0,,0,False,disabled,False,raw,0.0,0.0,,,,,,,,False,0,0,0,0,0,0,0.0,0.0,0.8259590000001538,1.9239999999998147,2.8801249999999,silent_context_reentry,random_replay,CRA,random_replay,replay_ablation,MockSimulator,42,none,none,-1,0,0,internal,random,0.0,0.0,0.0,0.0,0,False,0,False,-1,1,0.1,0.2,8,8,0,raw,2,False,,,
183,1000.0,8,8,0,8,0,0,9.166550568031447,9.166550568031447,9.166550568031447,0.06793972946318083,0.0,0.07944664114108307,1.0,0.06793972946318083,False,0,0,0,0,0,0.0,0.0,0.0,0.0,0.0,0,0.0,0,0,disabled,disabled,True,keyed,-1,2,False,raw,0,0.0034999999999999996,0.0034999999999999996,trial:6,2,False,disabled,0,0,False,raw,0,0.0034999999999999996,0.0034999999999999996,,0,False,disabled,False,raw,0.0034999999999999996,0.0034999999999999996,,,,,,,,False,0,0,0,0,0,0,0.0,0.0,0.82629100000009,1.9262089999996235,2.878833000000469,silent_context_reentry,random_replay,CRA,random_replay,replay_ablation,MockSimulator,42,distractor,replay_need_distractor,6,0,0,internal,random,0.0034999999999999996,0.0034999999999999996,0.0,0.0,0,False,1,False,-1,1,0.1,0.2,8,8,0,raw,2,False,,,
184,1000.0,8,8,0,8,0,0,9.13072755693938,9.13072755693938,9.13072755693938,0.0,0.0,0.07854985241419184,1.0,0.0,False,0,0,0,0,0,0.0,0.0,0.0,0.0,0.0,0,0.0,0,0,disabled,disabled,True,keyed,-1,2,False,raw,0,0.0,0.0,trial:-1,2,False,disabled,0,0,False,raw,0,0.0,0.0,,0,False,disabled,False,raw,0.0,0.0,,,,,,,,False,0,0,0,0,0,0,0.0,0.0,0.8231249999992585,1.913374999999995,2.8643329999997746,silent_context_reentry,random_replay,CRA,random_replay,replay_ablation,MockSimulator,42,none,none,-1,0,0,internal,random,0.0,0.0,0.0,0.0,0,False,0,False,-1,1,0.1,0.2,8,8,0,raw,2,False,,,
185,1000.0,8,8,0,8,0,0,9.095082916999997,9.095082916999997,9.095082916999997,0.0,0.0,0.07765715657991981,1.0,0.0,False,0,0,0,0,0,0.0,0.0,0.0,0.0,0.0,0,0.0,0,0,disabled,disabled,True,keyed,-1,2,False,raw,0,0.0,0.0,trial:-1,2,False,disabled,0,0,False,raw,0,0.0,0.0,,0,False,disabled,False,raw,0.0,0.0,,,,,,,,False,0,0,0,0,0,0,0.0,0.0,0.8180830000004136,2.520291999999813,3.4649159999995405,silent_context_reentry,random_replay,CRA,random_replay,replay_ablation,MockSimulator,42,none,none,-1,0,0,internal,random,0.0,0.0,0.0,0.0,0,False,0,False,-1,1,0.1,0.2,8,8,0,raw,2,False,,,
186,1000.0,8,8,0,8,0,0,9.05961575859237,9.05961575859237,9.05961575859237,-0.06793972946318083,-0.0,0.076768748638053,1.0,-0.06793972946318083,False,0,0,0,0,0,0.0,0.0,0.0,0.0,0.0,0,0.0,0,0,disabled,disabled,True,keyed,-1,2,False,raw,0,-0.0034999999999999996,-0.0034999999999999996,trial:6,2,False,disabled,0,0,False,raw,0,-0.0034999999999999996,-0.0034999999999999996,,0,False,disabled,False,raw,-0.0034999999999999996,-0.0034999999999999996,,,,,,,,False,0,0,0,0,0,0,0.0,0.0,0.8787089999993114,2.04162500000038,3.063250000000295,silent_context_reentry,random_replay,CRA,random_replay,replay_ablation,MockSimulator,42,distractor,replay_need_distractor,6,0,0,internal,random,-0.0034999999999999996,-0.0034999999999999996,0.0,0.0,0,False,-1,False,-1,1,0.1,0.2,8,8,0,raw,2,False,,,
187,1000.0,8,8,0,8,0,0,9.02432519653257,9.02432519653257,9.02432519653257,-0.06793972946318083,-0.0,0.07588481415122889,1.0,-0.06793972946318083,False,0,0,0,0,0,0.0,0.0,0.0,0.0,0.0,0,0.0,0,0,disabled,disabled,True,keyed,-1,2,False,raw,0,-0.0034999999999999996,-0.0034999999999999996,trial:6,2,False,disabled,0,0,False,raw,0,-0.0034999999999999996,-0.0034999999999999996,,0,False,disabled,False,raw,-0.0034999999999999996,-0.0034999999999999996,,,,,,,,False,0,0,0,0,0,0,0.0,0.0,0.826208000000328,2.026167000000356,2.98183399999985,silent_context_reentry,random_replay,CRA,random_replay,replay_ablation,MockSimulator,42,distractor,replay_need_distractor,6,0,0,internal,random,-0.0034999999999999996,-0.0034999999999999996,0.0,0.0,0,False,-1,False,-1,1,0.1,0.2,8,8,0,raw,2,False,,,
188,1000.0,8,8,0,8,0,0,8.989210350051545,8.989210350051545,8.989210350051545,0.0,0.0,0.07500552954442252,1.0,0.0,False,0,0,0,0,0,0.0,0.0,0.0,0.0,0.0,0,0.0,0,0,disabled,disabled,True,keyed,-1,2,False,raw,0,0.0,0.0,trial:-1,2,False,disabled,0,0,False,raw,0,0.0,0.0,,0,False,disabled,False,raw,0.0,0.0,,,,,,,,False,0,0,0,0,0,0,0.0,0.0,0.8324580000005355,2.0035419999997472,2.967500000000456,silent_context_reentry,random_replay,CRA,random_replay,replay_ablation,MockSimulator,42,none,none,-1,0,0,internal,random,0.0,0.0,0.0,0.0,0,False,0,False,-1,1,0.1,0.2,8,8,0,raw,2,False,,,
189,1000.0,8,8,0,8,0,0,8.954270342773093,8.954270342773093,8.954270342773093,0.0,0.0,0.07413106239622792,1.0,0.0,False,0,0,0,0,0,0.0,0.0,0.0,0.0,0.0,0,0.0,0,0,disabled,disabled,True,keyed,-1,2,False,raw,0,0.0,0.0,trial:-1,2,False,disabled,0,0,False,raw,0,0.0,0.0,,0,False,disabled,False,raw,0.0,0.0,,,,,,,,False,0,0,0,0,0,0,0.0,0.0,0.8232499999998311,2.0033750000001405,2.9559169999995305,silent_context_reentry,random_replay,CRA,random_replay,replay_ablation,MockSimulator,42,none,none,-1,0,0,internal,random,0.0,0.0,0.0,0.0,0,False,0,False,-1,1,0.1,0.2,8,8,0,raw,2,False,,,
190,1000.0,8,8,0,8,0,0,8.919504302691958,8.919504302691958,8.919504302691958,0.0,0.0,0.07326157172214333,1.0,0.0,False,0,0,0,0,0,0.0,0.0,0.0,0.0,0.0,0,0.0,0,0,disabled,disabled,True,keyed,-1,2,False,raw,0,0.0,0.0,trial:-1,2,False,disabled,0,0,False,raw,0,0.0,0.0,,0,False,disabled,False,raw,0.0,0.0,,,,,,,,False,0,0,0,0,0,0,0.0,0.0,0.8244169999995776,2.33662499999987,3.289666999999774,silent_context_reentry,random_replay,CRA,random_replay,replay_ablation,MockSimulator,42,none,none,-1,0,0,internal,random,0.0,0.0,0.0,0.0,0,False,0,False,-1,1,0.1,0.2,8,8,0,raw,2,False,,,
191,1000.0,8,8,0,8,0,0,8.88491136215203,8.88491136215203,8.88491136215203,0.0,0.0,0.07239720825006363,1.0,0.0,False,0,0,0,0,0,0.0,0.0,0.0,0.0,0.0,0,0.0,0,0,disabled,disabled,True,keyed,-1,2,False,raw,0,0.0,0.0,trial:-1,2,False,disabled,0,0,False,raw,0,0.0,0.0,,0,False,disabled,False,raw,0.0,0.0,,,,,,,,False,0,0,0,0,0,0,0.0,0.0,0.88016599999996,2.0881670000001407,3.114666000000099,silent_context_reentry,random_replay,CRA,random_replay,replay_ablation,MockSimulator,42,none,none,-1,0,0,internal,random,0.0,0.0,0.0,0.0,0,False,0,False,-1,1,0.1,0.2,8,8,0,raw,2,False,2,2,ctx:A;ctx:B
192,1000.0,8,8,0,8,0,0,8.850490657824649,8.850490657824649,8.850490657824649,0.1920001074607755,0.957917394500671,0.07153811468817826,1.0,0.1920001074607755,True,0,0,0,0,0,0.0,0.0,0.0,0.0,0.0,0,0.0,0,0,disabled,disabled,True,keyed,-1,2,True,internal_keyed_context,-1,-0.01,0.01,ctx:B,2,False,disabled,0,0,False,raw,0,0.01,0.01,,0,False,disabled,False,raw,0.01,0.01,,,,,,,,False,0,0,0,0,0,0,0.0,0.0,0.8275830000004092,2.0676669999994957,3.0250840000007884,silent_context_reentry,random_replay,CRA,random_replay,replay_ablation,MockSimulator,42,decision,decision_B_intruder,5,-1,-1,internal,random,-0.01,0.01,0.01,0.01,1,True,1,True,192,1,0.1,0.2,8,8,-1,internal_keyed_context,2,True,,,
193,1000.0,8,8,0,8,0,0,8.816241330687022,8.816241330687022,8.816241330687022,0.0,0.0,0.07108442598546828,1.0,0.0,False,0,0,0,0,0,0.0,0.0,0.0,0.0,0.0,0,0.0,0,0,disabled,disabled,True,keyed,-1,2,False,raw,0,0.0,0.0,trial:-1,2,False,disabled,0,0,False,raw,0,0.0,0.0,,0,False,disabled,False,raw,0.0,0.0,,,,,,,,False,0,0,0,0,0,0,0.0,0.0,0.8226670000004432,2.0138749999993877,2.9643330000004298,silent_context_reentry,random_replay,CRA,random_replay,replay_ablation,MockSimulator,42,none,none,-1,0,0,internal,random,0.0,0.0,0.0,0.0,0,False,0,False,-1,1,0.1,0.2,8,8,0,raw,2,False,,,
194,1000.0,8,8,0,8,0,0,8.782162526000757,8.782162526000757,8.782162526000757,0.0,0.0,0.07062026958499143,1.0,0.0,False,0,0,0,0,0,0.0,0.0,0.0,0.0,0.0,0,0.0,0,0,disabled,disabled,True,keyed,-1,2,False,raw,0,0.0,0.0,trial:-1,2,False,disabled,0,0,False,raw,0,0.0,0.0,,0,False,disabled,False,raw,0.0,0.0,,,,,,,,False,0,0,0,0,0,0,0.0,0.0,0.8268749999995606,2.079500000000678,3.035167000000172,silent_context_reentry,random_replay,CRA,random_replay,replay_ablation,MockSimulator,42,none,none,-1,0,0,internal,random,0.0,0.0,0.0,0.0,0,False,0,False,-1,1,0.1,0.2,8,8,0,raw,2,False,,,
195,1000.0,8,8,0,8,0,0,8.748253393290481,8.748253393290481,8.748253393290481,0.0,0.0,0.07014624567013947,1.0,0.0,False,0,0,0,0,0,0.0,0.0,0.0,0.0,0.0,0,0.0,0,0,disabled,disabled,True,keyed,-1,2,False,raw,0,0.0,0.0,trial:-1,2,False,disabled,0,0,False,raw,0,0.0,0.0,,0,False,disabled,False,raw,0.0,0.0,,,,,,,,False,0,0,0,0,0,0,0.0,0.0,0.830290999999761,2.4601669999997355,3.419874999999628,silent_context_reentry,random_replay,CRA,random_replay,replay_ablation,MockSimulator,42,none,none,-1,0,0,internal,random,0.0,0.0,0.0,0.0,0,False,0,False,-1,1,0.1,0.2,8,8,0,raw,2,False,,,
196,1000.0,8,8,0,8,0,0,8.714513086322588,8.714513086322588,8.714513086322588,0.0,0.0,0.0696629346040476,1.0,0.0,False,0,0,0,0,0,0.0,0.0,0.0,0.0,0.0,0,0.0,0,0,disabled,disabled,True,keyed,-1,2,False,raw,0,0.0,0.0,trial:-1,2,False,disabled,0,0,False,raw,0,0.0,0.0,,0,False,disabled,False,raw,0.0,0.0,,,,,,,,False,0,0,0,0,0,0,0.0,0.0,0.8492499999999126,2.1146249999999256,3.10362499999961,silent_context_reentry,random_replay,CRA,random_replay,replay_ablation,MockSimulator,42,none,none,-1,0,0,internal,random,0.0,0.0,0.0,0.0,0,False,0,False,-1,1,0.1,0.2,8,8,0,raw,2,False,,,
197,1000.0,8,8,0,8,0,0,8.680940763084076,8.680940763084076,8.680940763084076,0.0,0.0,0.06917089748233134,1.0,0.0,False,0,0,0,0,0,0.0,0.0,0.0,0.0,0.0,0,0.0,0,0,disabled,disabled,True,keyed,-1,2,False,raw,0,0.0,0.0,trial:-1,2,False,disabled,0,0,False,raw,0,0.0,0.0,,0,False,disabled,False,raw,0.0,0.0,,,,,,,,False,0,0,0,0,0,0,0.0,0.0,0.8257080000007022,2.062916999999942,3.019000000000105,silent_context_reentry,random_replay,CRA,random_replay,replay_ablation,MockSimulator,42,none,none,-1,0,0,internal,random,0.0,0.0,0.0,0.0,0,False,0,False,-1,1,0.1,0.2,8,8,0,raw,2,False,,,
198,1000.0,8,8,0,8,0,0,8.647535585761503,8.647535585761503,8.647535585761503,0.0,0.0,0.06867067667164212,1.0,0.0,False,0,0,0,0,0,0.0,0.0,0.0,0.0,0.0,0,0.0,0,0,disabled,disabled,True,keyed,-1,2,False,raw,0,0.0,0.0,trial:-1,2,False,disabled,0,0,False,raw,0,0.0,0.0,,0,False,disabled,False,raw,0.0,0.0,,,,,,,,False,0,0,0,0,0,0,0.0,0.0,0.833042000000006,2.1013329999997055,3.0623750000007277,silent_context_reentry,random_replay,CRA,random_replay,replay_ablation,MockSimulator,42,none,none,-1,0,0,internal,random,0.0,0.0,0.0,0.0,0,False,0,False,-1,1,0.1,0.2,8,8,0,raw,2,False,,,
199,1000.0,8,8,0,8,0,0,8.614296720720038,8.614296720720038,8.614296720720038,-0.07787663025295147,-0.0,0.06816279633438752,1.0,-0.07787663025295147,False,0,0,0,0,0,0.0,0.0,0.0,0.0,0.0,0,0.0,0,0,disabled,disabled,True,keyed,-1,2,False,raw,0,-0.0034999999999999996,-0.0034999999999999996,trial:6,2,False,disabled,0,0,False,raw,0,-0.0034999999999999996,-0.0034999999999999996,,0,False,disabled,False,raw,-0.0034999999999999996,-0.0034999999999999996,,,,,,,,False,0,0,0,0,0,0,0.0,0.0,0.8329170000003217,2.0651660000003957,3.029666999999847,silent_context_reentry,random_replay,CRA,random_replay,replay_ablation,MockSimulator,42,distractor,replay_need_distractor,6,0,0,internal,random,-0.0034999999999999996,-0.0034999999999999996,0.0,0.0,0,False,-1,False,-1,1,0.1,0.2,8,8,0,raw,2,False,,,
200,1000.0,8,8,0,8,0,0,8.58122333848262,8.58122333848262,8.58122333848262,0.0,0.0,0.06764776293995445,1.0,0.0,False,0,0,0,0,0,0.0,0.0,0.0,0.0,0.0,0,0.0,0,0,disabled,disabled,True,keyed,-1,2,False,raw,0,0.0,0.0,trial:-1,2,False,disabled,0,0,False,raw,0,0.0,0.0,,0,False,disabled,False,raw,0.0,0.0,,,,,,,,False,0,0,0,0,0,0,0.0,0.0,0.8207919999998481,2.428292000000276,3.3762500000005247,silent_context_reentry,random_replay,CRA,random_replay,replay_ablation,MockSimulator,42,none,none,-1,0,0,internal,random,0.0,0.0,0.0,0.0,0,False,0,False,-1,1,0.1,0.2,8,8,0,raw,2,False,,,
201,1000.0,8,8,0,8,0,0,8.548314613709222,8.548314613709222,8.548314613709222,-0.07787663025295147,-0.0,0.06712606576276495,1.0,-0.07787663025295147,False,0,0,0,0,0,0.0,0.0,0.0,0.0,0.0,0,0.0,0,0,disabled,disabled,True,keyed,-1,2,False,raw,0,-0.0034999999999999996,-0.0034999999999999996,trial:6,2,False,disabled,0,0,False,raw,0,-0.0034999999999999996,-0.0034999999999999996,,0,False,disabled,False,raw,-0.0034999999999999996,-0.0034999999999999996,,,,,,,,False,0,0,0,0,0,0,0.0,0.0,0.8406669999994065,2.1469579999999766,3.1262910000000588,silent_context_reentry,random_replay,CRA,random_replay,replay_ablation,MockSimulator,42,distractor,replay_need_distractor,6,0,0,internal,random,-0.0034999999999999996,-0.0034999999999999996,0.0,0.0,0,False,-1,False,-1,1,0.1,0.2,8,8,0,raw,2,False,,,
202,1000.0,8,8,0,8,0,0,8.515569725176217,8.515569725176217,8.515569725176217,-0.07787663025295147,-0.0,0.06659817736748705,1.0,-0.07787663025295147,False,0,0,0,0,0,0.0,0.0,0.0,0.0,0.0,0,0.0,0,0,disabled,disabled,True,keyed,-1,2,False,raw,0,-0.0034999999999999996,-0.0034999999999999996,trial:6,2,False,disabled,0,0,False,raw,0,-0.0034999999999999996,-0.0034999999999999996,,0,False,disabled,False,raw,-0.0034999999999999996,-0.0034999999999999996,,,,,,,,False,0,0,0,0,0,0,0.0,0.0,0.8304579999993678,2.1035420000004024,3.0652919999996087,silent_context_reentry,random_replay,CRA,random_replay,replay_ablation,MockSimulator,42,distractor,replay_need_distractor,6,0,0,internal,random,-0.0034999999999999996,-0.0034999999999999996,0.0,0.0,0,False,-1,False,-1,1,0.1,0.2,8,8,0,raw,2,False,,,
203,1000.0,8,8,0,8,0,0,8.482987855755852,8.482987855755852,8.482987855755852,0.0,0.0,0.06606455408171516,1.0,0.0,False,0,0,0,0,0,0.0,0.0,0.0,0.0,0.0,0,0.0,0,0,disabled,disabled,True,keyed,-1,2,False,raw,0,0.0,0.0,trial:-1,2,False,disabled,0,0,False,raw,0,0.0,0.0,,0,False,disabled,False,raw,0.0,0.0,,,,,,,,False,0,0,0,0,0,0,0.0,0.0,0.8255830000001296,2.1017499999995692,3.0540000000005563,silent_context_reentry,random_replay,CRA,random_replay,replay_ablation,MockSimulator,42,none,none,-1,0,0,internal,random,0.0,0.0,0.0,0.0,0,False,0,False,-1,1,0.1,0.2,8,8,0,raw,2,False,,,
204,1000.0,8,8,0,8,0,0,8.450568192395808,8.450568192395808,8.450568192395808,0.0,0.0,0.06552563645642716,1.0,0.0,False,0,0,0,0,0,0.0,0.0,0.0,0.0,0.0,0,0.0,0,0,disabled,disabled,True,keyed,-1,2,False,raw,0,0.0,0.0,trial:-1,2,False,disabled,0,0,False,raw,0,0.0,0.0,,0,False,disabled,False,raw,0.0,0.0,,,,,,,,False,0,0,0,0,0,0,0.0,0.0,0.8308750000001197,2.1077079999995973,3.0712080000006026,silent_context_reentry,random_replay,CRA,random_replay,replay_ablation,MockSimulator,42,none,none,-1,0,0,internal,random,0.0,0.0,0.0,0.0,0,False,0,False,-1,1,0.1,0.2,8,8,0,raw,2,False,,,
205,1000.0,8,8,0,8,0,0,8.418309926098887,8.418309926098887,8.418309926098887,0.0,0.0,0.06498184971451798,1.0,0.0,False,0,0,0,0,0,0.0,0.0,0.0,0.0,0.0,0,0.0,0,0,disabled,disabled,True,keyed,-1,2,False,raw,0,0.0,0.0,trial:-1,2,False,disabled,0,0,False,raw,0,0.0,0.0,,0,False,disabled,False,raw,0.0,0.0,,,,,,,,False,0,0,0,0,0,0,0.0,0.0,0.8192909999999998,2.546750000000486,3.4936249999999447,silent_context_reentry,random_replay,CRA,random_replay,replay_ablation,MockSimulator,42,none,none,-1,0,0,internal,random,0.0,0.0,0.0,0.0,0,False,0,False,-1,1,0.1,0.2,8,8,0,raw,2,False,,,
206,1000.0,8,8,0,8,0,0,8.386212251902776,8.386212251902776,8.386212251902776,0.0,0.0,0.0644336041877026,1.0,0.0,False,0,0,0,0,0,0.0,0.0,0.0,0.0,0.0,0,0.0,0,0,disabled,disabled,True,keyed,-1,2,False,raw,0,0.0,0.0,trial:-1,2,False,disabled,0,0,False,raw,0,0.0,0.0,,0,False,disabled,False,raw,0.0,0.0,,,,,,,,False,0,0,0,0,0,0,0.0,0.0,0.9395000000003151,2.4094169999999693,3.502499999999742,silent_context_reentry,random_replay,CRA,random_replay,replay_ablation,MockSimulator,42,none,none,-1,0,0,internal,random,0.0,0.0,0.0,0.0,0,False,0,False,-1,1,0.1,0.2,8,8,0,raw,2,False,,,
207,1000.0,8,8,0,8,0,0,8.354274368859935,8.354274368859935,8.354274368859935,0.0,0.0,0.06388129574207403,1.0,0.0,False,0,0,0,0,0,0.0,0.0,0.0,0.0,0.0,0,0.0,0,0,disabled,disabled,True,keyed,-1,2,False,raw,0,0.0,0.0,trial:-1,2,False,disabled,0,0,False,raw,0,0.0,0.0,,0,False,disabled,False,raw,0.0,0.0,,,,,,,,False,0,0,0,0,0,0,0.0,0.0,0.8262920000001728,2.1444580000000713,3.112374999999723,silent_context_reentry,random_replay,CRA,random_replay,replay_ablation,MockSimulator,42,none,none,-1,0,0,internal,random,0.0,0.0,0.0,0.0,0,False,0,False,-1,1,0.1,0.2,8,8,0,raw,2,False,,,
208,1000.0,8,8,0,8,0,0,8.322495480017558,8.322495480017558,8.322495480017558,-0.07787663025295147,-0.0,0.06332530619259552,1.0,-0.07787663025295147,False,0,0,0,0,0,0.0,0.0,0.0,0.0,0.0,0,0.0,0,0,disabled,disabled,True,keyed,-1,2,False,raw,0,-0.0034999999999999996,-0.0034999999999999996,trial:6,2,False,disabled,0,0,False,raw,0,-0.0034999999999999996,-0.0034999999999999996,,0,False,disabled,False,raw,-0.0034999999999999996,-0.0034999999999999996,,,,,,,,False,0,0,0,0,0,0,0.0,0.0,0.8220410000001621,2.2838749999998242,3.234083999999804,silent_context_reentry,random_replay,CRA,random_replay,replay_ablation,MockSimulator,42,distractor,replay_need_distractor,6,0,0,internal,random,-0.0034999999999999996,-0.0034999999999999996,0.0,0.0,0,False,-1,False,-1,1,0.1,0.2,8,8,0,raw,2,False,,,
209,1000.0,8,8,0,8,0,0,8.290874792397664,8.290874792397664,8.290874792397664,0.0,0.0,0.06276600370679933,1.0,0.0,False,0,0,0,0,0,0.0,0.0,0.0,0.0,0.0,0,0.0,0,0,disabled,disabled,True,keyed,-1,2,False,raw,0,0.0,0.0,trial:-1,2,False,disabled,0,0,False,raw,0,0.0,0.0,,0,False,disabled,False,raw,0.0,0.0,,,,,,,,False,0,0,0,0,0,0,0.0,0.0,0.9130410000004474,2.381333999999846,3.435624999999831,silent_context_reentry,random_replay,CRA,random_replay,replay_ablation,MockSimulator,42,none,none,-1,0,0,internal,random,0.0,0.0,0.0,0.0,0,False,0,False,-1,1,0.1,0.2,8,8,0,raw,2,False,,,
210,1000.0,8,8,0,8,0,0,8.259411516977265,8.259411516977265,8.259411516977265,0.07787663025295147,0.0,0.06220374319795794,1.0,0.07787663025295147,False,0,0,0,0,0,0.0,0.0,0.0,0.0,0.0,0,0.0,0,0,disabled,disabled,True,keyed,-1,2,False,raw,0,0.0034999999999999996,0.0034999999999999996,trial:6,2,False,disabled,0,0,False,raw,0,0.0034999999999999996,0.0034999999999999996,,0,False,disabled,False,raw,0.0034999999999999996,0.0034999999999999996,,,,,,,,False,0,0,0,0,0,0,0.0,0.0,0.974999999999504,2.7093330000003135,3.826416999999971,silent_context_reentry,random_replay,CRA,random_replay,replay_ablation,MockSimulator,42,distractor,replay_need_distractor,6,0,0,internal,random,0.0034999999999999996,0.0034999999999999996,0.0,0.0,0,False,1,False,-1,1,0.1,0.2,8,8,0,raw,2,False,,,
211,1000.0,8,8,0,8,0,0,8.228104868668638,8.228104868668638,8.228104868668638,0.07787663025295147,0.0,0.06163886670798749,1.0,0.07787663025295147,False,0,0,0,0,0,0.0,0.0,0.0,0.0,0.0,0,0.0,0,0,disabled,disabled,True,keyed,-1,2,False,raw,0,0.0034999999999999996,0.0034999999999999996,trial:6,2,False,disabled,0,0,False,raw,0,0.0034999999999999996,0.0034999999999999996,,0,False,disabled,False,raw,0.0034999999999999996,0.0034999999999999996,,,,,,,,False,0,0,0,0,0,0,0.0,0.0,0.9202080000001445,2.32691699999954,3.4052090000002977,silent_context_reentry,random_replay,CRA,random_replay,replay_ablation,MockSimulator,42,distractor,replay_need_distractor,6,0,0,internal,random,0.0034999999999999996,0.0034999999999999996,0.0,0.0,0,False,1,False,-1,1,0.1,0.2,8,8,0,raw,2,False,,,
212,1000.0,8,8,0,8,0,0,8.196954066299702,8.196954066299702,8.196954066299702,0.0,0.0,0.06107170378033667,1.0,0.0,False,0,0,0,0,0,0.0,0.0,0.0,0.0,0.0,0,0.0,0,0,disabled,disabled,True,keyed,-1,2,False,raw,0,0.0,0.0,trial:-1,2,False,disabled,0,0,False,raw,0,0.0,0.0,,0,False,disabled,False,raw,0.0,0.0,,,,,,,,False,0,0,0,0,0,0,0.0,0.0,0.8539579999995439,2.223959000000164,3.211083000000059,silent_context_reentry,random_replay,CRA,random_replay,replay_ablation,MockSimulator,42,none,none,-1,0,0,internal,random,0.0,0.0,0.0,0.0,0,False,0,False,-1,1,0.1,0.2,8,8,0,raw,2,False,,,
213,1000.0,8,8,0,8,0,0,8.165958332594489,8.165958332594489,8.165958332594489,-0.07787663025295147,-0.0,0.06050257182310868,1.0,-0.07787663025295147,False,0,0,0,0,0,0.0,0.0,0.0,0.0,0.0,0,0.0,0,0,disabled,disabled,True,keyed,-1,2,False,raw,0,-0.0034999999999999996,-0.0034999999999999996,trial:6,2,False,disabled,0,0,False,raw,0,-0.0034999999999999996,-0.0034999999999999996,,0,False,disabled,False,raw,-0.0034999999999999996,-0.0034999999999999996,,,,,,,,False,0,0,0,0,0,0,0.0,0.0,0.8239999999997139,2.1895830000007166,3.1410000000002825,silent_context_reentry,random_replay,CRA,random_replay,replay_ablation,MockSimulator,42,distractor,replay_need_distractor,6,0,0,internal,random,-0.0034999999999999996,-0.0034999999999999996,0.0,0.0,0,False,-1,False,-1,1,0.1,0.2,8,8,0,raw,2,False,,,
214,1000.0,8,8,0,8,0,0,8.135116894153713,8.135116894153713,8.135116894153713,0.0,0.0,0.05993177646265768,1.0,0.0,False,0,0,0,0,0,0.0,0.0,0.0,0.0,0.0,0,0.0,0,0,disabled,disabled,True,keyed,-1,2,False,raw,0,0.0,0.0,trial:-1,2,False,disabled,0,0,False,raw,0,0.0,0.0,,0,False,disabled,False,raw,0.0,0.0,,,,,,,,False,0,0,0,0,0,0,0.0,0.0,0.8233329999995931,2.1863749999999627,3.1361670000000785,silent_context_reentry,random_replay,CRA,random_replay,replay_ablation,MockSimulator,42,none,none,-1,0,0,internal,random,0.0,0.0,0.0,0.0,0,False,0,False,-1,1,0.1,0.2,8,8,0,raw,2,False,,,
215,1000.0,8,8,0,8,0,0,8.10442898143543,8.10442898143543,8.10442898143543,0.2193337831581298,0.9754217589780637,0.059359611887895486,1.0,0.2193337831581298,True,0,0,0,0,0,0.0,0.0,0.0,0.0,0.0,0,0.0,0,0,disabled,disabled,True,keyed,-1,2,True,internal_keyed_context,1,0.01,0.01,ctx:A,2,False,disabled,0,0,False,raw,0,0.01,0.01,,0,False,disabled,False,raw,0.01,0.01,,,,,,,,False,0,0,0,0,0,0,0.0,0.0,0.9637079999995635,2.5675420000004223,3.657416999999441,silent_context_reentry,random_replay,CRA,random_replay,replay_ablation,MockSimulator,42,decision,decision_A_silent_return,6,1,1,internal,random,0.01,0.01,0.01,0.01,1,True,1,True,215,1,0.1,0.2,8,8,1,internal_keyed_context,2,True,,,
216,1000.0,8,8,0,8,0,0,8.073893828735796,8.073893828735796,8.073893828735796,0.0,0.0,0.05918636118553871,1.0,0.0,False,0,0,0,0,0,0.0,0.0,0.0,0.0,0.0,0,0.0,0,0,disabled,disabled,True,keyed,-1,2,False,raw,0,0.0,0.0,trial:-1,2,False,disabled,0,0,False,raw,0,0.0,0.0,,0,False,disabled,False,raw,0.0,0.0,,,,,,,,False,0,0,0,0,0,0,0.0,0.0,0.8366670000006238,2.25245799999918,3.226500000000243,silent_context_reentry,random_replay,CRA,random_replay,replay_ablation,MockSimulator,42,none,none,-1,0,0,internal,random,0.0,0.0,0.0,0.0,0,False,0,False,-1,1,0.1,0.2,8,8,0,raw,2,False,,,
217,1000.0,8,8,0,8,0,0,8.043510674169944,8.043510674169944,8.043510674169944,0.0,0.0,0.05899629666652105,1.0,0.0,False,0,0,0,0,0,0.0,0.0,0.0,0.0,0.0,0,0.0,0,0,disabled,disabled,True,keyed,-1,2,False,raw,0,0.0,0.0,trial:-1,2,False,disabled,0,0,False,raw,0,0.0,0.0,,0,False,disabled,False,raw,0.0,0.0,,,,,,,,False,0,0,0,0,0,0,0.0,0.0,0.8289169999997625,2.210208000000158,3.1667920000000294,silent_context_reentry,random_replay,CRA,random_replay,replay_ablation,MockSimulator,42,none,none,-1,0,0,internal,random,0.0,0.0,0.0,0.0,0,False,0,False,-1,1,0.1,0.2,8,8,0,raw,2,False,,,
218,1000.0,8,8,0,8,0,0,8.013278759652914,8.013278759652914,8.013278759652914,0.0,0.0,0.05879016018378987,1.0,0.0,False,0,0,0,0,0,0.0,0.0,0.0,0.0,0.0,0,0.0,0,0,disabled,disabled,True,keyed,-1,2,False,raw,0,0.0,0.0,trial:-1,2,False,disabled,0,0,False,raw,0,0.0,0.0,,0,False,disabled,False,raw,0.0,0.0,,,,,,,,False,0,0,0,0,0,0,0.0,0.0,0.8261669999996002,2.208874999999999,3.1665419999997724,silent_context_reentry,random_replay,CRA,random_replay,replay_ablation,MockSimulator,42,none,none,-1,0,0,internal,random,0.0,0.0,0.0,0.0,0,False,0,False,-1,1,0.1,0.2,8,8,0,raw,2,False,,,
219,1000.0,8,8,0,8,0,0,7.983197330880713,7.983197330880713,7.983197330880713,0.0,0.0,0.058568670641701334,1.0,0.0,False,0,0,0,0,0,0.0,0.0,0.0,0.0,0.0,0,0.0,0,0,disabled,disabled,True,keyed,-1,2,False,raw,0,0.0,0.0,trial:-1,2,False,disabled,0,0,False,raw,0,0.0,0.0,,0,False,disabled,False,raw,0.0,0.0,,,,,,,,False,0,0,0,0,0,0,0.0,0.0,0.8180830000004136,2.8609999999993363,3.805915999999243,silent_context_reentry,random_replay,CRA,random_replay,replay_ablation,MockSimulator,42,none,none,-1,0,0,internal,random,0.0,0.0,0.0,0.0,0,False,0,False,-1,1,0.1,0.2,8,8,0,raw,2,False,,,
220,1000.0,8,8,0,8,0,0,7.953265637311454,7.953265637311454,7.953265637311454,0.0,0.0,0.058332524617222825,1.0,0.0,False,0,0,0,0,0,0.0,0.0,0.0,0.0,0.0,0,0.0,0,0,disabled,disabled,True,keyed,-1,2,False,raw,0,0.0,0.0,trial:-1,2,False,disabled,0,0,False,raw,0,0.0,0.0,,0,False,disabled,False,raw,0.0,0.0,,,,,,,,False,0,0,0,0,0,0,0.0,0.0,0.9434580000000636,2.4245839999998964,3.5235000000000127,silent_context_reentry,random_replay,CRA,random_replay,replay_ablation,MockSimulator,42,none,none,-1,0,0,internal,random,0.0,0.0,0.0,0.0,0,False,0,False,-1,1,0.1,0.2,8,8,0,raw,2,False,,,
221,1000.0,8,8,0,8,0,0,7.923482932146594,7.923482932146594,7.923482932146594,0.0,0.0,0.05808239696546678,1.0,0.0,False,0,0,0,0,0,0.0,0.0,0.0,0.0,0.0,0,0.0,0,0,disabled,disabled,True,keyed,-1,2,False,raw,0,0.0,0.0,trial:-1,2,False,disabled,0,0,False,raw,0,0.0,0.0,,0,False,disabled,False,raw,0.0,0.0,,,,,,,,False,0,0,0,0,0,0,0.0,0.0,0.8239999999997139,2.2470410000003938,3.198791999999173,silent_context_reentry,random_replay,CRA,random_replay,replay_ablation,MockSimulator,42,none,none,-1,0,0,internal,random,0.0,0.0,0.0,0.0,0,False,0,False,-1,1,0.1,0.2,8,8,0,raw,2,False,,,
222,1000.0,8,8,0,8,0,0,7.893848472312261,7.893848472312261,7.893848472312261,0.0,0.0,0.057818941409934085,1.0,0.0,False,0,0,0,0,0,0.0,0.0,0.0,0.0,0.0,0,0.0,0,0,disabled,disabled,True,keyed,-1,2,False,raw,0,0.0,0.0,trial:-1,2,False,disabled,0,0,False,raw,0,0.0,0.0,,0,False,disabled,False,raw,0.0,0.0,,,,,,,,False,0,0,0,0,0,0,0.0,0.0,0.9047500000001207,2.689042000000086,3.725667000000321,silent_context_reentry,random_replay,CRA,random_replay,replay_ablation,MockSimulator,42,none,none,-1,0,0,internal,random,0.0,0.0,0.0,0.0,0,False,0,False,-1,1,0.1,0.2,8,8,0,raw,2,False,,,
223,1000.0,8,8,0,8,0,0,7.864361518440679,7.864361518440679,7.864361518440679,0.0,0.0,0.057542791117836514,1.0,0.0,False,0,0,0,0,0,0.0,0.0,0.0,0.0,0.0,0,0.0,0,0,disabled,disabled,True,keyed,-1,2,False,raw,0,0.0,0.0,trial:-1,2,False,disabled,0,0,False,raw,0,0.0,0.0,,0,False,disabled,False,raw,0.0,0.0,,,,,,,,False,0,0,0,0,0,0,0.0,0.0,0.9301659999998435,2.584875000000153,3.663957999999745,silent_context_reentry,random_replay,CRA,random_replay,replay_ablation,MockSimulator,42,none,none,-1,0,0,internal,random,0.0,0.0,0.0,0.0,0,False,0,False,-1,1,0.1,0.2,8,8,0,raw,2,False,,,
224,1000.0,8,8,0,8,0,0,7.835021334851689,7.835021334851689,7.835021334851689,0.0,0.0,0.05725455926085887,1.0,0.0,False,0,0,0,0,0,0.0,0.0,0.0,0.0,0.0,0,0.0,0,0,disabled,disabled,True,keyed,-1,2,False,raw,0,0.0,0.0,trial:-1,2,False,disabled,0,0,False,raw,0,0.0,0.0,,0,False,disabled,False,raw,0.0,0.0,,,,,,,,False,0,0,0,0,0,0,0.0,0.0,0.9205840000001686,2.7562909999998553,3.819374999999958,silent_context_reentry,random_replay,CRA,random_replay,replay_ablation,MockSimulator,42,none,none,-1,0,0,internal,random,0.0,0.0,0.0,0.0,0,False,0,False,-1,1,0.1,0.2,8,8,0,raw,2,False,,,
225,1000.0,8,8,0,8,0,0,7.8058271895343445,7.8058271895343445,7.8058271895343445,0.0,0.0,0.056954839561713204,1.0,0.0,False,0,0,0,0,0,0.0,0.0,0.0,0.0,0.0,0,0.0,0,0,disabled,disabled,True,keyed,-1,2,False,raw,0,0.0,0.0,trial:-1,2,False,disabled,0,0,False,raw,0,0.0,0.0,,0,False,disabled,False,raw,0.0,0.0,,,,,,,,False,0,0,0,0,0,0,0.0,0.0,0.8638750000002915,2.331415999999642,3.330833000000588,silent_context_reentry,random_replay,CRA,random_replay,replay_ablation,MockSimulator,42,none,none,-1,0,0,internal,random,0.0,0.0,0.0,0.0,0,False,0,False,-1,1,0.1,0.2,8,8,0,raw,2,False,,,
226,1000.0,8,8,0,8,0,0,7.776778354128624,7.776778354128624,7.776778354128624,0.0,0.0,0.05664420682682901,1.0,0.0,False,0,0,0,0,0,0.0,0.0,0.0,0.0,0.0,0,0.0,0,0,disabled,disabled,True,keyed,-1,2,False,raw,0,0.0,0.0,trial:-1,2,False,disabled,0,0,False,raw,0,0.0,0.0,,0,False,disabled,False,raw,0.0,0.0,,,,,,,,False,0,0,0,0,0,0,0.0,0.0,0.8241670000002088,2.2798329999993427,3.2325000000001936,silent_context_reentry,random_replay,CRA,random_replay,replay_ablation,MockSimulator,42,none,none,-1,0,0,internal,random,0.0,0.0,0.0,0.0,0,False,0,False,-1,1,0.1,0.2,8,8,0,raw,2,False,,,
227,1000.0,8,8,0,8,0,0,7.747874103907215,7.747874103907215,7.747874103907215,0.0,0.0,0.0563232174655155,1.0,0.0,False,0,0,0,0,0,0.0,0.0,0.0,0.0,0.0,0,0.0,0,0,disabled,disabled,True,keyed,-1,2,False,raw,0,0.0,0.0,trial:-1,2,False,disabled,0,0,False,raw,0,0.0,0.0,,0,False,disabled,False,raw,0.0,0.0,,,,,,,,False,0,0,0,0,0,0,0.0,0.0,0.8232079999999087,2.2820420000000396,3.2324999999993054,silent_context_reentry,random_replay,CRA,random_replay,replay_ablation,MockSimulator,42,none,none,-1,0,0,internal,random,0.0,0.0,0.0,0.0,0,False,0,False,-1,1,0.1,0.2,8,8,0,raw,2,False,,,
228,1000.0,8,8,0,8,0,0,7.719113717757396,7.719113717757396,7.719113717757396,0.0,0.0,0.0559924099959238,1.0,0.0,False,0,0,0,0,0,0.0,0.0,0.0,0.0,0.0,0,0.0,0,0,disabled,disabled,True,keyed,-1,2,False,raw,0,0.0,0.0,trial:-1,2,False,disabled,0,0,False,raw,0,0.0,0.0,,0,False,disabled,False,raw,0.0,0.0,,,,,,,,False,0,0,0,0,0,0,0.0,0.0,0.8253329999998726,2.2949590000003184,3.248290999999348,silent_context_reentry,random_replay,CRA,random_replay,replay_ablation,MockSimulator,42,none,none,-1,0,0,internal,random,0.0,0.0,0.0,0.0,0,False,0,False,-1,1,0.1,0.2,8,8,0,raw,2,False,,,
229,1000.0,8,8,0,8,0,0,7.690496478163011,7.690496478163011,7.690496478163011,0.0,0.0,0.05565230553812956,1.0,0.0,False,0,0,0,0,0,0.0,0.0,0.0,0.0,0.0,0,0.0,0,0,disabled,disabled,True,keyed,-1,2,False,raw,0,0.0,0.0,trial:-1,2,False,disabled,0,0,False,raw,0,0.0,0.0,,0,False,disabled,False,raw,0.0,0.0,,,,,,,,False,0,0,0,0,0,0,0.0,0.0,1.1192080000004268,2.5690840000001103,3.8182079999993235,silent_context_reentry,random_replay,CRA,random_replay,replay_ablation,MockSimulator,42,none,none,-1,0,0,internal,random,0.0,0.0,0.0,0.0,0,False,0,False,-1,1,0.1,0.2,8,8,0,raw,2,False,,,
230,1000.0,8,8,0,8,0,0,7.66202167118653,7.66202167118653,7.66202167118653,0.0,0.0,0.05530340829464872,1.0,0.0,False,0,0,0,0,0,0.0,0.0,0.0,0.0,0.0,0,0.0,0,0,disabled,disabled,True,keyed,-1,2,False,raw,0,0.0,0.0,trial:-1,2,False,disabled,0,0,False,raw,0,0.0,0.0,,0,False,disabled,False,raw,0.0,0.0,,,,,,,,False,0,0,0,0,0,0,0.0,0.0,0.8347500000001062,2.3452500000002985,3.3169160000001696,silent_context_reentry,random_replay,CRA,random_replay,replay_ablation,MockSimulator,42,none,none,-1,0,0,internal,random,0.0,0.0,0.0,0.0,0,False,0,False,-1,1,0.1,0.2,8,8,0,raw,2,False,,,
231,1000.0,8,8,0,8,0,0,7.633688586451202,7.633688586451202,7.633688586451202,0.0,0.0,0.054946206018691865,1.0,0.0,False,0,0,0,0,0,0.0,0.0,0.0,0.0,0.0,0,0.0,0,0,disabled,disabled,True,keyed,-1,2,False,raw,0,0.0,0.0,trial:-1,2,False,disabled,0,0,False,raw,0,0.0,0.0,,0,False,disabled,False,raw,0.0,0.0,,,,,,,,False,0,0,0,0,0,0,0.0,0.0,0.8220830000000845,2.3392079999995374,3.2895829999999293,silent_context_reentry,random_replay,CRA,random_replay,replay_ablation,MockSimulator,42,none,none,-1,0,0,internal,random,0.0,0.0,0.0,0.0,0,False,0,False,-1,1,0.1,0.2,8,8,0,raw,2,False,,,
232,1000.0,8,8,0,8,0,0,7.605496517123293,7.605496517123293,7.605496517123293,0.0,0.0,0.05458117047045542,1.0,0.0,False,0,0,0,0,0,0.0,0.0,0.0,0.0,0.0,0,0.0,0,0,disabled,disabled,True,keyed,-1,2,False,raw,0,0.0,0.0,trial:-1,2,False,disabled,0,0,False,raw,0,0.0,0.0,,0,False,disabled,False,raw,0.0,0.0,,,,,,,,False,0,0,0,0,0,0,0.0,0.0,0.8249579999999312,2.4351249999998714,3.388166000000581,silent_context_reentry,random_replay,CRA,random_replay,replay_ablation,MockSimulator,42,none,none,-1,0,0,internal,random,0.0,0.0,0.0,0.0,0,False,0,False,-1,1,0.1,0.2,8,8,0,raw,2,False,,,
233,1000.0,8,8,0,8,0,0,7.577444759894419,7.577444759894419,7.577444759894419,0.0,0.0,0.05420875786174096,1.0,0.0,False,0,0,0,0,0,0.0,0.0,0.0,0.0,0.0,0,0.0,0,0,disabled,disabled,True,keyed,-1,2,False,raw,0,0.0,0.0,trial:-1,2,False,disabled,0,0,False,raw,0,0.0,0.0,,0,False,disabled,False,raw,0.0,0.0,,,,,,,,False,0,0,0,0,0,0,0.0,0.0,0.8299589999998247,2.794583000000017,3.7571659999997564,silent_context_reentry,random_replay,CRA,random_replay,replay_ablation,MockSimulator,42,none,none,-1,0,0,internal,random,0.0,0.0,0.0,0.0,0,False,0,False,-1,1,0.1,0.2,8,8,0,raw,2,False,,,
234,1000.0,8,8,0,8,0,0,7.549532614963959,7.549532614963959,7.549532614963959,0.0,0.0,0.05382940928918689,1.0,0.0,False,0,0,0,0,0,0.0,0.0,0.0,0.0,0.0,0,0.0,0,0,disabled,disabled,True,keyed,-1,2,False,raw,0,0.0,0.0,trial:-1,2,False,disabled,0,0,False,raw,0,0.0,0.0,,0,False,disabled,False,raw,0.0,0.0,,,,,,,,False,0,0,0,0,0,0,0.0,0.0,0.8468749999996916,2.4171659999998596,3.4027080000003096,silent_context_reentry,random_replay,CRA,random_replay,replay_ablation,MockSimulator,42,none,none,-1,0,0,internal,random,0.0,0.0,0.0,0.0,0,False,0,False,-1,1,0.1,0.2,8,8,0,raw,2,False,,,
235,1000.0,8,8,0,8,0,0,7.521759386021562,7.521759386021562,7.521759386021562,0.0,0.0,0.053443551156390295,1.0,0.0,False,0,0,0,0,0,0.0,0.0,0.0,0.0,0.0,0,0.0,0,0,disabled,disabled,True,keyed,-1,2,False,raw,0,0.0,0.0,trial:-1,2,False,disabled,0,0,False,raw,0,0.0,0.0,,0,False,disabled,False,raw,0.0,0.0,,,,,,,,False,0,0,0,0,0,0,0.0,0.0,0.8288749999998402,2.383750000000795,3.3418750000002717,silent_context_reentry,random_replay,CRA,random_replay,replay_ablation,MockSimulator,42,none,none,-1,0,0,internal,random,0.0,0.0,0.0,0.0,0,False,0,False,-1,1,0.1,0.2,8,8,0,raw,2,False,,,
236,1000.0,8,8,0,8,0,0,7.4941243802297395,7.4941243802297395,7.4941243802297395,0.0,0.0,0.05305159558518989,1.0,0.0,False,0,0,0,0,0,0.0,0.0,0.0,0.0,0.0,0,0.0,0,0,disabled,disabled,True,keyed,-1,2,False,raw,0,0.0,0.0,trial:-1,2,False,disabled,0,0,False,raw,0,0.0,0.0,,0,False,disabled,False,raw,0.0,0.0,,,,,,,,False,0,0,0,0,0,0,0.0,0.0,0.8272090000005505,2.3706660000000213,3.3263749999994374,silent_context_reentry,random_replay,CRA,random_replay,replay_ablation,MockSimulator,42,none,none,-1,0,0,internal,random,0.0,0.0,0.0,0.0,0,False,0,False,-1,1,0.1,0.2,8,8,0,raw,2,False,,,
237,1000.0,8,8,0,8,0,0,7.466626908206545,7.466626908206545,7.466626908206545,0.0,0.0,0.05265394081637494,1.0,0.0,False,0,0,0,0,0,0.0,0.0,0.0,0.0,0.0,0,0.0,0,0,disabled,disabled,True,keyed,-1,2,False,raw,0,0.0,0.0,trial:-1,2,False,disabled,0,0,False,raw,0,0.0,0.0,,0,False,disabled,False,raw,0.0,0.0,,,,,,,,False,0,0,0,0,0,0,0.0,0.0,0.8250839999996984,2.3682080000000383,3.3217089999997285,silent_context_reentry,random_replay,CRA,random_replay,replay_ablation,MockSimulator,42,none,none,-1,0,0,internal,random,0.0,0.0,0.0,0.0,0,False,0,False,-1,1,0.1,0.2,8,8,0,raw,2,False,,,
238,1000.0,8,8,0,8,0,0,7.439266284008338,7.439266284008338,7.439266284008338,0.0,0.0,0.05225097160007852,1.0,0.0,False,0,0,0,0,0,0.0,0.0,0.0,0.0,0.0,0,0.0,0,0,disabled,disabled,True,keyed,-1,2,False,raw,0,0.0,0.0,trial:-1,2,False,disabled,0,0,False,raw,0,0.0,0.0,,0,False,disabled,False,raw,0.0,0.0,,,,,,,,False,0,0,0,0,0,0,0.0,0.0,0.8273340000002349,2.68820799999947,3.6460420000006266,silent_context_reentry,random_replay,CRA,random_replay,replay_ablation,MockSimulator,42,none,none,-1,0,0,internal,random,0.0,0.0,0.0,0.0,0,False,0,False,-1,1,0.1,0.2,8,8,0,raw,2,False,,,
239,1000.0,8,8,0,8,0,0,7.412041825112634,7.412041825112634,7.412041825112634,-0.24679383585565734,0.9857341685945117,0.0518430595761074,1.0,-0.24679383585565734,True,0,0,0,0,0,0.0,0.0,0.0,0.0,0.0,0,0.0,0,0,disabled,disabled,True,keyed,-1,2,True,internal_keyed_context,-1,-0.01,-0.01,ctx:A,2,False,disabled,0,0,False,raw,0,-0.01,-0.01,,0,False,disabled,False,raw,-0.01,-0.01,,,,,,,,False,0,0,0,0,0,0,0.0,0.0,0.903166999999705,2.614917000000716,3.6583749999996584,silent_context_reentry,random_replay,CRA,random_replay,replay_ablation,MockSimulator,42,decision,decision_A_silent_return,7,1,-1,internal,random,-0.01,-0.01,-0.01,-0.01,-1,True,-1,True,239,1,0.1,0.2,8,8,-1,internal_keyed_context,2,True,,,
