step,dt_ms,n_polyps,n_alive,n_juvenile,n_adult,births_this_step,deaths_this_step,mean_trophic_health,min_trophic_health,max_trophic_health,colony_prediction,raw_dopamine,mean_directional_accuracy_ema,capital,position_size,direction_correct,n_edges,n_gap_junctions,n_ff,n_lat,n_fb,motif_message_total,ff_message_total,lat_message_total,fb_message_total,graph_context_mean_abs,graph_context_nonzero_count,macro_eligibility_trace_abs_sum,macro_eligibility_trace_nonzero_count,macro_eligibility_matured_updates,macro_eligibility_trace_mode,macro_eligibility_credit_mode,context_memory_enabled,context_memory_mode,context_memory_value,context_memory_updates,context_memory_feature_active,context_memory_feature_source,context_memory_visible_cue_sign,context_memory_raw_observation,context_memory_bound_observation,context_memory_key,context_memory_slot_count,predictive_context_enabled,predictive_context_mode,predictive_context_value,predictive_context_updates,predictive_context_feature_active,predictive_context_feature_source,predictive_context_visible_signal,predictive_context_raw_observation,predictive_context_bound_observation,predictive_context_key,predictive_context_slot_count,composition_routing_enabled,composition_routing_mode,composition_routing_feature_active,composition_routing_feature_source,composition_routing_raw_observation,composition_routing_bound_observation,composition_routing_event_type,composition_routing_phase,composition_routing_skill_a,composition_routing_skill_b,composition_routing_selected_skill,composition_routing_context,composition_routing_true_skill,composition_routing_router_correct,composition_routing_module_updates,composition_routing_router_updates,composition_routing_module_uses,composition_routing_router_uses,composition_routing_correct_route_uses,composition_routing_pre_feedback_select_steps,I_union_bits,changepoint_probability,spinnaker_wall_ms,host_compute_wall_ms,total_step_wall_ms,task,model,model_family,backend,seed,event_type,phase,trial_id,context,true_skill,heldout,first_heldout,input_sign,sensory_return_1m,target_return_1m,target_signal_horizon,target_signal_sign,target_signal_nonzero,prediction_sign,strict_direction_correct,feedback_due_step,variant,variant_group,feature_mode,raw_sensory_return_1m,router_active,selected_context,selected_skill,router_correct,module_updates,router_updates,router_uses,correct_route_uses,pre_feedback_select_steps,router_bound_observation,configured_readout_lr,configured_delayed_readout_lr,configured_initial_population,configured_max_population
0,1000.0,8,8,8,0,0,0,19.910199708645575,19.910199708645575,19.910199708645575,0.014998875101240781,0.0,0.5,1.0,0.014998875101240781,False,0,0,0,0,0,0.0,0.0,0.0,0.0,0.0,0,0.0,0,0,disabled,disabled,True,keyed,1,0,False,raw,0,0.002,0.002,default,0,True,keyed,0,0,False,raw,0,0.002,0.002,default,0,True,context_shuffle,False,raw,0.002,0.002,skill,primitive_train,,,,,identity,False,0,0,0,0,0,0,0.0,0.0,0.951499999985117,0.3897500000107357,1.4783750000333384,heldout_context_routing,internal_context_shuffle_ablation,CRA_internal,MockSimulator,43,skill,primitive_train,0,,identity,False,False,1,0.002,0.0,0.0,0,False,1,False,-1,internal_context_shuffle_ablation,internal_ablation,context_shuffle,0.002,False,,,False,0,0,0,0,0,0.002,0.1,0.2,8,8
1,1000.0,8,8,8,0,0,0,19.82084699960904,19.82084699960904,19.82084699960904,0.07485969068749909,0.0,0.49979999999999997,1.0,0.07485969068749909,False,0,0,0,0,0,0.0,0.0,0.0,0.0,0.0,0,0.0,0,0,disabled,disabled,True,keyed,1,0,False,raw,0,0.01,0.01,default,0,True,keyed,0,0,False,raw,0,0.01,0.01,default,0,True,context_shuffle,False,raw,0.01,0.01,input,primitive_train,identity,,,,identity,False,0,0,0,0,0,0,0.0,0.0,0.7948749999968641,0.34262499997339546,1.2617500000260407,heldout_context_routing,internal_context_shuffle_ablation,CRA_internal,MockSimulator,43,input,primitive_train,0,,identity,False,False,1,0.01,0.0,0.0,0,False,1,False,-1,internal_context_shuffle_ablation,internal_ablation,context_shuffle,0.01,False,,,False,0,0,0,0,0,0.01,0.1,0.2,8,8
2,1000.0,8,8,8,0,0,0,19.731939640573223,19.731939640573223,19.731939640573223,0.07485969068749909,0.6343111408558778,0.49940799999999996,1.0,0.07485969068749909,True,0,0,0,0,0,0.0,0.0,0.0,0.0,0.0,0,0.0,0,0,disabled,disabled,True,keyed,1,0,True,internal_keyed_context,1,0.01,0.01,default,0,True,keyed,0,0,False,raw,0,0.01,0.01,default,0,True,context_shuffle,False,internal_context_shuffle_composition,0.01,0.01,decision,primitive_train,identity,,identity,,identity,False,1,0,0,0,0,0,0.0,0.0,0.7937909999782278,0.3744589999996606,1.2962500000526234,heldout_context_routing,internal_context_shuffle_ablation,CRA_internal,MockSimulator,43,decision,primitive_train,0,,identity,False,False,1,0.01,0.01,0.01,1,True,1,True,2,internal_context_shuffle_ablation,internal_ablation,context_shuffle,0.01,False,,identity,False,1,0,0,0,0,0.01,0.1,0.2,8,8
3,1000.0,8,8,8,0,0,0,19.64347541035469,19.64347541035469,19.64347541035469,0.018788655493250796,0.0,0.4992317599999999,1.0,0.018788655493250796,False,0,0,0,0,0,0.0,0.0,0.0,0.0,0.0,0,0.0,0,0,disabled,disabled,True,keyed,1,0,False,raw,0,0.002,0.002,default,0,True,keyed,0,0,False,raw,0,0.002,0.002,default,0,True,context_shuffle,False,raw,0.002,0.002,skill,primitive_train,identity,,,,identity,False,1,0,0,0,0,0,0.0,0.0,0.8042090000230928,0.3409160000273914,1.2690410000004704,heldout_context_routing,internal_context_shuffle_ablation,CRA_internal,MockSimulator,43,skill,primitive_train,1,,identity,False,False,-1,0.002,0.0,0.0,0,False,1,False,-1,internal_context_shuffle_ablation,internal_ablation,context_shuffle,0.002,False,,,False,1,0,0,0,0,0.002,0.1,0.2,8,8
4,1000.0,8,8,8,0,0,0,19.555452098848193,19.555452098848193,19.555452098848193,-0.09367884888783257,-0.0,0.4988628063999999,1.0,-0.09367884888783257,False,0,0,0,0,0,0.0,0.0,0.0,0.0,0.0,0,0.0,0,0,disabled,disabled,True,keyed,1,0,False,raw,0,-0.01,-0.01,default,0,True,keyed,0,0,False,raw,0,-0.01,-0.01,default,0,True,context_shuffle,False,raw,-0.01,-0.01,input,primitive_train,identity,,,,identity,False,1,0,0,0,0,0,0.0,0.0,0.8019590000003518,0.3344159999869589,1.2624160000314077,heldout_context_routing,internal_context_shuffle_ablation,CRA_internal,MockSimulator,43,input,primitive_train,1,,identity,False,False,-1,-0.01,0.0,0.0,0,False,-1,False,-1,internal_context_shuffle_ablation,internal_ablation,context_shuffle,-0.01,False,,,False,1,0,0,0,0,-0.01,0.1,0.2,8,8
5,1000.0,8,8,8,0,0,0,19.467867506971437,19.467867506971437,19.467867506971437,-0.09367884888783257,0.73374324267062,0.4983089182399999,1.0,-0.09367884888783257,True,0,0,0,0,0,0.0,0.0,0.0,0.0,0.0,0,0.0,0,0,disabled,disabled,True,keyed,1,0,True,internal_keyed_context,-1,-0.01,-0.01,default,0,True,keyed,0,0,False,raw,0,-0.01,-0.01,default,0,True,context_shuffle,False,internal_context_shuffle_composition,-0.01,-0.01,decision,primitive_train,identity,,identity,,identity,False,2,0,0,0,0,0,0.0,0.0,0.7913329999951202,0.36891700000296623,1.2832909999929143,heldout_context_routing,internal_context_shuffle_ablation,CRA_internal,MockSimulator,43,decision,primitive_train,1,,identity,False,False,-1,-0.01,-0.01,-0.01,-1,True,-1,True,5,internal_context_shuffle_ablation,internal_ablation,context_shuffle,-0.01,False,,identity,False,2,0,0,0,0,-0.01,0.1,0.2,8,8
6,1000.0,8,8,8,0,0,0,19.380719446610097,19.380719446610097,19.380719446610097,-0.02317038762703472,-0.0,0.49797764048383986,1.0,-0.02317038762703472,False,0,0,0,0,0,0.0,0.0,0.0,0.0,0.0,0,0.0,0,0,disabled,disabled,True,keyed,1,0,False,raw,0,-0.002,-0.002,default,0,True,keyed,0,0,False,raw,0,-0.002,-0.002,default,0,True,context_shuffle,False,raw,-0.002,-0.002,skill,primitive_train,identity,,,,invert,False,2,0,0,0,0,0,0.0,0.0,0.8656669999709266,0.4084999999918182,1.3967909999905714,heldout_context_routing,internal_context_shuffle_ablation,CRA_internal,MockSimulator,43,skill,primitive_train,2,,invert,False,False,1,-0.002,0.0,0.0,0,False,-1,False,-1,internal_context_shuffle_ablation,internal_ablation,context_shuffle,-0.002,False,,,False,2,0,0,0,0,-0.002,0.1,0.2,8,8
7,1000.0,8,8,8,0,0,0,19.29400574056311,19.29400574056311,19.29400574056311,0.11535685994737423,0.0,0.49746029027063027,1.0,0.11535685994737423,False,0,0,0,0,0,0.0,0.0,0.0,0.0,0.0,0,0.0,0,0,disabled,disabled,True,keyed,1,0,False,raw,0,0.01,0.01,default,0,True,keyed,0,0,False,raw,0,0.01,0.01,default,0,True,context_shuffle,False,raw,0.01,0.01,input,primitive_train,invert,,,,invert,False,2,0,0,0,0,0,0.0,0.0,0.815665999994053,0.3517089999718337,1.2983329999656235,heldout_context_routing,internal_context_shuffle_ablation,CRA_internal,MockSimulator,43,input,primitive_train,2,,invert,False,False,1,0.01,0.0,0.0,0,False,1,False,-1,internal_context_shuffle_ablation,internal_ablation,context_shuffle,0.01,False,,,False,2,0,0,0,0,0.01,0.1,0.2,8,8
8,1000.0,8,8,8,0,0,0,19.207724222488253,19.207724222488253,19.207724222488253,0.11535685994737421,-0.8189328325343178,0.49676444300975553,1.0,0.11535685994737421,False,0,0,0,0,0,0.0,0.0,0.0,0.0,0.0,0,0.0,0,0,disabled,disabled,True,keyed,1,0,True,internal_keyed_context,1,0.01,0.01,default,0,True,keyed,0,0,False,raw,0,0.01,0.01,default,0,True,context_shuffle,False,internal_context_shuffle_composition,0.01,0.01,decision,primitive_train,invert,,invert,,invert,False,3,0,0,0,0,0,0.0,0.0,0.813499999992473,0.3770000000145046,1.3141250000217042,heldout_context_routing,internal_context_shuffle_ablation,CRA_internal,MockSimulator,43,decision,primitive_train,2,,invert,False,False,1,0.01,-0.01,-0.01,-1,True,1,False,8,internal_context_shuffle_ablation,internal_ablation,context_shuffle,0.01,False,,invert,False,3,0,0,0,0,0.01,0.1,0.2,8,8
9,1000.0,8,8,8,0,0,0,19.121872736847966,19.121872736847966,19.121872736847966,-0.008410371604121041,-0.0,0.4958974455232075,1.0,-0.008410371604121041,False,0,0,0,0,0,0.0,0.0,0.0,0.0,0.0,0,0.0,0,0,disabled,disabled,True,keyed,1,0,False,raw,0,-0.002,-0.002,default,0,True,keyed,0,0,False,raw,0,-0.002,-0.002,default,0,True,context_shuffle,False,raw,-0.002,-0.002,skill,primitive_train,invert,,,,invert,False,3,0,0,0,0,0,0.0,0.0,0.7935829999610178,0.5779170000437261,1.4984580000145797,heldout_context_routing,internal_context_shuffle_ablation,CRA_internal,MockSimulator,43,skill,primitive_train,3,,invert,False,False,-1,-0.002,0.0,0.0,0,False,-1,False,-1,internal_context_shuffle_ablation,internal_ablation,context_shuffle,-0.002,False,,,False,3,0,0,0,0,-0.002,0.1,0.2,8,8
10,1000.0,8,8,8,0,0,0,19.036449138855495,19.036449138855495,19.036449138855495,-0.042028077745181254,-0.0,0.4948664221589175,1.0,-0.042028077745181254,False,0,0,0,0,0,0.0,0.0,0.0,0.0,0.0,0,0.0,0,0,disabled,disabled,True,keyed,1,0,False,raw,0,-0.01,-0.01,default,0,True,keyed,0,0,False,raw,0,-0.01,-0.01,default,0,True,context_shuffle,False,raw,-0.01,-0.01,input,primitive_train,invert,,,,invert,False,3,0,0,0,0,0,0.0,0.0,0.8005409999896074,0.5253749999951651,1.4496249999638167,heldout_context_routing,internal_context_shuffle_ablation,CRA_internal,MockSimulator,43,input,primitive_train,3,,invert,False,False,-1,-0.01,0.0,0.0,0,False,-1,False,-1,internal_context_shuffle_ablation,internal_ablation,context_shuffle,-0.01,False,,,False,3,0,0,0,0,-0.01,0.1,0.2,8,8
11,1000.0,8,8,8,0,0,0,18.95145129442124,18.95145129442124,18.95145129442124,-0.042028077745181254,-0.39716694554598914,0.49367828075098985,1.0,-0.042028077745181254,False,0,0,0,0,0,0.0,0.0,0.0,0.0,0.0,0,0.0,0,0,disabled,disabled,True,keyed,1,0,True,internal_keyed_context,-1,-0.01,-0.01,default,0,True,keyed,0,0,False,raw,0,-0.01,-0.01,default,0,True,context_shuffle,False,internal_context_shuffle_composition,-0.01,-0.01,decision,primitive_train,invert,,invert,,invert,False,4,0,0,0,0,0,0.0,0.0,0.7927080000058595,0.5609169999729602,1.4770829999974922,heldout_context_routing,internal_context_shuffle_ablation,CRA_internal,MockSimulator,43,decision,primitive_train,3,,invert,False,False,-1,-0.01,0.01,0.01,1,True,-1,False,11,internal_context_shuffle_ablation,internal_ablation,context_shuffle,-0.01,False,,invert,False,4,0,0,0,0,-0.01,0.1,0.2,8,8
12,1000.0,8,8,8,0,0,0,18.866877080099428,18.866877080099428,18.866877080099428,0.003446160747355726,0.0,0.4923397184305157,1.0,0.003446160747355726,False,0,0,0,0,0,0.0,0.0,0.0,0.0,0.0,0,0.0,0,0,disabled,disabled,True,keyed,1,0,False,raw,0,0.0055000000000000005,0.0055000000000000005,default,0,True,keyed,0,0,False,raw,0,0.0055000000000000005,0.0055000000000000005,default,0,True,context_shuffle,False,raw,0.0055000000000000005,0.0055000000000000005,skill,primitive_train,invert,,,,set_plus,False,4,0,0,0,0,0,0.0,0.0,0.790708000010909,0.5366249999951833,1.4514169999984006,heldout_context_routing,internal_context_shuffle_ablation,CRA_internal,MockSimulator,43,skill,primitive_train,4,,set_plus,False,False,1,0.0055000000000000005,0.0,0.0,0,False,1,False,-1,internal_context_shuffle_ablation,internal_ablation,context_shuffle,0.0055000000000000005,False,,,False,4,0,0,0,0,0.0055000000000000005,0.1,0.2,8,8
13,1000.0,8,8,8,0,0,0,18.782724383035006,18.782724383035006,18.782724383035006,0.006265689621048322,0.0,0.49085722729056014,1.0,0.006265689621048322,False,0,0,0,0,0,0.0,0.0,0.0,0.0,0.0,0,0.0,0,0,disabled,disabled,True,keyed,1,0,False,raw,0,0.01,0.01,default,0,True,keyed,0,0,False,raw,0,0.01,0.01,default,0,True,context_shuffle,False,raw,0.01,0.01,input,primitive_train,set_plus,,,,set_plus,False,4,0,0,0,0,0,0.0,0.0,0.7878750000145374,0.5378750000204491,1.4479999999821302,heldout_context_routing,internal_context_shuffle_ablation,CRA_internal,MockSimulator,43,input,primitive_train,4,,set_plus,False,False,1,0.01,0.0,0.0,0,False,1,False,-1,internal_context_shuffle_ablation,internal_ablation,context_shuffle,0.01,False,,,False,4,0,0,0,0,0.01,0.1,0.2,8,8
14,1000.0,8,8,8,0,0,0,18.69899110091084,18.69899110091084,18.69899110091084,0.006265689621048322,0.06257503014287155,0.4892370999088306,1.0,0.006265689621048322,True,0,0,0,0,0,0.0,0.0,0.0,0.0,0.0,0,0.0,0,0,disabled,disabled,True,keyed,1,0,True,internal_keyed_context,1,0.01,0.01,default,0,True,keyed,0,0,False,raw,0,0.01,0.01,default,0,True,context_shuffle,False,internal_context_shuffle_composition,0.01,0.01,decision,primitive_train,set_plus,,set_plus,,set_plus,False,5,0,0,0,0,0,0.0,0.0,0.813124999979209,0.5842499999744177,1.5222079999830385,heldout_context_routing,internal_context_shuffle_ablation,CRA_internal,MockSimulator,43,decision,primitive_train,4,,set_plus,False,False,1,0.01,0.01,0.01,1,True,1,True,14,internal_context_shuffle_ablation,internal_ablation,context_shuffle,0.01,False,,set_plus,False,5,0,0,0,0,0.01,0.1,0.2,8,8
15,1000.0,8,8,8,0,0,0,18.615675141895135,18.615675141895135,18.615675141895135,0.004475186337001804,0.0,0.48788543473145396,1.0,0.004475186337001804,False,0,0,0,0,0,0.0,0.0,0.0,0.0,0.0,0,0.0,0,0,disabled,disabled,True,keyed,1,0,False,raw,0,0.0055000000000000005,0.0055000000000000005,default,0,True,keyed,0,0,False,raw,0,0.0055000000000000005,0.0055000000000000005,default,0,True,context_shuffle,False,raw,0.0055000000000000005,0.0055000000000000005,skill,primitive_train,set_plus,,,,set_plus,False,5,0,0,0,0,0,0.0,0.0,0.7935410000072807,0.5598340000005919,1.4764579999564376,heldout_context_routing,internal_context_shuffle_ablation,CRA_internal,MockSimulator,43,skill,primitive_train,5,,set_plus,False,False,-1,0.0055000000000000005,0.0,0.0,0,False,1,False,-1,internal_context_shuffle_ablation,internal_ablation,context_shuffle,0.0055000000000000005,False,,,False,5,0,0,0,0,0.0055000000000000005,0.1,0.2,8,8
16,1000.0,8,8,8,0,0,0,18.532774424589157,18.532774424589157,18.532774424589157,-0.008136577185457145,-0.0,0.4863921413212089,1.0,-0.008136577185457145,False,0,0,0,0,0,0.0,0.0,0.0,0.0,0.0,0,0.0,0,0,disabled,disabled,True,keyed,1,0,False,raw,0,-0.01,-0.01,default,0,True,keyed,0,0,False,raw,0,-0.01,-0.01,default,0,True,context_shuffle,False,raw,-0.01,-0.01,input,primitive_train,set_plus,,,,set_plus,False,5,0,0,0,0,0,0.0,0.0,0.7896669999922779,0.68166599999131,1.5948749999665779,heldout_context_routing,internal_context_shuffle_ablation,CRA_internal,MockSimulator,43,input,primitive_train,5,,set_plus,False,False,-1,-0.01,0.0,0.0,0,False,-1,False,-1,internal_context_shuffle_ablation,internal_ablation,context_shuffle,-0.01,False,,,False,5,0,0,0,0,-0.01,0.1,0.2,8,8
17,1000.0,8,8,8,0,0,0,18.450286877975188,18.450286877975188,18.450286877975188,-0.008136577185457145,-0.08118668839810805,0.48476342547348106,1.0,-0.008136577185457145,False,0,0,0,0,0,0.0,0.0,0.0,0.0,0.0,0,0.0,0,0,disabled,disabled,True,keyed,1,0,True,internal_keyed_context,-1,-0.01,-0.01,default,0,True,keyed,0,0,False,raw,0,-0.01,-0.01,default,0,True,context_shuffle,False,internal_context_shuffle_composition,-0.01,-0.01,decision,primitive_train,set_plus,,set_plus,,set_plus,False,6,0,0,0,0,0,0.0,0.0,0.8356660000004013,0.6780840000146782,1.6477910000389784,heldout_context_routing,internal_context_shuffle_ablation,CRA_internal,MockSimulator,43,decision,primitive_train,5,,set_plus,False,False,-1,-0.01,0.01,0.01,1,True,-1,False,17,internal_context_shuffle_ablation,internal_ablation,context_shuffle,-0.01,False,,set_plus,False,6,0,0,0,0,-0.01,0.1,0.2,8,8
18,1000.0,8,8,8,0,0,0,18.368210441364756,18.368210441364756,18.368210441364756,-0.0004519998899489817,-0.0,0.48300530140313386,1.0,-0.0004519998899489817,False,0,0,0,0,0,0.0,0.0,0.0,0.0,0.0,0,0.0,0,0,disabled,disabled,True,keyed,1,0,False,raw,0,-0.0055000000000000005,-0.0055000000000000005,default,0,True,keyed,0,0,False,raw,0,-0.0055000000000000005,-0.0055000000000000005,default,0,True,context_shuffle,False,raw,-0.0055000000000000005,-0.0055000000000000005,skill,primitive_train,set_plus,,,,set_minus,False,6,0,0,0,0,0,0.0,0.0,0.7976250000183427,0.5983340000170756,1.523041000041303,heldout_context_routing,internal_context_shuffle_ablation,CRA_internal,MockSimulator,43,skill,primitive_train,6,,set_minus,False,False,1,-0.0055000000000000005,0.0,0.0,0,False,-1,False,-1,internal_context_shuffle_ablation,internal_ablation,context_shuffle,-0.0055000000000000005,False,,,False,6,0,0,0,0,-0.0055000000000000005,0.1,0.2,8,8
19,1000.0,8,8,8,0,0,0,18.28654306434712,18.28654306434712,18.28654306434712,0.000821817852677857,0.0,0.4811235969254112,1.0,0.000821817852677857,False,0,0,0,0,0,0.0,0.0,0.0,0.0,0.0,0,0.0,0,0,disabled,disabled,True,keyed,1,0,False,raw,0,0.01,0.01,default,0,True,keyed,0,0,False,raw,0,0.01,0.01,default,0,True,context_shuffle,False,raw,0.01,0.01,input,primitive_train,set_minus,,,,set_minus,False,6,0,0,0,0,0,0.0,0.0,0.7979169999998703,0.6011670000134473,1.522458000010829,heldout_context_routing,internal_context_shuffle_ablation,CRA_internal,MockSimulator,43,input,primitive_train,6,,set_minus,False,False,1,0.01,0.0,0.0,0,False,1,False,-1,internal_context_shuffle_ablation,internal_ablation,context_shuffle,0.01,False,,,False,6,0,0,0,0,0.01,0.1,0.2,8,8
20,1000.0,8,8,8,0,0,0,18.205282706737997,18.205282706737997,18.205282706737997,0.0008218178526778569,-0.00821799351740743,0.4791239585062361,1.0,0.0008218178526778569,False,0,0,0,0,0,0.0,0.0,0.0,0.0,0.0,0,0.0,0,0,disabled,disabled,True,keyed,1,0,True,internal_keyed_context,1,0.01,0.01,default,0,True,keyed,0,0,False,raw,0,0.01,0.01,default,0,True,context_shuffle,False,internal_context_shuffle_composition,0.01,0.01,decision,primitive_train,set_minus,,set_minus,,set_minus,False,7,0,0,0,0,0,0.0,0.0,0.7986250000158179,0.6406250000168257,1.5622500000063155,heldout_context_routing,internal_context_shuffle_ablation,CRA_internal,MockSimulator,43,decision,primitive_train,6,,set_minus,False,False,1,0.01,-0.01,-0.01,-1,True,1,False,20,internal_context_shuffle_ablation,internal_ablation,context_shuffle,0.01,False,,set_minus,False,7,0,0,0,0,0.01,0.1,0.2,8,8
21,1000.0,8,8,8,0,0,0,18.124427338528566,18.124427338528566,18.124427338528566,-4.4757241668481056e-05,-0.0,0.4770118561850579,1.0,-4.4757241668481056e-05,False,0,0,0,0,0,0.0,0.0,0.0,0.0,0.0,0,0.0,0,0,disabled,disabled,True,keyed,1,0,False,raw,0,-0.0055000000000000005,-0.0055000000000000005,default,0,True,keyed,0,0,False,raw,0,-0.0055000000000000005,-0.0055000000000000005,default,0,True,context_shuffle,False,raw,-0.0055000000000000005,-0.0055000000000000005,skill,primitive_train,set_minus,,,,set_minus,False,7,0,0,0,0,0,0.0,0.0,0.7954170000061822,0.6119999999896208,1.5311660000065785,heldout_context_routing,internal_context_shuffle_ablation,CRA_internal,MockSimulator,43,skill,primitive_train,7,,set_minus,False,False,-1,-0.0055000000000000005,0.0,0.0,0,False,-1,False,-1,internal_context_shuffle_ablation,internal_ablation,context_shuffle,-0.0055000000000000005,False,,,False,7,0,0,0,0,-0.0055000000000000005,0.1,0.2,8,8
22,1000.0,8,8,8,0,0,0,18.04397493983472,18.04397493983472,18.04397493983472,-8.13768029083095e-05,-0.0,0.47479258837332433,1.0,-8.13768029083095e-05,False,0,0,0,0,0,0.0,0.0,0.0,0.0,0.0,0,0.0,0,0,disabled,disabled,True,keyed,1,0,False,raw,0,-0.01,-0.01,default,0,True,keyed,0,0,False,raw,0,-0.01,-0.01,default,0,True,context_shuffle,False,raw,-0.01,-0.01,input,primitive_train,set_minus,,,,set_minus,False,7,0,0,0,0,0,0.0,0.0,0.7919590000255994,0.621040999988054,1.5354579999780071,heldout_context_routing,internal_context_shuffle_ablation,CRA_internal,MockSimulator,43,input,primitive_train,7,,set_minus,False,False,-1,-0.01,0.0,0.0,0,False,-1,False,-1,internal_context_shuffle_ablation,internal_ablation,context_shuffle,-0.01,False,,,False,7,0,0,0,0,-0.01,0.1,0.2,8,8
23,1000.0,8,8,8,0,0,0,17.963923500846562,17.963923500846562,17.963923500846562,-8.137680290830949e-05,0.0008137678494524204,0.4724712865315861,1.0,-8.137680290830949e-05,True,0,0,0,0,0,0.0,0.0,0.0,0.0,0.0,0,0.0,0,0,disabled,disabled,True,keyed,1,0,True,internal_keyed_context,-1,-0.01,-0.01,default,0,True,keyed,0,0,False,raw,0,-0.01,-0.01,default,0,True,context_shuffle,False,internal_context_shuffle_composition,-0.01,-0.01,decision,primitive_train,set_minus,,set_minus,,set_minus,False,8,0,0,0,0,0,0.0,0.0,0.7967910000274969,0.6597500000111722,1.5793330000519745,heldout_context_routing,internal_context_shuffle_ablation,CRA_internal,MockSimulator,43,decision,primitive_train,7,,set_minus,False,False,-1,-0.01,-0.01,-0.01,-1,True,-1,True,23,internal_context_shuffle_ablation,internal_ablation,context_shuffle,-0.01,False,,set_minus,False,8,0,0,0,0,-0.01,0.1,0.2,8,8
24,1000.0,8,8,8,0,0,0,17.88427102177817,17.88427102177817,17.88427102177817,2.1141692350535067e-05,0.0,0.470452919728168,1.0,2.1141692350535067e-05,False,0,0,0,0,0,0.0,0.0,0.0,0.0,0.0,0,0.0,0,0,disabled,disabled,True,keyed,1,0,False,raw,0,0.002,0.002,default,0,True,keyed,0,0,False,raw,0,0.002,0.002,default,0,True,context_shuffle,False,raw,0.002,0.002,skill,primitive_train,set_minus,,,,identity,False,8,0,0,0,0,0,0.0,0.0,0.7984580000197639,0.6408749999877728,1.5634169999998448,heldout_context_routing,internal_context_shuffle_ablation,CRA_internal,MockSimulator,43,skill,primitive_train,8,,identity,False,False,1,0.002,0.0,0.0,0,False,1,False,-1,internal_context_shuffle_ablation,internal_ablation,context_shuffle,0.002,False,,,False,8,0,0,0,0,0.002,0.1,0.2,8,8
25,1000.0,8,8,8,0,0,0,17.80501551281759,17.80501551281759,17.80501551281759,0.0001057084613746863,0.0,0.468326299082274,1.0,0.0001057084613746863,False,0,0,0,0,0,0.0,0.0,0.0,0.0,0.0,0,0.0,0,0,disabled,disabled,True,keyed,1,0,False,raw,0,0.01,0.01,default,0,True,keyed,0,0,False,raw,0,0.01,0.01,default,0,True,context_shuffle,False,raw,0.01,0.01,input,primitive_train,identity,,,,identity,False,8,0,0,0,0,0,0.0,0.0,0.8053750000271975,0.6430000000250402,1.5714580000008027,heldout_context_routing,internal_context_shuffle_ablation,CRA_internal,MockSimulator,43,input,primitive_train,8,,identity,False,False,1,0.01,0.0,0.0,0,False,1,False,-1,internal_context_shuffle_ablation,internal_ablation,context_shuffle,0.01,False,,,False,8,0,0,0,0,0.01,0.1,0.2,8,8
26,1000.0,8,8,8,0,0,0,17.7261549940771,17.7261549940771,17.7261549940771,0.6420149920119997,0.9999946965622277,0.46609656209432454,1.0,0.6420149920119997,True,0,0,0,0,0,0.0,0.0,0.0,0.0,0.0,0,0.0,0,0,disabled,disabled,True,keyed,1,0,True,internal_keyed_context,1,0.01,0.01,default,0,True,keyed,0,0,False,raw,0,0.01,0.01,default,0,True,context_shuffle,True,internal_context_shuffle_composition,0.01,0.01,decision,primitive_train,identity,,identity,,identity,False,9,0,0,0,0,0,0.0,0.0,0.8518750000234832,0.8472920000031081,1.8222080000214191,heldout_context_routing,internal_context_shuffle_ablation,CRA_internal,MockSimulator,43,decision,primitive_train,8,,identity,False,False,1,0.01,0.01,0.01,1,True,1,True,26,internal_context_shuffle_ablation,internal_ablation,context_shuffle,0.01,False,,identity,False,9,0,0,0,0,0.01,0.1,0.2,8,8
27,1000.0,8,8,8,0,0,0,17.647687495543703,17.647687495543703,17.647687495543703,0.006021015969224016,0.0,0.4641686840662601,1.0,0.006021015969224016,False,0,0,0,0,0,0.0,0.0,0.0,0.0,0.0,0,0.0,0,0,disabled,disabled,True,keyed,1,0,False,raw,0,0.002,0.002,default,0,True,keyed,0,0,False,raw,0,0.002,0.002,default,0,True,context_shuffle,False,raw,0.002,0.002,skill,primitive_train,identity,,,,identity,False,9,0,0,0,0,0,0.0,0.0,0.809250000031625,0.6791249999764659,1.6168330000141395,heldout_context_routing,internal_context_shuffle_ablation,CRA_internal,MockSimulator,43,skill,primitive_train,9,,identity,False,False,-1,0.002,0.0,0.0,0,False,1,False,-1,internal_context_shuffle_ablation,internal_ablation,context_shuffle,0.002,False,,,False,9,0,0,0,0,0.002,0.1,0.2,8,8
28,1000.0,8,8,8,0,0,0,17.569611057029892,17.569611057029892,17.569611057029892,-0.030096351713078694,-0.0,0.46213148253448055,1.0,-0.030096351713078694,False,0,0,0,0,0,0.0,0.0,0.0,0.0,0.0,0,0.0,0,0,disabled,disabled,True,keyed,1,0,False,raw,0,-0.01,-0.01,default,0,True,keyed,0,0,False,raw,0,-0.01,-0.01,default,0,True,context_shuffle,False,raw,-0.01,-0.01,input,primitive_train,identity,,,,identity,False,9,0,0,0,0,0,0.0,0.0,0.7914159999700132,0.6718340000020362,1.587124999957723,heldout_context_routing,internal_context_shuffle_ablation,CRA_internal,MockSimulator,43,input,primitive_train,9,,identity,False,False,-1,-0.01,0.0,0.0,0,False,-1,False,-1,internal_context_shuffle_ablation,internal_ablation,context_shuffle,-0.01,False,,,False,9,0,0,0,0,-0.01,0.1,0.2,8,8
29,1000.0,8,8,8,0,0,0,17.49192372812463,17.49192372812463,17.49192372812463,-0.6420149920119997,0.9999946965622277,0.45999010159034565,1.0,-0.6420149920119997,True,0,0,0,0,0,0.0,0.0,0.0,0.0,0.0,0,0.0,0,0,disabled,disabled,True,keyed,1,0,True,internal_keyed_context,-1,-0.01,-0.01,default,0,True,keyed,0,0,False,raw,0,-0.01,-0.01,default,0,True,context_shuffle,True,internal_context_shuffle_composition,-0.01,-0.01,decision,primitive_train,identity,,identity,,identity,False,10,0,0,0,0,0,0.0,0.0,0.7950840000034987,0.7083749999878819,1.6269590000206335,heldout_context_routing,internal_context_shuffle_ablation,CRA_internal,MockSimulator,43,decision,primitive_train,9,,identity,False,False,-1,-0.01,-0.01,-0.01,-1,True,-1,True,29,internal_context_shuffle_ablation,internal_ablation,context_shuffle,-0.01,False,,identity,False,10,0,0,0,0,-0.01,0.1,0.2,8,8
30,1000.0,8,8,8,0,0,0,17.41462356814459,17.41462356814459,17.41462356814459,-0.012014457686189833,-0.0,0.45814952329096237,1.0,-0.012014457686189833,False,0,0,0,0,0,0.0,0.0,0.0,0.0,0.0,0,0.0,0,0,disabled,disabled,True,keyed,1,0,False,raw,0,-0.002,-0.002,default,0,True,keyed,0,0,False,raw,0,-0.002,-0.002,default,0,True,context_shuffle,False,raw,-0.002,-0.002,skill,primitive_train,identity,,,,invert,False,10,0,0,0,0,0,0.0,0.0,0.7952500000101281,0.67754200000536,1.6079579999654925,heldout_context_routing,internal_context_shuffle_ablation,CRA_internal,MockSimulator,43,skill,primitive_train,10,,invert,False,False,1,-0.002,0.0,0.0,0,False,-1,False,-1,internal_context_shuffle_ablation,internal_ablation,context_shuffle,-0.002,False,,,False,10,0,0,0,0,-0.002,0.1,0.2,8,8
31,1000.0,8,8,8,0,0,0,17.337708646085655,17.337708646085655,17.337708646085655,0.06000301229835561,0.0,0.45619857208291825,1.0,0.06000301229835561,False,0,0,0,0,0,0.0,0.0,0.0,0.0,0.0,0,0.0,0,0,disabled,disabled,True,keyed,1,0,False,raw,0,0.01,0.01,default,0,True,keyed,0,0,False,raw,0,0.01,0.01,default,0,True,context_shuffle,False,raw,0.01,0.01,input,primitive_train,invert,,,,invert,False,10,0,0,0,0,0,0.0,0.0,0.7945830000153364,0.6805840000083663,1.5992500000265863,heldout_context_routing,internal_context_shuffle_ablation,CRA_internal,MockSimulator,43,input,primitive_train,10,,invert,False,False,1,0.01,0.0,0.0,0,False,1,False,-1,internal_context_shuffle_ablation,internal_ablation,context_shuffle,0.01,False,,,False,10,0,0,0,0,0.01,0.1,0.2,8,8
32,1000.0,8,8,8,0,0,0,17.261177040574623,17.261177040574623,17.261177040574623,-0.6420149920119997,0.9999946965622277,0.4541423991138795,1.0,-0.6420149920119997,True,0,0,0,0,0,0.0,0.0,0.0,0.0,0.0,0,0.0,0,0,disabled,disabled,True,keyed,1,0,True,internal_keyed_context,1,0.01,0.01,default,0,True,keyed,0,0,False,raw,0,0.01,0.01,default,0,True,context_shuffle,True,internal_context_shuffle_composition,0.01,-0.01,decision,primitive_train,invert,,invert,,invert,False,11,0,0,0,0,0,0.0,0.0,0.7922909999820149,0.7345839999857162,1.6522499999496176,heldout_context_routing,internal_context_shuffle_ablation,CRA_internal,MockSimulator,43,decision,primitive_train,10,,invert,False,False,1,0.01,-0.01,-0.01,-1,True,-1,True,32,internal_context_shuffle_ablation,internal_ablation,context_shuffle,0.01,False,,invert,False,11,0,0,0,0,-0.01,0.1,0.2,8,8
33,1000.0,8,8,8,0,0,0,17.18502683982118,17.18502683982118,17.18502683982118,-0.01800104424776406,-0.0,0.45238599363476917,1.0,-0.01800104424776406,False,0,0,0,0,0,0.0,0.0,0.0,0.0,0.0,0,0.0,0,0,disabled,disabled,True,keyed,1,0,False,raw,0,-0.002,-0.002,default,0,True,keyed,0,0,False,raw,0,-0.002,-0.002,default,0,True,context_shuffle,False,raw,-0.002,-0.002,skill,primitive_train,invert,,,,invert,False,11,0,0,0,0,0,0.0,0.0,0.7976659999826552,0.7125840000412609,1.6337499999963256,heldout_context_routing,internal_context_shuffle_ablation,CRA_internal,MockSimulator,43,skill,primitive_train,11,,invert,False,False,-1,-0.002,0.0,0.0,0,False,-1,False,-1,internal_context_shuffle_ablation,internal_ablation,context_shuffle,-0.002,False,,,False,11,0,0,0,0,-0.002,0.1,0.2,8,8
34,1000.0,8,8,8,0,0,0,17.10925614157011,17.10925614157011,17.10925614157011,-0.08977260914607427,-0.0,0.4505181874151777,1.0,-0.08977260914607427,False,0,0,0,0,0,0.0,0.0,0.0,0.0,0.0,0,0.0,0,0,disabled,disabled,True,keyed,1,0,False,raw,0,-0.01,-0.01,default,0,True,keyed,0,0,False,raw,0,-0.01,-0.01,default,0,True,context_shuffle,False,raw,-0.01,-0.01,input,primitive_train,invert,,,,invert,False,11,0,0,0,0,0,0.0,0.0,0.7935840000072858,0.7210410000197953,1.637082999991435,heldout_context_routing,internal_context_shuffle_ablation,CRA_internal,MockSimulator,43,input,primitive_train,11,,invert,False,False,-1,-0.01,0.0,0.0,0,False,-1,False,-1,internal_context_shuffle_ablation,internal_ablation,context_shuffle,-0.01,False,,,False,11,0,0,0,0,-0.01,0.1,0.2,8,8
35,1000.0,8,8,8,0,0,0,17.03386305305373,17.03386305305373,17.03386305305373,0.6420149920119997,0.9999946965622277,0.448544139046916,1.0,0.6420149920119997,True,0,0,0,0,0,0.0,0.0,0.0,0.0,0.0,0,0.0,0,0,disabled,disabled,True,keyed,1,0,True,internal_keyed_context,-1,-0.01,-0.01,default,0,True,keyed,0,0,False,raw,0,-0.01,-0.01,default,0,True,context_shuffle,True,internal_context_shuffle_composition,-0.01,0.01,decision,primitive_train,invert,,invert,,invert,False,12,0,0,0,0,0,0.0,0.0,0.7912920000308077,0.8256659999688054,1.7389999999863903,heldout_context_routing,internal_context_shuffle_ablation,CRA_internal,MockSimulator,43,decision,primitive_train,11,,invert,False,False,-1,-0.01,0.01,0.01,1,True,1,True,35,internal_context_shuffle_ablation,internal_ablation,context_shuffle,-0.01,False,,invert,False,12,0,0,0,0,0.01,0.1,0.2,8,8
36,1000.0,8,8,8,0,0,0,16.958845690944578,16.958845690944578,16.958845690944578,0.0658631382088066,0.0,0.44686884533841864,1.0,0.0658631382088066,False,0,0,0,0,0,0.0,0.0,0.0,0.0,0.0,0,0.0,0,0,disabled,disabled,True,keyed,1,0,False,raw,0,0.0055000000000000005,0.0055000000000000005,default,0,True,keyed,0,0,False,raw,0,0.0055000000000000005,0.0055000000000000005,default,0,True,context_shuffle,False,raw,0.0055000000000000005,0.0055000000000000005,skill,primitive_train,invert,,,,set_plus,False,12,0,0,0,0,0,0.0,0.0,0.849291000008634,0.765084000022398,1.7426250000198706,heldout_context_routing,internal_context_shuffle_ablation,CRA_internal,MockSimulator,43,skill,primitive_train,12,,set_plus,False,False,1,0.0055000000000000005,0.0,0.0,0,False,1,False,-1,internal_context_shuffle_ablation,internal_ablation,context_shuffle,0.0055000000000000005,False,,,False,12,0,0,0,0,0.0055000000000000005,0.1,0.2,8,8
37,1000.0,8,8,8,0,0,0,16.88420218130833,16.88420218130833,16.88420218130833,0.1193531416268749,0.0,0.44508114572264246,1.0,0.1193531416268749,False,0,0,0,0,0,0.0,0.0,0.0,0.0,0.0,0,0.0,0,0,disabled,disabled,True,keyed,1,0,False,raw,0,0.01,0.01,default,0,True,keyed,0,0,False,raw,0,0.01,0.01,default,0,True,context_shuffle,False,raw,0.01,0.01,input,primitive_train,set_plus,,,,set_plus,False,12,0,0,0,0,0,0.0,0.0,0.7977920000143968,0.7321670000237646,1.6535000000317268,heldout_context_routing,internal_context_shuffle_ablation,CRA_internal,MockSimulator,43,input,primitive_train,12,,set_plus,False,False,1,0.01,0.0,0.0,0,False,1,False,-1,internal_context_shuffle_ablation,internal_ablation,context_shuffle,0.01,False,,,False,12,0,0,0,0,0.01,0.1,0.2,8,8
38,1000.0,8,8,8,0,0,0,16.809930659556937,16.809930659556937,16.809930659556937,0.6420149920119997,0.9999946965622277,0.44318620655336194,1.0,0.6420149920119997,True,0,0,0,0,0,0.0,0.0,0.0,0.0,0.0,0,0.0,0,0,disabled,disabled,True,keyed,1,0,True,internal_keyed_context,1,0.01,0.01,default,0,True,keyed,0,0,False,raw,0,0.01,0.01,default,0,True,context_shuffle,True,internal_context_shuffle_composition,0.01,0.01,decision,primitive_train,set_plus,,set_plus,,set_plus,False,13,0,0,0,0,0,0.0,0.0,0.7890830000292226,0.7765419999827827,1.6888339999923119,heldout_context_routing,internal_context_shuffle_ablation,CRA_internal,MockSimulator,43,decision,primitive_train,12,,set_plus,False,False,1,0.01,0.01,0.01,1,True,1,True,38,internal_context_shuffle_ablation,internal_ablation,context_shuffle,0.01,False,,set_plus,False,13,0,0,0,0,0.01,0.1,0.2,8,8
39,1000.0,8,8,8,0,0,0,16.73602927040203,16.73602927040203,16.73602927040203,0.08220664098962482,0.0,0.4415890324925636,1.0,0.08220664098962482,False,0,0,0,0,0,0.0,0.0,0.0,0.0,0.0,0,0.0,0,0,disabled,disabled,True,keyed,1,0,False,raw,0,0.0055000000000000005,0.0055000000000000005,default,0,True,keyed,0,0,False,raw,0,0.0055000000000000005,0.0055000000000000005,default,0,True,context_shuffle,False,raw,0.0055000000000000005,0.0055000000000000005,skill,primitive_train,set_plus,,,,set_plus,False,13,0,0,0,0,0,0.0,0.0,0.8090000000038344,0.7414579999931448,1.6723329999877024,heldout_context_routing,internal_context_shuffle_ablation,CRA_internal,MockSimulator,43,skill,primitive_train,13,,set_plus,False,False,-1,0.0055000000000000005,0.0,0.0,0,False,1,False,-1,internal_context_shuffle_ablation,internal_ablation,context_shuffle,0.0055000000000000005,False,,,False,13,0,0,0,0,0.0055000000000000005,0.1,0.2,8,8
40,1000.0,8,8,8,0,0,0,16.662496167808534,16.662496167808534,16.662496167808534,-0.14869404442853423,-0.0,0.4398784709115758,1.0,-0.14869404442853423,False,0,0,0,0,0,0.0,0.0,0.0,0.0,0.0,0,0.0,0,0,disabled,disabled,True,keyed,1,0,False,raw,0,-0.01,-0.01,default,0,True,keyed,0,0,False,raw,0,-0.01,-0.01,default,0,True,context_shuffle,False,raw,-0.01,-0.01,input,primitive_train,set_plus,,,,set_plus,False,13,0,0,0,0,0,0.0,0.0,0.7870830000342721,0.7451249999803622,1.6544999999723586,heldout_context_routing,internal_context_shuffle_ablation,CRA_internal,MockSimulator,43,input,primitive_train,13,,set_plus,False,False,-1,-0.01,0.0,0.0,0,False,-1,False,-1,internal_context_shuffle_ablation,internal_ablation,context_shuffle,-0.01,False,,,False,13,0,0,0,0,-0.01,0.1,0.2,8,8
41,1000.0,8,8,8,0,0,0,16.5893295149485,16.5893295149485,16.5893295149485,0.6420149920119997,0.9999946965622277,0.4380596961808305,1.0,0.6420149920119997,True,0,0,0,0,0,0.0,0.0,0.0,0.0,0.0,0,0.0,0,0,disabled,disabled,True,keyed,1,0,True,internal_keyed_context,-1,-0.01,-0.01,default,0,True,keyed,0,0,False,raw,0,-0.01,-0.01,default,0,True,context_shuffle,True,internal_context_shuffle_composition,-0.01,0.01,decision,primitive_train,set_plus,,set_plus,,set_plus,False,14,0,0,0,0,0,0.0,0.0,0.7939169999531259,0.7935830000178612,1.710249999973712,heldout_context_routing,internal_context_shuffle_ablation,CRA_internal,MockSimulator,43,decision,primitive_train,13,,set_plus,False,False,-1,-0.01,0.01,0.01,1,True,1,True,41,internal_context_shuffle_ablation,internal_ablation,context_shuffle,-0.01,False,,set_plus,False,14,0,0,0,0,0.01,0.1,0.2,8,8
42,1000.0,8,8,8,0,0,0,16.5165274841552,16.5165274841552,16.5165274841552,-0.09848977330302139,-0.0,0.4365377210509504,1.0,-0.09848977330302139,False,0,0,0,0,0,0.0,0.0,0.0,0.0,0.0,0,0.0,0,0,disabled,disabled,True,keyed,1,0,False,raw,0,-0.0055000000000000005,-0.0055000000000000005,default,0,True,keyed,0,0,False,raw,0,-0.0055000000000000005,-0.0055000000000000005,default,0,True,context_shuffle,False,raw,-0.0055000000000000005,-0.0055000000000000005,skill,primitive_train,set_plus,,,,set_minus,False,14,0,0,0,0,0,0.0,0.0,0.8084169999733604,0.7922080000071219,1.723374999983207,heldout_context_routing,internal_context_shuffle_ablation,CRA_internal,MockSimulator,43,skill,primitive_train,14,,set_minus,False,False,1,-0.0055000000000000005,0.0,0.0,0,False,-1,False,-1,internal_context_shuffle_ablation,internal_ablation,context_shuffle,-0.0055000000000000005,False,,,False,14,0,0,0,0,-0.0055000000000000005,0.1,0.2,8,8
43,1000.0,8,8,8,0,0,0,16.444088256877443,16.444088256877443,16.444088256877443,0.17774652037722577,0.0,0.4349014010477932,1.0,0.17774652037722577,False,0,0,0,0,0,0.0,0.0,0.0,0.0,0.0,0,0.0,0,0,disabled,disabled,True,keyed,1,0,False,raw,0,0.01,0.01,default,0,True,keyed,0,0,False,raw,0,0.01,0.01,default,0,True,context_shuffle,False,raw,0.01,0.01,input,primitive_train,set_minus,,,,set_minus,False,14,0,0,0,0,0,0.0,0.0,0.7921670000428094,0.7725419999928818,1.687416999970992,heldout_context_routing,internal_context_shuffle_ablation,CRA_internal,MockSimulator,43,input,primitive_train,14,,set_minus,False,False,1,0.01,0.0,0.0,0,False,1,False,-1,internal_context_shuffle_ablation,internal_ablation,context_shuffle,0.01,False,,,False,14,0,0,0,0,0.01,0.1,0.2,8,8
44,1000.0,8,8,8,0,0,0,16.37201002363408,16.37201002363408,16.37201002363408,-0.6420149920119997,0.9999946965622277,0.43315591875634185,1.0,-0.6420149920119997,True,0,0,0,0,0,0.0,0.0,0.0,0.0,0.0,0,0.0,0,0,disabled,disabled,True,keyed,1,0,True,internal_keyed_context,1,0.01,0.01,default,0,True,keyed,0,0,False,raw,0,0.01,0.01,default,0,True,context_shuffle,True,internal_context_shuffle_composition,0.01,-0.01,decision,primitive_train,set_minus,,set_minus,,set_minus,False,15,0,0,0,0,0,0.0,0.0,0.7919999999899119,0.8794579999857888,1.7937089999691125,heldout_context_routing,internal_context_shuffle_ablation,CRA_internal,MockSimulator,43,decision,primitive_train,14,,set_minus,False,False,1,0.01,-0.01,-0.01,-1,True,-1,True,44,internal_context_shuffle_ablation,internal_ablation,context_shuffle,0.01,False,,set_minus,False,15,0,0,0,0,-0.01,0.1,0.2,8,8
45,1000.0,8,8,8,0,0,0,16.3002909839688,16.3002909839688,16.3002909839688,-0.11470413558094306,-0.0,0.43170629519612946,1.0,-0.11470413558094306,False,0,0,0,0,0,0.0,0.0,0.0,0.0,0.0,0,0.0,0,0,disabled,disabled,True,keyed,1,0,False,raw,0,-0.0055000000000000005,-0.0055000000000000005,default,0,True,keyed,0,0,False,raw,0,-0.0055000000000000005,-0.0055000000000000005,default,0,True,context_shuffle,False,raw,-0.0055000000000000005,-0.0055000000000000005,skill,primitive_train,set_minus,,,,set_minus,False,15,0,0,0,0,0,0.0,0.0,0.8171669999796904,0.8212500000013279,1.7677089999779128,heldout_context_routing,internal_context_shuffle_ablation,CRA_internal,MockSimulator,43,skill,primitive_train,15,,set_minus,False,False,-1,-0.0055000000000000005,0.0,0.0,0,False,-1,False,-1,internal_context_shuffle_ablation,internal_ablation,context_shuffle,-0.0055000000000000005,False,,,False,15,0,0,0,0,-0.0055000000000000005,0.1,0.2,8,8
46,1000.0,8,8,8,0,0,0,16.228929346405103,16.228929346405103,16.228929346405103,-0.20646384676243884,-0.0,0.43014139421082304,1.0,-0.20646384676243884,False,0,0,0,0,0,0.0,0.0,0.0,0.0,0.0,0,0.0,0,0,disabled,disabled,True,keyed,1,0,False,raw,0,-0.01,-0.01,default,0,True,keyed,0,0,False,raw,0,-0.01,-0.01,default,0,True,context_shuffle,False,raw,-0.01,-0.01,input,primitive_train,set_minus,,,,set_minus,False,15,0,0,0,0,0,0.0,0.0,0.795000000039181,0.7937080000033347,1.7114580000452406,heldout_context_routing,internal_context_shuffle_ablation,CRA_internal,MockSimulator,43,input,primitive_train,15,,set_minus,False,False,-1,-0.01,0.0,0.0,0,False,-1,False,-1,internal_context_shuffle_ablation,internal_ablation,context_shuffle,-0.01,False,,,False,15,0,0,0,0,-0.01,0.1,0.2,8,8
47,1000.0,8,8,8,0,0,0,16.15792332840151,16.15792332840151,16.15792332840151,-0.6420149920119997,0.9999946965622277,0.42846640674685044,1.0,-0.6420149920119997,True,0,0,0,0,0,0.0,0.0,0.0,0.0,0.0,0,0.0,0,0,disabled,disabled,True,keyed,1,0,True,internal_keyed_context,-1,-0.01,-0.01,default,0,True,keyed,0,0,False,raw,0,-0.01,-0.01,default,0,True,context_shuffle,True,internal_context_shuffle_composition,-0.01,-0.01,decision,primitive_train,set_minus,,set_minus,,set_minus,False,16,0,0,0,0,0,0.0,0.0,0.7891250000398031,0.836499999991247,1.748167000016565,heldout_context_routing,internal_context_shuffle_ablation,CRA_internal,MockSimulator,43,decision,primitive_train,15,,set_minus,False,False,-1,-0.01,-0.01,-0.01,-1,True,-1,True,47,internal_context_shuffle_ablation,internal_ablation,context_shuffle,-0.01,False,,set_minus,False,16,0,0,0,0,-0.01,0.1,0.2,8,8
48,1000.0,8,8,8,0,0,0,16.08727115630701,16.08727115630701,16.08727115630701,0.047816562005903264,0.0,0.4270863622237524,1.0,0.047816562005903264,False,0,0,0,0,0,0.0,0.0,0.0,0.0,0.0,0,0.0,0,0,disabled,disabled,True,keyed,1,0,False,raw,0,0.002,0.002,default,0,True,keyed,0,0,False,raw,0,0.002,0.002,default,0,True,context_shuffle,False,raw,0.002,0.002,skill,primitive_train,set_minus,,,,identity,False,16,0,0,0,0,0,0.0,0.0,0.8090840000249955,0.8068329999559865,1.7393340000353419,heldout_context_routing,internal_context_shuffle_ablation,CRA_internal,MockSimulator,43,skill,primitive_train,16,,identity,False,False,1,0.002,0.0,0.0,0,False,1,False,-1,internal_context_shuffle_ablation,internal_ablation,context_shuffle,0.002,False,,,False,16,0,0,0,0,0.002,0.1,0.2,8,8
49,1000.0,8,8,0,8,0,0,16.016971065316714,16.016971065316714,16.016971065316714,0.23480165138426645,0.0,0.42559013291887954,1.0,0.23480165138426645,False,0,0,0,0,0,0.0,0.0,0.0,0.0,0.0,0,0.0,0,0,disabled,disabled,True,keyed,1,0,False,raw,0,0.01,0.01,default,0,True,keyed,0,0,False,raw,0,0.01,0.01,default,0,True,context_shuffle,False,raw,0.01,0.01,input,primitive_train,identity,,,,identity,False,16,0,0,0,0,0,0.0,0.0,0.7914999999911743,0.8172910000325828,1.731749999976273,heldout_context_routing,internal_context_shuffle_ablation,CRA_internal,MockSimulator,43,input,primitive_train,16,,identity,False,False,1,0.01,0.0,0.0,0,False,1,False,-1,internal_context_shuffle_ablation,internal_ablation,context_shuffle,0.01,False,,,False,16,0,0,0,0,0.01,0.1,0.2,8,8
50,1000.0,8,8,0,8,0,0,15.947021299427728,15.947021299427728,15.947021299427728,0.6420149920119997,0.9999946965622277,0.4239829182413121,1.0,0.6420149920119997,True,0,0,0,0,0,0.0,0.0,0.0,0.0,0.0,0,0.0,0,0,disabled,disabled,True,keyed,1,0,True,internal_keyed_context,1,0.01,0.01,default,0,True,keyed,0,0,False,raw,0,0.01,0.01,default,0,True,context_shuffle,True,internal_context_shuffle_composition,0.01,0.01,decision,primitive_train,identity,,identity,,identity,False,17,0,0,0,0,0,0.0,0.0,0.7974999999760257,0.8562080000160677,1.7791249999845604,heldout_context_routing,internal_context_shuffle_ablation,CRA_internal,MockSimulator,43,decision,primitive_train,16,,identity,False,False,1,0.01,0.01,0.01,1,True,1,True,50,internal_context_shuffle_ablation,internal_ablation,context_shuffle,0.01,False,,identity,False,17,0,0,0,0,0.01,0.1,0.2,8,8
51,1000.0,8,8,0,8,0,0,15.877420111395264,15.877420111395264,15.877420111395264,0.05375330831003666,0.0,0.4226697560976798,1.0,0.05375330831003666,False,0,0,0,0,0,0.0,0.0,0.0,0.0,0.0,0,0.0,0,0,disabled,disabled,True,keyed,1,0,False,raw,0,0.002,0.002,default,0,True,keyed,0,0,False,raw,0,0.002,0.002,default,0,True,context_shuffle,False,raw,0.002,0.002,skill,primitive_train,identity,,,,identity,False,17,0,0,0,0,0,0.0,0.0,0.8137920000308441,0.82587499997544,1.7616249999719003,heldout_context_routing,internal_context_shuffle_ablation,CRA_internal,MockSimulator,43,skill,primitive_train,17,,identity,False,False,-1,0.002,0.0,0.0,0,False,1,False,-1,internal_context_shuffle_ablation,internal_ablation,context_shuffle,0.002,False,,,False,17,0,0,0,0,0.002,0.1,0.2,8,8
52,1000.0,8,8,0,8,0,0,15.808165762688951,15.808165762688951,15.808165762688951,-0.26271815527393383,-0.0,0.4212395272724963,1.0,-0.26271815527393383,False,0,0,0,0,0,0.0,0.0,0.0,0.0,0.0,0,0.0,0,0,disabled,disabled,True,keyed,1,0,False,raw,0,-0.01,-0.01,default,0,True,keyed,0,0,False,raw,0,-0.01,-0.01,default,0,True,context_shuffle,False,raw,-0.01,-0.01,input,primitive_train,identity,,,,identity,False,17,0,0,0,0,0,0.0,0.0,0.8077080000248316,0.8349999999950342,1.7659590000107528,heldout_context_routing,internal_context_shuffle_ablation,CRA_internal,MockSimulator,43,input,primitive_train,17,,identity,False,False,-1,-0.01,0.0,0.0,0,False,-1,False,-1,internal_context_shuffle_ablation,internal_ablation,context_shuffle,-0.01,False,,,False,17,0,0,0,0,-0.01,0.1,0.2,8,8
53,1000.0,8,8,0,8,0,0,15.739256523449374,15.739256523449374,15.739256523449374,-0.6420149920119997,0.9999946965622277,0.41969743969788104,1.0,-0.6420149920119997,True,0,0,0,0,0,0.0,0.0,0.0,0.0,0.0,0,0.0,0,0,disabled,disabled,True,keyed,1,0,True,internal_keyed_context,-1,-0.01,-0.01,default,0,True,keyed,0,0,False,raw,0,-0.01,-0.01,default,0,True,context_shuffle,True,internal_context_shuffle_composition,-0.01,-0.01,decision,primitive_train,identity,,identity,,identity,False,18,0,0,0,0,0,0.0,0.0,0.8087499999760439,1.2948749999850406,2.2258329999544912,heldout_context_routing,internal_context_shuffle_ablation,CRA_internal,MockSimulator,43,decision,primitive_train,17,,identity,False,False,-1,-0.01,-0.01,-0.01,-1,True,-1,True,53,internal_context_shuffle_ablation,internal_ablation,context_shuffle,-0.01,False,,identity,False,18,0,0,0,0,-0.01,0.1,0.2,8,8
54,1000.0,8,8,0,8,0,0,15.670690672444827,15.670690672444827,15.670690672444827,-0.059680326085891314,-0.0,0.4184485398153414,1.0,-0.059680326085891314,False,0,0,0,0,0,0.0,0.0,0.0,0.0,0.0,0,0.0,0,0,disabled,disabled,True,keyed,1,0,False,raw,0,-0.002,-0.002,default,0,True,keyed,0,0,False,raw,0,-0.002,-0.002,default,0,True,context_shuffle,False,raw,-0.002,-0.002,skill,primitive_train,identity,,,,invert,False,18,0,0,0,0,0,0.0,0.0,0.8228749999830143,0.9572089999778655,1.9180419999997866,heldout_context_routing,internal_context_shuffle_ablation,CRA_internal,MockSimulator,43,skill,primitive_train,18,,invert,False,False,1,-0.002,0.0,0.0,0,False,-1,False,-1,internal_context_shuffle_ablation,internal_ablation,context_shuffle,-0.002,False,,,False,18,0,0,0,0,-0.002,0.1,0.2,8,8
55,1000.0,8,8,0,8,0,0,15.602466497028287,15.602466497028287,15.602466497028287,0.2901743798156366,0.0,0.4170817169522242,1.0,0.2901743798156366,False,0,0,0,0,0,0.0,0.0,0.0,0.0,0.0,0,0.0,0,0,disabled,disabled,True,keyed,1,0,False,raw,0,0.01,0.01,default,0,True,keyed,0,0,False,raw,0,0.01,0.01,default,0,True,context_shuffle,False,raw,0.01,0.01,input,primitive_train,invert,,,,invert,False,18,0,0,0,0,0,0.0,0.0,0.8061249999968823,0.8762500000329965,1.8058329999917078,heldout_context_routing,internal_context_shuffle_ablation,CRA_internal,MockSimulator,43,input,primitive_train,18,,invert,False,False,1,0.01,0.0,0.0,0,False,1,False,-1,internal_context_shuffle_ablation,internal_ablation,context_shuffle,0.01,False,,,False,18,0,0,0,0,0.01,0.1,0.2,8,8
56,1000.0,8,8,0,8,0,0,15.534582293094585,15.534582293094585,15.534582293094585,-0.6420149920119997,0.9999946965622277,0.4156021875877055,1.0,-0.6420149920119997,True,0,0,0,0,0,0.0,0.0,0.0,0.0,0.0,0,0.0,0,0,disabled,disabled,True,keyed,1,0,True,internal_keyed_context,1,0.01,0.01,default,0,True,keyed,0,0,False,raw,0,0.01,0.01,default,0,True,context_shuffle,True,internal_context_shuffle_composition,0.01,-0.01,decision,primitive_train,invert,,invert,,invert,False,19,0,0,0,0,0,0.0,0.0,0.8065409999744588,0.9434170000304221,1.8744170000104532,heldout_context_routing,internal_context_shuffle_ablation,CRA_internal,MockSimulator,43,decision,primitive_train,18,,invert,False,False,1,0.01,-0.01,-0.01,-1,True,-1,True,56,internal_context_shuffle_ablation,internal_ablation,context_shuffle,0.01,False,,invert,False,19,0,0,0,0,-0.01,0.1,0.2,8,8
57,1000.0,8,8,0,8,0,0,15.46703636503782,15.46703636503782,15.46703636503782,-0.06559721820005236,-0.0,0.4144150067109867,1.0,-0.06559721820005236,False,0,0,0,0,0,0.0,0.0,0.0,0.0,0.0,0,0.0,0,0,disabled,disabled,True,keyed,1,0,False,raw,0,-0.002,-0.002,default,0,True,keyed,0,0,False,raw,0,-0.002,-0.002,default,0,True,context_shuffle,False,raw,-0.002,-0.002,skill,primitive_train,invert,,,,invert,False,19,0,0,0,0,0,0.0,0.0,0.794417000008707,0.8957079999731832,1.8123750000427208,heldout_context_routing,internal_context_shuffle_ablation,CRA_internal,MockSimulator,43,skill,primitive_train,19,,invert,False,False,-1,-0.002,0.0,0.0,0,False,-1,False,-1,internal_context_shuffle_ablation,internal_ablation,context_shuffle,-0.002,False,,,False,19,0,0,0,0,-0.002,0.1,0.2,8,8
58,1000.0,8,8,0,8,0,0,15.399827025708959,15.399827025708959,15.399827025708959,-0.3171343167934534,-0.0,0.4131090721943016,1.0,-0.3171343167934534,False,0,0,0,0,0,0.0,0.0,0.0,0.0,0.0,0,0.0,0,0,disabled,disabled,True,keyed,1,0,False,raw,0,-0.01,-0.01,default,0,True,keyed,0,0,False,raw,0,-0.01,-0.01,default,0,True,context_shuffle,False,raw,-0.01,-0.01,input,primitive_train,invert,,,,invert,False,19,0,0,0,0,0,0.0,0.0,0.7944580000298629,0.9188330000142741,1.8363330000283895,heldout_context_routing,internal_context_shuffle_ablation,CRA_internal,MockSimulator,43,input,primitive_train,19,,invert,False,False,-1,-0.01,0.0,0.0,0,False,-1,False,-1,internal_context_shuffle_ablation,internal_ablation,context_shuffle,-0.01,False,,,False,19,0,0,0,0,-0.01,0.1,0.2,8,8
59,1000.0,8,8,0,8,0,0,15.332952596373655,15.332952596373655,15.332952596373655,0.6420149920119997,0.9999946965622277,0.4116896090555995,1.0,0.6420149920119997,True,0,0,0,0,0,0.0,0.0,0.0,0.0,0.0,0,0.0,0,0,disabled,disabled,True,keyed,1,0,True,internal_keyed_context,-1,-0.01,-0.01,default,0,True,keyed,0,0,False,raw,0,-0.01,-0.01,default,0,True,context_shuffle,True,internal_context_shuffle_composition,-0.01,0.01,decision,primitive_train,invert,,invert,,invert,False,20,0,0,0,0,0,0.0,0.0,0.792665999995279,0.9449590000372154,1.861125000004904,heldout_context_routing,internal_context_shuffle_ablation,CRA_internal,MockSimulator,43,decision,primitive_train,19,,invert,False,False,-1,-0.01,0.01,0.01,1,True,1,True,59,internal_context_shuffle_ablation,internal_ablation,context_shuffle,-0.01,False,,invert,False,20,0,0,0,0,0.01,0.1,0.2,8,8
60,1000.0,8,8,0,8,0,0,15.266411406670287,15.266411406670287,15.266411406670287,0.19446261100295842,0.0,0.41056168081356775,1.0,0.19446261100295842,False,0,0,0,0,0,0.0,0.0,0.0,0.0,0.0,0,0.0,0,0,disabled,disabled,True,keyed,1,0,False,raw,0,0.0055000000000000005,0.0055000000000000005,default,0,True,keyed,0,0,False,raw,0,0.0055000000000000005,0.0055000000000000005,default,0,True,context_shuffle,False,raw,0.0055000000000000005,0.0055000000000000005,skill,primitive_train,invert,,,,set_plus,False,20,0,0,0,0,0,0.0,0.0,0.7930830000191236,0.9032500000216714,1.8180840000354692,heldout_context_routing,internal_context_shuffle_ablation,CRA_internal,MockSimulator,43,skill,primitive_train,20,,set_plus,False,False,1,0.0055000000000000005,0.0,0.0,0,False,1,False,-1,internal_context_shuffle_ablation,internal_ablation,context_shuffle,0.0055000000000000005,False,,,False,20,0,0,0,0,0.0055000000000000005,0.1,0.2,8,8
61,1000.0,8,8,0,8,0,0,15.200201794568194,15.200201794568194,15.200201794568194,0.3435650606756546,0.0,0.40931419385759504,1.0,0.3435650606756546,False,0,0,0,0,0,0.0,0.0,0.0,0.0,0.0,0,0.0,0,0,disabled,disabled,True,keyed,1,0,False,raw,0,0.01,0.01,default,0,True,keyed,0,0,False,raw,0,0.01,0.01,default,0,True,context_shuffle,False,raw,0.01,0.01,input,primitive_train,set_plus,,,,set_plus,False,20,0,0,0,0,0,0.0,0.0,0.7944579999730195,1.0752090000210046,1.9918750000442742,heldout_context_routing,internal_context_shuffle_ablation,CRA_internal,MockSimulator,43,input,primitive_train,20,,set_plus,False,False,1,0.01,0.0,0.0,0,False,1,False,-1,internal_context_shuffle_ablation,internal_ablation,context_shuffle,0.01,False,,,False,20,0,0,0,0,0.01,0.1,0.2,8,8
62,1000.0,8,8,0,8,0,0,15.134322106326133,15.134322106326133,15.134322106326133,0.6420149920119997,0.9999946965622277,0.4079523817075358,1.0,0.6420149920119997,True,0,0,0,0,0,0.0,0.0,0.0,0.0,0.0,0,0.0,0,0,disabled,disabled,True,keyed,1,0,True,internal_keyed_context,1,0.01,0.01,default,0,True,keyed,0,0,False,raw,0,0.01,0.01,default,0,True,context_shuffle,True,internal_context_shuffle_composition,0.01,0.01,decision,primitive_train,set_plus,,set_plus,,set_plus,False,21,0,0,0,0,0,0.0,0.0,0.8598750000032851,1.0632080000050337,2.0665829999870766,heldout_context_routing,internal_context_shuffle_ablation,CRA_internal,MockSimulator,43,decision,primitive_train,20,,set_plus,False,False,1,0.01,0.01,0.01,1,True,1,True,62,internal_context_shuffle_ablation,internal_ablation,context_shuffle,0.01,False,,set_plus,False,21,0,0,0,0,0.01,0.1,0.2,8,8
63,1000.0,8,8,0,8,0,0,15.068770696450924,15.068770696450924,15.068770696450924,0.21009809065071244,0.0,0.4068813163659359,1.0,0.21009809065071244,False,0,0,0,0,0,0.0,0.0,0.0,0.0,0.0,0,0.0,0,0,disabled,disabled,True,keyed,1,0,False,raw,0,0.0055000000000000005,0.0055000000000000005,default,0,True,keyed,0,0,False,raw,0,0.0055000000000000005,0.0055000000000000005,default,0,True,context_shuffle,False,raw,0.0055000000000000005,0.0055000000000000005,skill,primitive_train,set_plus,,,,set_plus,False,21,0,0,0,0,0,0.0,0.0,0.7950830000140741,0.9422919999906298,1.875459000018509,heldout_context_routing,internal_context_shuffle_ablation,CRA_internal,MockSimulator,43,skill,primitive_train,21,,set_plus,False,False,-1,0.0055000000000000005,0.0,0.0,0,False,1,False,-1,internal_context_shuffle_ablation,internal_ablation,context_shuffle,0.0055000000000000005,False,,,False,21,0,0,0,0,0.0055000000000000005,0.1,0.2,8,8
64,1000.0,8,8,0,8,0,0,15.00354592765632,15.00354592765632,15.00354592765632,-0.36943690320645606,-0.0,0.40568991268531696,1.0,-0.36943690320645606,False,0,0,0,0,0,0.0,0.0,0.0,0.0,0.0,0,0.0,0,0,disabled,disabled,True,keyed,1,0,False,raw,0,-0.01,-0.01,default,0,True,keyed,0,0,False,raw,0,-0.01,-0.01,default,0,True,context_shuffle,False,raw,-0.01,-0.01,input,primitive_train,set_plus,,,,set_plus,False,21,0,0,0,0,0,0.0,0.0,0.7945830000153364,0.9650839999721939,1.8828329999678317,heldout_context_routing,internal_context_shuffle_ablation,CRA_internal,MockSimulator,43,input,primitive_train,21,,set_plus,False,False,-1,-0.01,0.0,0.0,0,False,-1,False,-1,internal_context_shuffle_ablation,internal_ablation,context_shuffle,-0.01,False,,,False,21,0,0,0,0,-0.01,0.1,0.2,8,8
65,1000.0,8,8,0,8,0,0,14.938646170822075,14.938646170822075,14.938646170822075,0.6420149920119997,0.9999946965622277,0.4043834126253764,1.0,0.6420149920119997,True,0,0,0,0,0,0.0,0.0,0.0,0.0,0.0,0,0.0,0,0,disabled,disabled,True,keyed,1,0,True,internal_keyed_context,-1,-0.01,-0.01,default,0,True,keyed,0,0,False,raw,0,-0.01,-0.01,default,0,True,context_shuffle,True,internal_context_shuffle_composition,-0.01,0.01,decision,primitive_train,set_plus,,set_plus,,set_plus,False,22,0,0,0,0,0,0.0,0.0,0.7926249999741231,0.9760000000369473,1.8912090000071657,heldout_context_routing,internal_context_shuffle_ablation,CRA_internal,MockSimulator,43,decision,primitive_train,21,,set_plus,False,False,-1,-0.01,0.01,0.01,1,True,1,True,65,internal_context_shuffle_ablation,internal_ablation,context_shuffle,-0.01,False,,set_plus,False,22,0,0,0,0,0.01,0.1,0.2,8,8
66,1000.0,8,8,0,8,0,0,14.87406980495321,14.87406980495321,14.87406980495321,-0.22561136246986985,-0.0,0.4033668966027593,1.0,-0.22561136246986985,False,0,0,0,0,0,0.0,0.0,0.0,0.0,0.0,0,0.0,0,0,disabled,disabled,True,keyed,1,0,False,raw,0,-0.0055000000000000005,-0.0055000000000000005,default,0,True,keyed,0,0,False,raw,0,-0.0055000000000000005,-0.0055000000000000005,default,0,True,context_shuffle,False,raw,-0.0055000000000000005,-0.0055000000000000005,skill,primitive_train,set_plus,,,,set_minus,False,22,0,0,0,0,0,0.0,0.0,0.7960840000009739,0.9449159999803669,1.8647910000026968,heldout_context_routing,internal_context_shuffle_ablation,CRA_internal,MockSimulator,43,skill,primitive_train,22,,set_minus,False,False,1,-0.0055000000000000005,0.0,0.0,0,False,-1,False,-1,internal_context_shuffle_ablation,internal_ablation,context_shuffle,-0.0055000000000000005,False,,,False,22,0,0,0,0,-0.0055000000000000005,0.1,0.2,8,8
67,1000.0,8,8,0,8,0,0,14.809815217139496,14.809815217139496,14.809815217139496,0.3947233910813655,0.0,0.40222928785599676,1.0,0.3947233910813655,False,0,0,0,0,0,0.0,0.0,0.0,0.0,0.0,0,0.0,0,0,disabled,disabled,True,keyed,1,0,False,raw,0,0.01,0.01,default,0,True,keyed,0,0,False,raw,0,0.01,0.01,default,0,True,context_shuffle,False,raw,0.01,0.01,input,primitive_train,set_minus,,,,set_minus,False,22,0,0,0,0,0,0.0,0.0,0.7910420000030172,0.9740410000063093,1.8887499999777901,heldout_context_routing,internal_context_shuffle_ablation,CRA_internal,MockSimulator,43,input,primitive_train,22,,set_minus,False,False,1,0.01,0.0,0.0,0,False,1,False,-1,internal_context_shuffle_ablation,internal_ablation,context_shuffle,0.01,False,,,False,22,0,0,0,0,0.01,0.1,0.2,8,8
68,1000.0,8,8,0,8,0,0,14.745880802515124,14.745880802515124,14.745880802515124,-0.6420149920119997,0.9999946965622277,0.40097583670046366,1.0,-0.6420149920119997,True,0,0,0,0,0,0.0,0.0,0.0,0.0,0.0,0,0.0,0,0,disabled,disabled,True,keyed,1,0,True,internal_keyed_context,1,0.01,0.01,default,0,True,keyed,0,0,False,raw,0,0.01,0.01,default,0,True,context_shuffle,True,internal_context_shuffle_composition,0.01,-0.01,decision,primitive_train,set_minus,,set_minus,,set_minus,False,23,0,0,0,0,0,0.0,0.0,0.7957919999626029,0.9999160000120355,1.9222920000174781,heldout_context_routing,internal_context_shuffle_ablation,CRA_internal,MockSimulator,43,decision,primitive_train,22,,set_minus,False,False,1,0.01,-0.01,-0.01,-1,True,-1,True,68,internal_context_shuffle_ablation,internal_ablation,context_shuffle,0.01,False,,set_minus,False,23,0,0,0,0,-0.01,0.1,0.2,8,8
69,1000.0,8,8,0,8,0,0,14.682264964218586,14.682264964218586,14.682264964218586,-0.24099571549549859,-0.0,0.4000116318760094,1.0,-0.24099571549549859,False,0,0,0,0,0,0.0,0.0,0.0,0.0,0.0,0,0.0,0,0,disabled,disabled,True,keyed,1,0,False,raw,0,-0.0055000000000000005,-0.0055000000000000005,default,0,True,keyed,0,0,False,raw,0,-0.0055000000000000005,-0.0055000000000000005,default,0,True,context_shuffle,False,raw,-0.0055000000000000005,-0.0055000000000000005,skill,primitive_train,set_minus,,,,set_minus,False,23,0,0,0,0,0,0.0,0.0,0.7927499999595966,1.127291000045716,2.0431250000001455,heldout_context_routing,internal_context_shuffle_ablation,CRA_internal,MockSimulator,43,skill,primitive_train,23,,set_minus,False,False,-1,-0.0055000000000000005,0.0,0.0,0,False,-1,False,-1,internal_context_shuffle_ablation,internal_ablation,context_shuffle,-0.0055000000000000005,False,,,False,23,0,0,0,0,-0.0055000000000000005,0.1,0.2,8,8
70,1000.0,8,8,0,8,0,0,14.618966113352755,14.618966113352755,14.618966113352755,-0.41940134811947793,-0.0,0.3989256049098532,1.0,-0.41940134811947793,False,0,0,0,0,0,0.0,0.0,0.0,0.0,0.0,0,0.0,0,0,disabled,disabled,True,keyed,1,0,False,raw,0,-0.01,-0.01,default,0,True,keyed,0,0,False,raw,0,-0.01,-0.01,default,0,True,context_shuffle,False,raw,-0.01,-0.01,input,primitive_train,set_minus,,,,set_minus,False,23,0,0,0,0,0,0.0,0.0,0.8644170000025042,1.115042000037647,2.129207999985283,heldout_context_routing,internal_context_shuffle_ablation,CRA_internal,MockSimulator,43,input,primitive_train,23,,set_minus,False,False,-1,-0.01,0.0,0.0,0,False,-1,False,-1,internal_context_shuffle_ablation,internal_ablation,context_shuffle,-0.01,False,,,False,23,0,0,0,0,-0.01,0.1,0.2,8,8
71,1000.0,8,8,0,8,0,0,14.555982668945163,14.555982668945163,14.555982668945163,-0.6420149920119997,0.9999946965622277,0.39772301436959284,1.0,-0.6420149920119997,True,0,0,0,0,0,0.0,0.0,0.0,0.0,0.0,0,0.0,0,0,disabled,disabled,True,keyed,1,0,True,internal_keyed_context,-1,-0.01,-0.01,default,0,True,keyed,0,0,False,raw,0,-0.01,-0.01,default,0,True,context_shuffle,True,internal_context_shuffle_composition,-0.01,-0.01,decision,primitive_train,set_minus,,set_minus,,set_minus,False,24,0,0,0,0,0,0.0,0.0,0.7944590000192875,1.0587500000269756,1.992916000006062,heldout_context_routing,internal_context_shuffle_ablation,CRA_internal,MockSimulator,43,decision,primitive_train,23,,set_minus,False,False,-1,-0.01,-0.01,-0.01,-1,True,-1,True,71,internal_context_shuffle_ablation,internal_ablation,context_shuffle,-0.01,False,,set_minus,False,24,0,0,0,0,-0.01,0.1,0.2,8,8
72,1000.0,8,8,0,8,0,0,14.493313057908473,14.493313057908473,14.493313057908473,0.09501615331539318,0.0,0.3968089572089789,1.0,0.09501615331539318,False,0,0,0,0,0,0.0,0.0,0.0,0.0,0.0,0,0.0,0,0,disabled,disabled,True,keyed,1,0,False,raw,0,0.002,0.002,default,0,True,keyed,0,0,False,raw,0,0.002,0.002,default,0,True,context_shuffle,False,raw,0.002,0.002,skill,primitive_train,set_minus,,,,identity,False,24,0,0,0,0,0,0.0,0.0,0.7970830000090245,1.0184170000115955,1.9415409999510302,heldout_context_routing,internal_context_shuffle_ablation,CRA_internal,MockSimulator,43,skill,primitive_train,24,,identity,False,False,1,0.002,0.0,0.0,0,False,1,False,-1,internal_context_shuffle_ablation,internal_ablation,context_shuffle,0.002,False,,,False,24,0,0,0,0,0.002,0.1,0.2,8,8
73,1000.0,8,8,0,8,0,0,14.430955715001152,14.430955715001152,14.430955715001152,0.4434508639011242,0.0,0.3957723731290417,1.0,0.4434508639011242,False,0,0,0,0,0,0.0,0.0,0.0,0.0,0.0,0,0.0,0,0,disabled,disabled,True,keyed,1,0,False,raw,0,0.01,0.01,default,0,True,keyed,0,0,False,raw,0,0.01,0.01,default,0,True,context_shuffle,False,raw,0.01,0.01,input,primitive_train,identity,,,,identity,False,24,0,0,0,0,0,0.0,0.0,0.7966669999746046,1.0097500000370019,1.930417000039597,heldout_context_routing,internal_context_shuffle_ablation,CRA_internal,MockSimulator,43,input,primitive_train,24,,identity,False,False,1,0.01,0.0,0.0,0,False,1,False,-1,internal_context_shuffle_ablation,internal_ablation,context_shuffle,0.01,False,,,False,24,0,0,0,0,0.01,0.1,0.2,8,8
74,1000.0,8,8,0,8,0,0,14.368909082788345,14.368909082788345,14.368909082788345,0.6420149920119997,0.9999946965622277,0.3946185288294184,1.0,0.6420149920119997,True,0,0,0,0,0,0.0,0.0,0.0,0.0,0.0,0,0.0,0,0,disabled,disabled,True,keyed,1,0,True,internal_keyed_context,1,0.01,0.01,default,0,True,keyed,0,0,False,raw,0,0.01,0.01,default,0,True,context_shuffle,True,internal_context_shuffle_composition,0.01,0.01,decision,primitive_train,identity,,identity,,identity,False,25,0,0,0,0,0,0.0,0.0,0.8494169999835322,1.0470000000282198,2.0215420000226914,heldout_context_routing,internal_context_shuffle_ablation,CRA_internal,MockSimulator,43,decision,primitive_train,24,,identity,False,False,1,0.01,0.01,0.01,1,True,1,True,74,internal_context_shuffle_ablation,internal_ablation,context_shuffle,0.01,False,,identity,False,25,0,0,0,0,0.01,0.1,0.2,8,8
75,1000.0,8,8,0,8,0,0,14.307171611602932,14.307171611602932,14.307171611602932,0.10086416120273937,0.0,0.3937525293525284,1.0,0.10086416120273937,False,0,0,0,0,0,0.0,0.0,0.0,0.0,0.0,0,0.0,0,0,disabled,disabled,True,keyed,1,0,False,raw,0,0.002,0.002,default,0,True,keyed,0,0,False,raw,0,0.002,0.002,default,0,True,context_shuffle,False,raw,0.002,0.002,skill,primitive_train,identity,,,,identity,False,25,0,0,0,0,0,0.0,0.0,0.8056249999981446,1.0505419999731203,1.9798330000071473,heldout_context_routing,internal_context_shuffle_ablation,CRA_internal,MockSimulator,43,skill,primitive_train,25,,identity,False,False,-1,0.002,0.0,0.0,0,False,1,False,-1,internal_context_shuffle_ablation,internal_ablation,context_shuffle,0.002,False,,,False,25,0,0,0,0,0.002,0.1,0.2,8,8
76,1000.0,8,8,0,8,0,0,14.245741759506792,14.245741759506792,14.245741759506792,-0.46685525130304956,-0.0,0.3927633224431823,1.0,-0.46685525130304956,False,0,0,0,0,0,0.0,0.0,0.0,0.0,0.0,0,0.0,0,0,disabled,disabled,True,keyed,1,0,False,raw,0,-0.01,-0.01,default,0,True,keyed,0,0,False,raw,0,-0.01,-0.01,default,0,True,context_shuffle,False,raw,-0.01,-0.01,input,primitive_train,identity,,,,identity,False,25,0,0,0,0,0,0.0,0.0,0.79254199999923,1.0431250000237924,1.959833000000799,heldout_context_routing,internal_context_shuffle_ablation,CRA_internal,MockSimulator,43,input,primitive_train,25,,identity,False,False,-1,-0.01,0.0,0.0,0,False,-1,False,-1,internal_context_shuffle_ablation,internal_ablation,context_shuffle,-0.01,False,,,False,25,0,0,0,0,-0.01,0.1,0.2,8,8
77,1000.0,8,8,0,8,0,0,14.184617992252253,14.184617992252253,14.184617992252253,-0.6420149920119997,0.9999946965622277,0.391656182798469,1.0,-0.6420149920119997,True,0,0,0,0,0,0.0,0.0,0.0,0.0,0.0,0,0.0,0,0,disabled,disabled,True,keyed,1,0,True,internal_keyed_context,-1,-0.01,-0.01,default,0,True,keyed,0,0,False,raw,0,-0.01,-0.01,default,0,True,context_shuffle,True,internal_context_shuffle_composition,-0.01,-0.01,decision,primitive_train,identity,,identity,,identity,False,26,0,0,0,0,0,0.0,0.0,0.8357499999647189,1.1756250000303226,2.1348340000031385,heldout_context_routing,internal_context_shuffle_ablation,CRA_internal,MockSimulator,43,decision,primitive_train,25,,identity,False,False,-1,-0.01,-0.01,-0.01,-1,True,-1,True,77,internal_context_shuffle_ablation,internal_ablation,context_shuffle,-0.01,False,,identity,False,26,0,0,0,0,-0.01,0.1,0.2,8,8
78,1000.0,8,8,0,8,0,0,14.123798783243732,14.123798783243732,14.123798783243732,-0.10669937009456143,-0.0,0.39083622341056695,1.0,-0.10669937009456143,False,0,0,0,0,0,0.0,0.0,0.0,0.0,0.0,0,0.0,0,0,disabled,disabled,True,keyed,1,0,False,raw,0,-0.002,-0.002,default,0,True,keyed,0,0,False,raw,0,-0.002,-0.002,default,0,True,context_shuffle,False,raw,-0.002,-0.002,skill,primitive_train,identity,,,,invert,False,26,0,0,0,0,0,0.0,0.0,0.8036670000137747,1.0534580000012284,1.9849579999799971,heldout_context_routing,internal_context_shuffle_ablation,CRA_internal,MockSimulator,43,skill,primitive_train,26,,invert,False,False,1,-0.002,0.0,0.0,0,False,-1,False,-1,internal_context_shuffle_ablation,internal_ablation,context_shuffle,-0.002,False,,,False,26,0,0,0,0,-0.002,0.1,0.2,8,8
79,1000.0,8,8,0,8,0,0,14.063282613499574,14.063282613499574,14.063282613499574,0.4896009757308132,0.0,0.3898923999250616,1.0,0.4896009757308132,False,0,0,0,0,0,0.0,0.0,0.0,0.0,0.0,0,0.0,0,0,disabled,disabled,True,keyed,1,0,False,raw,0,0.01,0.01,default,0,True,keyed,0,0,False,raw,0,0.01,0.01,default,0,True,context_shuffle,False,raw,0.01,0.01,input,primitive_train,invert,,,,invert,False,26,0,0,0,0,0,0.0,0.0,0.7949999999823376,1.0514170000419654,1.9771249999962492,heldout_context_routing,internal_context_shuffle_ablation,CRA_internal,MockSimulator,43,input,primitive_train,26,,invert,False,False,1,0.01,0.0,0.0,0,False,1,False,-1,internal_context_shuffle_ablation,internal_ablation,context_shuffle,0.01,False,,,False,26,0,0,0,0,0.01,0.1,0.2,8,8
80,1000.0,8,8,0,8,0,0,14.003067971614078,14.003067971614078,14.003067971614078,-0.6420149920119997,0.9999946965622277,0.38882999488961223,1.0,-0.6420149920119997,True,0,0,0,0,0,0.0,0.0,0.0,0.0,0.0,0,0.0,0,0,disabled,disabled,True,keyed,1,0,True,internal_keyed_context,1,0.01,0.01,default,0,True,keyed,0,0,False,raw,0,0.01,0.01,default,0,True,context_shuffle,True,internal_context_shuffle_composition,0.01,-0.01,decision,primitive_train,invert,,invert,,invert,False,27,0,0,0,0,0,0.0,0.0,0.7945830000153364,1.1098329999867929,2.0280830000274364,heldout_context_routing,internal_context_shuffle_ablation,CRA_internal,MockSimulator,43,decision,primitive_train,26,,invert,False,False,1,0.01,-0.01,-0.01,-1,True,-1,True,80,internal_context_shuffle_ablation,internal_ablation,context_shuffle,0.01,False,,invert,False,27,0,0,0,0,-0.01,0.1,0.2,8,8
81,1000.0,8,8,0,8,0,0,13.943153353719707,13.943153353719707,13.943153353719707,-0.11252141432976072,-0.0,0.3880541290956108,1.0,-0.11252141432976072,False,0,0,0,0,0,0.0,0.0,0.0,0.0,0.0,0,0.0,0,0,disabled,disabled,True,keyed,1,0,False,raw,0,-0.002,-0.002,default,0,True,keyed,0,0,False,raw,0,-0.002,-0.002,default,0,True,context_shuffle,False,raw,-0.002,-0.002,skill,primitive_train,invert,,,,invert,False,27,0,0,0,0,0,0.0,0.0,0.7956659999877047,1.061833999983719,1.982249999969099,heldout_context_routing,internal_context_shuffle_ablation,CRA_internal,MockSimulator,43,skill,primitive_train,27,,invert,False,False,-1,-0.002,0.0,0.0,0,False,-1,False,-1,internal_context_shuffle_ablation,internal_ablation,context_shuffle,-0.002,False,,,False,27,0,0,0,0,-0.002,0.1,0.2,8,8
82,1000.0,8,8,0,8,0,0,13.883537263449497,13.883537263449497,13.883537263449497,-0.5116775591182521,-0.0,0.3871537659354136,1.0,-0.5116775591182521,False,0,0,0,0,0,0.0,0.0,0.0,0.0,0.0,0,0.0,0,0,disabled,disabled,True,keyed,1,0,False,raw,0,-0.01,-0.01,default,0,True,keyed,0,0,False,raw,0,-0.01,-0.01,default,0,True,context_shuffle,False,raw,-0.01,-0.01,input,primitive_train,invert,,,,invert,False,27,0,0,0,0,0,0.0,0.0,0.7916669999872283,1.072292000003472,1.9875419999948463,heldout_context_routing,internal_context_shuffle_ablation,CRA_internal,MockSimulator,43,input,primitive_train,27,,invert,False,False,-1,-0.01,0.0,0.0,0,False,-1,False,-1,internal_context_shuffle_ablation,internal_ablation,context_shuffle,-0.01,False,,,False,27,0,0,0,0,-0.01,0.1,0.2,8,8
83,1000.0,8,8,0,8,0,0,13.824218211899646,13.824218211899646,13.824218211899646,0.6420149920119997,0.9999946965622277,0.3861341956499861,1.0,0.6420149920119997,True,0,0,0,0,0,0.0,0.0,0.0,0.0,0.0,0,0.0,0,0,disabled,disabled,True,keyed,1,0,True,internal_keyed_context,-1,-0.01,-0.01,default,0,True,keyed,0,0,False,raw,0,-0.01,-0.01,default,0,True,context_shuffle,True,internal_context_shuffle_composition,-0.01,0.01,decision,primitive_train,invert,,invert,,invert,False,28,0,0,0,0,0,0.0,0.0,0.7919999999899119,1.1115830000107962,2.0274999999969623,heldout_context_routing,internal_context_shuffle_ablation,CRA_internal,MockSimulator,43,decision,primitive_train,27,,invert,False,False,-1,-0.01,0.01,0.01,1,True,1,True,83,internal_context_shuffle_ablation,internal_ablation,context_shuffle,-0.01,False,,invert,False,28,0,0,0,0,0.01,0.1,0.2,8,8
84,1000.0,8,8,0,8,0,0,13.765194717592287,13.765194717592287,13.765194717592287,0.31576764255874923,0.0,0.38540054666960144,1.0,0.31576764255874923,False,0,0,0,0,0,0.0,0.0,0.0,0.0,0.0,0,0.0,0,0,disabled,disabled,True,keyed,1,0,False,raw,0,0.0055000000000000005,0.0055000000000000005,default,0,True,keyed,0,0,False,raw,0,0.0055000000000000005,0.0055000000000000005,default,0,True,context_shuffle,False,raw,0.0055000000000000005,0.0055000000000000005,skill,primitive_train,invert,,,,set_plus,False,28,0,0,0,0,0,0.0,0.0,0.7917909999832773,1.0816669999940132,1.9971669999563346,heldout_context_routing,internal_context_shuffle_ablation,CRA_internal,MockSimulator,43,skill,primitive_train,28,,set_plus,False,False,1,0.0055000000000000005,0.0,0.0,0,False,1,False,-1,internal_context_shuffle_ablation,internal_ablation,context_shuffle,0.0055000000000000005,False,,,False,28,0,0,0,0,0.0055000000000000005,0.1,0.2,8,8
85,1000.0,8,8,0,8,0,0,13.706465306438455,13.706465306438455,13.706465306438455,0.5330774619390136,0.0,0.38454178997017224,1.0,0.5330774619390136,False,0,0,0,0,0,0.0,0.0,0.0,0.0,0.0,0,0.0,0,0,disabled,disabled,True,keyed,1,0,False,raw,0,0.01,0.01,default,0,True,keyed,0,0,False,raw,0,0.01,0.01,default,0,True,context_shuffle,False,raw,0.01,0.01,input,primitive_train,set_plus,,,,set_plus,False,28,0,0,0,0,0,0.0,0.0,0.8893330000319111,1.1666670000067825,2.205792000040674,heldout_context_routing,internal_context_shuffle_ablation,CRA_internal,MockSimulator,43,input,primitive_train,28,,set_plus,False,False,1,0.01,0.0,0.0,0,False,1,False,-1,internal_context_shuffle_ablation,internal_ablation,context_shuffle,0.01,False,,,False,28,0,0,0,0,0.01,0.1,0.2,8,8
86,1000.0,8,8,0,8,0,0,13.648028511701238,13.648028511701238,13.648028511701238,0.6420149920119997,0.9999946965622277,0.3835632233200523,1.0,0.6420149920119997,True,0,0,0,0,0,0.0,0.0,0.0,0.0,0.0,0,0.0,0,0,disabled,disabled,True,keyed,1,0,True,internal_keyed_context,1,0.01,0.01,default,0,True,keyed,0,0,False,raw,0,0.01,0.01,default,0,True,context_shuffle,True,internal_context_shuffle_composition,0.01,0.01,decision,primitive_train,set_plus,,set_plus,,set_plus,False,29,0,0,0,0,0,0.0,0.0,0.7984579999629204,1.1464590000400676,2.0712500000286127,heldout_context_routing,internal_context_shuffle_ablation,CRA_internal,MockSimulator,43,decision,primitive_train,28,,set_plus,False,False,1,0.01,0.01,0.01,1,True,1,True,86,internal_context_shuffle_ablation,internal_ablation,context_shuffle,0.01,False,,set_plus,False,29,0,0,0,0,0.01,0.1,0.2,8,8
87,1000.0,8,8,0,8,0,0,13.5898828739591,13.5898828739591,13.5898828739591,0.3302527846404968,0.0,0.38286998261994915,1.0,0.3302527846404968,False,0,0,0,0,0,0.0,0.0,0.0,0.0,0.0,0,0.0,0,0,disabled,disabled,True,keyed,1,0,False,raw,0,0.0055000000000000005,0.0055000000000000005,default,0,True,keyed,0,0,False,raw,0,0.0055000000000000005,0.0055000000000000005,default,0,True,context_shuffle,False,raw,0.0055000000000000005,0.0055000000000000005,skill,primitive_train,set_plus,,,,set_plus,False,29,0,0,0,0,0,0.0,0.0,0.7936249999715983,1.120542000023761,2.0375419999822952,heldout_context_routing,internal_context_shuffle_ablation,CRA_internal,MockSimulator,43,skill,primitive_train,29,,set_plus,False,False,-1,0.0055000000000000005,0.0,0.0,0,False,1,False,-1,internal_context_shuffle_ablation,internal_ablation,context_shuffle,0.0055000000000000005,False,,,False,29,0,0,0,0,0.0055000000000000005,0.1,0.2,8,8
88,1000.0,8,8,0,8,0,0,13.532026941069404,13.532026941069404,13.532026941069404,-0.5537959465606603,-0.0,0.3820510462585221,1.0,-0.5537959465606603,False,0,0,0,0,0,0.0,0.0,0.0,0.0,0.0,0,0.0,0,0,disabled,disabled,True,keyed,1,0,False,raw,0,-0.01,-0.01,default,0,True,keyed,0,0,False,raw,0,-0.01,-0.01,default,0,True,context_shuffle,False,raw,-0.01,-0.01,input,primitive_train,set_plus,,,,set_plus,False,29,0,0,0,0,0,0.0,0.0,0.7958329999837588,1.1052920000338418,2.023917000030906,heldout_context_routing,internal_context_shuffle_ablation,CRA_internal,MockSimulator,43,input,primitive_train,29,,set_plus,False,False,-1,-0.01,0.0,0.0,0,False,-1,False,-1,internal_context_shuffle_ablation,internal_ablation,context_shuffle,-0.01,False,,,False,29,0,0,0,0,-0.01,0.1,0.2,8,8
89,1000.0,8,8,0,8,0,0,13.4744592681321,13.4744592681321,13.4744592681321,0.6420149920119997,0.9999946965622277,0.38111171935850413,1.0,0.6420149920119997,True,0,0,0,0,0,0.0,0.0,0.0,0.0,0.0,0,0.0,0,0,disabled,disabled,True,keyed,1,0,True,internal_keyed_context,-1,-0.01,-0.01,default,0,True,keyed,0,0,False,raw,0,-0.01,-0.01,default,0,True,context_shuffle,True,internal_context_shuffle_composition,-0.01,0.01,decision,primitive_train,set_plus,,set_plus,,set_plus,False,30,0,0,0,0,0,0.0,0.0,0.7937500000139153,1.175375000002532,2.092542000013964,heldout_context_routing,internal_context_shuffle_ablation,CRA_internal,MockSimulator,43,decision,primitive_train,29,,set_plus,False,False,-1,-0.01,0.01,0.01,1,True,1,True,89,internal_context_shuffle_ablation,internal_ablation,context_shuffle,-0.01,False,,set_plus,False,30,0,0,0,0,0.01,0.1,0.2,8,8
90,1000.0,8,8,0,8,0,0,13.41717841745361,13.41717841745361,13.41717841745361,-0.34456977424186286,-0.0,0.3804571451159835,1.0,-0.34456977424186286,False,0,0,0,0,0,0.0,0.0,0.0,0.0,0.0,0,0.0,0,0,disabled,disabled,True,keyed,1,0,False,raw,0,-0.0055000000000000005,-0.0055000000000000005,default,0,True,keyed,0,0,False,raw,0,-0.0055000000000000005,-0.0055000000000000005,default,0,True,context_shuffle,False,raw,-0.0055000000000000005,-0.0055000000000000005,skill,primitive_train,set_plus,,,,set_minus,False,30,0,0,0,0,0,0.0,0.0,0.7907920000320701,1.1242919999858714,2.0397089999733,heldout_context_routing,internal_context_shuffle_ablation,CRA_internal,MockSimulator,43,skill,primitive_train,30,,set_minus,False,False,1,-0.0055000000000000005,0.0,0.0,0,False,-1,False,-1,internal_context_shuffle_ablation,internal_ablation,context_shuffle,-0.0055000000000000005,False,,,False,30,0,0,0,0,-0.0055000000000000005,0.1,0.2,8,8
91,1000.0,8,8,0,8,0,0,13.36018295851088,13.36018295851088,13.36018295851088,0.5738309252753909,0.0,0.3796763091554203,1.0,0.5738309252753909,False,0,0,0,0,0,0.0,0.0,0.0,0.0,0.0,0,0.0,0,0,disabled,disabled,True,keyed,1,0,False,raw,0,0.01,0.01,default,0,True,keyed,0,0,False,raw,0,0.01,0.01,default,0,True,context_shuffle,False,raw,0.01,0.01,input,primitive_train,set_minus,,,,set_minus,False,30,0,0,0,0,0,0.0,0.0,0.7898339999883319,1.1313749999999345,2.0445839999752025,heldout_context_routing,internal_context_shuffle_ablation,CRA_internal,MockSimulator,43,input,primitive_train,30,,set_minus,False,False,1,0.01,0.0,0.0,0,False,1,False,-1,internal_context_shuffle_ablation,internal_ablation,context_shuffle,0.01,False,,,False,30,0,0,0,0,0.01,0.1,0.2,8,8
92,1000.0,8,8,0,8,0,0,13.303471467915621,13.303471467915621,13.303471467915621,-0.6420149920119997,0.9999946965622277,0.37877452377523313,1.0,-0.6420149920119997,True,0,0,0,0,0,0.0,0.0,0.0,0.0,0.0,0,0.0,0,0,disabled,disabled,True,keyed,1,0,True,internal_keyed_context,1,0.01,0.01,default,0,True,keyed,0,0,False,raw,0,0.01,0.01,default,0,True,context_shuffle,True,internal_context_shuffle_composition,0.01,-0.01,decision,primitive_train,set_minus,,set_minus,,set_minus,False,31,0,0,0,0,0,0.0,0.0,0.7902500000227519,1.3668749999737884,2.2807080000006863,heldout_context_routing,internal_context_shuffle_ablation,CRA_internal,MockSimulator,43,decision,primitive_train,30,,set_minus,False,False,1,0.01,-0.01,-0.01,-1,True,-1,True,92,internal_context_shuffle_ablation,internal_ablation,context_shuffle,0.01,False,,set_minus,False,31,0,0,0,0,-0.01,0.1,0.2,8,8
93,1000.0,8,8,0,8,0,0,13.247042529378724,13.247042529378724,13.247042529378724,-0.3587141728560273,-0.0,0.37815693928659133,1.0,-0.3587141728560273,False,0,0,0,0,0,0.0,0.0,0.0,0.0,0.0,0,0.0,0,0,disabled,disabled,True,keyed,1,0,False,raw,0,-0.0055000000000000005,-0.0055000000000000005,default,0,True,keyed,0,0,False,raw,0,-0.0055000000000000005,-0.0055000000000000005,default,0,True,context_shuffle,False,raw,-0.0055000000000000005,-0.0055000000000000005,skill,primitive_train,set_minus,,,,set_minus,False,31,0,0,0,0,0,0.0,0.0,0.8075409999719341,1.177167000037116,2.1138330000098904,heldout_context_routing,internal_context_shuffle_ablation,CRA_internal,MockSimulator,43,skill,primitive_train,31,,set_minus,False,False,-1,-0.0055000000000000005,0.0,0.0,0,False,-1,False,-1,internal_context_shuffle_ablation,internal_ablation,context_shuffle,-0.0055000000000000005,False,,,False,31,0,0,0,0,-0.0055000000000000005,0.1,0.2,8,8
94,1000.0,8,8,0,8,0,0,13.190894733674849,13.190894733674849,13.190894733674849,-0.5931827962724452,-0.0,0.3774125483679851,1.0,-0.5931827962724452,False,0,0,0,0,0,0.0,0.0,0.0,0.0,0.0,0,0.0,0,0,disabled,disabled,True,keyed,1,0,False,raw,0,-0.01,-0.01,default,0,True,keyed,0,0,False,raw,0,-0.01,-0.01,default,0,True,context_shuffle,False,raw,-0.01,-0.01,input,primitive_train,set_minus,,,,set_minus,False,31,0,0,0,0,0,0.0,0.0,0.7969170000023951,1.1607920000074046,2.0813339999676828,heldout_context_routing,internal_context_shuffle_ablation,CRA_internal,MockSimulator,43,input,primitive_train,31,,set_minus,False,False,-1,-0.01,0.0,0.0,0,False,-1,False,-1,internal_context_shuffle_ablation,internal_ablation,context_shuffle,-0.01,False,,,False,31,0,0,0,0,-0.01,0.1,0.2,8,8
95,1000.0,8,8,0,8,0,0,13.135026678607193,13.135026678607193,13.135026678607193,-0.6420149920119997,0.9999946965622277,0.3765466703104085,1.0,-0.6420149920119997,True,0,0,0,0,0,0.0,0.0,0.0,0.0,0.0,0,0.0,0,0,disabled,disabled,True,keyed,1,0,True,internal_keyed_context,-1,-0.01,-0.01,default,0,True,keyed,0,0,False,raw,0,-0.01,-0.01,default,0,True,context_shuffle,True,internal_context_shuffle_composition,-0.01,-0.01,decision,primitive_train,set_minus,,set_minus,,set_minus,False,32,0,0,0,0,0,0.0,0.0,0.7926669999847036,1.204707999988841,2.1208750000027976,heldout_context_routing,internal_context_shuffle_ablation,CRA_internal,MockSimulator,43,decision,primitive_train,31,,set_minus,False,False,-1,-0.01,-0.01,-0.01,-1,True,-1,True,95,internal_context_shuffle_ablation,internal_ablation,context_shuffle,-0.01,False,,set_minus,False,32,0,0,0,0,-0.01,0.1,0.2,8,8
96,1000.0,8,8,0,8,0,0,13.079436968972448,13.079436968972448,13.079436968972448,0.34163279990345996,0.0,0.37596446235578773,1.0,0.34163279990345996,False,0,0,0,0,0,0.0,0.0,0.0,0.0,0.0,0,0.0,0,0,disabled,disabled,True,keyed,1,0,False,raw,0,0.005,0.005,default,0,True,keyed,0,0,False,raw,0,0.005,0.005,default,0,True,context_shuffle,False,raw,0.005,0.005,route_context,route_train,set_minus,,,storm,set_plus,False,32,0,0,0,0,0,0.0,0.0,0.7926249999741231,1.1777089999895907,2.0952909999891745,heldout_context_routing,internal_context_shuffle_ablation,CRA_internal,MockSimulator,43,route_context,route_train,32,storm,set_plus,False,False,1,0.005,0.0,0.0,0,False,1,False,-1,internal_context_shuffle_ablation,internal_ablation,context_shuffle,0.005,False,storm,,False,32,0,0,0,0,0.005,0.1,0.2,8,8
97,1000.0,8,8,0,8,0,0,13.024124216525902,13.024124216525902,13.024124216525902,0.12744162459303052,0.0,0.3752549240512277,1.0,0.12744162459303052,False,0,0,0,0,0,0.0,0.0,0.0,0.0,0.0,0,0.0,0,0,disabled,disabled,True,keyed,1,0,False,raw,0,0.0018,0.0018,default,0,True,keyed,0,0,False,raw,0,0.0018,0.0018,default,0,True,context_shuffle,False,raw,0.0018,0.0018,context_distractor,route_train,set_minus,,,storm,set_plus,False,32,0,0,0,0,0,0.0,0.0,0.7907499999646461,1.1808750000454893,2.0959999999945467,heldout_context_routing,internal_context_shuffle_ablation,CRA_internal,MockSimulator,43,context_distractor,route_train,32,storm,set_plus,False,False,1,0.0018,0.0,0.0,0,False,1,False,-1,internal_context_shuffle_ablation,internal_ablation,context_shuffle,0.0018,False,storm,,False,32,0,0,0,0,0.0018,0.1,0.2,8,8
98,1000.0,8,8,0,8,0,0,12.969087039946745,12.969087039946745,12.969087039946745,0.07106797227025351,0.0,0.37442338149390775,1.0,0.07106797227025351,False,0,0,0,0,0,0.0,0.0,0.0,0.0,0.0,0,0.0,0,0,disabled,disabled,True,keyed,1,0,False,raw,0,0.001,0.001,default,0,True,keyed,0,0,False,raw,0,0.001,0.001,default,0,True,context_shuffle,False,raw,0.001,0.001,skill_distractor,route_train,set_minus,,,storm,set_plus,False,32,0,0,0,0,0,0.0,0.0,0.7903750000082255,1.1844999999652828,2.0984169999564983,heldout_context_routing,internal_context_shuffle_ablation,CRA_internal,MockSimulator,43,skill_distractor,route_train,32,storm,set_plus,False,False,1,0.001,0.0,0.0,0,False,1,False,-1,internal_context_shuffle_ablation,internal_ablation,context_shuffle,0.001,False,storm,,False,32,0,0,0,0,0.001,0.1,0.2,8,8
99,1000.0,8,8,0,8,0,0,12.914324064803532,12.914324064803532,12.914324064803532,0.12744162459303054,0.0,0.3734749986692601,1.0,0.12744162459303054,False,0,0,0,0,0,0.0,0.0,0.0,0.0,0.0,0,0.0,0,0,disabled,disabled,True,keyed,1,0,False,raw,0,0.0018,0.0018,default,0,True,keyed,0,0,False,raw,0,0.0018,0.0018,default,0,True,context_shuffle,False,raw,0.0018,0.0018,context_distractor,route_train,set_minus,,,storm,set_plus,False,32,0,0,0,0,0,0.0,0.0,0.7950410000034935,1.2617500000260407,2.181542000016634,heldout_context_routing,internal_context_shuffle_ablation,CRA_internal,MockSimulator,43,context_distractor,route_train,32,storm,set_plus,False,False,1,0.0018,0.0,0.0,0,False,1,False,-1,internal_context_shuffle_ablation,internal_ablation,context_shuffle,0.0018,False,storm,,False,32,0,0,0,0,0.0018,0.1,0.2,8,8
100,1000.0,8,8,0,8,0,0,12.859833923519828,12.859833923519828,12.859833923519828,0.07106797227025351,0.0,0.37241478180500076,1.0,0.07106797227025351,False,0,0,0,0,0,0.0,0.0,0.0,0.0,0.0,0,0.0,0,0,disabled,disabled,True,keyed,1,0,False,raw,0,0.001,0.001,default,0,True,keyed,0,0,False,raw,0,0.001,0.001,default,0,True,context_shuffle,False,raw,0.001,0.001,skill_distractor,route_train,set_minus,,,storm,set_plus,False,32,0,0,0,0,0,0.0,0.0,0.857583000026807,1.25254199997471,2.2424999999657302,heldout_context_routing,internal_context_shuffle_ablation,CRA_internal,MockSimulator,43,skill_distractor,route_train,32,storm,set_plus,False,False,1,0.001,0.0,0.0,0,False,1,False,-1,internal_context_shuffle_ablation,internal_ablation,context_shuffle,0.001,False,storm,,False,32,0,0,0,0,0.001,0.1,0.2,8,8
101,1000.0,8,8,0,8,0,0,12.805615255340008,12.805615255340008,12.805615255340008,0.23742087671971407,0.0,0.37124758361584415,1.0,0.23742087671971407,False,0,0,0,0,0,0.0,0.0,0.0,0.0,0.0,0,0.0,0,0,disabled,disabled,True,keyed,1,0,False,raw,0,0.0034000000000000002,0.0034000000000000002,default,0,True,keyed,0,0,False,raw,0,0.0034000000000000002,0.0034000000000000002,default,0,True,context_shuffle,False,raw,0.0034000000000000002,0.0034000000000000002,context_distractor,route_train,set_minus,,,storm,set_plus,False,32,0,0,0,0,0,0.0,0.0,0.794417000008707,1.2333330000160458,2.153082999996059,heldout_context_routing,internal_context_shuffle_ablation,CRA_internal,MockSimulator,43,context_distractor,route_train,32,storm,set_plus,False,False,1,0.0034000000000000002,0.0,0.0,0,False,1,False,-1,internal_context_shuffle_ablation,internal_ablation,context_shuffle,0.0034000000000000002,False,storm,,False,32,0,0,0,0,0.0034000000000000002,0.1,0.2,8,8
102,1000.0,8,8,0,8,0,0,12.751666706295248,12.751666706295248,12.751666706295248,0.1933038023978358,0.0,0.36997810744153176,1.0,0.1933038023978358,False,0,0,0,0,0,0.0,0.0,0.0,0.0,0.0,0,0.0,0,0,disabled,disabled,True,keyed,1,0,False,raw,0,0.0027500000000000003,0.0027500000000000003,default,0,True,keyed,0,0,False,raw,0,0.0027500000000000003,0.0027500000000000003,default,0,True,context_shuffle,False,raw,0.0027500000000000003,0.0027500000000000003,skill_distractor,route_train,set_minus,,,storm,set_plus,False,32,0,0,0,0,0,0.0,0.0,0.8004160000041338,1.2240000000360851,2.149707999990369,heldout_context_routing,internal_context_shuffle_ablation,CRA_internal,MockSimulator,43,skill_distractor,route_train,32,storm,set_plus,False,False,1,0.0027500000000000003,0.0,0.0,0,False,1,False,-1,internal_context_shuffle_ablation,internal_ablation,context_shuffle,0.0027500000000000003,False,storm,,False,32,0,0,0,0,0.0027500000000000003,0.1,0.2,8,8
103,1000.0,8,8,0,8,0,0,12.69798692916967,12.69798692916967,12.69798692916967,0.23742087671971415,0.0,0.3686109112807455,1.0,0.23742087671971415,False,0,0,0,0,0,0.0,0.0,0.0,0.0,0.0,0,0.0,0,0,disabled,disabled,True,keyed,1,0,False,raw,0,0.0034000000000000002,0.0034000000000000002,default,0,True,keyed,0,0,False,raw,0,0.0034000000000000002,0.0034000000000000002,default,0,True,context_shuffle,False,raw,0.0034000000000000002,0.0034000000000000002,context_distractor,route_train,set_minus,,,storm,set_plus,False,32,0,0,0,0,0,0.0,0.0,0.7926249999741231,1.231915999994726,2.1476660000416814,heldout_context_routing,internal_context_shuffle_ablation,CRA_internal,MockSimulator,43,context_distractor,route_train,32,storm,set_plus,False,False,1,0.0034000000000000002,0.0,0.0,0,False,1,False,-1,internal_context_shuffle_ablation,internal_ablation,context_shuffle,0.0034000000000000002,False,storm,,False,32,0,0,0,0,0.0034000000000000002,0.1,0.2,8,8
104,1000.0,8,8,0,8,0,0,12.64457458346666,12.64457458346666,12.64457458346666,0.07106797227025351,0.0,0.3671504117234141,1.0,0.07106797227025351,False,0,0,0,0,0,0.0,0.0,0.0,0.0,0.0,0,0.0,0,0,disabled,disabled,True,keyed,1,0,False,raw,0,0.001,0.001,default,0,True,keyed,0,0,False,raw,0,0.001,0.001,default,0,True,context_shuffle,False,raw,0.001,0.001,skill_distractor,route_train,set_minus,,,storm,set_plus,False,32,0,0,0,0,0,0.0,0.0,0.7976249999614993,1.234124999996311,2.1548750000306427,heldout_context_routing,internal_context_shuffle_ablation,CRA_internal,MockSimulator,43,skill_distractor,route_train,32,storm,set_plus,False,False,1,0.001,0.0,0.0,0,False,1,False,-1,internal_context_shuffle_ablation,internal_ablation,context_shuffle,0.001,False,storm,,False,32,0,0,0,0,0.001,0.1,0.2,8,8
105,1000.0,8,8,0,8,0,0,12.591428335375364,12.591428335375364,12.591428335375364,0.43807058350803485,0.0,0.3656008877838637,1.0,0.43807058350803485,False,0,0,0,0,0,0.0,0.0,0.0,0.0,0.0,0,0.0,0,0,disabled,disabled,True,keyed,1,0,False,raw,0,0.006600000000000001,0.006600000000000001,default,0,True,keyed,0,0,False,raw,0,0.006600000000000001,0.006600000000000001,default,0,True,context_shuffle,False,raw,0.006600000000000001,0.006600000000000001,context_distractor,route_train,set_minus,,,storm,set_plus,False,32,0,0,0,0,0,0.0,0.0,0.7953749999956017,1.3075830000275346,2.2254579999980706,heldout_context_routing,internal_context_shuffle_ablation,CRA_internal,MockSimulator,43,context_distractor,route_train,32,storm,set_plus,False,False,1,0.006600000000000001,0.0,0.0,0,False,1,False,-1,internal_context_shuffle_ablation,internal_ablation,context_shuffle,0.006600000000000001,False,storm,,False,32,0,0,0,0,0.006600000000000001,0.1,0.2,8,8
106,1000.0,8,8,0,8,0,0,12.538546857737328,12.538546857737328,12.538546857737328,0.07106797227025351,0.0,0.3639664846372059,1.0,0.07106797227025351,False,0,0,0,0,0,0.0,0.0,0.0,0.0,0.0,0,0.0,0,0,disabled,disabled,True,keyed,1,0,False,raw,0,0.001,0.001,default,0,True,keyed,0,0,False,raw,0,0.001,0.001,default,0,True,context_shuffle,False,raw,0.001,0.001,skill_distractor,route_train,set_minus,,,storm,set_plus,False,32,0,0,0,0,0,0.0,0.0,0.7918749999475949,1.2541250000026594,2.1690410000019256,heldout_context_routing,internal_context_shuffle_ablation,CRA_internal,MockSimulator,43,skill_distractor,route_train,32,storm,set_plus,False,False,1,0.001,0.0,0.0,0,False,1,False,-1,internal_context_shuffle_ablation,internal_ablation,context_shuffle,0.001,False,storm,,False,32,0,0,0,0,0.001,0.1,0.2,8,8
107,1000.0,8,8,0,8,0,0,12.48592883001334,12.48592883001334,12.48592883001334,0.6118542706863613,0.0,0.36225121726130083,1.0,0.6118542706863613,False,0,0,0,0,0,0.0,0.0,0.0,0.0,0.0,0,0.0,0,0,disabled,disabled,True,keyed,1,0,False,raw,0,0.01,0.01,default,0,True,keyed,0,0,False,raw,0,0.01,0.01,default,0,True,context_shuffle,False,raw,0.01,0.01,input,route_train,set_minus,,,storm,set_plus,False,32,0,0,0,0,0,0.0,0.0,0.8720410000364609,1.3366669999754777,2.362207999965449,heldout_context_routing,internal_context_shuffle_ablation,CRA_internal,MockSimulator,43,input,route_train,32,storm,set_plus,False,False,1,0.01,0.0,0.0,0,False,1,False,-1,internal_context_shuffle_ablation,internal_ablation,context_shuffle,0.01,False,storm,,False,32,0,0,0,0,0.01,0.1,0.2,8,8
108,1000.0,8,8,0,8,0,0,12.433572938250396,12.433572938250396,12.433572938250396,0.6118542706863612,0.9999903054150457,0.36045897398657717,1.0,0.6118542706863612,True,0,0,0,0,0,0.0,0.0,0.0,0.0,0.0,0,0.0,0,0,disabled,disabled,True,keyed,1,0,True,internal_keyed_context,1,0.01,0.01,default,0,True,keyed,0,0,False,raw,0,0.01,0.01,default,0,True,context_shuffle,False,internal_context_shuffle_router,0.01,0.01,decision,route_train,set_minus,,,storm,set_plus,False,32,1,0,0,0,0,0.0,0.0,0.7914579999805937,1.2979169999880469,2.217207999990478,heldout_context_routing,internal_context_shuffle_ablation,CRA_internal,MockSimulator,43,decision,route_train,32,storm,set_plus,False,False,1,0.01,0.01,0.01,1,True,1,True,108,internal_context_shuffle_ablation,internal_ablation,context_shuffle,0.01,False,storm,,False,32,1,0,0,0,0.01,0.1,0.2,8,8
109,1000.0,8,8,0,8,0,0,12.381477875048864,12.381477875048864,12.381477875048864,0.35450227593304895,0.0,0.3589935199559379,1.0,0.35450227593304895,False,0,0,0,0,0,0.0,0.0,0.0,0.0,0.0,0,0.0,0,0,disabled,disabled,True,keyed,1,0,False,raw,0,0.005,0.005,default,0,True,keyed,0,0,False,raw,0,0.005,0.005,default,0,True,context_shuffle,False,raw,0.005,0.005,route_context,route_train,set_minus,,,storm,set_plus,False,32,1,0,0,0,0,0.0,0.0,0.8017080000399801,1.2705839999966884,2.198207999981605,heldout_context_routing,internal_context_shuffle_ablation,CRA_internal,MockSimulator,43,route_context,route_train,33,storm,set_plus,False,False,-1,0.005,0.0,0.0,0,False,1,False,-1,internal_context_shuffle_ablation,internal_ablation,context_shuffle,0.005,False,storm,,False,32,1,0,0,0,0.005,0.1,0.2,8,8
110,1000.0,8,8,0,8,0,0,12.32964233952979,12.32964233952979,12.32964233952979,0.45355794317026266,0.0,0.3574425004969296,1.0,0.45355794317026266,False,0,0,0,0,0,0.0,0.0,0.0,0.0,0.0,0,0.0,0,0,disabled,disabled,True,keyed,1,0,False,raw,0,0.006600000000000001,0.006600000000000001,default,0,True,keyed,0,0,False,raw,0,0.006600000000000001,0.006600000000000001,default,0,True,context_shuffle,False,raw,0.006600000000000001,0.006600000000000001,context_distractor,route_train,set_minus,,,storm,set_plus,False,32,1,0,0,0,0,0.0,0.0,0.8005000000252949,1.2796660000162774,2.2045410000259835,heldout_context_routing,internal_context_shuffle_ablation,CRA_internal,MockSimulator,43,context_distractor,route_train,33,storm,set_plus,False,False,-1,0.006600000000000001,0.0,0.0,0,False,1,False,-1,internal_context_shuffle_ablation,internal_ablation,context_shuffle,0.006600000000000001,False,storm,,False,32,1,0,0,0,0.006600000000000001,0.1,0.2,8,8
111,1000.0,8,8,0,8,0,0,12.278065037302389,12.278065037302389,12.278065037302389,-0.20104478177966142,-0.0,0.3558099244082992,1.0,-0.20104478177966142,False,0,0,0,0,0,0.0,0.0,0.0,0.0,0.0,0,0.0,0,0,disabled,disabled,True,keyed,1,0,False,raw,0,-0.0027500000000000003,-0.0027500000000000003,default,0,True,keyed,0,0,False,raw,0,-0.0027500000000000003,-0.0027500000000000003,default,0,True,context_shuffle,False,raw,-0.0027500000000000003,-0.0027500000000000003,skill_distractor,route_train,set_minus,,,storm,set_plus,False,32,1,0,0,0,0,0.0,0.0,0.7949999999823376,1.2865840000131357,2.205208000020775,heldout_context_routing,internal_context_shuffle_ablation,CRA_internal,MockSimulator,43,skill_distractor,route_train,33,storm,set_plus,False,False,-1,-0.0027500000000000003,0.0,0.0,0,False,-1,False,-1,internal_context_shuffle_ablation,internal_ablation,context_shuffle,-0.0027500000000000003,False,storm,,False,32,1,0,0,0,-0.0027500000000000003,0.1,0.2,8,8
112,1000.0,8,8,0,8,0,0,12.226744680431667,12.226744680431667,12.226744680431667,0.24679495515486033,0.0,0.3540996743630153,1.0,0.24679495515486033,False,0,0,0,0,0,0.0,0.0,0.0,0.0,0.0,0,0.0,0,0,disabled,disabled,True,keyed,1,0,False,raw,0,0.0034000000000000002,0.0034000000000000002,default,0,True,keyed,0,0,False,raw,0,0.0034000000000000002,0.0034000000000000002,default,0,True,context_shuffle,False,raw,0.0034000000000000002,0.0034000000000000002,context_distractor,route_train,set_minus,,,storm,set_plus,False,32,1,0,0,0,0,0.0,0.0,0.7928330000481765,1.2931669999716178,2.2096659999988333,heldout_context_routing,internal_context_shuffle_ablation,CRA_internal,MockSimulator,43,context_distractor,route_train,33,storm,set_plus,False,False,-1,0.0034000000000000002,0.0,0.0,0,False,1,False,-1,internal_context_shuffle_ablation,internal_ablation,context_shuffle,0.0034000000000000002,False,storm,,False,32,1,0,0,0,0.0034000000000000002,0.1,0.2,8,8
113,1000.0,8,8,0,8,0,0,12.175679987406236,12.175679987406236,12.175679987406236,0.2010447817796614,0.0,0.3523155103497794,1.0,0.2010447817796614,False,0,0,0,0,0,0.0,0.0,0.0,0.0,0.0,0,0.0,0,0,disabled,disabled,True,keyed,1,0,False,raw,0,0.0027500000000000003,0.0027500000000000003,default,0,True,keyed,0,0,False,raw,0,0.0027500000000000003,0.0027500000000000003,default,0,True,context_shuffle,False,raw,0.0027500000000000003,0.0027500000000000003,skill_distractor,route_train,set_minus,,,storm,set_plus,False,32,1,0,0,0,0,0.0,0.0,0.7892079999578527,1.30129200005058,2.2144590000152675,heldout_context_routing,internal_context_shuffle_ablation,CRA_internal,MockSimulator,43,skill_distractor,route_train,33,storm,set_plus,False,False,-1,0.0027500000000000003,0.0,0.0,0,False,1,False,-1,internal_context_shuffle_ablation,internal_ablation,context_shuffle,0.0027500000000000003,False,storm,,False,32,1,0,0,0,0.0027500000000000003,0.1,0.2,8,8
114,1000.0,8,8,0,8,0,0,12.124869683106276,12.124869683106276,12.124869683106276,0.24679495515486036,0.0,0.35046107302732776,1.0,0.24679495515486036,False,0,0,0,0,0,0.0,0.0,0.0,0.0,0.0,0,0.0,0,0,disabled,disabled,True,keyed,1,0,False,raw,0,0.0034000000000000002,0.0034000000000000002,default,0,True,keyed,0,0,False,raw,0,0.0034000000000000002,0.0034000000000000002,default,0,True,context_shuffle,False,raw,0.0034000000000000002,0.0034000000000000002,context_distractor,route_train,set_minus,,,storm,set_plus,False,32,1,0,0,0,0,0.0,0.0,0.8672499999988759,1.3999169999578953,2.4092909999922085,heldout_context_routing,internal_context_shuffle_ablation,CRA_internal,MockSimulator,43,context_distractor,route_train,33,storm,set_plus,False,False,-1,0.0034000000000000002,0.0,0.0,0,False,1,False,-1,internal_context_shuffle_ablation,internal_ablation,context_shuffle,0.0034000000000000002,False,storm,,False,32,1,0,0,0,0.0034000000000000002,0.1,0.2,8,8
115,1000.0,8,8,0,8,0,0,12.074312498771647,12.074312498771647,12.074312498771647,-0.07398134819868889,-0.0,0.34853988699363425,1.0,-0.07398134819868889,False,0,0,0,0,0,0.0,0.0,0.0,0.0,0.0,0,0.0,0,0,disabled,disabled,True,keyed,1,0,False,raw,0,-0.001,-0.001,default,0,True,keyed,0,0,False,raw,0,-0.001,-0.001,default,0,True,context_shuffle,False,raw,-0.001,-0.001,skill_distractor,route_train,set_minus,,,storm,set_plus,False,32,1,0,0,0,0,0.0,0.0,0.7975830000077622,1.3272079999637754,2.253791999976329,heldout_context_routing,internal_context_shuffle_ablation,CRA_internal,MockSimulator,43,skill_distractor,route_train,33,storm,set_plus,False,False,-1,-0.001,0.0,0.0,0,False,-1,False,-1,internal_context_shuffle_ablation,internal_ablation,context_shuffle,-0.001,False,storm,,False,32,1,0,0,0,-0.001,0.1,0.2,8,8
116,1000.0,8,8,0,8,0,0,12.024007171970181,12.024007171970181,12.024007171970181,0.13262428251032482,0.0,0.34655536397207753,1.0,0.13262428251032482,False,0,0,0,0,0,0.0,0.0,0.0,0.0,0.0,0,0.0,0,0,disabled,disabled,True,keyed,1,0,False,raw,0,0.0018,0.0018,default,0,True,keyed,0,0,False,raw,0,0.0018,0.0018,default,0,True,context_shuffle,False,raw,0.0018,0.0018,context_distractor,route_train,set_minus,,,storm,set_plus,False,32,1,0,0,0,0,0.0,0.0,0.7934579999755442,1.3400000000274304,2.256875000000491,heldout_context_routing,internal_context_shuffle_ablation,CRA_internal,MockSimulator,43,context_distractor,route_train,33,storm,set_plus,False,False,-1,0.0018,0.0,0.0,0,False,1,False,-1,internal_context_shuffle_ablation,internal_ablation,context_shuffle,0.0018,False,storm,,False,32,1,0,0,0,0.0018,0.1,0.2,8,8
117,1000.0,8,8,0,8,0,0,11.973952446566116,11.973952446566116,11.973952446566116,-0.07398134819868889,-0.0,0.3445108059165856,1.0,-0.07398134819868889,False,0,0,0,0,0,0.0,0.0,0.0,0.0,0.0,0,0.0,0,0,disabled,disabled,True,keyed,1,0,False,raw,0,-0.001,-0.001,default,0,True,keyed,0,0,False,raw,0,-0.001,-0.001,default,0,True,context_shuffle,False,raw,-0.001,-0.001,skill_distractor,route_train,set_minus,,,storm,set_plus,False,32,1,0,0,0,0,0.0,0.0,0.7888330000014321,1.334041999996316,2.2460839999780546,heldout_context_routing,internal_context_shuffle_ablation,CRA_internal,MockSimulator,43,skill_distractor,route_train,33,storm,set_plus,False,False,-1,-0.001,0.0,0.0,0,False,-1,False,-1,internal_context_shuffle_ablation,internal_ablation,context_shuffle,-0.001,False,storm,,False,32,1,0,0,0,-0.001,0.1,0.2,8,8
118,1000.0,8,8,0,8,0,0,11.924147072688692,11.924147072688692,11.924147072688692,0.4535579431702627,0.0,0.34240940803772457,1.0,0.4535579431702627,False,0,0,0,0,0,0.0,0.0,0.0,0.0,0.0,0,0.0,0,0,disabled,disabled,True,keyed,1,0,False,raw,0,0.006600000000000001,0.006600000000000001,default,0,True,keyed,0,0,False,raw,0,0.006600000000000001,0.006600000000000001,default,0,True,context_shuffle,False,raw,0.006600000000000001,0.006600000000000001,context_distractor,route_train,set_minus,,,storm,set_plus,False,32,1,0,0,0,0,0.0,0.0,0.7975000000328691,1.3394999999718493,2.2612079999930756,heldout_context_routing,internal_context_shuffle_ablation,CRA_internal,MockSimulator,43,context_distractor,route_train,33,storm,set_plus,False,False,-1,0.006600000000000001,0.0,0.0,0,False,1,False,-1,internal_context_shuffle_ablation,internal_ablation,context_shuffle,0.006600000000000001,False,storm,,False,32,1,0,0,0,0.006600000000000001,0.1,0.2,8,8
119,1000.0,8,8,0,8,0,0,11.874589806700905,11.874589806700905,11.874589806700905,0.20104478177966142,0.0,0.34025426175165135,1.0,0.20104478177966142,False,0,0,0,0,0,0.0,0.0,0.0,0.0,0.0,0,0.0,0,0,disabled,disabled,True,keyed,1,0,False,raw,0,0.0027500000000000003,0.0027500000000000003,default,0,True,keyed,0,0,False,raw,0,0.0027500000000000003,0.0027500000000000003,default,0,True,context_shuffle,False,raw,0.0027500000000000003,0.0027500000000000003,skill_distractor,route_train,set_minus,,,storm,set_plus,False,32,1,0,0,0,0,0.0,0.0,0.7894589999750679,1.351583000030132,2.2640409999894473,heldout_context_routing,internal_context_shuffle_ablation,CRA_internal,MockSimulator,43,skill_distractor,route_train,33,storm,set_plus,False,False,-1,0.0027500000000000003,0.0,0.0,0,False,1,False,-1,internal_context_shuffle_ablation,internal_ablation,context_shuffle,0.0027500000000000003,False,storm,,False,32,1,0,0,0,0.0027500000000000003,0.1,0.2,8,8
120,1000.0,8,8,0,8,0,0,11.825279411168419,11.825279411168419,11.825279411168419,-0.6298501141996793,-0.0,0.33804835755380597,1.0,-0.6298501141996793,False,0,0,0,0,0,0.0,0.0,0.0,0.0,0.0,0,0.0,0,0,disabled,disabled,True,keyed,1,0,False,raw,0,-0.01,-0.01,default,0,True,keyed,0,0,False,raw,0,-0.01,-0.01,default,0,True,context_shuffle,False,raw,-0.01,-0.01,input,route_train,set_minus,,,storm,set_plus,False,32,1,0,0,0,0,0.0,0.0,0.7931670000402846,1.3956249999864667,2.3127090000230055,heldout_context_routing,internal_context_shuffle_ablation,CRA_internal,MockSimulator,43,input,route_train,33,storm,set_plus,False,False,-1,-0.01,0.0,0.0,0,False,-1,False,-1,internal_context_shuffle_ablation,internal_ablation,context_shuffle,-0.01,False,storm,,False,32,1,0,0,0,-0.01,0.1,0.2,8,8
121,1000.0,8,8,0,8,0,0,11.776214654828621,11.776214654828621,11.776214654828621,0.6420149920119997,0.9999946965622277,0.33579458781917376,1.0,0.6420149920119997,True,0,0,0,0,0,0.0,0.0,0.0,0.0,0.0,0,0.0,0,0,disabled,disabled,True,keyed,1,0,True,internal_keyed_context,-1,-0.01,-0.01,default,0,True,keyed,0,0,False,raw,0,-0.01,-0.01,default,0,True,context_shuffle,True,internal_context_shuffle_router,-0.01,0.01,decision,route_train,set_minus,,set_plus,storm,set_plus,False,32,2,0,0,0,0,0.0,0.0,0.8339999999975589,1.5081660000078045,2.4792500000216933,heldout_context_routing,internal_context_shuffle_ablation,CRA_internal,MockSimulator,43,decision,route_train,33,storm,set_plus,False,False,-1,-0.01,0.01,0.01,1,True,1,True,121,internal_context_shuffle_ablation,internal_ablation,context_shuffle,-0.01,False,storm,set_plus,False,32,2,0,0,0,0.01,0.1,0.2,8,8
122,1000.0,8,8,0,8,0,0,11.72739431255985,11.72739431255985,11.72739431255985,0.13779454999504176,0.0,0.3338957495309053,1.0,0.13779454999504176,False,0,0,0,0,0,0.0,0.0,0.0,0.0,0.0,0,0.0,0,0,disabled,disabled,True,keyed,1,0,False,raw,0,0.0018,0.0018,default,0,True,keyed,0,0,False,raw,0,0.0018,0.0018,default,0,True,context_shuffle,False,raw,0.0018,0.0018,route_context,route_train,set_minus,,,reef,identity,False,32,2,0,0,0,0,0.0,0.0,0.8532080000236419,1.3998339999830023,2.379000000019005,heldout_context_routing,internal_context_shuffle_ablation,CRA_internal,MockSimulator,43,route_context,route_train,34,reef,identity,False,False,1,0.0018,0.0,0.0,0,False,1,False,-1,internal_context_shuffle_ablation,internal_ablation,context_shuffle,0.0018,False,reef,,False,32,2,0,0,0,0.0018,0.1,0.2,8,8
123,1000.0,8,8,0,8,0,0,11.678817165350763,11.678817165350763,11.678817165350763,0.3672262207814402,0.0,0.3319385469390399,1.0,0.3672262207814402,False,0,0,0,0,0,0.0,0.0,0.0,0.0,0.0,0,0.0,0,0,disabled,disabled,True,keyed,1,0,False,raw,0,0.005,0.005,default,0,True,keyed,0,0,False,raw,0,0.005,0.005,default,0,True,context_shuffle,False,raw,0.005,0.005,context_distractor,route_train,set_minus,,,reef,identity,False,32,2,0,0,0,0,0.0,0.0,0.8000000000265572,1.393000000007305,2.3170000000050095,heldout_context_routing,internal_context_shuffle_ablation,CRA_internal,MockSimulator,43,context_distractor,route_train,34,reef,identity,False,False,1,0.005,0.0,0.0,0,False,1,False,-1,internal_context_shuffle_ablation,internal_ablation,context_shuffle,0.005,False,reef,,False,32,2,0,0,0,0.005,0.1,0.2,8,8
124,1000.0,8,8,0,8,0,0,11.630482000269865,11.630482000269865,11.630482000269865,0.07689056351966796,0.0,0.32992607415103675,1.0,0.07689056351966796,False,0,0,0,0,0,0.0,0.0,0.0,0.0,0.0,0,0.0,0,0,disabled,disabled,True,keyed,1,0,False,raw,0,0.001,0.001,default,0,True,keyed,0,0,False,raw,0,0.001,0.001,default,0,True,context_shuffle,False,raw,0.001,0.001,skill_distractor,route_train,set_minus,,,reef,identity,False,32,2,0,0,0,0,0.0,0.0,0.7926249999741231,1.3985410000145748,2.3152079999704256,heldout_context_routing,internal_context_shuffle_ablation,CRA_internal,MockSimulator,43,skill_distractor,route_train,34,reef,identity,False,False,1,0.001,0.0,0.0,0,False,1,False,-1,internal_context_shuffle_ablation,internal_ablation,context_shuffle,0.001,False,reef,,False,32,2,0,0,0,0.001,0.1,0.2,8,8
125,1000.0,8,8,0,8,0,0,11.582387610435175,11.582387610435175,11.582387610435175,0.46876111833164447,0.0,0.32786132485577807,1.0,0.46876111833164447,False,0,0,0,0,0,0.0,0.0,0.0,0.0,0.0,0,0.0,0,0,disabled,disabled,True,keyed,1,0,False,raw,0,0.006600000000000001,0.006600000000000001,default,0,True,keyed,0,0,False,raw,0,0.006600000000000001,0.006600000000000001,default,0,True,context_shuffle,False,raw,0.006600000000000001,0.006600000000000001,context_distractor,route_train,set_minus,,,reef,identity,False,32,2,0,0,0,0,0.0,0.0,0.7940830000165988,1.4084169999932783,2.3267079999982343,heldout_context_routing,internal_context_shuffle_ablation,CRA_internal,MockSimulator,43,context_distractor,route_train,34,reef,identity,False,False,1,0.006600000000000001,0.0,0.0,0,False,1,False,-1,internal_context_shuffle_ablation,internal_ablation,context_shuffle,0.006600000000000001,False,reef,,False,32,2,0,0,0,0.006600000000000001,0.1,0.2,8,8
126,1000.0,8,8,0,8,0,0,11.534532794984067,11.534532794984067,11.534532794984067,-0.2087530646286119,-0.0,0.32574719510266936,1.0,-0.2087530646286119,False,0,0,0,0,0,0.0,0.0,0.0,0.0,0.0,0,0.0,0,0,disabled,disabled,True,keyed,1,0,False,raw,0,-0.0027500000000000003,-0.0027500000000000003,default,0,True,keyed,0,0,False,raw,0,-0.0027500000000000003,-0.0027500000000000003,default,0,True,context_shuffle,False,raw,-0.0027500000000000003,-0.0027500000000000003,skill_distractor,route_train,set_minus,,,reef,identity,False,32,2,0,0,0,0,0.0,0.0,0.794792000021971,1.4053329999796915,2.3241669999833903,heldout_context_routing,internal_context_shuffle_ablation,CRA_internal,MockSimulator,43,skill_distractor,route_train,34,reef,identity,False,False,1,-0.0027500000000000003,0.0,0.0,0,False,-1,False,-1,internal_context_shuffle_ablation,internal_ablation,context_shuffle,-0.0027500000000000003,False,reef,,False,32,2,0,0,0,-0.0027500000000000003,0.1,0.2,8,8
127,1000.0,8,8,0,8,0,0,11.486916359043239,11.486916359043239,11.486916359043239,0.3672262207814402,0.0,0.3235864860097427,1.0,0.3672262207814402,False,0,0,0,0,0,0.0,0.0,0.0,0.0,0.0,0,0.0,0,0,disabled,disabled,True,keyed,1,0,False,raw,0,0.005,0.005,default,0,True,keyed,0,0,False,raw,0,0.005,0.005,default,0,True,context_shuffle,False,raw,0.005,0.005,context_distractor,route_train,set_minus,,,reef,identity,False,32,2,0,0,0,0,0.0,0.0,0.7948329999862835,1.5655000000265318,2.483917000006386,heldout_context_routing,internal_context_shuffle_ablation,CRA_internal,MockSimulator,43,context_distractor,route_train,34,reef,identity,False,False,1,0.005,0.0,0.0,0,False,1,False,-1,internal_context_shuffle_ablation,internal_ablation,context_shuffle,0.005,False,reef,,False,32,2,0,0,0,0.005,0.1,0.2,8,8
128,1000.0,8,8,0,8,0,0,11.439537113698846,11.439537113698846,11.439537113698846,-0.07689056351966796,-0.0,0.32138190640249203,1.0,-0.07689056351966796,False,0,0,0,0,0,0.0,0.0,0.0,0.0,0.0,0,0.0,0,0,disabled,disabled,True,keyed,1,0,False,raw,0,-0.001,-0.001,default,0,True,keyed,0,0,False,raw,0,-0.001,-0.001,default,0,True,context_shuffle,False,raw,-0.001,-0.001,skill_distractor,route_train,set_minus,,,reef,identity,False,32,2,0,0,0,0,0.0,0.0,0.8036670000137747,1.4596669999491496,2.390417000015077,heldout_context_routing,internal_context_shuffle_ablation,CRA_internal,MockSimulator,43,skill_distractor,route_train,34,reef,identity,False,False,1,-0.001,0.0,0.0,0,False,-1,False,-1,internal_context_shuffle_ablation,internal_ablation,context_shuffle,-0.001,False,reef,,False,32,2,0,0,0,-0.001,0.1,0.2,8,8
129,1000.0,8,8,0,8,0,0,11.392393875966773,11.392393875966773,11.392393875966773,0.256113810715627,0.0,0.31913607538512745,1.0,0.256113810715627,False,0,0,0,0,0,0.0,0.0,0.0,0.0,0.0,0,0.0,0,0,disabled,disabled,True,keyed,1,0,False,raw,0,0.0034000000000000002,0.0034000000000000002,default,0,True,keyed,0,0,False,raw,0,0.0034000000000000002,0.0034000000000000002,default,0,True,context_shuffle,False,raw,0.0034000000000000002,0.0034000000000000002,context_distractor,route_train,set_minus,,,reef,identity,False,32,2,0,0,0,0,0.0,0.0,0.7937920000244958,1.4380829999822708,2.356874999975389,heldout_context_routing,internal_context_shuffle_ablation,CRA_internal,MockSimulator,43,context_distractor,route_train,34,reef,identity,False,False,1,0.0034000000000000002,0.0,0.0,0,False,1,False,-1,internal_context_shuffle_ablation,internal_ablation,context_shuffle,0.0034000000000000002,False,reef,,False,32,2,0,0,0,0.0034000000000000002,0.1,0.2,8,8
130,1000.0,8,8,0,8,0,0,11.345485468763062,11.345485468763062,11.345485468763062,-0.07689056351966796,-0.0,0.31685152484589646,1.0,-0.07689056351966796,False,0,0,0,0,0,0.0,0.0,0.0,0.0,0.0,0,0.0,0,0,disabled,disabled,True,keyed,1,0,False,raw,0,-0.001,-0.001,default,0,True,keyed,0,0,False,raw,0,-0.001,-0.001,default,0,True,context_shuffle,False,raw,-0.001,-0.001,skill_distractor,route_train,set_minus,,,reef,identity,False,32,2,0,0,0,0,0.0,0.0,0.794792000021971,1.4518329999759771,2.3701669999809383,heldout_context_routing,internal_context_shuffle_ablation,CRA_internal,MockSimulator,43,skill_distractor,route_train,34,reef,identity,False,False,1,-0.001,0.0,0.0,0,False,-1,False,-1,internal_context_shuffle_ablation,internal_ablation,context_shuffle,-0.001,False,reef,,False,32,2,0,0,0,-0.001,0.1,0.2,8,8
131,1000.0,8,8,0,8,0,0,11.29881072087449,11.29881072087449,11.29881072087449,0.3672262207814402,0.0,0.3145307018980807,1.0,0.3672262207814402,False,0,0,0,0,0,0.0,0.0,0.0,0.0,0.0,0,0.0,0,0,disabled,disabled,True,keyed,1,0,False,raw,0,0.005,0.005,default,0,True,keyed,0,0,False,raw,0,0.005,0.005,default,0,True,context_shuffle,False,raw,0.005,0.005,context_distractor,route_train,set_minus,,,reef,identity,False,32,2,0,0,0,0,0.0,0.0,0.7939590000205499,1.4503329999797643,2.367499999991196,heldout_context_routing,internal_context_shuffle_ablation,CRA_internal,MockSimulator,43,context_distractor,route_train,34,reef,identity,False,False,1,0.005,0.0,0.0,0,False,1,False,-1,internal_context_shuffle_ablation,internal_ablation,context_shuffle,0.005,False,reef,,False,32,2,0,0,0,0.005,0.1,0.2,8,8
132,1000.0,8,8,0,8,0,0,11.25236846692928,11.25236846692928,11.25236846692928,-0.20875306462861187,-0.0,0.3121759712582392,1.0,-0.20875306462861187,False,0,0,0,0,0,0.0,0.0,0.0,0.0,0.0,0,0.0,0,0,disabled,disabled,True,keyed,1,0,False,raw,0,-0.0027500000000000003,-0.0027500000000000003,default,0,True,keyed,0,0,False,raw,0,-0.0027500000000000003,-0.0027500000000000003,default,0,True,context_shuffle,False,raw,-0.0027500000000000003,-0.0027500000000000003,skill_distractor,route_train,set_minus,,,reef,identity,False,32,2,0,0,0,0,0.0,0.0,0.7953340000312892,1.4528329999734524,2.372083000011571,heldout_context_routing,internal_context_shuffle_ablation,CRA_internal,MockSimulator,43,skill_distractor,route_train,34,reef,identity,False,False,1,-0.0027500000000000003,0.0,0.0,0,False,-1,False,-1,internal_context_shuffle_ablation,internal_ablation,context_shuffle,-0.0027500000000000003,False,reef,,False,32,2,0,0,0,-0.0027500000000000003,0.1,0.2,8,8
133,1000.0,8,8,0,8,0,0,11.20615754736797,11.20615754736797,11.20615754736797,0.647177285766207,0.0,0.30978961756323214,1.0,0.647177285766207,False,0,0,0,0,0,0.0,0.0,0.0,0.0,0.0,0,0.0,0,0,disabled,disabled,True,keyed,1,0,False,raw,0,0.01,0.01,default,0,True,keyed,0,0,False,raw,0,0.01,0.01,default,0,True,context_shuffle,False,raw,0.01,0.01,input,route_train,set_minus,,,reef,identity,False,32,2,0,0,0,0,0.0,0.0,0.7939999999848624,1.471959000014067,2.38833399998839,heldout_context_routing,internal_context_shuffle_ablation,CRA_internal,MockSimulator,43,input,route_train,34,reef,identity,False,False,1,0.01,0.0,0.0,0,False,1,False,-1,internal_context_shuffle_ablation,internal_ablation,context_shuffle,0.01,False,reef,,False,32,2,0,0,0,0.01,0.1,0.2,8,8
134,1000.0,8,8,0,8,0,0,11.16017680841443,11.16017680841443,11.16017680841443,0.6420149920119997,0.9999946965622277,0.30737384762752207,1.0,0.6420149920119997,True,0,0,0,0,0,0.0,0.0,0.0,0.0,0.0,0,0.0,0,0,disabled,disabled,True,keyed,1,0,True,internal_keyed_context,1,0.01,0.01,default,0,True,keyed,0,0,False,raw,0,0.01,0.01,default,0,True,context_shuffle,True,internal_context_shuffle_router,0.01,0.01,decision,route_train,set_minus,,set_plus,reef,identity,False,32,3,0,0,0,0,0.0,0.0,0.9537090000435455,1.6093749999868123,2.6876250000213986,heldout_context_routing,internal_context_shuffle_ablation,CRA_internal,MockSimulator,43,decision,route_train,34,reef,identity,False,False,1,0.01,0.01,0.01,1,True,1,True,134,internal_context_shuffle_ablation,internal_ablation,context_shuffle,0.01,False,reef,set_plus,False,32,3,0,0,0,0.01,0.1,0.2,8,8
135,1000.0,8,8,0,8,0,0,11.114425102047008,11.114425102047008,11.114425102047008,0.14295215989577104,0.0,0.3053307926422151,1.0,0.14295215989577104,False,0,0,0,0,0,0.0,0.0,0.0,0.0,0.0,0,0.0,0,0,disabled,disabled,True,keyed,1,0,False,raw,0,0.0018,0.0018,default,0,True,keyed,0,0,False,raw,0,0.0018,0.0018,default,0,True,context_shuffle,False,raw,0.0018,0.0018,route_context,route_train,set_minus,,,reef,identity,False,32,3,0,0,0,0,0.0,0.0,0.7998340000199278,1.4980830000013157,2.426167000010082,heldout_context_routing,internal_context_shuffle_ablation,CRA_internal,MockSimulator,43,route_context,route_train,35,reef,identity,False,False,-1,0.0018,0.0,0.0,0,False,1,False,-1,internal_context_shuffle_ablation,internal_ablation,context_shuffle,0.0018,False,reef,,False,32,3,0,0,0,0.0018,0.1,0.2,8,8
136,1000.0,8,8,0,8,0,0,11.068901285969833,11.068901285969833,11.068901285969833,0.2653760558722882,0.0,0.30324651031726935,1.0,0.2653760558722882,False,0,0,0,0,0,0.0,0.0,0.0,0.0,0.0,0,0.0,0,0,disabled,disabled,True,keyed,1,0,False,raw,0,0.0034000000000000002,0.0034000000000000002,default,0,True,keyed,0,0,False,raw,0,0.0034000000000000002,0.0034000000000000002,default,0,True,context_shuffle,False,raw,0.0034000000000000002,0.0034000000000000002,context_distractor,route_train,set_minus,,,reef,identity,False,32,3,0,0,0,0,0.0,0.0,0.7942500000126529,1.5085829999748057,2.4276249999957145,heldout_context_routing,internal_context_shuffle_ablation,CRA_internal,MockSimulator,43,context_distractor,route_train,35,reef,identity,False,False,-1,0.0034000000000000002,0.0,0.0,0,False,1,False,-1,internal_context_shuffle_ablation,internal_ablation,context_shuffle,0.0034000000000000002,False,reef,,False,32,3,0,0,0,0.0034000000000000002,0.1,0.2,8,8
137,1000.0,8,8,0,8,0,0,11.02360422358426,11.02360422358426,11.02360422358426,-0.2164278277053352,-0.0,0.3011234669682646,1.0,-0.2164278277053352,False,0,0,0,0,0,0.0,0.0,0.0,0.0,0.0,0,0.0,0,0,disabled,disabled,True,keyed,1,0,False,raw,0,-0.0027500000000000003,-0.0027500000000000003,default,0,True,keyed,0,0,False,raw,0,-0.0027500000000000003,-0.0027500000000000003,default,0,True,context_shuffle,False,raw,-0.0027500000000000003,-0.0027500000000000003,skill_distractor,route_train,set_minus,,,reef,identity,False,32,3,0,0,0,0,0.0,0.0,0.7970419999878686,1.5218329999697744,2.442667000025267,heldout_context_routing,internal_context_shuffle_ablation,CRA_internal,MockSimulator,43,skill_distractor,route_train,35,reef,identity,False,False,-1,-0.0027500000000000003,0.0,0.0,0,False,-1,False,-1,internal_context_shuffle_ablation,internal_ablation,context_shuffle,-0.0027500000000000003,False,reef,,False,32,3,0,0,0,-0.0027500000000000003,0.1,0.2,8,8
138,1000.0,8,8,0,8,0,0,10.978532783960452,10.978532783960452,10.978532783960452,0.2653760558722882,0.0,0.2989640467490931,1.0,0.2653760558722882,False,0,0,0,0,0,0.0,0.0,0.0,0.0,0.0,0,0.0,0,0,disabled,disabled,True,keyed,1,0,False,raw,0,0.0034000000000000002,0.0034000000000000002,default,0,True,keyed,0,0,False,raw,0,0.0034000000000000002,0.0034000000000000002,default,0,True,context_shuffle,False,raw,0.0034000000000000002,0.0034000000000000002,context_distractor,route_train,set_minus,,,reef,identity,False,32,3,0,0,0,0,0.0,0.0,0.7914579999805937,1.510042000006706,2.425208000033763,heldout_context_routing,internal_context_shuffle_ablation,CRA_internal,MockSimulator,43,context_distractor,route_train,35,reef,identity,False,False,-1,0.0034000000000000002,0.0,0.0,0,False,1,False,-1,internal_context_shuffle_ablation,internal_ablation,context_shuffle,0.0034000000000000002,False,reef,,False,32,3,0,0,0,0.0034000000000000002,0.1,0.2,8,8
139,1000.0,8,8,0,8,0,0,10.93368584180911,10.93368584180911,10.93368584180911,-0.2164278277053352,-0.0,0.2967705539519012,1.0,-0.2164278277053352,False,0,0,0,0,0,0.0,0.0,0.0,0.0,0.0,0,0.0,0,0,disabled,disabled,True,keyed,1,0,False,raw,0,-0.0027500000000000003,-0.0027500000000000003,default,0,True,keyed,0,0,False,raw,0,-0.0027500000000000003,-0.0027500000000000003,default,0,True,context_shuffle,False,raw,-0.0027500000000000003,-0.0027500000000000003,skill_distractor,route_train,set_minus,,,reef,identity,False,32,3,0,0,0,0,0.0,0.0,0.7979169999998703,1.5257499999847823,2.4470419999715887,heldout_context_routing,internal_context_shuffle_ablation,CRA_internal,MockSimulator,43,skill_distractor,route_train,35,reef,identity,False,False,-1,-0.0027500000000000003,0.0,0.0,0,False,-1,False,-1,internal_context_shuffle_ablation,internal_ablation,context_shuffle,-0.0027500000000000003,False,reef,,False,32,3,0,0,0,-0.0027500000000000003,0.1,0.2,8,8
140,1000.0,8,8,0,8,0,0,10.889062277453336,10.889062277453336,10.889062277453336,0.48367676145389227,0.0,0.2945452152478973,1.0,0.48367676145389227,False,0,0,0,0,0,0.0,0.0,0.0,0.0,0.0,0,0.0,0,0,disabled,disabled,True,keyed,1,0,False,raw,0,0.006600000000000001,0.006600000000000001,default,0,True,keyed,0,0,False,raw,0,0.006600000000000001,0.006600000000000001,default,0,True,context_shuffle,False,raw,0.006600000000000001,0.006600000000000001,context_distractor,route_train,set_minus,,,reef,identity,False,32,3,0,0,0,0,0.0,0.0,0.7984169999986079,1.6658750000146938,2.588124999988395,heldout_context_routing,internal_context_shuffle_ablation,CRA_internal,MockSimulator,43,context_distractor,route_train,35,reef,identity,False,False,-1,0.006600000000000001,0.0,0.0,0,False,1,False,-1,internal_context_shuffle_ablation,internal_ablation,context_shuffle,0.006600000000000001,False,reef,,False,32,3,0,0,0,0.006600000000000001,0.1,0.2,8,8
141,1000.0,8,8,0,8,0,0,10.844660976800643,10.844660976800643,10.844660976800643,0.2164278277053352,0.0,0.2922901818704728,1.0,0.2164278277053352,False,0,0,0,0,0,0.0,0.0,0.0,0.0,0.0,0,0.0,0,0,disabled,disabled,True,keyed,1,0,False,raw,0,0.0027500000000000003,0.0027500000000000003,default,0,True,keyed,0,0,False,raw,0,0.0027500000000000003,0.0027500000000000003,default,0,True,context_shuffle,False,raw,0.0027500000000000003,0.0027500000000000003,skill_distractor,route_train,set_minus,,,reef,identity,False,32,3,0,0,0,0,0.0,0.0,0.8046670000112499,1.574832999949649,2.5069169999483165,heldout_context_routing,internal_context_shuffle_ablation,CRA_internal,MockSimulator,43,skill_distractor,route_train,35,reef,identity,False,False,-1,0.0027500000000000003,0.0,0.0,0,False,1,False,-1,internal_context_shuffle_ablation,internal_ablation,context_shuffle,0.0027500000000000003,False,reef,,False,32,3,0,0,0,0.0027500000000000003,0.1,0.2,8,8
142,1000.0,8,8,0,8,0,0,10.800480831315108,10.800480831315108,10.800480831315108,0.3798016737314689,0.0,0.29000753174204613,1.0,0.3798016737314689,False,0,0,0,0,0,0.0,0.0,0.0,0.0,0.0,0,0.0,0,0,disabled,disabled,True,keyed,1,0,False,raw,0,0.005,0.005,default,0,True,keyed,0,0,False,raw,0,0.005,0.005,default,0,True,context_shuffle,False,raw,0.005,0.005,context_distractor,route_train,set_minus,,,reef,identity,False,32,3,0,0,0,0,0.0,0.0,0.7930829999622802,1.5433340000186035,2.4600840000061908,heldout_context_routing,internal_context_shuffle_ablation,CRA_internal,MockSimulator,43,context_distractor,route_train,35,reef,identity,False,False,-1,0.005,0.0,0.0,0,False,1,False,-1,internal_context_shuffle_ablation,internal_ablation,context_shuffle,0.005,False,reef,,False,32,3,0,0,0,0.005,0.1,0.2,8,8
143,1000.0,8,8,0,8,0,0,10.756520737989648,10.756520737989648,10.756520737989648,-0.2164278277053352,-0.0,0.2876992715460084,1.0,-0.2164278277053352,False,0,0,0,0,0,0.0,0.0,0.0,0.0,0.0,0,0.0,0,0,disabled,disabled,True,keyed,1,0,False,raw,0,-0.0027500000000000003,-0.0027500000000000003,default,0,True,keyed,0,0,False,raw,0,-0.0027500000000000003,-0.0027500000000000003,default,0,True,context_shuffle,False,raw,-0.0027500000000000003,-0.0027500000000000003,skill_distractor,route_train,set_minus,,,reef,identity,False,32,3,0,0,0,0,0.0,0.0,0.79491600001802,1.5473750000296604,2.46874999999136,heldout_context_routing,internal_context_shuffle_ablation,CRA_internal,MockSimulator,43,skill_distractor,route_train,35,reef,identity,False,False,-1,-0.0027500000000000003,0.0,0.0,0,False,-1,False,-1,internal_context_shuffle_ablation,internal_ablation,context_shuffle,-0.0027500000000000003,False,reef,,False,32,3,0,0,0,-0.0027500000000000003,0.1,0.2,8,8
144,1000.0,8,8,0,8,0,0,10.712779599318454,10.712779599318454,10.712779599318454,0.2653760558722882,0.0,0.28536733874511533,1.0,0.2653760558722882,False,0,0,0,0,0,0.0,0.0,0.0,0.0,0.0,0,0.0,0,0,disabled,disabled,True,keyed,1,0,False,raw,0,0.0034000000000000002,0.0034000000000000002,default,0,True,keyed,0,0,False,raw,0,0.0034000000000000002,0.0034000000000000002,default,0,True,context_shuffle,False,raw,0.0034000000000000002,0.0034000000000000002,context_distractor,route_train,set_minus,,,reef,identity,False,32,3,0,0,0,0,0.0,0.0,0.8099579999907291,1.5738750000195978,2.5071249999655265,heldout_context_routing,internal_context_shuffle_ablation,CRA_internal,MockSimulator,43,context_distractor,route_train,35,reef,identity,False,False,-1,0.0034000000000000002,0.0,0.0,0,False,1,False,-1,internal_context_shuffle_ablation,internal_ablation,context_shuffle,0.0034000000000000002,False,reef,,False,32,3,0,0,0,0.0034000000000000002,0.1,0.2,8,8
145,1000.0,8,8,0,8,0,0,10.669256323269549,10.669256323269549,10.669256323269549,-0.07979556292054382,-0.0,0.28301360354763955,1.0,-0.07979556292054382,False,0,0,0,0,0,0.0,0.0,0.0,0.0,0.0,0,0.0,0,0,disabled,disabled,True,keyed,1,0,False,raw,0,-0.001,-0.001,default,0,True,keyed,0,0,False,raw,0,-0.001,-0.001,default,0,True,context_shuffle,False,raw,-0.001,-0.001,skill_distractor,route_train,set_minus,,,reef,identity,False,32,3,0,0,0,0,0.0,0.0,0.8002499999975043,1.570417000039015,2.495167000006404,heldout_context_routing,internal_context_shuffle_ablation,CRA_internal,MockSimulator,43,skill_distractor,route_train,35,reef,identity,False,False,-1,-0.001,0.0,0.0,0,False,-1,False,-1,internal_context_shuffle_ablation,internal_ablation,context_shuffle,-0.001,False,reef,,False,32,3,0,0,0,-0.001,0.1,0.2,8,8
146,1000.0,8,8,0,8,0,0,10.625949823257487,10.625949823257487,10.625949823257487,-0.6638442688280805,-0.0,0.28063987082256475,1.0,-0.6638442688280805,False,0,0,0,0,0,0.0,0.0,0.0,0.0,0.0,0,0.0,0,0,disabled,disabled,True,keyed,1,0,False,raw,0,-0.01,-0.01,default,0,True,keyed,0,0,False,raw,0,-0.01,-0.01,default,0,True,context_shuffle,False,raw,-0.01,-0.01,input,route_train,set_minus,,,reef,identity,False,32,3,0,0,0,0,0.0,0.0,0.7952079999995476,1.6559169999936785,2.5744590000158496,heldout_context_routing,internal_context_shuffle_ablation,CRA_internal,MockSimulator,43,input,route_train,35,reef,identity,False,False,-1,-0.01,0.0,0.0,0,False,-1,False,-1,internal_context_shuffle_ablation,internal_ablation,context_shuffle,-0.01,False,reef,,False,32,3,0,0,0,-0.01,0.1,0.2,8,8
147,1000.0,8,8,0,8,0,0,10.582859018116192,10.582859018116192,10.582859018116192,0.6420149920119997,-0.9999946965622277,0.2782478819650739,1.0,0.6420149920119997,False,0,0,0,0,0,0.0,0.0,0.0,0.0,0.0,0,0.0,0,0,disabled,disabled,True,keyed,1,0,True,internal_keyed_context,-1,-0.01,-0.01,default,0,True,keyed,0,0,False,raw,0,-0.01,-0.01,default,0,True,context_shuffle,True,internal_context_shuffle_router,-0.01,0.01,decision,route_train,set_minus,,set_plus,reef,identity,False,32,4,0,0,0,0,0.0,0.0,0.8018329999686102,1.6408750000209693,2.56987500000605,heldout_context_routing,internal_context_shuffle_ablation,CRA_internal,MockSimulator,43,decision,route_train,35,reef,identity,False,False,-1,-0.01,-0.01,-0.01,-1,True,1,False,147,internal_context_shuffle_ablation,internal_ablation,context_shuffle,-0.01,False,reef,set_plus,False,32,4,0,0,0,0.01,0.1,0.2,8,8
148,1000.0,8,8,0,8,0,0,10.53998283207192,10.53998283207192,10.53998283207192,0.43645674230901965,0.0,0.27583931671355366,1.0,0.43645674230901965,False,0,0,0,0,0,0.0,0.0,0.0,0.0,0.0,0,0.0,0,0,disabled,disabled,True,keyed,1,0,False,raw,0,0.006600000000000001,0.006600000000000001,default,0,True,keyed,0,0,False,raw,0,0.006600000000000001,0.006600000000000001,default,0,True,context_shuffle,False,raw,0.006600000000000001,0.006600000000000001,route_context,route_train,set_minus,,,deep,set_minus,False,32,4,0,0,0,0,0.0,0.0,0.8000420000371378,1.5920829999913622,2.51762499999586,heldout_context_routing,internal_context_shuffle_ablation,CRA_internal,MockSimulator,43,route_context,route_train,36,deep,set_minus,False,False,1,0.006600000000000001,0.0,0.0,0,False,1,False,-1,internal_context_shuffle_ablation,internal_ablation,context_shuffle,0.006600000000000001,False,deep,,False,32,4,0,0,0,0.006600000000000001,0.1,0.2,8,8
149,1000.0,8,8,0,8,0,0,10.497320194716378,10.497320194716378,10.497320194716378,0.12690623882425137,0.0,0.27341579491930823,1.0,0.12690623882425137,False,0,0,0,0,0,0.0,0.0,0.0,0.0,0.0,0,0.0,0,0,disabled,disabled,True,keyed,1,0,False,raw,0,0.0018,0.0018,default,0,True,keyed,0,0,False,raw,0,0.0018,0.0018,default,0,True,context_shuffle,False,raw,0.0018,0.0018,context_distractor,route_train,set_minus,,,deep,set_minus,False,32,4,0,0,0,0,0.0,0.0,0.7955000000379187,1.5912079999793605,2.5131250000072214,heldout_context_routing,internal_context_shuffle_ablation,CRA_internal,MockSimulator,43,context_distractor,route_train,36,deep,set_minus,False,False,1,0.0018,0.0,0.0,0,False,1,False,-1,internal_context_shuffle_ablation,internal_ablation,context_shuffle,0.0018,False,deep,,False,32,4,0,0,0,0.0018,0.1,0.2,8,8
150,1000.0,8,8,0,8,0,0,10.454870040979952,10.454870040979952,10.454870040979952,-0.07076716663232539,-0.0,0.27097887827014716,1.0,-0.07076716663232539,False,0,0,0,0,0,0.0,0.0,0.0,0.0,0.0,0,0.0,0,0,disabled,disabled,True,keyed,1,0,False,raw,0,-0.001,-0.001,default,0,True,keyed,0,0,False,raw,0,-0.001,-0.001,default,0,True,context_shuffle,False,raw,-0.001,-0.001,skill_distractor,route_train,set_minus,,,deep,set_minus,False,32,4,0,0,0,0,0.0,0.0,0.7935410000072807,1.6093340000224998,2.5261659999955555,heldout_context_routing,internal_context_shuffle_ablation,CRA_internal,MockSimulator,43,skill_distractor,route_train,36,deep,set_minus,False,False,1,-0.001,0.0,0.0,0,False,-1,False,-1,internal_context_shuffle_ablation,internal_ablation,context_shuffle,-0.001,False,deep,,False,32,4,0,0,0,-0.001,0.1,0.2,8,8
151,1000.0,8,8,0,8,0,0,10.412631311105086,10.412631311105086,10.412631311105086,0.2364506733026679,0.0,0.2685300719689848,1.0,0.2364506733026679,False,0,0,0,0,0,0.0,0.0,0.0,0.0,0.0,0,0.0,0,0,disabled,disabled,True,keyed,1,0,False,raw,0,0.0034000000000000002,0.0034000000000000002,default,0,True,keyed,0,0,False,raw,0,0.0034000000000000002,0.0034000000000000002,default,0,True,context_shuffle,False,raw,0.0034000000000000002,0.0034000000000000002,context_distractor,route_train,set_minus,,,deep,set_minus,False,32,4,0,0,0,0,0.0,0.0,0.8106660000066768,1.6137090000256649,2.547332999995433,heldout_context_routing,internal_context_shuffle_ablation,CRA_internal,MockSimulator,43,context_distractor,route_train,36,deep,set_minus,False,False,1,0.0034000000000000002,0.0,0.0,0,False,1,False,-1,internal_context_shuffle_ablation,internal_ablation,context_shuffle,0.0034000000000000002,False,deep,,False,32,4,0,0,0,0.0034000000000000002,0.1,0.2,8,8
152,1000.0,8,8,0,8,0,0,10.370602950619785,10.370602950619785,10.370602950619785,-0.0707671666323254,-0.0,0.26607082636856094,1.0,-0.0707671666323254,False,0,0,0,0,0,0.0,0.0,0.0,0.0,0.0,0,0.0,0,0,disabled,disabled,True,keyed,1,0,False,raw,0,-0.001,-0.001,default,0,True,keyed,0,0,False,raw,0,-0.001,-0.001,default,0,True,context_shuffle,False,raw,-0.001,-0.001,skill_distractor,route_train,set_minus,,,deep,set_minus,False,32,4,0,0,0,0,0.0,0.0,0.8057910000047741,1.657708999971419,2.586874999963129,heldout_context_routing,internal_context_shuffle_ablation,CRA_internal,MockSimulator,43,skill_distractor,route_train,36,deep,set_minus,False,False,1,-0.001,0.0,0.0,0,False,-1,False,-1,internal_context_shuffle_ablation,internal_ablation,context_shuffle,-0.001,False,deep,,False,32,4,0,0,0,-0.001,0.1,0.2,8,8
153,1000.0,8,8,0,8,0,0,10.328783910311257,10.328783910311257,10.328783910311257,0.12690623882425137,0.0,0.2636025385633664,1.0,0.12690623882425137,False,0,0,0,0,0,0.0,0.0,0.0,0.0,0.0,0,0.0,0,0,disabled,disabled,True,keyed,1,0,False,raw,0,0.0018,0.0018,default,0,True,keyed,0,0,False,raw,0,0.0018,0.0018,default,0,True,context_shuffle,False,raw,0.0018,0.0018,context_distractor,route_train,set_minus,,,deep,set_minus,False,32,4,0,0,0,0,0.0,0.0,0.8163749999994252,1.660540999978366,2.610249999975167,heldout_context_routing,internal_context_shuffle_ablation,CRA_internal,MockSimulator,43,context_distractor,route_train,36,deep,set_minus,False,False,1,0.0018,0.0,0.0,0,False,1,False,-1,internal_context_shuffle_ablation,internal_ablation,context_shuffle,0.0018,False,deep,,False,32,4,0,0,0,0.0018,0.1,0.2,8,8
154,1000.0,8,8,0,8,0,0,10.28717314619968,10.28717314619968,10.28717314619968,-0.19250334335672234,-0.0,0.2611265539398322,1.0,-0.19250334335672234,False,0,0,0,0,0,0.0,0.0,0.0,0.0,0.0,0,0.0,0,0,disabled,disabled,True,keyed,1,0,False,raw,0,-0.0027500000000000003,-0.0027500000000000003,default,0,True,keyed,0,0,False,raw,0,-0.0027500000000000003,-0.0027500000000000003,default,0,True,context_shuffle,False,raw,-0.0027500000000000003,-0.0027500000000000003,skill_distractor,route_train,set_minus,,,deep,set_minus,False,32,4,0,0,0,0,0.0,0.0,0.7939170000099693,1.6421669999999722,2.560208000033981,heldout_context_routing,internal_context_shuffle_ablation,CRA_internal,MockSimulator,43,skill_distractor,route_train,36,deep,set_minus,False,False,1,-0.0027500000000000003,0.0,0.0,0,False,-1,False,-1,internal_context_shuffle_ablation,internal_ablation,context_shuffle,-0.0027500000000000003,False,deep,,False,32,4,0,0,0,-0.0027500000000000003,0.1,0.2,8,8
155,1000.0,8,8,0,8,0,0,10.2457696195121,10.2457696195121,10.2457696195121,0.12690623882425137,0.0,0.258644167685814,1.0,0.12690623882425137,False,0,0,0,0,0,0.0,0.0,0.0,0.0,0.0,0,0.0,0,0,disabled,disabled,True,keyed,1,0,False,raw,0,0.0018,0.0018,default,0,True,keyed,0,0,False,raw,0,0.0018,0.0018,default,0,True,context_shuffle,False,raw,0.0018,0.0018,context_distractor,route_train,set_minus,,,deep,set_minus,False,32,4,0,0,0,0,0.0,0.0,0.8044999999583524,1.6255000000455766,2.5532500000053915,heldout_context_routing,internal_context_shuffle_ablation,CRA_internal,MockSimulator,43,context_distractor,route_train,36,deep,set_minus,False,False,1,0.0018,0.0,0.0,0,False,1,False,-1,internal_context_shuffle_ablation,internal_ablation,context_shuffle,0.0018,False,deep,,False,32,4,0,0,0,0.0018,0.1,0.2,8,8
156,1000.0,8,8,0,8,0,0,10.204572296656469,10.204572296656469,10.204572296656469,-0.19250334335672237,-0.0,0.2561566262603806,1.0,-0.19250334335672237,False,0,0,0,0,0,0.0,0.0,0.0,0.0,0.0,0,0.0,0,0,disabled,disabled,True,keyed,1,0,False,raw,0,-0.0027500000000000003,-0.0027500000000000003,default,0,True,keyed,0,0,False,raw,0,-0.0027500000000000003,-0.0027500000000000003,default,0,True,context_shuffle,False,raw,-0.0027500000000000003,-0.0027500000000000003,skill_distractor,route_train,set_minus,,,deep,set_minus,False,32,4,0,0,0,0,0.0,0.0,0.7939170000099693,1.658333000023049,2.5749999999788997,heldout_context_routing,internal_context_shuffle_ablation,CRA_internal,MockSimulator,43,skill_distractor,route_train,36,deep,set_minus,False,False,1,-0.0027500000000000003,0.0,0.0,0,False,-1,False,-1,internal_context_shuffle_ablation,internal_ablation,context_shuffle,-0.0027500000000000003,False,deep,,False,32,4,0,0,0,-0.0027500000000000003,0.1,0.2,8,8
157,1000.0,8,8,0,8,0,0,10.163580149195795,10.163580149195795,10.163580149195795,0.2364506733026679,0.0,0.25366512882489023,1.0,0.2364506733026679,False,0,0,0,0,0,0.0,0.0,0.0,0.0,0.0,0,0.0,0,0,disabled,disabled,True,keyed,1,0,False,raw,0,0.0034000000000000002,0.0034000000000000002,default,0,True,keyed,0,0,False,raw,0,0.0034000000000000002,0.0034000000000000002,default,0,True,context_shuffle,False,raw,0.0034000000000000002,0.0034000000000000002,context_distractor,route_train,set_minus,,,deep,set_minus,False,32,4,0,0,0,0,0.0,0.0,0.7909159999712756,1.6667919999804326,2.581874999975753,heldout_context_routing,internal_context_shuffle_ablation,CRA_internal,MockSimulator,43,context_distractor,route_train,36,deep,set_minus,False,False,1,0.0034000000000000002,0.0,0.0,0,False,1,False,-1,internal_context_shuffle_ablation,internal_ablation,context_shuffle,0.0034000000000000002,False,deep,,False,32,4,0,0,0,0.0034000000000000002,0.1,0.2,8,8
158,1000.0,8,8,0,8,0,0,10.122792153822441,10.122792153822441,10.122792153822441,0.19250334335672237,0.0,0.25117082863631535,1.0,0.19250334335672237,False,0,0,0,0,0,0.0,0.0,0.0,0.0,0.0,0,0.0,0,0,disabled,disabled,True,keyed,1,0,False,raw,0,0.0027500000000000003,0.0027500000000000003,default,0,True,keyed,0,0,False,raw,0,0.0027500000000000003,0.0027500000000000003,default,0,True,context_shuffle,False,raw,0.0027500000000000003,0.0027500000000000003,skill_distractor,route_train,set_minus,,,deep,set_minus,False,32,4,0,0,0,0,0.0,0.0,0.7922919999714395,1.6565000000241525,2.5736249999681604,heldout_context_routing,internal_context_shuffle_ablation,CRA_internal,MockSimulator,43,skill_distractor,route_train,36,deep,set_minus,False,False,1,0.0027500000000000003,0.0,0.0,0,False,1,False,-1,internal_context_shuffle_ablation,internal_ablation,context_shuffle,0.0027500000000000003,False,deep,,False,32,4,0,0,0,0.0027500000000000003,0.1,0.2,8,8
159,1000.0,8,8,0,8,0,0,10.08220729233254,10.08220729233254,10.08220729233254,0.6099593150597429,0.0,0.2486748344037535,1.0,0.6099593150597429,False,0,0,0,0,0,0.0,0.0,0.0,0.0,0.0,0,0.0,0,0,disabled,disabled,True,keyed,1,0,False,raw,0,0.01,0.01,default,0,True,keyed,0,0,False,raw,0,0.01,0.01,default,0,True,context_shuffle,False,raw,0.01,0.01,input,route_train,set_minus,,,deep,set_minus,False,32,4,0,0,0,0,0.0,0.0,0.8786669999949481,1.7570830000295246,2.769250000028478,heldout_context_routing,internal_context_shuffle_ablation,CRA_internal,MockSimulator,43,input,route_train,36,deep,set_minus,False,False,1,0.01,0.0,0.0,0,False,1,False,-1,internal_context_shuffle_ablation,internal_ablation,context_shuffle,0.01,False,deep,,False,32,4,0,0,0,0.01,0.1,0.2,8,8
160,1000.0,8,8,0,8,0,0,10.041824551600532,10.041824551600532,10.041824551600532,0.6420149920119997,-0.9999946965622277,0.24617821160903958,1.0,0.6420149920119997,False,0,0,0,0,0,0.0,0.0,0.0,0.0,0.0,0,0.0,0,0,disabled,disabled,True,keyed,1,0,True,internal_keyed_context,1,0.01,0.01,default,0,True,keyed,0,0,False,raw,0,0.01,0.01,default,0,True,context_shuffle,True,internal_context_shuffle_router,0.01,0.01,decision,route_train,set_minus,,identity,deep,set_minus,False,32,5,0,0,0,0,0.0,0.0,0.794625000025917,1.737542000000758,2.6604170000155136,heldout_context_routing,internal_context_shuffle_ablation,CRA_internal,MockSimulator,43,decision,route_train,36,deep,set_minus,False,False,1,0.01,-0.01,-0.01,-1,True,1,False,160,internal_context_shuffle_ablation,internal_ablation,context_shuffle,0.01,False,deep,identity,False,32,5,0,0,0,0.01,0.1,0.2,8,8
161,1000.0,8,8,0,8,0,0,10.001642923553842,10.001642923553842,10.001642923553842,0.3867543081023848,0.0,0.2436819837923527,1.0,0.3867543081023848,False,0,0,0,0,0,0.0,0.0,0.0,0.0,0.0,0,0.0,0,0,disabled,disabled,True,keyed,1,0,False,raw,0,0.006600000000000001,0.006600000000000001,default,0,True,keyed,0,0,False,raw,0,0.006600000000000001,0.006600000000000001,default,0,True,context_shuffle,False,raw,0.006600000000000001,0.006600000000000001,route_context,route_train,set_minus,,,deep,set_minus,False,32,5,0,0,0,0,0.0,0.0,0.8117080000147325,1.6912090000005264,2.628915999991932,heldout_context_routing,internal_context_shuffle_ablation,CRA_internal,MockSimulator,43,route_context,route_train,37,deep,set_minus,False,False,-1,0.006600000000000001,0.0,0.0,0,False,1,False,-1,internal_context_shuffle_ablation,internal_ablation,context_shuffle,0.006600000000000001,False,deep,,False,32,5,0,0,0,0.006600000000000001,0.1,0.2,8,8
162,1000.0,8,8,0,8,0,0,9.961661405147682,9.961661405147682,9.961661405147682,0.11080976568371445,0.0,0.2411871338036897,1.0,0.11080976568371445,False,0,0,0,0,0,0.0,0.0,0.0,0.0,0.0,0,0.0,0,0,disabled,disabled,True,keyed,1,0,False,raw,0,0.0018,0.0018,default,0,True,keyed,0,0,False,raw,0,0.0018,0.0018,default,0,True,context_shuffle,False,raw,0.0018,0.0018,context_distractor,route_train,set_minus,,,deep,set_minus,False,32,5,0,0,0,0,0.0,0.0,0.7955420000484992,1.7128329999991365,2.6345830000309434,heldout_context_routing,internal_context_shuffle_ablation,CRA_internal,MockSimulator,43,context_distractor,route_train,37,deep,set_minus,False,False,-1,0.0018,0.0,0.0,0,False,1,False,-1,internal_context_shuffle_ablation,internal_ablation,context_shuffle,0.0018,False,deep,,False,32,5,0,0,0,0.0018,0.1,0.2,8,8
163,1000.0,8,8,0,8,0,0,9.921878998339967,9.921878998339967,9.921878998339967,0.06173620594560225,0.0,0.23869460502105627,1.0,0.06173620594560225,False,0,0,0,0,0,0.0,0.0,0.0,0.0,0.0,0,0.0,0,0,disabled,disabled,True,keyed,1,0,False,raw,0,0.001,0.001,default,0,True,keyed,0,0,False,raw,0,0.001,0.001,default,0,True,context_shuffle,False,raw,0.001,0.001,skill_distractor,route_train,set_minus,,,deep,set_minus,False,32,5,0,0,0,0,0.0,0.0,0.807084000030045,1.7269159999955264,2.6576660000046104,heldout_context_routing,internal_context_shuffle_ablation,CRA_internal,MockSimulator,43,skill_distractor,route_train,37,deep,set_minus,False,False,-1,0.001,0.0,0.0,0,False,1,False,-1,internal_context_shuffle_ablation,internal_ablation,context_shuffle,0.001,False,deep,,False,32,5,0,0,0,0.001,0.1,0.2,8,8
164,1000.0,8,8,0,8,0,0,9.882294710066368,9.882294710066368,9.882294710066368,0.2995945313116342,0.0,0.23620530253620672,1.0,0.2995945313116342,False,0,0,0,0,0,0.0,0.0,0.0,0.0,0.0,0,0.0,0,0,disabled,disabled,True,keyed,1,0,False,raw,0,0.005,0.005,default,0,True,keyed,0,0,False,raw,0,0.005,0.005,default,0,True,context_shuffle,False,raw,0.005,0.005,context_distractor,route_train,set_minus,,,deep,set_minus,False,32,5,0,0,0,0,0.0,0.0,0.7941670000377599,1.8815409999888288,2.7988749999963147,heldout_context_routing,internal_context_shuffle_ablation,CRA_internal,MockSimulator,43,context_distractor,route_train,37,deep,set_minus,False,False,-1,0.005,0.0,0.0,0,False,1,False,-1,internal_context_shuffle_ablation,internal_ablation,context_shuffle,0.005,False,deep,,False,32,5,0,0,0,0.005,0.1,0.2,8,8
165,1000.0,8,8,0,8,0,0,9.842907552215488,9.842907552215488,9.842907552215488,0.06173620594560225,0.0,0.23372009430874274,1.0,0.06173620594560225,False,0,0,0,0,0,0.0,0.0,0.0,0.0,0.0,0,0.0,0,0,disabled,disabled,True,keyed,1,0,False,raw,0,0.001,0.001,default,0,True,keyed,0,0,False,raw,0,0.001,0.001,default,0,True,context_shuffle,False,raw,0.001,0.001,skill_distractor,route_train,set_minus,,,deep,set_minus,False,32,5,0,0,0,0,0.0,0.0,0.8057080000298811,1.7505419999679361,2.683292000028814,heldout_context_routing,internal_context_shuffle_ablation,CRA_internal,MockSimulator,43,skill_distractor,route_train,37,deep,set_minus,False,False,-1,0.001,0.0,0.0,0,False,1,False,-1,internal_context_shuffle_ablation,internal_ablation,context_shuffle,0.001,False,deep,,False,32,5,0,0,0,0.001,0.1,0.2,8,8
166,1000.0,8,8,0,8,0,0,9.803716541604151,9.803716541604151,9.803716541604151,0.11080976568371445,0.0,0.23123981228936283,1.0,0.11080976568371445,False,0,0,0,0,0,0.0,0.0,0.0,0.0,0.0,0,0.0,0,0,disabled,disabled,True,keyed,1,0,False,raw,0,0.0018,0.0018,default,0,True,keyed,0,0,False,raw,0,0.0018,0.0018,default,0,True,context_shuffle,False,raw,0.0018,0.0018,context_distractor,route_train,set_minus,,,deep,set_minus,False,32,5,0,0,0,0,0.0,0.0,0.7959999999798129,1.7294589999892196,2.6485829999955968,heldout_context_routing,internal_context_shuffle_ablation,CRA_internal,MockSimulator,43,context_distractor,route_train,37,deep,set_minus,False,False,-1,0.0018,0.0,0.0,0,False,1,False,-1,internal_context_shuffle_ablation,internal_ablation,context_shuffle,0.0018,False,deep,,False,32,5,0,0,0,0.0018,0.1,0.2,8,8
167,1000.0,8,8,0,8,0,0,9.76472069995283,9.76472069995283,9.76472069995283,-0.061736205945602245,-0.0,0.2287652535130346,1.0,-0.061736205945602245,False,0,0,0,0,0,0.0,0.0,0.0,0.0,0.0,0,0.0,0,0,disabled,disabled,True,keyed,1,0,False,raw,0,-0.001,-0.001,default,0,True,keyed,0,0,False,raw,0,-0.001,-0.001,default,0,True,context_shuffle,False,raw,-0.001,-0.001,skill_distractor,route_train,set_minus,,,deep,set_minus,False,32,5,0,0,0,0,0.0,0.0,0.794208999991497,1.7467499999952452,2.663457999972252,heldout_context_routing,internal_context_shuffle_ablation,CRA_internal,MockSimulator,43,skill_distractor,route_train,37,deep,set_minus,False,False,-1,-0.001,0.0,0.0,0,False,-1,False,-1,internal_context_shuffle_ablation,internal_ablation,context_shuffle,-0.001,False,deep,,False,32,5,0,0,0,-0.001,0.1,0.2,8,8
168,1000.0,8,8,0,8,0,0,9.725919053861185,9.725919053861185,9.725919053861185,0.2995945313116342,0.0,0.22629718116284375,1.0,0.2995945313116342,False,0,0,0,0,0,0.0,0.0,0.0,0.0,0.0,0,0.0,0,0,disabled,disabled,True,keyed,1,0,False,raw,0,0.005,0.005,default,0,True,keyed,0,0,False,raw,0,0.005,0.005,default,0,True,context_shuffle,False,raw,0.005,0.005,context_distractor,route_train,set_minus,,,deep,set_minus,False,32,5,0,0,0,0,0.0,0.0,0.7971659999839176,1.754042000015943,2.6757919999909063,heldout_context_routing,internal_context_shuffle_ablation,CRA_internal,MockSimulator,43,context_distractor,route_train,37,deep,set_minus,False,False,-1,0.005,0.0,0.0,0,False,1,False,-1,internal_context_shuffle_ablation,internal_ablation,context_shuffle,0.005,False,deep,,False,32,5,0,0,0,0.005,0.1,0.2,8,8
169,1000.0,8,8,0,8,0,0,9.687310634783735,9.687310634783735,9.687310634783735,-0.061736205945602245,-0.0,0.22383632560525535,1.0,-0.061736205945602245,False,0,0,0,0,0,0.0,0.0,0.0,0.0,0.0,0,0.0,0,0,disabled,disabled,True,keyed,1,0,False,raw,0,-0.001,-0.001,default,0,True,keyed,0,0,False,raw,0,-0.001,-0.001,default,0,True,context_shuffle,False,raw,-0.001,-0.001,skill_distractor,route_train,set_minus,,,deep,set_minus,False,32,5,0,0,0,0,0.0,0.0,0.7967909999706535,1.7870420000463128,2.708250000011958,heldout_context_routing,internal_context_shuffle_ablation,CRA_internal,MockSimulator,43,skill_distractor,route_train,37,deep,set_minus,False,False,-1,-0.001,0.0,0.0,0,False,-1,False,-1,internal_context_shuffle_ablation,internal_ablation,context_shuffle,-0.001,False,deep,,False,32,5,0,0,0,-0.001,0.1,0.2,8,8
170,1000.0,8,8,0,8,0,0,9.648894479005632,9.648894479005632,9.648894479005632,0.20712957930900633,0.0,0.22138338539750532,1.0,0.20712957930900633,False,0,0,0,0,0,0.0,0.0,0.0,0.0,0.0,0,0.0,0,0,disabled,disabled,True,keyed,1,0,False,raw,0,0.0034000000000000002,0.0034000000000000002,default,0,True,keyed,0,0,False,raw,0,0.0034000000000000002,0.0034000000000000002,default,0,True,context_shuffle,False,raw,0.0034000000000000002,0.0034000000000000002,context_distractor,route_train,set_minus,,,deep,set_minus,False,32,5,0,0,0,0,0.0,0.0,0.8472499999925276,1.8966249999721185,2.868041999988691,heldout_context_routing,internal_context_shuffle_ablation,CRA_internal,MockSimulator,43,context_distractor,route_train,37,deep,set_minus,False,False,-1,0.0034000000000000002,0.0,0.0,0,False,1,False,-1,internal_context_shuffle_ablation,internal_ablation,context_shuffle,0.0034000000000000002,False,deep,,False,32,5,0,0,0,0.0034000000000000002,0.1,0.2,8,8
171,1000.0,8,8,0,8,0,0,9.610669627618583,9.610669627618583,9.610669627618583,-0.1683720596263726,-0.0,0.2189390282678232,1.0,-0.1683720596263726,False,0,0,0,0,0,0.0,0.0,0.0,0.0,0.0,0,0.0,0,0,disabled,disabled,True,keyed,1,0,False,raw,0,-0.0027500000000000003,-0.0027500000000000003,default,0,True,keyed,0,0,False,raw,0,-0.0027500000000000003,-0.0027500000000000003,default,0,True,context_shuffle,False,raw,-0.0027500000000000003,-0.0027500000000000003,skill_distractor,route_train,set_minus,,,deep,set_minus,False,32,5,0,0,0,0,0.0,0.0,0.8058749999690917,1.8132920000084596,2.747542000008707,heldout_context_routing,internal_context_shuffle_ablation,CRA_internal,MockSimulator,43,skill_distractor,route_train,37,deep,set_minus,False,False,-1,-0.0027500000000000003,0.0,0.0,0,False,-1,False,-1,internal_context_shuffle_ablation,internal_ablation,context_shuffle,-0.0027500000000000003,False,deep,,False,32,5,0,0,0,-0.0027500000000000003,0.1,0.2,8,8
172,1000.0,8,8,0,8,0,0,9.572635126496865,9.572635126496865,9.572635126496865,-0.5498373736977707,-0.0,0.21650389206916937,1.0,-0.5498373736977707,False,0,0,0,0,0,0.0,0.0,0.0,0.0,0.0,0,0.0,0,0,disabled,disabled,True,keyed,1,0,False,raw,0,-0.01,-0.01,default,0,True,keyed,0,0,False,raw,0,-0.01,-0.01,default,0,True,context_shuffle,False,raw,-0.01,-0.01,input,route_train,set_minus,,,deep,set_minus,False,32,5,0,0,0,0,0.0,0.0,0.7919580000361748,1.7908329999727357,2.708499999982905,heldout_context_routing,internal_context_shuffle_ablation,CRA_internal,MockSimulator,43,input,route_train,37,deep,set_minus,False,False,-1,-0.01,0.0,0.0,0,False,-1,False,-1,internal_context_shuffle_ablation,internal_ablation,context_shuffle,-0.01,False,deep,,False,32,5,0,0,0,-0.01,0.1,0.2,8,8
173,1000.0,8,8,0,8,0,0,9.534790026273479,9.534790026273479,9.534790026273479,-0.6420149920119997,0.9999946965622277,0.21407858570715455,1.0,-0.6420149920119997,True,0,0,0,0,0,0.0,0.0,0.0,0.0,0.0,0,0.0,0,0,disabled,disabled,True,keyed,1,0,True,internal_keyed_context,-1,-0.01,-0.01,default,0,True,keyed,0,0,False,raw,0,-0.01,-0.01,default,0,True,context_shuffle,True,internal_context_shuffle_router,-0.01,-0.01,decision,route_train,set_minus,,identity,deep,set_minus,False,32,6,0,0,0,0,0.0,0.0,0.7899579999843809,1.820583999972314,2.7340830000071037,heldout_context_routing,internal_context_shuffle_ablation,CRA_internal,MockSimulator,43,decision,route_train,37,deep,set_minus,False,False,-1,-0.01,-0.01,-0.01,-1,True,-1,True,173,internal_context_shuffle_ablation,internal_ablation,context_shuffle,-0.01,False,deep,identity,False,32,6,0,0,0,-0.01,0.1,0.2,8,8
174,1000.0,8,8,0,8,0,0,9.497133382316413,9.497133382316413,9.497133382316413,0.2166707071839491,0.0,0.21206369004279266,1.0,0.2166707071839491,False,0,0,0,0,0,0.0,0.0,0.0,0.0,0.0,0,0.0,0,0,disabled,disabled,True,keyed,1,0,False,raw,0,0.0034000000000000002,0.0034000000000000002,default,0,True,keyed,0,0,False,raw,0,0.0034000000000000002,0.0034000000000000002,default,0,True,context_shuffle,False,raw,0.0034000000000000002,0.0034000000000000002,route_context,route_train,set_minus,,,lagoon,invert,False,32,6,0,0,0,0,0.0,0.0,0.7928750000019136,1.7907499999978427,2.7071669999827463,heldout_context_routing,internal_context_shuffle_ablation,CRA_internal,MockSimulator,43,route_context,route_train,38,lagoon,invert,False,False,1,0.0034000000000000002,0.0,0.0,0,False,1,False,-1,internal_context_shuffle_ablation,internal_ablation,context_shuffle,0.0034000000000000002,False,lagoon,,False,32,6,0,0,0,0.0034000000000000002,0.1,0.2,8,8
175,1000.0,8,8,0,8,0,0,9.459664254705027,9.459664254705027,9.459664254705027,0.3129072222707658,0.0,0.2100437587707224,1.0,0.3129072222707658,False,0,0,0,0,0,0.0,0.0,0.0,0.0,0.0,0,0.0,0,0,disabled,disabled,True,keyed,1,0,False,raw,0,0.005,0.005,default,0,True,keyed,0,0,False,raw,0,0.005,0.005,default,0,True,context_shuffle,False,raw,0.005,0.005,context_distractor,route_train,set_minus,,,lagoon,invert,False,32,6,0,0,0,0,0.0,0.0,0.8211659999801668,1.8043750000060754,2.7485829999704947,heldout_context_routing,internal_context_shuffle_ablation,CRA_internal,MockSimulator,43,context_distractor,route_train,38,lagoon,invert,False,False,1,0.005,0.0,0.0,0,False,1,False,-1,internal_context_shuffle_ablation,internal_ablation,context_shuffle,0.005,False,lagoon,,False,32,6,0,0,0,0.005,0.1,0.2,8,8
176,1000.0,8,8,0,8,0,0,9.42238170820655,9.42238170820655,9.42238170820655,0.06466263754755534,0.0,0.2080197992735178,1.0,0.06466263754755534,False,0,0,0,0,0,0.0,0.0,0.0,0.0,0.0,0,0.0,0,0,disabled,disabled,True,keyed,1,0,False,raw,0,0.001,0.001,default,0,True,keyed,0,0,False,raw,0,0.001,0.001,default,0,True,context_shuffle,False,raw,0.001,0.001,skill_distractor,route_train,set_minus,,,lagoon,invert,False,32,6,0,0,0,0,0.0,0.0,0.7939170000099693,1.9159999999942556,2.8328749999673164,heldout_context_routing,internal_context_shuffle_ablation,CRA_internal,MockSimulator,43,skill_distractor,route_train,38,lagoon,invert,False,False,1,0.001,0.0,0.0,0,False,1,False,-1,internal_context_shuffle_ablation,internal_ablation,context_shuffle,0.001,False,lagoon,,False,32,6,0,0,0,0.001,0.1,0.2,8,8
177,1000.0,8,8,0,8,0,0,9.385284812252712,9.385284812252712,9.385284812252712,0.11603042321289346,0.0,0.2059927806526931,1.0,0.11603042321289346,False,0,0,0,0,0,0.0,0.0,0.0,0.0,0.0,0,0.0,0,0,disabled,disabled,True,keyed,1,0,False,raw,0,0.0018,0.0018,default,0,True,keyed,0,0,False,raw,0,0.0018,0.0018,default,0,True,context_shuffle,False,raw,0.0018,0.0018,context_distractor,route_train,set_minus,,,lagoon,invert,False,32,6,0,0,0,0,0.0,0.0,0.7995839999921373,1.8787500000030377,2.8055409999865333,heldout_context_routing,internal_context_shuffle_ablation,CRA_internal,MockSimulator,43,context_distractor,route_train,38,lagoon,invert,False,False,1,0.0018,0.0,0.0,0,False,1,False,-1,internal_context_shuffle_ablation,internal_ablation,context_shuffle,0.0018,False,lagoon,,False,32,6,0,0,0,0.0018,0.1,0.2,8,8
178,1000.0,8,8,0,8,0,0,9.348372640916464,9.348372640916464,9.348372640916464,-0.06466263754755533,-0.0,0.203963634856992,1.0,-0.06466263754755533,False,0,0,0,0,0,0.0,0.0,0.0,0.0,0.0,0,0.0,0,0,disabled,disabled,True,keyed,1,0,False,raw,0,-0.001,-0.001,default,0,True,keyed,0,0,False,raw,0,-0.001,-0.001,default,0,True,context_shuffle,False,raw,-0.001,-0.001,skill_distractor,route_train,set_minus,,,lagoon,invert,False,32,6,0,0,0,0,0.0,0.0,0.7970000000341315,1.8319999999789616,2.75637499998993,heldout_context_routing,internal_context_shuffle_ablation,CRA_internal,MockSimulator,43,skill_distractor,route_train,38,lagoon,invert,False,False,1,-0.001,0.0,0.0,0,False,-1,False,-1,internal_context_shuffle_ablation,internal_ablation,context_shuffle,-0.001,False,lagoon,,False,32,6,0,0,0,-0.001,0.1,0.2,8,8
179,1000.0,8,8,0,8,0,0,9.31164427288884,9.31164427288884,9.31164427288884,0.40312080506564796,0.0,0.20193325778085786,1.0,0.40312080506564796,False,0,0,0,0,0,0.0,0.0,0.0,0.0,0.0,0,0.0,0,0,disabled,disabled,True,keyed,1,0,False,raw,0,0.006600000000000001,0.006600000000000001,default,0,True,keyed,0,0,False,raw,0,0.006600000000000001,0.006600000000000001,default,0,True,context_shuffle,False,raw,0.006600000000000001,0.006600000000000001,context_distractor,route_train,set_minus,,,lagoon,invert,False,32,6,0,0,0,0,0.0,0.0,0.7932909999794902,1.8362920000072336,2.7528749999987667,heldout_context_routing,internal_context_shuffle_ablation,CRA_internal,MockSimulator,43,context_distractor,route_train,38,lagoon,invert,False,False,1,0.006600000000000001,0.0,0.0,0,False,1,False,-1,internal_context_shuffle_ablation,internal_ablation,context_shuffle,0.006600000000000001,False,lagoon,,False,32,6,0,0,0,0.006600000000000001,0.1,0.2,8,8
180,1000.0,8,8,0,8,0,0,9.275098791455921,9.275098791455921,9.275098791455921,-0.17621212840292397,-0.0,0.19990251033382628,1.0,-0.17621212840292397,False,0,0,0,0,0,0.0,0.0,0.0,0.0,0.0,0,0.0,0,0,disabled,disabled,True,keyed,1,0,False,raw,0,-0.0027500000000000003,-0.0027500000000000003,default,0,True,keyed,0,0,False,raw,0,-0.0027500000000000003,-0.0027500000000000003,default,0,True,context_shuffle,False,raw,-0.0027500000000000003,-0.0027500000000000003,skill_distractor,route_train,set_minus,,,lagoon,invert,False,32,6,0,0,0,0,0.0,0.0,0.79645799996797,1.8618340000102762,2.7811250000127075,heldout_context_routing,internal_context_shuffle_ablation,CRA_internal,MockSimulator,43,skill_distractor,route_train,38,lagoon,invert,False,False,1,-0.0027500000000000003,0.0,0.0,0,False,-1,False,-1,internal_context_shuffle_ablation,internal_ablation,context_shuffle,-0.0027500000000000003,False,lagoon,,False,32,6,0,0,0,-0.0027500000000000003,0.1,0.2,8,8
181,1000.0,8,8,0,8,0,0,9.238735284475919,9.238735284475919,9.238735284475919,0.11603042321289347,0.0,0.1978722194815636,1.0,0.11603042321289347,False,0,0,0,0,0,0.0,0.0,0.0,0.0,0.0,0,0.0,0,0,disabled,disabled,True,keyed,1,0,False,raw,0,0.0018,0.0018,default,0,True,keyed,0,0,False,raw,0,0.0018,0.0018,default,0,True,context_shuffle,False,raw,0.0018,0.0018,context_distractor,route_train,set_minus,,,lagoon,invert,False,32,6,0,0,0,0,0.0,0.0,0.7944999999836,1.8452090000096177,2.764207999973678,heldout_context_routing,internal_context_shuffle_ablation,CRA_internal,MockSimulator,43,context_distractor,route_train,38,lagoon,invert,False,False,1,0.0018,0.0,0.0,0,False,1,False,-1,internal_context_shuffle_ablation,internal_ablation,context_shuffle,0.0018,False,lagoon,,False,32,6,0,0,0,0.0018,0.1,0.2,8,8
182,1000.0,8,8,0,8,0,0,9.20255284435637,9.20255284435637,9.20255284435637,0.176212128402924,0.0,0.19584317925925793,1.0,0.176212128402924,False,0,0,0,0,0,0.0,0.0,0.0,0.0,0.0,0,0.0,0,0,disabled,disabled,True,keyed,1,0,False,raw,0,0.0027500000000000003,0.0027500000000000003,default,0,True,keyed,0,0,False,raw,0,0.0027500000000000003,0.0027500000000000003,default,0,True,context_shuffle,False,raw,0.0027500000000000003,0.0027500000000000003,skill_distractor,route_train,set_minus,,,lagoon,invert,False,32,6,0,0,0,0,0.0,0.0,0.8423750000474683,1.950499999963995,2.919375000033142,heldout_context_routing,internal_context_shuffle_ablation,CRA_internal,MockSimulator,43,skill_distractor,route_train,38,lagoon,invert,False,False,1,0.0027500000000000003,0.0,0.0,0,False,1,False,-1,internal_context_shuffle_ablation,internal_ablation,context_shuffle,0.0027500000000000003,False,lagoon,,False,32,6,0,0,0,0.0027500000000000003,0.1,0.2,8,8
183,1000.0,8,8,0,8,0,0,9.166550568031447,9.166550568031447,9.166550568031447,0.11603042321289345,0.0,0.19381615175805184,1.0,0.11603042321289345,False,0,0,0,0,0,0.0,0.0,0.0,0.0,0.0,0,0.0,0,0,disabled,disabled,True,keyed,1,0,False,raw,0,0.0018,0.0018,default,0,True,keyed,0,0,False,raw,0,0.0018,0.0018,default,0,True,context_shuffle,False,raw,0.0018,0.0018,context_distractor,route_train,set_minus,,,lagoon,invert,False,32,6,0,0,0,0,0.0,0.0,0.8056670000087252,1.8831250000062028,2.8166669999905025,heldout_context_routing,internal_context_shuffle_ablation,CRA_internal,MockSimulator,43,context_distractor,route_train,38,lagoon,invert,False,False,1,0.0018,0.0,0.0,0,False,1,False,-1,internal_context_shuffle_ablation,internal_ablation,context_shuffle,0.0018,False,lagoon,,False,32,6,0,0,0,0.0018,0.1,0.2,8,8
184,1000.0,8,8,0,8,0,0,9.13072755693938,9.13072755693938,9.13072755693938,-0.176212128402924,-0.0,0.1917918680851903,1.0,-0.176212128402924,False,0,0,0,0,0,0.0,0.0,0.0,0.0,0.0,0,0.0,0,0,disabled,disabled,True,keyed,1,0,False,raw,0,-0.0027500000000000003,-0.0027500000000000003,default,0,True,keyed,0,0,False,raw,0,-0.0027500000000000003,-0.0027500000000000003,default,0,True,context_shuffle,False,raw,-0.0027500000000000003,-0.0027500000000000003,skill_distractor,route_train,set_minus,,,lagoon,invert,False,32,6,0,0,0,0,0.0,0.0,0.8014999999659267,1.884333000020888,2.8110000000083346,heldout_context_routing,internal_context_shuffle_ablation,CRA_internal,MockSimulator,43,skill_distractor,route_train,38,lagoon,invert,False,False,1,-0.0027500000000000003,0.0,0.0,0,False,-1,False,-1,internal_context_shuffle_ablation,internal_ablation,context_shuffle,-0.0027500000000000003,False,lagoon,,False,32,6,0,0,0,-0.0027500000000000003,0.1,0.2,8,8
185,1000.0,8,8,0,8,0,0,9.095082916999997,9.095082916999997,9.095082916999997,0.5700047495514824,0.0,0.18977102929854,1.0,0.5700047495514824,False,0,0,0,0,0,0.0,0.0,0.0,0.0,0.0,0,0.0,0,0,disabled,disabled,True,keyed,1,0,False,raw,0,0.01,0.01,default,0,True,keyed,0,0,False,raw,0,0.01,0.01,default,0,True,context_shuffle,False,raw,0.01,0.01,input,route_train,set_minus,,,lagoon,invert,False,32,6,0,0,0,0,0.0,0.0,0.7958749999943393,1.8706669999914993,2.7902919999860387,heldout_context_routing,internal_context_shuffle_ablation,CRA_internal,MockSimulator,43,input,route_train,38,lagoon,invert,False,False,1,0.01,0.0,0.0,0,False,1,False,-1,internal_context_shuffle_ablation,internal_ablation,context_shuffle,0.01,False,lagoon,,False,32,6,0,0,0,0.01,0.1,0.2,8,8
186,1000.0,8,8,0,8,0,0,9.05961575859237,9.05961575859237,9.05961575859237,0.6420149920119997,-0.9999946965622277,0.18775430731612167,1.0,0.6420149920119997,False,0,0,0,0,0,0.0,0.0,0.0,0.0,0.0,0,0.0,0,0,disabled,disabled,True,keyed,1,0,True,internal_keyed_context,1,0.01,0.01,default,0,True,keyed,0,0,False,raw,0,0.01,0.01,default,0,True,context_shuffle,True,internal_context_shuffle_router,0.01,0.01,decision,route_train,set_minus,,identity,lagoon,invert,False,32,7,0,0,0,0,0.0,0.0,0.8003750000398213,1.9286249999481697,2.852667000013298,heldout_context_routing,internal_context_shuffle_ablation,CRA_internal,MockSimulator,43,decision,route_train,38,lagoon,invert,False,False,1,0.01,-0.01,-0.01,-1,True,1,False,186,internal_context_shuffle_ablation,internal_ablation,context_shuffle,0.01,False,lagoon,identity,False,32,7,0,0,0,0.01,0.1,0.2,8,8
187,1000.0,8,8,0,8,0,0,9.02432519653257,9.02432519653257,9.02432519653257,0.18710954689131606,0.0,0.1857423458012806,1.0,0.18710954689131606,False,0,0,0,0,0,0.0,0.0,0.0,0.0,0.0,0,0.0,0,0,disabled,disabled,True,keyed,1,0,False,raw,0,0.0034000000000000002,0.0034000000000000002,default,0,True,keyed,0,0,False,raw,0,0.0034000000000000002,0.0034000000000000002,default,0,True,context_shuffle,False,raw,0.0034000000000000002,0.0034000000000000002,route_context,route_train,set_minus,,,lagoon,invert,False,32,7,0,0,0,0,0.0,0.0,0.8105420000106278,2.063582999994651,2.999417000012272,heldout_context_routing,internal_context_shuffle_ablation,CRA_internal,MockSimulator,43,route_context,route_train,39,lagoon,invert,False,False,-1,0.0034000000000000002,0.0,0.0,0,False,1,False,-1,internal_context_shuffle_ablation,internal_ablation,context_shuffle,0.0034000000000000002,False,lagoon,,False,32,7,0,0,0,0.0034000000000000002,0.1,0.2,8,8
188,1000.0,8,8,0,8,0,0,8.989210350051545,8.989210350051545,8.989210350051545,0.3518404405145788,0.0,0.18373576102410674,1.0,0.3518404405145788,False,0,0,0,0,0,0.0,0.0,0.0,0.0,0.0,0,0.0,0,0,disabled,disabled,True,keyed,1,0,False,raw,0,0.006600000000000001,0.006600000000000001,default,0,True,keyed,0,0,False,raw,0,0.006600000000000001,0.006600000000000001,default,0,True,context_shuffle,False,raw,0.006600000000000001,0.006600000000000001,context_distractor,route_train,set_minus,,,lagoon,invert,False,32,7,0,0,0,0,0.0,0.0,0.8077909999997246,1.9327090000160752,2.8672500000084256,heldout_context_routing,internal_context_shuffle_ablation,CRA_internal,MockSimulator,43,context_distractor,route_train,39,lagoon,invert,False,False,-1,0.006600000000000001,0.0,0.0,0,False,1,False,-1,internal_context_shuffle_ablation,internal_ablation,context_shuffle,0.006600000000000001,False,lagoon,,False,32,7,0,0,0,0.006600000000000001,0.1,0.2,8,8
189,1000.0,8,8,0,8,0,0,8.954270342773093,8.954270342773093,8.954270342773093,-0.05563078752909541,-0.0,0.18173514269969934,1.0,-0.05563078752909541,False,0,0,0,0,0,0.0,0.0,0.0,0.0,0.0,0,0.0,0,0,disabled,disabled,True,keyed,1,0,False,raw,0,-0.001,-0.001,default,0,True,keyed,0,0,False,raw,0,-0.001,-0.001,default,0,True,context_shuffle,False,raw,-0.001,-0.001,skill_distractor,route_train,set_minus,,,lagoon,invert,False,32,7,0,0,0,0,0.0,0.0,0.7977910000249722,1.9308340000065982,2.8521670000145605,heldout_context_routing,internal_context_shuffle_ablation,CRA_internal,MockSimulator,43,skill_distractor,route_train,39,lagoon,invert,False,False,-1,-0.001,0.0,0.0,0,False,-1,False,-1,internal_context_shuffle_ablation,internal_ablation,context_shuffle,-0.001,False,lagoon,,False,32,7,0,0,0,-0.001,0.1,0.2,8,8
190,1000.0,8,8,0,8,0,0,8.919504302691958,8.919504302691958,8.919504302691958,0.09990452470678912,0.0,0.1797410548038586,1.0,0.09990452470678912,False,0,0,0,0,0,0.0,0.0,0.0,0.0,0.0,0,0.0,0,0,disabled,disabled,True,keyed,1,0,False,raw,0,0.0018,0.0018,default,0,True,keyed,0,0,False,raw,0,0.0018,0.0018,default,0,True,context_shuffle,False,raw,0.0018,0.0018,context_distractor,route_train,set_minus,,,lagoon,invert,False,32,7,0,0,0,0,0.0,0.0,0.7970000000341315,1.9182919999707337,2.8393329999971684,heldout_context_routing,internal_context_shuffle_ablation,CRA_internal,MockSimulator,43,context_distractor,route_train,39,lagoon,invert,False,False,-1,0.0018,0.0,0.0,0,False,1,False,-1,internal_context_shuffle_ablation,internal_ablation,context_shuffle,0.0018,False,lagoon,,False,32,7,0,0,0,0.0018,0.1,0.2,8,8
191,1000.0,8,8,0,8,0,0,8.88491136215203,8.88491136215203,8.88491136215203,-0.0556307875290954,-0.0,0.1777540363667716,1.0,-0.0556307875290954,False,0,0,0,0,0,0.0,0.0,0.0,0.0,0.0,0,0.0,0,0,disabled,disabled,True,keyed,1,0,False,raw,0,-0.001,-0.001,default,0,True,keyed,0,0,False,raw,0,-0.001,-0.001,default,0,True,context_shuffle,False,raw,-0.001,-0.001,skill_distractor,route_train,set_minus,,,lagoon,invert,False,32,7,0,0,0,0,0.0,0.0,0.8039159999952972,1.945125000020198,2.873082999997223,heldout_context_routing,internal_context_shuffle_ablation,CRA_internal,MockSimulator,43,skill_distractor,route_train,39,lagoon,invert,False,False,-1,-0.001,0.0,0.0,0,False,-1,False,-1,internal_context_shuffle_ablation,internal_ablation,context_shuffle,-0.001,False,lagoon,,False,32,7,0,0,0,-0.001,0.1,0.2,8,8
192,1000.0,8,8,0,8,0,0,8.850490657824649,8.850490657824649,8.850490657824649,0.27146196082295027,0.0,0.17577460224524652,1.0,0.27146196082295027,False,0,0,0,0,0,0.0,0.0,0.0,0.0,0.0,0,0.0,0,0,disabled,disabled,True,keyed,1,0,False,raw,0,0.005,0.005,default,0,True,keyed,0,0,False,raw,0,0.005,0.005,default,0,True,context_shuffle,False,raw,0.005,0.005,context_distractor,route_train,set_minus,,,lagoon,invert,False,32,7,0,0,0,0,0.0,0.0,0.8027499999911925,1.9422920000238264,2.8692079999927955,heldout_context_routing,internal_context_shuffle_ablation,CRA_internal,MockSimulator,43,context_distractor,route_train,39,lagoon,invert,False,False,-1,0.005,0.0,0.0,0,False,1,False,-1,internal_context_shuffle_ablation,internal_ablation,context_shuffle,0.005,False,lagoon,,False,32,7,0,0,0,0.005,0.1,0.2,8,8
193,1000.0,8,8,0,8,0,0,8.816241330687022,8.816241330687022,8.816241330687022,0.05563078752909541,0.0,0.17380324387403576,1.0,0.05563078752909541,False,0,0,0,0,0,0.0,0.0,0.0,0.0,0.0,0,0.0,0,0,disabled,disabled,True,keyed,1,0,False,raw,0,0.001,0.001,default,0,True,keyed,0,0,False,raw,0,0.001,0.001,default,0,True,context_shuffle,False,raw,0.001,0.001,skill_distractor,route_train,set_minus,,,lagoon,invert,False,32,7,0,0,0,0,0.0,0.0,0.8437089999802083,2.023624999992535,2.9923330000087844,heldout_context_routing,internal_context_shuffle_ablation,CRA_internal,MockSimulator,43,skill_distractor,route_train,39,lagoon,invert,False,False,-1,0.001,0.0,0.0,0,False,1,False,-1,internal_context_shuffle_ablation,internal_ablation,context_shuffle,0.001,False,lagoon,,False,32,7,0,0,0,0.001,0.1,0.2,8,8
194,1000.0,8,8,0,8,0,0,8.782162526000757,8.782162526000757,8.782162526000757,0.27146196082295027,0.0,0.1718404299967753,1.0,0.27146196082295027,False,0,0,0,0,0,0.0,0.0,0.0,0.0,0.0,0,0.0,0,0,disabled,disabled,True,keyed,1,0,False,raw,0,0.005,0.005,default,0,True,keyed,0,0,False,raw,0,0.005,0.005,default,0,True,context_shuffle,False,raw,0.005,0.005,context_distractor,route_train,set_minus,,,lagoon,invert,False,32,7,0,0,0,0,0.0,0.0,0.8053750000271975,1.9759159999921394,2.911083000014969,heldout_context_routing,internal_context_shuffle_ablation,CRA_internal,MockSimulator,43,context_distractor,route_train,39,lagoon,invert,False,False,-1,0.005,0.0,0.0,0,False,1,False,-1,internal_context_shuffle_ablation,internal_ablation,context_shuffle,0.005,False,lagoon,,False,32,7,0,0,0,0.005,0.1,0.2,8,8
195,1000.0,8,8,0,8,0,0,8.748253393290481,8.748253393290481,8.748253393290481,0.05563078752909541,0.0,0.16988660737705566,1.0,0.05563078752909541,False,0,0,0,0,0,0.0,0.0,0.0,0.0,0.0,0,0.0,0,0,disabled,disabled,True,keyed,1,0,False,raw,0,0.001,0.001,default,0,True,keyed,0,0,False,raw,0,0.001,0.001,default,0,True,context_shuffle,False,raw,0.001,0.001,skill_distractor,route_train,set_minus,,,lagoon,invert,False,32,7,0,0,0,0,0.0,0.0,0.7962920000181839,1.9845420000024205,2.903624999987642,heldout_context_routing,internal_context_shuffle_ablation,CRA_internal,MockSimulator,43,skill_distractor,route_train,39,lagoon,invert,False,False,-1,0.001,0.0,0.0,0,False,1,False,-1,internal_context_shuffle_ablation,internal_ablation,context_shuffle,0.001,False,lagoon,,False,32,7,0,0,0,0.001,0.1,0.2,8,8
196,1000.0,8,8,0,8,0,0,8.714513086322588,8.714513086322588,8.714513086322588,0.2714619608229502,0.0,0.16794220149012612,1.0,0.2714619608229502,False,0,0,0,0,0,0.0,0.0,0.0,0.0,0.0,0,0.0,0,0,disabled,disabled,True,keyed,1,0,False,raw,0,0.005,0.005,default,0,True,keyed,0,0,False,raw,0,0.005,0.005,default,0,True,context_shuffle,False,raw,0.005,0.005,context_distractor,route_train,set_minus,,,lagoon,invert,False,32,7,0,0,0,0,0.0,0.0,0.799000000029082,1.9788339999990967,2.9020840000271164,heldout_context_routing,internal_context_shuffle_ablation,CRA_internal,MockSimulator,43,context_distractor,route_train,39,lagoon,invert,False,False,-1,0.005,0.0,0.0,0,False,1,False,-1,internal_context_shuffle_ablation,internal_ablation,context_shuffle,0.005,False,lagoon,,False,32,7,0,0,0,0.005,0.1,0.2,8,8
197,1000.0,8,8,0,8,0,0,8.680940763084076,8.680940763084076,8.680940763084076,-0.1519566986584574,-0.0,0.1660076171957229,1.0,-0.1519566986584574,False,0,0,0,0,0,0.0,0.0,0.0,0.0,0.0,0,0.0,0,0,disabled,disabled,True,keyed,1,0,False,raw,0,-0.0027500000000000003,-0.0027500000000000003,default,0,True,keyed,0,0,False,raw,0,-0.0027500000000000003,-0.0027500000000000003,default,0,True,context_shuffle,False,raw,-0.0027500000000000003,-0.0027500000000000003,skill_distractor,route_train,set_minus,,,lagoon,invert,False,32,7,0,0,0,0,0.0,0.0,0.807167000004938,1.986832999989474,2.9181670000184567,heldout_context_routing,internal_context_shuffle_ablation,CRA_internal,MockSimulator,43,skill_distractor,route_train,39,lagoon,invert,False,False,-1,-0.0027500000000000003,0.0,0.0,0,False,-1,False,-1,internal_context_shuffle_ablation,internal_ablation,context_shuffle,-0.0027500000000000003,False,lagoon,,False,32,7,0,0,0,-0.0027500000000000003,0.1,0.2,8,8
198,1000.0,8,8,0,8,0,0,8.647535585761503,8.647535585761503,8.647535585761503,-0.5056609584918423,-0.0,0.16408323939249977,1.0,-0.5056609584918423,False,0,0,0,0,0,0.0,0.0,0.0,0.0,0.0,0,0.0,0,0,disabled,disabled,True,keyed,1,0,False,raw,0,-0.01,-0.01,default,0,True,keyed,0,0,False,raw,0,-0.01,-0.01,default,0,True,context_shuffle,False,raw,-0.01,-0.01,input,route_train,set_minus,,,lagoon,invert,False,32,7,0,0,0,0,0.0,0.0,0.7962079999970229,2.1206669999855876,3.0417080000120222,heldout_context_routing,internal_context_shuffle_ablation,CRA_internal,MockSimulator,43,input,route_train,39,lagoon,invert,False,False,-1,-0.01,0.0,0.0,0,False,-1,False,-1,internal_context_shuffle_ablation,internal_ablation,context_shuffle,-0.01,False,lagoon,,False,32,7,0,0,0,-0.01,0.1,0.2,8,8
199,1000.0,8,8,0,8,0,0,8.614296720720038,8.614296720720038,8.614296720720038,-0.6420149920119997,-0.9999946965622277,0.1621694336545273,1.0,-0.6420149920119997,False,0,0,0,0,0,0.0,0.0,0.0,0.0,0.0,0,0.0,0,0,disabled,disabled,True,keyed,1,0,True,internal_keyed_context,-1,-0.01,-0.01,default,0,True,keyed,0,0,False,raw,0,-0.01,-0.01,default,0,True,context_shuffle,True,internal_context_shuffle_router,-0.01,-0.01,decision,route_train,set_minus,,identity,lagoon,invert,False,32,8,0,0,0,0,0.0,0.0,0.8003750000398213,2.0773749999989377,3.007792000005338,heldout_context_routing,internal_context_shuffle_ablation,CRA_internal,MockSimulator,43,decision,route_train,39,lagoon,invert,False,False,-1,-0.01,0.01,0.01,1,True,-1,False,199,internal_context_shuffle_ablation,internal_ablation,context_shuffle,-0.01,False,lagoon,identity,False,32,8,0,0,0,-0.01,0.1,0.2,8,8
200,1000.0,8,8,0,8,0,0,8.58122333848262,8.58122333848262,8.58122333848262,0.29841197996588226,0.0,0.16026654685031672,1.0,0.29841197996588226,False,0,0,0,0,0,0.0,0.0,0.0,0.0,0.0,0,0.0,0,0,disabled,disabled,True,keyed,1,0,False,raw,0,0.006600000000000001,0.006600000000000001,default,0,True,keyed,0,0,False,raw,0,0.006600000000000001,0.006600000000000001,default,0,True,context_shuffle,False,raw,0.006600000000000001,0.006600000000000001,route_context,route_train,set_minus,,,deep,set_minus,False,32,8,0,0,0,0,0.0,0.0,0.7978330000355527,2.0088750000013533,2.9309580000358437,heldout_context_routing,internal_context_shuffle_ablation,CRA_internal,MockSimulator,43,route_context,route_train,40,deep,set_minus,False,False,1,0.006600000000000001,0.0,0.0,0,False,1,False,-1,internal_context_shuffle_ablation,internal_ablation,context_shuffle,0.006600000000000001,False,deep,,False,32,8,0,0,0,0.006600000000000001,0.1,0.2,8,8
201,1000.0,8,8,0,8,0,0,8.548314613709222,8.548314613709222,8.548314613709222,0.15723563480286706,0.0,0.15837490774481272,1.0,0.15723563480286706,False,0,0,0,0,0,0.0,0.0,0.0,0.0,0.0,0,0.0,0,0,disabled,disabled,True,keyed,1,0,False,raw,0,0.0034000000000000002,0.0034000000000000002,default,0,True,keyed,0,0,False,raw,0,0.0034000000000000002,0.0034000000000000002,default,0,True,context_shuffle,False,raw,0.0034000000000000002,0.0034000000000000002,context_distractor,route_train,set_minus,,,deep,set_minus,False,32,8,0,0,0,0,0.0,0.0,0.7953329999850212,2.0129580000229907,2.933708000000479,heldout_context_routing,internal_context_shuffle_ablation,CRA_internal,MockSimulator,43,context_distractor,route_train,40,deep,set_minus,False,False,1,0.0034000000000000002,0.0,0.0,0,False,1,False,-1,internal_context_shuffle_ablation,internal_ablation,context_shuffle,0.0034000000000000002,False,deep,,False,32,8,0,0,0,0.0034000000000000002,0.1,0.2,8,8
202,1000.0,8,8,0,8,0,0,8.515569725176217,8.515569725176217,8.515569725176217,0.046598869087126744,0.0,0.15649482758478878,1.0,0.046598869087126744,False,0,0,0,0,0,0.0,0.0,0.0,0.0,0.0,0,0.0,0,0,disabled,disabled,True,keyed,1,0,False,raw,0,0.001,0.001,default,0,True,keyed,0,0,False,raw,0,0.001,0.001,default,0,True,context_shuffle,False,raw,0.001,0.001,skill_distractor,route_train,set_minus,,,deep,set_minus,False,32,8,0,0,0,0,0.0,0.0,0.7932089999940217,2.0253330000059577,2.9418750000331784,heldout_context_routing,internal_context_shuffle_ablation,CRA_internal,MockSimulator,43,skill_distractor,route_train,40,deep,set_minus,False,False,1,0.001,0.0,0.0,0,False,1,False,-1,internal_context_shuffle_ablation,internal_ablation,context_shuffle,0.001,False,deep,,False,32,8,0,0,0,0.001,0.1,0.2,8,8
203,1000.0,8,8,0,8,0,0,8.482987855755852,8.482987855755852,8.482987855755852,0.22902780408151546,0.0,0.15462660066806788,1.0,0.22902780408151546,False,0,0,0,0,0,0.0,0.0,0.0,0.0,0.0,0,0.0,0,0,disabled,disabled,True,keyed,1,0,False,raw,0,0.005,0.005,default,0,True,keyed,0,0,False,raw,0,0.005,0.005,default,0,True,context_shuffle,False,raw,0.005,0.005,context_distractor,route_train,set_minus,,,deep,set_minus,False,32,8,0,0,0,0,0.0,0.0,0.8026249999488755,2.0227500000373766,2.9506669999932456,heldout_context_routing,internal_context_shuffle_ablation,CRA_internal,MockSimulator,43,context_distractor,route_train,40,deep,set_minus,False,False,1,0.005,0.0,0.0,0,False,1,False,-1,internal_context_shuffle_ablation,internal_ablation,context_shuffle,0.005,False,deep,,False,32,8,0,0,0,0.005,0.1,0.2,8,8
204,1000.0,8,8,0,8,0,0,8.450568192395808,8.450568192395808,8.450568192395808,0.04659886908712675,0.0,0.1527705048969819,1.0,0.04659886908712675,False,0,0,0,0,0,0.0,0.0,0.0,0.0,0.0,0,0.0,0,0,disabled,disabled,True,keyed,1,0,False,raw,0,0.001,0.001,default,0,True,keyed,0,0,False,raw,0,0.001,0.001,default,0,True,context_shuffle,False,raw,0.001,0.001,skill_distractor,route_train,set_minus,,,deep,set_minus,False,32,8,0,0,0,0,0.0,0.0,0.8347080000135065,2.124917000003279,3.0926250000220534,heldout_context_routing,internal_context_shuffle_ablation,CRA_internal,MockSimulator,43,skill_distractor,route_train,40,deep,set_minus,False,False,1,0.001,0.0,0.0,0,False,1,False,-1,internal_context_shuffle_ablation,internal_ablation,context_shuffle,0.001,False,deep,,False,32,8,0,0,0,0.001,0.1,0.2,8,8
205,1000.0,8,8,0,8,0,0,8.418309926098887,8.418309926098887,8.418309926098887,0.08374217380644705,0.0,0.15092680231647213,1.0,0.08374217380644705,False,0,0,0,0,0,0.0,0.0,0.0,0.0,0.0,0,0.0,0,0,disabled,disabled,True,keyed,1,0,False,raw,0,0.0018,0.0018,default,0,True,keyed,0,0,False,raw,0,0.0018,0.0018,default,0,True,context_shuffle,False,raw,0.0018,0.0018,context_distractor,route_train,set_minus,,,deep,set_minus,False,32,8,0,0,0,0,0.0,0.0,0.796750000006341,2.057332999982009,2.97966600004429,heldout_context_routing,internal_context_shuffle_ablation,CRA_internal,MockSimulator,43,context_distractor,route_train,40,deep,set_minus,False,False,1,0.0018,0.0,0.0,0,False,1,False,-1,internal_context_shuffle_ablation,internal_ablation,context_shuffle,0.0018,False,deep,,False,32,8,0,0,0,0.0018,0.1,0.2,8,8
206,1000.0,8,8,0,8,0,0,8.386212251902776,8.386212251902776,8.386212251902776,0.12754137350859385,0.0,0.14909573963722395,1.0,0.12754137350859385,False,0,0,0,0,0,0.0,0.0,0.0,0.0,0.0,0,0.0,0,0,disabled,disabled,True,keyed,1,0,False,raw,0,0.0027500000000000003,0.0027500000000000003,default,0,True,keyed,0,0,False,raw,0,0.0027500000000000003,0.0027500000000000003,default,0,True,context_shuffle,False,raw,0.0027500000000000003,0.0027500000000000003,skill_distractor,route_train,set_minus,,,deep,set_minus,False,32,8,0,0,0,0,0.0,0.0,0.7957079999982852,2.0643340000106036,2.9847499999959837,heldout_context_routing,internal_context_shuffle_ablation,CRA_internal,MockSimulator,43,skill_distractor,route_train,40,deep,set_minus,False,False,1,0.0027500000000000003,0.0,0.0,0,False,1,False,-1,internal_context_shuffle_ablation,internal_ablation,context_shuffle,0.0027500000000000003,False,deep,,False,32,8,0,0,0,0.0027500000000000003,0.1,0.2,8,8
207,1000.0,8,8,0,8,0,0,8.354274368859935,8.354274368859935,8.354274368859935,0.2290278040815155,0.0,0.1472775487442191,1.0,0.2290278040815155,False,0,0,0,0,0,0.0,0.0,0.0,0.0,0.0,0,0.0,0,0,disabled,disabled,True,keyed,1,0,False,raw,0,0.005,0.005,default,0,True,keyed,0,0,False,raw,0,0.005,0.005,default,0,True,context_shuffle,False,raw,0.005,0.005,context_distractor,route_train,set_minus,,,deep,set_minus,False,32,8,0,0,0,0,0.0,0.0,0.8005839999896125,2.051791000042158,2.9766249999738648,heldout_context_routing,internal_context_shuffle_ablation,CRA_internal,MockSimulator,43,context_distractor,route_train,40,deep,set_minus,False,False,1,0.005,0.0,0.0,0,False,1,False,-1,internal_context_shuffle_ablation,internal_ablation,context_shuffle,0.005,False,deep,,False,32,8,0,0,0,0.005,0.1,0.2,8,8
208,1000.0,8,8,0,8,0,0,8.322495480017558,8.322495480017558,8.322495480017558,-0.04659886908712675,-0.0,0.14547244719107957,1.0,-0.04659886908712675,False,0,0,0,0,0,0.0,0.0,0.0,0.0,0.0,0,0.0,0,0,disabled,disabled,True,keyed,1,0,False,raw,0,-0.001,-0.001,default,0,True,keyed,0,0,False,raw,0,-0.001,-0.001,default,0,True,context_shuffle,False,raw,-0.001,-0.001,skill_distractor,route_train,set_minus,,,deep,set_minus,False,32,8,0,0,0,0,0.0,0.0,0.796624999964024,2.070000000003347,2.991958000052364,heldout_context_routing,internal_context_shuffle_ablation,CRA_internal,MockSimulator,43,skill_distractor,route_train,40,deep,set_minus,False,False,1,-0.001,0.0,0.0,0,False,-1,False,-1,internal_context_shuffle_ablation,internal_ablation,context_shuffle,-0.001,False,deep,,False,32,8,0,0,0,-0.001,0.1,0.2,8,8
209,1000.0,8,8,0,8,0,0,8.290874792397664,8.290874792397664,8.290874792397664,0.08374217380644705,0.0,0.14368063868056793,1.0,0.08374217380644705,False,0,0,0,0,0,0.0,0.0,0.0,0.0,0.0,0,0.0,0,0,disabled,disabled,True,keyed,1,0,False,raw,0,0.0018,0.0018,default,0,True,keyed,0,0,False,raw,0,0.0018,0.0018,default,0,True,context_shuffle,False,raw,0.0018,0.0018,context_distractor,route_train,set_minus,,,deep,set_minus,False,32,8,0,0,0,0,0.0,0.0,0.8378339999808304,2.2302080000144997,3.1927919999930054,heldout_context_routing,internal_context_shuffle_ablation,CRA_internal,MockSimulator,43,context_distractor,route_train,40,deep,set_minus,False,False,1,0.0018,0.0,0.0,0,False,1,False,-1,internal_context_shuffle_ablation,internal_ablation,context_shuffle,0.0018,False,deep,,False,32,8,0,0,0,0.0018,0.1,0.2,8,8
210,1000.0,8,8,0,8,0,0,8.259411516977265,8.259411516977265,8.259411516977265,0.12754137350859387,0.0,0.14190231353160032,1.0,0.12754137350859387,False,0,0,0,0,0,0.0,0.0,0.0,0.0,0.0,0,0.0,0,0,disabled,disabled,True,keyed,1,0,False,raw,0,0.0027500000000000003,0.0027500000000000003,default,0,True,keyed,0,0,False,raw,0,0.0027500000000000003,0.0027500000000000003,default,0,True,context_shuffle,False,raw,0.0027500000000000003,0.0027500000000000003,skill_distractor,route_train,set_minus,,,deep,set_minus,False,32,8,0,0,0,0,0.0,0.0,0.8183749999943757,2.090415999987272,3.041250000023865,heldout_context_routing,internal_context_shuffle_ablation,CRA_internal,MockSimulator,43,skill_distractor,route_train,40,deep,set_minus,False,False,1,0.0027500000000000003,0.0,0.0,0,False,1,False,-1,internal_context_shuffle_ablation,internal_ablation,context_shuffle,0.0027500000000000003,False,deep,,False,32,8,0,0,0,0.0027500000000000003,0.1,0.2,8,8
211,1000.0,8,8,0,8,0,0,8.228104868668638,8.228104868668638,8.228104868668638,0.4352263599925149,0.0,0.14013764913311919,1.0,0.4352263599925149,False,0,0,0,0,0,0.0,0.0,0.0,0.0,0.0,0,0.0,0,0,disabled,disabled,True,keyed,1,0,False,raw,0,0.01,0.01,default,0,True,keyed,0,0,False,raw,0,0.01,0.01,default,0,True,context_shuffle,False,raw,0.01,0.01,input,route_train,set_minus,,,deep,set_minus,False,32,8,0,0,0,0,0.0,0.0,0.7976249999614993,2.0946250000406508,3.0167500000288783,heldout_context_routing,internal_context_shuffle_ablation,CRA_internal,MockSimulator,43,input,route_train,40,deep,set_minus,False,False,1,0.01,0.0,0.0,0,False,1,False,-1,internal_context_shuffle_ablation,internal_ablation,context_shuffle,0.01,False,deep,,False,32,8,0,0,0,0.01,0.1,0.2,8,8
212,1000.0,8,8,0,8,0,0,8.196954066299702,8.196954066299702,8.196954066299702,-0.6420149920119997,0.9999946965622277,0.13838681038516465,1.0,-0.6420149920119997,True,0,0,0,0,0,0.0,0.0,0.0,0.0,0.0,0,0.0,0,0,disabled,disabled,True,keyed,1,0,True,internal_keyed_context,1,0.01,0.01,default,0,True,keyed,0,0,False,raw,0,0.01,0.01,default,0,True,context_shuffle,True,internal_context_shuffle_router,0.01,-0.01,decision,route_train,set_minus,,invert,deep,set_minus,False,32,9,0,0,0,0,0.0,0.0,0.7905410000148549,2.1430420000001504,3.0583750000232612,heldout_context_routing,internal_context_shuffle_ablation,CRA_internal,MockSimulator,43,decision,route_train,40,deep,set_minus,False,False,1,0.01,-0.01,-0.01,-1,True,-1,True,212,internal_context_shuffle_ablation,internal_ablation,context_shuffle,0.01,False,deep,invert,False,32,9,0,0,0,-0.01,0.1,0.2,8,8
213,1000.0,8,8,0,8,0,0,8.165958332594489,8.165958332594489,8.165958332594489,0.3160634236394486,0.0,0.13704995012747506,1.0,0.3160634236394486,False,0,0,0,0,0,0.0,0.0,0.0,0.0,0.0,0,0.0,0,0,disabled,disabled,True,keyed,1,0,False,raw,0,0.006600000000000001,0.006600000000000001,default,0,True,keyed,0,0,False,raw,0,0.006600000000000001,0.006600000000000001,default,0,True,context_shuffle,False,raw,0.006600000000000001,0.006600000000000001,route_context,route_train,set_minus,,,deep,set_minus,False,32,9,0,0,0,0,0.0,0.0,0.7963330000393398,2.097457999980179,3.018332999999984,heldout_context_routing,internal_context_shuffle_ablation,CRA_internal,MockSimulator,43,route_context,route_train,41,deep,set_minus,False,False,-1,0.006600000000000001,0.0,0.0,0,False,1,False,-1,internal_context_shuffle_ablation,internal_ablation,context_shuffle,0.006600000000000001,False,deep,,False,32,9,0,0,0,0.006600000000000001,0.1,0.2,8,8
214,1000.0,8,8,0,8,0,0,8.135116894153713,8.135116894153713,8.135116894153713,0.16701301009649383,0.0,0.135711209555939,1.0,0.16701301009649383,False,0,0,0,0,0,0.0,0.0,0.0,0.0,0.0,0,0.0,0,0,disabled,disabled,True,keyed,1,0,False,raw,0,0.0034000000000000002,0.0034000000000000002,default,0,True,keyed,0,0,False,raw,0,0.0034000000000000002,0.0034000000000000002,default,0,True,context_shuffle,False,raw,0.0034000000000000002,0.0034000000000000002,context_distractor,route_train,set_minus,,,deep,set_minus,False,32,9,0,0,0,0,0.0,0.0,0.7960419999903934,2.2835000000327454,3.203374999998232,heldout_context_routing,internal_context_shuffle_ablation,CRA_internal,MockSimulator,43,context_distractor,route_train,41,deep,set_minus,False,False,-1,0.0034000000000000002,0.0,0.0,0,False,1,False,-1,internal_context_shuffle_ablation,internal_ablation,context_shuffle,0.0034000000000000002,False,deep,,False,32,9,0,0,0,0.0034000000000000002,0.1,0.2,8,8
215,1000.0,8,8,0,8,0,0,8.10442898143543,8.10442898143543,8.10442898143543,-0.04954539339017881,-0.0,0.13437119862721336,1.0,-0.04954539339017881,False,0,0,0,0,0,0.0,0.0,0.0,0.0,0.0,0,0.0,0,0,disabled,disabled,True,keyed,1,0,False,raw,0,-0.001,-0.001,default,0,True,keyed,0,0,False,raw,0,-0.001,-0.001,default,0,True,context_shuffle,False,raw,-0.001,-0.001,skill_distractor,route_train,set_minus,,,deep,set_minus,False,32,9,0,0,0,0,0.0,0.0,0.8077909999997246,2.1425840000119933,3.07895800000324,heldout_context_routing,internal_context_shuffle_ablation,CRA_internal,MockSimulator,43,skill_distractor,route_train,41,deep,set_minus,False,False,-1,-0.001,0.0,0.0,0,False,-1,False,-1,internal_context_shuffle_ablation,internal_ablation,context_shuffle,-0.001,False,deep,,False,32,9,0,0,0,-0.001,0.1,0.2,8,8
216,1000.0,8,8,0,8,0,0,8.073893828735796,8.073893828735796,8.073893828735796,0.16701301009649383,0.0,0.1330305036518144,1.0,0.16701301009649383,False,0,0,0,0,0,0.0,0.0,0.0,0.0,0.0,0,0.0,0,0,disabled,disabled,True,keyed,1,0,False,raw,0,0.0034000000000000002,0.0034000000000000002,default,0,True,keyed,0,0,False,raw,0,0.0034000000000000002,0.0034000000000000002,default,0,True,context_shuffle,False,raw,0.0034000000000000002,0.0034000000000000002,context_distractor,route_train,set_minus,,,deep,set_minus,False,32,9,0,0,0,0,0.0,0.0,0.795000000039181,2.126041999986228,3.0444579999766574,heldout_context_routing,internal_context_shuffle_ablation,CRA_internal,MockSimulator,43,context_distractor,route_train,41,deep,set_minus,False,False,-1,0.0034000000000000002,0.0,0.0,0,False,1,False,-1,internal_context_shuffle_ablation,internal_ablation,context_shuffle,0.0034000000000000002,False,deep,,False,32,9,0,0,0,0.0034000000000000002,0.1,0.2,8,8
217,1000.0,8,8,0,8,0,0,8.043510674169944,8.043510674169944,8.043510674169944,0.13552253282844895,0.0,0.13168968799598052,1.0,0.13552253282844895,False,0,0,0,0,0,0.0,0.0,0.0,0.0,0.0,0,0.0,0,0,disabled,disabled,True,keyed,1,0,False,raw,0,0.0027500000000000003,0.0027500000000000003,default,0,True,keyed,0,0,False,raw,0,0.0027500000000000003,0.0027500000000000003,default,0,True,context_shuffle,False,raw,0.0027500000000000003,0.0027500000000000003,skill_distractor,route_train,set_minus,,,deep,set_minus,False,32,9,0,0,0,0,0.0,0.0,0.7916250000334912,2.143082999964463,3.0584999999518914,heldout_context_routing,internal_context_shuffle_ablation,CRA_internal,MockSimulator,43,skill_distractor,route_train,41,deep,set_minus,False,False,-1,0.0027500000000000003,0.0,0.0,0,False,1,False,-1,internal_context_shuffle_ablation,internal_ablation,context_shuffle,0.0027500000000000003,False,deep,,False,32,9,0,0,0,0.0027500000000000003,0.1,0.2,8,8
218,1000.0,8,8,0,8,0,0,8.013278759652914,8.013278759652914,8.013278759652914,0.16701301009649383,0.0,0.13034929276491924,1.0,0.16701301009649383,False,0,0,0,0,0,0.0,0.0,0.0,0.0,0.0,0,0.0,0,0,disabled,disabled,True,keyed,1,0,False,raw,0,0.0034000000000000002,0.0034000000000000002,default,0,True,keyed,0,0,False,raw,0,0.0034000000000000002,0.0034000000000000002,default,0,True,context_shuffle,False,raw,0.0034000000000000002,0.0034000000000000002,context_distractor,route_train,set_minus,,,deep,set_minus,False,32,9,0,0,0,0,0.0,0.0,0.8542909999960102,2.1295839999879718,3.107999999997446,heldout_context_routing,internal_context_shuffle_ablation,CRA_internal,MockSimulator,43,context_distractor,route_train,41,deep,set_minus,False,False,-1,0.0034000000000000002,0.0,0.0,0,False,1,False,-1,internal_context_shuffle_ablation,internal_ablation,context_shuffle,0.0034000000000000002,False,deep,,False,32,9,0,0,0,0.0034000000000000002,0.1,0.2,8,8
219,1000.0,8,8,0,8,0,0,7.983197330880713,7.983197330880713,7.983197330880713,0.04954539339017881,0.0,0.129009837467902,1.0,0.04954539339017881,False,0,0,0,0,0,0.0,0.0,0.0,0.0,0.0,0,0.0,0,0,disabled,disabled,True,keyed,1,0,False,raw,0,0.001,0.001,default,0,True,keyed,0,0,False,raw,0,0.001,0.001,default,0,True,context_shuffle,False,raw,0.001,0.001,skill_distractor,route_train,set_minus,,,deep,set_minus,False,32,9,0,0,0,0,0.0,0.0,0.796958000023551,2.272416999971938,3.19320900001685,heldout_context_routing,internal_context_shuffle_ablation,CRA_internal,MockSimulator,43,skill_distractor,route_train,41,deep,set_minus,False,False,-1,0.001,0.0,0.0,0,False,1,False,-1,internal_context_shuffle_ablation,internal_ablation,context_shuffle,0.001,False,deep,,False,32,9,0,0,0,0.001,0.1,0.2,8,8
220,1000.0,8,8,0,8,0,0,7.953265637311454,7.953265637311454,7.953265637311454,0.16701301009649383,0.0,0.12767182066565952,1.0,0.16701301009649383,False,0,0,0,0,0,0.0,0.0,0.0,0.0,0.0,0,0.0,0,0,disabled,disabled,True,keyed,1,0,False,raw,0,0.0034000000000000002,0.0034000000000000002,default,0,True,keyed,0,0,False,raw,0,0.0034000000000000002,0.0034000000000000002,default,0,True,context_shuffle,False,raw,0.0034000000000000002,0.0034000000000000002,context_distractor,route_train,set_minus,,,deep,set_minus,False,32,9,0,0,0,0,0.0,0.0,0.8103750000145737,2.1919999999795436,3.130833000000166,heldout_context_routing,internal_context_shuffle_ablation,CRA_internal,MockSimulator,43,context_distractor,route_train,41,deep,set_minus,False,False,-1,0.0034000000000000002,0.0,0.0,0,False,1,False,-1,internal_context_shuffle_ablation,internal_ablation,context_shuffle,0.0034000000000000002,False,deep,,False,32,9,0,0,0,0.0034000000000000002,0.1,0.2,8,8
221,1000.0,8,8,0,8,0,0,7.923482932146594,7.923482932146594,7.923482932146594,0.13552253282844895,0.0,0.12633572060051956,1.0,0.13552253282844895,False,0,0,0,0,0,0.0,0.0,0.0,0.0,0.0,0,0.0,0,0,disabled,disabled,True,keyed,1,0,False,raw,0,0.0027500000000000003,0.0027500000000000003,default,0,True,keyed,0,0,False,raw,0,0.0027500000000000003,0.0027500000000000003,default,0,True,context_shuffle,False,raw,0.0027500000000000003,0.0027500000000000003,skill_distractor,route_train,set_minus,,,deep,set_minus,False,32,9,0,0,0,0,0.0,0.0,0.8064999999533029,2.158208000025752,3.088166999987152,heldout_context_routing,internal_context_shuffle_ablation,CRA_internal,MockSimulator,43,skill_distractor,route_train,41,deep,set_minus,False,False,-1,0.0027500000000000003,0.0,0.0,0,False,1,False,-1,internal_context_shuffle_ablation,internal_ablation,context_shuffle,0.0027500000000000003,False,deep,,False,32,9,0,0,0,0.0027500000000000003,0.1,0.2,8,8
222,1000.0,8,8,0,8,0,0,7.893848472312261,7.893848472312261,7.893848472312261,0.16701301009649383,0.0,0.12500199580971894,1.0,0.16701301009649383,False,0,0,0,0,0,0.0,0.0,0.0,0.0,0.0,0,0.0,0,0,disabled,disabled,True,keyed,1,0,False,raw,0,0.0034000000000000002,0.0034000000000000002,default,0,True,keyed,0,0,False,raw,0,0.0034000000000000002,0.0034000000000000002,default,0,True,context_shuffle,False,raw,0.0034000000000000002,0.0034000000000000002,context_distractor,route_train,set_minus,,,deep,set_minus,False,32,9,0,0,0,0,0.0,0.0,0.7945000000404434,2.1817089999558448,3.099792000000434,heldout_context_routing,internal_context_shuffle_ablation,CRA_internal,MockSimulator,43,context_distractor,route_train,41,deep,set_minus,False,False,-1,0.0034000000000000002,0.0,0.0,0,False,1,False,-1,internal_context_shuffle_ablation,internal_ablation,context_shuffle,0.0034000000000000002,False,deep,,False,32,9,0,0,0,0.0034000000000000002,0.1,0.2,8,8
223,1000.0,8,8,0,8,0,0,7.864361518440679,7.864361518440679,7.864361518440679,0.04954539339017881,0.0,0.12367108572231013,1.0,0.04954539339017881,False,0,0,0,0,0,0.0,0.0,0.0,0.0,0.0,0,0.0,0,0,disabled,disabled,True,keyed,1,0,False,raw,0,0.001,0.001,default,0,True,keyed,0,0,False,raw,0,0.001,0.001,default,0,True,context_shuffle,False,raw,0.001,0.001,skill_distractor,route_train,set_minus,,,deep,set_minus,False,32,9,0,0,0,0,0.0,0.0,0.8141250000335276,2.2392089999812015,3.182417000004989,heldout_context_routing,internal_context_shuffle_ablation,CRA_internal,MockSimulator,43,skill_distractor,route_train,41,deep,set_minus,False,False,-1,0.001,0.0,0.0,0,False,1,False,-1,internal_context_shuffle_ablation,internal_ablation,context_shuffle,0.001,False,deep,,False,32,9,0,0,0,0.001,0.1,0.2,8,8
224,1000.0,8,8,0,8,0,0,7.835021334851689,7.835021334851689,7.835021334851689,-0.4588549912428366,-0.0,0.1223434112400738,1.0,-0.4588549912428366,False,0,0,0,0,0,0.0,0.0,0.0,0.0,0.0,0,0.0,0,0,disabled,disabled,True,keyed,1,0,False,raw,0,-0.01,-0.01,default,0,True,keyed,0,0,False,raw,0,-0.01,-0.01,default,0,True,context_shuffle,False,raw,-0.01,-0.01,input,route_train,set_minus,,,deep,set_minus,False,32,9,0,0,0,0,0.0,0.0,0.7960830000115493,2.359166999951867,3.28020900002457,heldout_context_routing,internal_context_shuffle_ablation,CRA_internal,MockSimulator,43,input,route_train,41,deep,set_minus,False,False,-1,-0.01,0.0,0.0,0,False,-1,False,-1,internal_context_shuffle_ablation,internal_ablation,context_shuffle,-0.01,False,deep,,False,32,9,0,0,0,-0.01,0.1,0.2,8,8
225,1000.0,8,8,0,8,0,0,7.8058271895343445,7.8058271895343445,7.8058271895343445,0.6420149920119997,-0.9999946965622277,0.12101937530283799,1.0,0.6420149920119997,False,0,0,0,0,0,0.0,0.0,0.0,0.0,0.0,0,0.0,0,0,disabled,disabled,True,keyed,1,0,True,internal_keyed_context,-1,-0.01,-0.01,default,0,True,keyed,0,0,False,raw,0,-0.01,-0.01,default,0,True,context_shuffle,True,internal_context_shuffle_router,-0.01,0.01,decision,route_train,set_minus,,invert,deep,set_minus,False,32,10,0,0,0,0,0.0,0.0,0.8057919999941987,2.2987919999764017,3.233249999993859,heldout_context_routing,internal_context_shuffle_ablation,CRA_internal,MockSimulator,43,decision,route_train,41,deep,set_minus,False,False,-1,-0.01,-0.01,-0.01,-1,True,1,False,225,internal_context_shuffle_ablation,internal_ablation,context_shuffle,-0.01,False,deep,invert,False,32,10,0,0,0,0.01,0.1,0.2,8,8
226,1000.0,8,8,0,8,0,0,7.776778354128624,7.776778354128624,7.776778354128624,0.19995173351613102,0.0,0.11969936343859558,1.0,0.19995173351613102,False,0,0,0,0,0,0.0,0.0,0.0,0.0,0.0,0,0.0,0,0,disabled,disabled,True,keyed,1,0,False,raw,0,0.005,0.005,default,0,True,keyed,0,0,False,raw,0,0.005,0.005,default,0,True,context_shuffle,False,raw,0.005,0.005,route_context,route_train,set_minus,,,storm,set_plus,False,32,10,0,0,0,0,0.0,0.0,0.7963749999930769,2.216207999993003,3.1376669999758633,heldout_context_routing,internal_context_shuffle_ablation,CRA_internal,MockSimulator,43,route_context,route_train,42,storm,set_plus,False,False,1,0.005,0.0,0.0,0,False,1,False,-1,internal_context_shuffle_ablation,internal_ablation,context_shuffle,0.005,False,storm,,False,32,10,0,0,0,0.005,0.1,0.2,8,8
227,1000.0,8,8,0,8,0,0,7.747874103907215,7.747874103907215,7.747874103907215,0.13695785294429208,0.0,0.11838374429880175,1.0,0.13695785294429208,False,0,0,0,0,0,0.0,0.0,0.0,0.0,0.0,0,0.0,0,0,disabled,disabled,True,keyed,1,0,False,raw,0,0.0034000000000000002,0.0034000000000000002,default,0,True,keyed,0,0,False,raw,0,0.0034000000000000002,0.0034000000000000002,default,0,True,context_shuffle,False,raw,0.0034000000000000002,0.0034000000000000002,context_distractor,route_train,set_minus,,,storm,set_plus,False,32,10,0,0,0,0,0.0,0.0,0.7970419999878686,2.2386250000181462,3.160291000028792,heldout_context_routing,internal_context_shuffle_ablation,CRA_internal,MockSimulator,43,context_distractor,route_train,42,storm,set_plus,False,False,1,0.0034000000000000002,0.0,0.0,0,False,1,False,-1,internal_context_shuffle_ablation,internal_ablation,context_shuffle,0.0034000000000000002,False,storm,,False,32,10,0,0,0,0.0034000000000000002,0.1,0.2,8,8
228,1000.0,8,8,0,8,0,0,7.719113717757396,7.719113717757396,7.719113717757396,-0.040514266753719545,-0.0,0.11707287017922421,1.0,-0.040514266753719545,False,0,0,0,0,0,0.0,0.0,0.0,0.0,0.0,0,0.0,0,0,disabled,disabled,True,keyed,1,0,False,raw,0,-0.001,-0.001,default,0,True,keyed,0,0,False,raw,0,-0.001,-0.001,default,0,True,context_shuffle,False,raw,-0.001,-0.001,skill_distractor,route_train,set_minus,,,storm,set_plus,False,32,10,0,0,0,0,0.0,0.0,0.7945419999941805,2.257167000038862,3.1755840000187163,heldout_context_routing,internal_context_shuffle_ablation,CRA_internal,MockSimulator,43,skill_distractor,route_train,42,storm,set_plus,False,False,1,-0.001,0.0,0.0,0,False,-1,False,-1,internal_context_shuffle_ablation,internal_ablation,context_shuffle,-0.001,False,storm,,False,32,10,0,0,0,-0.001,0.1,0.2,8,8
229,1000.0,8,8,0,8,0,0,7.690496478163011,7.690496478163011,7.690496478163011,0.2613348841098464,0.0,0.11576707752671027,1.0,0.2613348841098464,False,0,0,0,0,0,0.0,0.0,0.0,0.0,0.0,0,0.0,0,0,disabled,disabled,True,keyed,1,0,False,raw,0,0.006600000000000001,0.006600000000000001,default,0,True,keyed,0,0,False,raw,0,0.006600000000000001,0.006600000000000001,default,0,True,context_shuffle,False,raw,0.006600000000000001,0.006600000000000001,context_distractor,route_train,set_minus,,,storm,set_plus,False,32,10,0,0,0,0,0.0,0.0,0.7958749999943393,2.348458000028586,3.270000000043183,heldout_context_routing,internal_context_shuffle_ablation,CRA_internal,MockSimulator,43,context_distractor,route_train,42,storm,set_plus,False,False,1,0.006600000000000001,0.0,0.0,0,False,1,False,-1,internal_context_shuffle_ablation,internal_ablation,context_shuffle,0.006600000000000001,False,storm,,False,32,10,0,0,0,0.006600000000000001,0.1,0.2,8,8
230,1000.0,8,8,0,8,0,0,7.66202167118653,7.66202167118653,7.66202167118653,0.040514266753719545,0.0,0.11446668743222518,1.0,0.040514266753719545,False,0,0,0,0,0,0.0,0.0,0.0,0.0,0.0,0,0.0,0,0,disabled,disabled,True,keyed,1,0,False,raw,0,0.001,0.001,default,0,True,keyed,0,0,False,raw,0,0.001,0.001,default,0,True,context_shuffle,False,raw,0.001,0.001,skill_distractor,route_train,set_minus,,,storm,set_plus,False,32,10,0,0,0,0,0.0,0.0,0.8101669999973637,2.272750000031465,3.211749999991298,heldout_context_routing,internal_context_shuffle_ablation,CRA_internal,MockSimulator,43,skill_distractor,route_train,42,storm,set_plus,False,False,1,0.001,0.0,0.0,0,False,1,False,-1,internal_context_shuffle_ablation,internal_ablation,context_shuffle,0.001,False,storm,,False,32,10,0,0,0,0.001,0.1,0.2,8,8
231,1000.0,8,8,0,8,0,0,7.633688586451202,7.633688586451202,7.633688586451202,0.1369578529442921,0.0,0.11317200611050882,1.0,0.1369578529442921,False,0,0,0,0,0,0.0,0.0,0.0,0.0,0.0,0,0.0,0,0,disabled,disabled,True,keyed,1,0,False,raw,0,0.0034000000000000002,0.0034000000000000002,default,0,True,keyed,0,0,False,raw,0,0.0034000000000000002,0.0034000000000000002,default,0,True,context_shuffle,False,raw,0.0034000000000000002,0.0034000000000000002,context_distractor,route_train,set_minus,,,storm,set_plus,False,32,10,0,0,0,0,0.0,0.0,0.7977079999932357,2.2563339999805976,3.1792080000059286,heldout_context_routing,internal_context_shuffle_ablation,CRA_internal,MockSimulator,43,context_distractor,route_train,42,storm,set_plus,False,False,1,0.0034000000000000002,0.0,0.0,0,False,1,False,-1,internal_context_shuffle_ablation,internal_ablation,context_shuffle,0.0034000000000000002,False,storm,,False,32,10,0,0,0,0.0034000000000000002,0.1,0.2,8,8
232,1000.0,8,8,0,8,0,0,7.605496517123293,7.605496517123293,7.605496517123293,0.040514266753719545,0.0,0.11188332536668821,1.0,0.040514266753719545,False,0,0,0,0,0,0.0,0.0,0.0,0.0,0.0,0,0.0,0,0,disabled,disabled,True,keyed,1,0,False,raw,0,0.001,0.001,default,0,True,keyed,0,0,False,raw,0,0.001,0.001,default,0,True,context_shuffle,False,raw,0.001,0.001,skill_distractor,route_train,set_minus,,,storm,set_plus,False,32,10,0,0,0,0,0.0,0.0,0.7972079999944981,2.2533750000093278,3.1754999999975553,heldout_context_routing,internal_context_shuffle_ablation,CRA_internal,MockSimulator,43,skill_distractor,route_train,42,storm,set_plus,False,False,1,0.001,0.0,0.0,0,False,1,False,-1,internal_context_shuffle_ablation,internal_ablation,context_shuffle,0.001,False,storm,,False,32,10,0,0,0,0.001,0.1,0.2,8,8
233,1000.0,8,8,0,8,0,0,7.577444759894419,7.577444759894419,7.577444759894419,0.2613348841098464,0.0,0.11060092305017623,1.0,0.2613348841098464,False,0,0,0,0,0,0.0,0.0,0.0,0.0,0.0,0,0.0,0,0,disabled,disabled,True,keyed,1,0,False,raw,0,0.006600000000000001,0.006600000000000001,default,0,True,keyed,0,0,False,raw,0,0.006600000000000001,0.006600000000000001,default,0,True,context_shuffle,False,raw,0.006600000000000001,0.006600000000000001,context_distractor,route_train,set_minus,,,storm,set_plus,False,32,10,0,0,0,0,0.0,0.0,0.7999999999697138,2.279250000015054,3.2037499999546526,heldout_context_routing,internal_context_shuffle_ablation,CRA_internal,MockSimulator,43,context_distractor,route_train,42,storm,set_plus,False,False,1,0.006600000000000001,0.0,0.0,0,False,1,False,-1,internal_context_shuffle_ablation,internal_ablation,context_shuffle,0.006600000000000001,False,storm,,False,32,10,0,0,0,0.006600000000000001,0.1,0.2,8,8
234,1000.0,8,8,0,8,0,0,7.549532614963959,7.549532614963959,7.549532614963959,0.11101577841256323,0.0,0.10932506349617806,1.0,0.11101577841256323,False,0,0,0,0,0,0.0,0.0,0.0,0.0,0.0,0,0.0,0,0,disabled,disabled,True,keyed,1,0,False,raw,0,0.0027500000000000003,0.0027500000000000003,default,0,True,keyed,0,0,False,raw,0,0.0027500000000000003,0.0027500000000000003,default,0,True,context_shuffle,False,raw,0.0027500000000000003,0.0027500000000000003,skill_distractor,route_train,set_minus,,,storm,set_plus,False,32,10,0,0,0,0,0.0,0.0,0.7999590000054013,2.4371249999717293,3.360917000009067,heldout_context_routing,internal_context_shuffle_ablation,CRA_internal,MockSimulator,43,skill_distractor,route_train,42,storm,set_plus,False,False,1,0.0027500000000000003,0.0,0.0,0,False,1,False,-1,internal_context_shuffle_ablation,internal_ablation,context_shuffle,0.0027500000000000003,False,storm,,False,32,10,0,0,0,0.0027500000000000003,0.1,0.2,8,8
235,1000.0,8,8,0,8,0,0,7.521759386021562,7.521759386021562,7.521759386021562,0.13695785294429208,0.0,0.10805599795511975,1.0,0.13695785294429208,False,0,0,0,0,0,0.0,0.0,0.0,0.0,0.0,0,0.0,0,0,disabled,disabled,True,keyed,1,0,False,raw,0,0.0034000000000000002,0.0034000000000000002,default,0,True,keyed,0,0,False,raw,0,0.0034000000000000002,0.0034000000000000002,default,0,True,context_shuffle,False,raw,0.0034000000000000002,0.0034000000000000002,context_distractor,route_train,set_minus,,,storm,set_plus,False,32,10,0,0,0,0,0.0,0.0,0.8101669999973637,2.320582999971066,3.260791999991852,heldout_context_routing,internal_context_shuffle_ablation,CRA_internal,MockSimulator,43,context_distractor,route_train,42,storm,set_plus,False,False,1,0.0034000000000000002,0.0,0.0,0,False,1,False,-1,internal_context_shuffle_ablation,internal_ablation,context_shuffle,0.0034000000000000002,False,storm,,False,32,10,0,0,0,0.0034000000000000002,0.1,0.2,8,8
236,1000.0,8,8,0,8,0,0,7.4941243802297395,7.4941243802297395,7.4941243802297395,0.04051426675371955,0.0,0.10679396501030529,1.0,0.04051426675371955,False,0,0,0,0,0,0.0,0.0,0.0,0.0,0.0,0,0.0,0,0,disabled,disabled,True,keyed,1,0,False,raw,0,0.001,0.001,default,0,True,keyed,0,0,False,raw,0,0.001,0.001,default,0,True,context_shuffle,False,raw,0.001,0.001,skill_distractor,route_train,set_minus,,,storm,set_plus,False,32,10,0,0,0,0,0.0,0.0,0.7959169999480764,2.302625000027092,3.224332999991475,heldout_context_routing,internal_context_shuffle_ablation,CRA_internal,MockSimulator,43,skill_distractor,route_train,42,storm,set_plus,False,False,1,0.001,0.0,0.0,0,False,1,False,-1,internal_context_shuffle_ablation,internal_ablation,context_shuffle,0.001,False,storm,,False,32,10,0,0,0,0.001,0.1,0.2,8,8
237,1000.0,8,8,0,8,0,0,7.466626908206545,7.466626908206545,7.466626908206545,0.38452970201452397,0.0,0.10553919098410137,1.0,0.38452970201452397,False,0,0,0,0,0,0.0,0.0,0.0,0.0,0.0,0,0.0,0,0,disabled,disabled,True,keyed,1,0,False,raw,0,0.01,0.01,default,0,True,keyed,0,0,False,raw,0,0.01,0.01,default,0,True,context_shuffle,False,raw,0.01,0.01,input,route_train,set_minus,,,storm,set_plus,False,32,10,0,0,0,0,0.0,0.0,0.7929160000230695,2.3135420000244267,3.2312499999989086,heldout_context_routing,internal_context_shuffle_ablation,CRA_internal,MockSimulator,43,input,route_train,42,storm,set_plus,False,False,1,0.01,0.0,0.0,0,False,1,False,-1,internal_context_shuffle_ablation,internal_ablation,context_shuffle,0.01,False,storm,,False,32,10,0,0,0,0.01,0.1,0.2,8,8
238,1000.0,8,8,0,8,0,0,7.439266284008338,7.439266284008338,7.439266284008338,-0.6420149920119997,-0.9999946965622277,0.10429189033294148,1.0,-0.6420149920119997,False,0,0,0,0,0,0.0,0.0,0.0,0.0,0.0,0,0.0,0,0,disabled,disabled,True,keyed,1,0,True,internal_keyed_context,1,0.01,0.01,default,0,True,keyed,0,0,False,raw,0,0.01,0.01,default,0,True,context_shuffle,True,internal_context_shuffle_router,0.01,-0.01,decision,route_train,set_minus,,set_minus,storm,set_plus,False,32,11,0,0,0,0,0.0,0.0,0.7946659999902295,2.3592499999836036,3.2792079999808266,heldout_context_routing,internal_context_shuffle_ablation,CRA_internal,MockSimulator,43,decision,route_train,42,storm,set_plus,False,False,1,0.01,0.01,0.01,1,True,-1,False,238,internal_context_shuffle_ablation,internal_ablation,context_shuffle,0.01,False,storm,set_minus,False,32,11,0,0,0,-0.01,0.1,0.2,8,8
239,1000.0,8,8,0,8,0,0,7.412041825112634,7.412041825112634,7.412041825112634,0.15619079115734513,0.0,0.10305226603143434,1.0,0.15619079115734513,False,0,0,0,0,0,0.0,0.0,0.0,0.0,0.0,0,0.0,0,0,disabled,disabled,True,keyed,1,0,False,raw,0,0.005,0.005,default,0,True,keyed,0,0,False,raw,0,0.005,0.005,default,0,True,context_shuffle,False,raw,0.005,0.005,route_context,route_train,set_minus,,,storm,set_plus,False,32,11,0,0,0,0,0.0,0.0,0.794792000021971,2.74937499995076,3.6707919999798833,heldout_context_routing,internal_context_shuffle_ablation,CRA_internal,MockSimulator,43,route_context,route_train,43,storm,set_plus,False,False,-1,0.005,0.0,0.0,0,False,1,False,-1,internal_context_shuffle_ablation,internal_ablation,context_shuffle,0.005,False,storm,,False,32,11,0,0,0,0.005,0.1,0.2,8,8
240,1000.0,8,8,0,8,0,0,7.384952852401045,7.384952852401045,7.384952852401045,0.1066788192648418,0.0,0.10182050994585432,1.0,0.1066788192648418,False,0,0,0,0,0,0.0,0.0,0.0,0.0,0.0,0,0.0,0,0,disabled,disabled,True,keyed,1,0,False,raw,0,0.0034000000000000002,0.0034000000000000002,default,0,True,keyed,0,0,False,raw,0,0.0034000000000000002,0.0034000000000000002,default,0,True,context_shuffle,False,raw,0.0034000000000000002,0.0034000000000000002,context_distractor,route_train,set_minus,,,storm,set_plus,False,32,11,0,0,0,0,0.0,0.0,0.8312089999549244,2.371000000039203,3.3370419999982914,heldout_context_routing,internal_context_shuffle_ablation,CRA_internal,MockSimulator,43,context_distractor,route_train,43,storm,set_plus,False,False,-1,0.0034000000000000002,0.0,0.0,0,False,1,False,-1,internal_context_shuffle_ablation,internal_ablation,context_shuffle,0.0034000000000000002,False,storm,,False,32,11,0,0,0,0.0034000000000000002,0.1,0.2,8,8
241,1000.0,8,8,0,8,0,0,7.357998690142301,7.357998690142301,7.357998690142301,-0.08639796469849086,-0.0,0.10059680319728491,1.0,-0.08639796469849086,False,0,0,0,0,0,0.0,0.0,0.0,0.0,0.0,0,0.0,0,0,disabled,disabled,True,keyed,1,0,False,raw,0,-0.0027500000000000003,-0.0027500000000000003,default,0,True,keyed,0,0,False,raw,0,-0.0027500000000000003,-0.0027500000000000003,default,0,True,context_shuffle,False,raw,-0.0027500000000000003,-0.0027500000000000003,skill_distractor,route_train,set_minus,,,storm,set_plus,False,32,11,0,0,0,0,0.0,0.0,0.7962919999613405,2.3535000000265427,3.2766250000122454,heldout_context_routing,internal_context_shuffle_ablation,CRA_internal,MockSimulator,43,skill_distractor,route_train,43,storm,set_plus,False,False,-1,-0.0027500000000000003,0.0,0.0,0,False,-1,False,-1,internal_context_shuffle_ablation,internal_ablation,context_shuffle,-0.0027500000000000003,False,storm,,False,32,11,0,0,0,-0.0027500000000000003,0.1,0.2,8,8
242,1000.0,8,8,0,8,0,0,7.331178665975353,7.331178665975353,7.331178665975353,0.05663207990713126,0.0,0.09938131651467995,1.0,0.05663207990713126,False,0,0,0,0,0,0.0,0.0,0.0,0.0,0.0,0,0.0,0,0,disabled,disabled,True,keyed,1,0,False,raw,0,0.0018,0.0018,default,0,True,keyed,0,0,False,raw,0,0.0018,0.0018,default,0,True,context_shuffle,False,raw,0.0018,0.0018,context_distractor,route_train,set_minus,,,storm,set_plus,False,32,11,0,0,0,0,0.0,0.0,0.7978749999892898,2.350917000001118,3.273207999995975,heldout_context_routing,internal_context_shuffle_ablation,CRA_internal,MockSimulator,43,context_distractor,route_train,43,storm,set_plus,False,False,-1,0.0018,0.0,0.0,0,False,1,False,-1,internal_context_shuffle_ablation,internal_ablation,context_shuffle,0.0018,False,storm,,False,32,11,0,0,0,0.0018,0.1,0.2,8,8
243,1000.0,8,8,0,8,0,0,7.304492110892569,7.304492110892569,7.304492110892569,-0.03148555617739942,-0.0,0.09817421057810026,1.0,-0.03148555617739942,False,0,0,0,0,0,0.0,0.0,0.0,0.0,0.0,0,0.0,0,0,disabled,disabled,True,keyed,1,0,False,raw,0,-0.001,-0.001,default,0,True,keyed,0,0,False,raw,0,-0.001,-0.001,default,0,True,context_shuffle,False,raw,-0.001,-0.001,skill_distractor,route_train,set_minus,,,storm,set_plus,False,32,11,0,0,0,0,0.0,0.0,0.8270000000152322,2.3399170000288905,3.29091700001527,heldout_context_routing,internal_context_shuffle_ablation,CRA_internal,MockSimulator,43,skill_distractor,route_train,43,storm,set_plus,False,False,-1,-0.001,0.0,0.0,0,False,-1,False,-1,internal_context_shuffle_ablation,internal_ablation,context_shuffle,-0.001,False,storm,,False,32,11,0,0,0,-0.001,0.1,0.2,8,8
244,1000.0,8,8,0,8,0,0,7.277938359223004,7.277938359223004,7.277938359223004,0.1066788192648418,0.0,0.0969756363523779,1.0,0.1066788192648418,False,0,0,0,0,0,0.0,0.0,0.0,0.0,0.0,0,0.0,0,0,disabled,disabled,True,keyed,1,0,False,raw,0,0.0034000000000000002,0.0034000000000000002,default,0,True,keyed,0,0,False,raw,0,0.0034000000000000002,0.0034000000000000002,default,0,True,context_shuffle,False,raw,0.0034000000000000002,0.0034000000000000002,context_distractor,route_train,set_minus,,,storm,set_plus,False,32,11,0,0,0,0,0.0,0.0,0.9290830000168171,2.670458000011422,3.724500000032549,heldout_context_routing,internal_context_shuffle_ablation,CRA_internal,MockSimulator,43,context_distractor,route_train,43,storm,set_plus,False,False,-1,0.0034000000000000002,0.0,0.0,0,False,1,False,-1,internal_context_shuffle_ablation,internal_ablation,context_shuffle,0.0034000000000000002,False,storm,,False,32,11,0,0,0,0.0034000000000000002,0.1,0.2,8,8
245,1000.0,8,8,0,8,0,0,7.251516748615762,7.251516748615762,7.251516748615762,0.031485556177399426,0.0,0.09578573541145317,1.0,0.031485556177399426,False,0,0,0,0,0,0.0,0.0,0.0,0.0,0.0,0,0.0,0,0,disabled,disabled,True,keyed,1,0,False,raw,0,0.001,0.001,default,0,True,keyed,0,0,False,raw,0,0.001,0.001,default,0,True,context_shuffle,False,raw,0.001,0.001,skill_distractor,route_train,set_minus,,,storm,set_plus,False,32,11,0,0,0,0,0.0,0.0,0.8215830000040114,2.418708999982755,3.3739170000330887,heldout_context_routing,internal_context_shuffle_ablation,CRA_internal,MockSimulator,43,skill_distractor,route_train,43,storm,set_plus,False,False,-1,0.001,0.0,0.0,0,False,1,False,-1,internal_context_shuffle_ablation,internal_ablation,context_shuffle,0.001,False,storm,,False,32,11,0,0,0,0.001,0.1,0.2,8,8
246,1000.0,8,8,0,8,0,0,7.2252266200234345,7.2252266200234345,7.2252266200234345,0.05663207990713126,0.0,0.0946046402536245,1.0,0.05663207990713126,False,0,0,0,0,0,0.0,0.0,0.0,0.0,0.0,0,0.0,0,0,disabled,disabled,True,keyed,1,0,False,raw,0,0.0018,0.0018,default,0,True,keyed,0,0,False,raw,0,0.0018,0.0018,default,0,True,context_shuffle,False,raw,0.0018,0.0018,context_distractor,route_train,set_minus,,,storm,set_plus,False,32,11,0,0,0,0,0.0,0.0,0.7996250000132932,2.390208999997867,3.3149160000220945,heldout_context_routing,internal_context_shuffle_ablation,CRA_internal,MockSimulator,43,context_distractor,route_train,43,storm,set_plus,False,False,-1,0.0018,0.0,0.0,0,False,1,False,-1,internal_context_shuffle_ablation,internal_ablation,context_shuffle,0.0018,False,storm,,False,32,11,0,0,0,0.0018,0.1,0.2,8,8
247,1000.0,8,8,0,8,0,0,7.199067317685627,7.199067317685627,7.199067317685627,-0.08639796469849084,-0.0,0.09343247460794439,1.0,-0.08639796469849084,False,0,0,0,0,0,0.0,0.0,0.0,0.0,0.0,0,0.0,0,0,disabled,disabled,True,keyed,1,0,False,raw,0,-0.0027500000000000003,-0.0027500000000000003,default,0,True,keyed,0,0,False,raw,0,-0.0027500000000000003,-0.0027500000000000003,default,0,True,context_shuffle,False,raw,-0.0027500000000000003,-0.0027500000000000003,skill_distractor,route_train,set_minus,,,storm,set_plus,False,32,11,0,0,0,0,0.0,0.0,0.7950840000034987,2.4116250000361106,3.3317079999619637,heldout_context_routing,internal_context_shuffle_ablation,CRA_internal,MockSimulator,43,skill_distractor,route_train,43,storm,set_plus,False,False,-1,-0.0027500000000000003,0.0,0.0,0,False,-1,False,-1,internal_context_shuffle_ablation,internal_ablation,context_shuffle,-0.0027500000000000003,False,storm,,False,32,11,0,0,0,-0.0027500000000000003,0.1,0.2,8,8
248,1000.0,8,8,0,8,0,0,7.173038189112559,7.173038189112559,7.173038189112559,0.20493008056112638,0.0,0.09226935373199005,1.0,0.20493008056112638,False,0,0,0,0,0,0.0,0.0,0.0,0.0,0.0,0,0.0,0,0,disabled,disabled,True,keyed,1,0,False,raw,0,0.006600000000000001,0.006600000000000001,default,0,True,keyed,0,0,False,raw,0,0.006600000000000001,0.006600000000000001,default,0,True,context_shuffle,False,raw,0.006600000000000001,0.006600000000000001,context_distractor,route_train,set_minus,,,storm,set_plus,False,32,11,0,0,0,0,0.0,0.0,0.8062499999823558,2.5519999999801257,3.482332999965365,heldout_context_routing,internal_context_shuffle_ablation,CRA_internal,MockSimulator,43,context_distractor,route_train,43,storm,set_plus,False,False,-1,0.006600000000000001,0.0,0.0,0,False,1,False,-1,internal_context_shuffle_ablation,internal_ablation,context_shuffle,0.006600000000000001,False,storm,,False,32,11,0,0,0,0.006600000000000001,0.1,0.2,8,8
249,1000.0,8,8,0,8,0,0,7.147138585068763,7.147138585068763,7.147138585068763,0.08639796469849084,0.0,0.09111538470123069,1.0,0.08639796469849084,False,0,0,0,0,0,0.0,0.0,0.0,0.0,0.0,0,0.0,0,0,disabled,disabled,True,keyed,1,0,False,raw,0,0.0027500000000000003,0.0027500000000000003,default,0,True,keyed,0,0,False,raw,0,0.0027500000000000003,0.0027500000000000003,default,0,True,context_shuffle,False,raw,0.0027500000000000003,0.0027500000000000003,skill_distractor,route_train,set_minus,,,storm,set_plus,False,32,11,0,0,0,0,0.0,0.0,0.8558750000133841,2.556165999976656,3.5770839999713644,heldout_context_routing,internal_context_shuffle_ablation,CRA_internal,MockSimulator,43,skill_distractor,route_train,43,storm,set_plus,False,False,-1,0.0027500000000000003,0.0,0.0,0,False,1,False,-1,internal_context_shuffle_ablation,internal_ablation,context_shuffle,0.0027500000000000003,False,storm,,False,32,11,0,0,0,0.0027500000000000003,0.1,0.2,8,8
250,1000.0,8,8,0,8,0,0,7.121367859556841,7.121367859556841,7.121367859556841,-0.3049423421221762,-0.0,0.08997066669020892,1.0,-0.3049423421221762,False,0,0,0,0,0,0.0,0.0,0.0,0.0,0.0,0,0.0,0,0,disabled,disabled,True,keyed,1,0,False,raw,0,-0.01,-0.01,default,0,True,keyed,0,0,False,raw,0,-0.01,-0.01,default,0,True,context_shuffle,False,raw,-0.01,-0.01,input,route_train,set_minus,,,storm,set_plus,False,32,11,0,0,0,0,0.0,0.0,0.8150829999635789,2.4227080000400747,3.3644580000213864,heldout_context_routing,internal_context_shuffle_ablation,CRA_internal,MockSimulator,43,input,route_train,43,storm,set_plus,False,False,-1,-0.01,0.0,0.0,0,False,-1,False,-1,internal_context_shuffle_ablation,internal_ablation,context_shuffle,-0.01,False,storm,,False,32,11,0,0,0,-0.01,0.1,0.2,8,8
251,1000.0,8,8,0,8,0,0,7.095725369801323,7.095725369801323,7.095725369801323,-0.6420149920119997,-0.9999946965622277,0.08883529124574753,1.0,-0.6420149920119997,False,0,0,0,0,0,0.0,0.0,0.0,0.0,0.0,0,0.0,0,0,disabled,disabled,True,keyed,1,0,True,internal_keyed_context,-1,-0.01,-0.01,default,0,True,keyed,0,0,False,raw,0,-0.01,-0.01,default,0,True,context_shuffle,True,internal_context_shuffle_router,-0.01,-0.01,decision,route_train,set_minus,,set_minus,storm,set_plus,False,32,12,0,0,0,0,0.0,0.0,0.7934579999755442,2.4793329999965863,3.398542000013549,heldout_context_routing,internal_context_shuffle_ablation,CRA_internal,MockSimulator,43,decision,route_train,43,storm,set_plus,False,False,-1,-0.01,0.01,0.01,1,True,-1,False,251,internal_context_shuffle_ablation,internal_ablation,context_shuffle,-0.01,False,storm,set_minus,False,32,12,0,0,0,-0.01,0.1,0.2,8,8
252,1000.0,8,8,0,8,0,0,7.070210476232593,7.070210476232593,7.070210476232593,0.07623118096432704,0.0,0.0877093425523885,1.0,0.07623118096432704,False,0,0,0,0,0,0.0,0.0,0.0,0.0,0.0,0,0.0,0,0,disabled,disabled,True,keyed,1,0,False,raw,0,0.0034000000000000002,0.0034000000000000002,default,0,True,keyed,0,0,False,raw,0,0.0034000000000000002,0.0034000000000000002,default,0,True,context_shuffle,False,raw,0.0034000000000000002,0.0034000000000000002,route_context,route_train,set_minus,,,lagoon,invert,False,32,12,0,0,0,0,0.0,0.0,0.8020000000215077,2.4309579999908237,3.3591669999850637,heldout_context_routing,internal_context_shuffle_ablation,CRA_internal,MockSimulator,43,route_context,route_train,44,lagoon,invert,False,False,1,0.0034000000000000002,0.0,0.0,0,False,1,False,-1,internal_context_shuffle_ablation,internal_ablation,context_shuffle,0.0034000000000000002,False,lagoon,,False,32,12,0,0,0,0.0034000000000000002,0.1,0.2,8,8
253,1000.0,8,8,0,8,0,0,7.044822542470903,7.044822542470903,7.044822542470903,0.04041410880365444,0.0,0.08659289769026554,1.0,0.04041410880365444,False,0,0,0,0,0,0.0,0.0,0.0,0.0,0.0,0,0.0,0,0,disabled,disabled,True,keyed,1,0,False,raw,0,0.0018,0.0018,default,0,True,keyed,0,0,False,raw,0,0.0018,0.0018,default,0,True,context_shuffle,False,raw,0.0018,0.0018,context_distractor,route_train,set_minus,,,lagoon,invert,False,32,12,0,0,0,0,0.0,0.0,0.7982079999919733,2.5654169999711485,3.48779200004401,heldout_context_routing,internal_context_shuffle_ablation,CRA_internal,MockSimulator,43,context_distractor,route_train,44,lagoon,invert,False,False,1,0.0018,0.0,0.0,0,False,1,False,-1,internal_context_shuffle_ablation,internal_ablation,context_shuffle,0.0018,False,lagoon,,False,32,12,0,0,0,0.0018,0.1,0.2,8,8
254,1000.0,8,8,0,8,0,0,7.019560935310461,7.019560935310461,7.019560935310461,0.022460740256162633,0.0,0.08548602688560654,1.0,0.022460740256162633,False,0,0,0,0,0,0.0,0.0,0.0,0.0,0.0,0,0.0,0,0,disabled,disabled,True,keyed,1,0,False,raw,0,0.001,0.001,default,0,True,keyed,0,0,False,raw,0,0.001,0.001,default,0,True,context_shuffle,False,raw,0.001,0.001,skill_distractor,route_train,set_minus,,,lagoon,invert,False,32,12,0,0,0,0,0.0,0.0,0.8135420000030535,2.459582999961185,3.4032910000405536,heldout_context_routing,internal_context_shuffle_ablation,CRA_internal,MockSimulator,43,skill_distractor,route_train,44,lagoon,invert,False,False,1,0.001,0.0,0.0,0,False,1,False,-1,internal_context_shuffle_ablation,internal_ablation,context_shuffle,0.001,False,lagoon,,False,32,12,0,0,0,0.001,0.1,0.2,8,8
255,1000.0,8,8,0,8,0,0,6.994425024703603,6.994425024703603,6.994425024703603,0.04041410880365444,0.0,0.08438879375405779,1.0,0.04041410880365444,False,0,0,0,0,0,0.0,0.0,0.0,0.0,0.0,0,0.0,0,0,disabled,disabled,True,keyed,1,0,False,raw,0,0.0018,0.0018,default,0,True,keyed,0,0,False,raw,0,0.0018,0.0018,default,0,True,context_shuffle,False,raw,0.0018,0.0018,context_distractor,route_train,set_minus,,,lagoon,invert,False,32,12,0,0,0,0,0.0,0.0,0.8003340000186654,2.4548330000015994,3.3802500000206237,heldout_context_routing,internal_context_shuffle_ablation,CRA_internal,MockSimulator,43,context_distractor,route_train,44,lagoon,invert,False,False,1,0.0018,0.0,0.0,0,False,1,False,-1,internal_context_shuffle_ablation,internal_ablation,context_shuffle,0.0018,False,lagoon,,False,32,12,0,0,0,0.0018,0.1,0.2,8,8
256,1000.0,8,8,0,8,0,0,6.969414183745038,6.969414183745038,6.969414183745038,0.022460740256162633,0.0,0.08330125553701674,1.0,0.022460740256162633,False,0,0,0,0,0,0.0,0.0,0.0,0.0,0.0,0,0.0,0,0,disabled,disabled,True,keyed,1,0,False,raw,0,0.001,0.001,default,0,True,keyed,0,0,False,raw,0,0.001,0.001,default,0,True,context_shuffle,False,raw,0.001,0.001,skill_distractor,route_train,set_minus,,,lagoon,invert,False,32,12,0,0,0,0,0.0,0.0,0.7962500000076034,2.4657079999883535,3.3868749999896863,heldout_context_routing,internal_context_shuffle_ablation,CRA_internal,MockSimulator,43,skill_distractor,route_train,44,lagoon,invert,False,False,1,0.001,0.0,0.0,0,False,1,False,-1,internal_context_shuffle_ablation,internal_ablation,context_shuffle,0.001,False,lagoon,,False,32,12,0,0,0,0.001,0.1,0.2,8,8
257,1000.0,8,8,0,8,0,0,6.944527788656182,6.944527788656182,6.944527788656182,0.11185259628860714,0.0,0.08222346333115572,1.0,0.11185259628860714,False,0,0,0,0,0,0.0,0.0,0.0,0.0,0.0,0,0.0,0,0,disabled,disabled,True,keyed,1,0,False,raw,0,0.005,0.005,default,0,True,keyed,0,0,False,raw,0,0.005,0.005,default,0,True,context_shuffle,False,raw,0.005,0.005,context_distractor,route_train,set_minus,,,lagoon,invert,False,32,12,0,0,0,0,0.0,0.0,0.7949999999823376,2.4948750000248765,3.4137920000034683,heldout_context_routing,internal_context_shuffle_ablation,CRA_internal,MockSimulator,43,context_distractor,route_train,44,lagoon,invert,False,False,1,0.005,0.0,0.0,0,False,1,False,-1,internal_context_shuffle_ablation,internal_ablation,context_shuffle,0.005,False,lagoon,,False,32,12,0,0,0,0.005,0.1,0.2,8,8
258,1000.0,8,8,0,8,0,0,6.919765218769555,6.919765218769555,6.919765218769555,-0.06169895532455631,-0.0,0.08115546231131433,1.0,-0.06169895532455631,False,0,0,0,0,0,0.0,0.0,0.0,0.0,0.0,0,0.0,0,0,disabled,disabled,True,keyed,1,0,False,raw,0,-0.0027500000000000003,-0.0027500000000000003,default,0,True,keyed,0,0,False,raw,0,-0.0027500000000000003,-0.0027500000000000003,default,0,True,context_shuffle,False,raw,-0.0027500000000000003,-0.0027500000000000003,skill_distractor,route_train,set_minus,,,lagoon,invert,False,32,12,0,0,0,0,0.0,0.0,0.874042000020836,2.548915999966539,3.546625000012682,heldout_context_routing,internal_context_shuffle_ablation,CRA_internal,MockSimulator,43,skill_distractor,route_train,44,lagoon,invert,False,False,1,-0.0027500000000000003,0.0,0.0,0,False,-1,False,-1,internal_context_shuffle_ablation,internal_ablation,context_shuffle,-0.0027500000000000003,False,lagoon,,False,32,12,0,0,0,-0.0027500000000000003,0.1,0.2,8,8
259,1000.0,8,8,0,8,0,0,6.895125856513272,6.895125856513272,6.895125856513272,0.14718886015253763,0.0,0.08009729194693414,1.0,0.14718886015253763,False,0,0,0,0,0,0.0,0.0,0.0,0.0,0.0,0,0.0,0,0,disabled,disabled,True,keyed,1,0,False,raw,0,0.006600000000000001,0.006600000000000001,default,0,True,keyed,0,0,False,raw,0,0.006600000000000001,0.006600000000000001,default,0,True,context_shuffle,False,raw,0.006600000000000001,0.006600000000000001,context_distractor,route_train,set_minus,,,lagoon,invert,False,32,12,0,0,0,0,0.0,0.0,0.8154170000125305,2.5200410000252305,3.464124999993601,heldout_context_routing,internal_context_shuffle_ablation,CRA_internal,MockSimulator,43,context_distractor,route_train,44,lagoon,invert,False,False,1,0.006600000000000001,0.0,0.0,0,False,1,False,-1,internal_context_shuffle_ablation,internal_ablation,context_shuffle,0.006600000000000001,False,lagoon,,False,32,12,0,0,0,0.006600000000000001,0.1,0.2,8,8
260,1000.0,8,8,0,8,0,0,6.870609087395598,6.870609087395598,6.870609087395598,0.0616989553245563,0.0,0.07904898621220463,1.0,0.0616989553245563,False,0,0,0,0,0,0.0,0.0,0.0,0.0,0.0,0,0.0,0,0,disabled,disabled,True,keyed,1,0,False,raw,0,0.0027500000000000003,0.0027500000000000003,default,0,True,keyed,0,0,False,raw,0,0.0027500000000000003,0.0027500000000000003,default,0,True,context_shuffle,False,raw,0.0027500000000000003,0.0027500000000000003,skill_distractor,route_train,set_minus,,,lagoon,invert,False,32,12,0,0,0,0,0.0,0.0,0.7932909999794902,2.4927919999981896,3.410916999996516,heldout_context_routing,internal_context_shuffle_ablation,CRA_internal,MockSimulator,43,skill_distractor,route_train,44,lagoon,invert,False,False,1,0.0027500000000000003,0.0,0.0,0,False,1,False,-1,internal_context_shuffle_ablation,internal_ablation,context_shuffle,0.0027500000000000003,False,lagoon,,False,32,12,0,0,0,0.0027500000000000003,0.1,0.2,8,8
261,1000.0,8,8,0,8,0,0,6.84621429998959,6.84621429998959,6.84621429998959,0.14718886015253765,0.0,0.07801057379008552,1.0,0.14718886015253765,False,0,0,0,0,0,0.0,0.0,0.0,0.0,0.0,0,0.0,0,0,disabled,disabled,True,keyed,1,0,False,raw,0,0.006600000000000001,0.006600000000000001,default,0,True,keyed,0,0,False,raw,0,0.006600000000000001,0.006600000000000001,default,0,True,context_shuffle,False,raw,0.006600000000000001,0.006600000000000001,context_distractor,route_train,set_minus,,,lagoon,invert,False,32,12,0,0,0,0,0.0,0.0,0.7963330000393398,2.5175829999852795,3.439375000027667,heldout_context_routing,internal_context_shuffle_ablation,CRA_internal,MockSimulator,43,context_distractor,route_train,44,lagoon,invert,False,False,1,0.006600000000000001,0.0,0.0,0,False,1,False,-1,internal_context_shuffle_ablation,internal_ablation,context_shuffle,0.006600000000000001,False,lagoon,,False,32,12,0,0,0,0.006600000000000001,0.1,0.2,8,8
262,1000.0,8,8,0,8,0,0,6.821940885917809,6.821940885917809,6.821940885917809,0.022460740256162633,0.0,0.07698207827036631,1.0,0.022460740256162633,False,0,0,0,0,0,0.0,0.0,0.0,0.0,0.0,0,0.0,0,0,disabled,disabled,True,keyed,1,0,False,raw,0,0.001,0.001,default,0,True,keyed,0,0,False,raw,0,0.001,0.001,default,0,True,context_shuffle,False,raw,0.001,0.001,skill_distractor,route_train,set_minus,,,lagoon,invert,False,32,12,0,0,0,0,0.0,0.0,0.8138339999845812,2.6654580000240458,3.6084999999843603,heldout_context_routing,internal_context_shuffle_ablation,CRA_internal,MockSimulator,43,skill_distractor,route_train,44,lagoon,invert,False,False,1,0.001,0.0,0.0,0,False,1,False,-1,internal_context_shuffle_ablation,internal_ablation,context_shuffle,0.001,False,lagoon,,False,32,12,0,0,0,0.001,0.1,0.2,8,8
263,1000.0,8,8,0,8,0,0,6.797788239837109,6.797788239837109,6.797788239837109,0.22094099901026443,0.0,0.07596351834191982,1.0,0.22094099901026443,False,0,0,0,0,0,0.0,0.0,0.0,0.0,0.0,0,0.0,0,0,disabled,disabled,True,keyed,1,0,False,raw,0,0.01,0.01,default,0,True,keyed,0,0,False,raw,0,0.01,0.01,default,0,True,context_shuffle,False,raw,0.01,0.01,input,route_train,set_minus,,,lagoon,invert,False,32,12,0,0,0,0,0.0,0.0,0.8102079999616763,2.575459000013325,3.515124999978525,heldout_context_routing,internal_context_shuffle_ablation,CRA_internal,MockSimulator,43,input,route_train,44,lagoon,invert,False,False,1,0.01,0.0,0.0,0,False,1,False,-1,internal_context_shuffle_ablation,internal_ablation,context_shuffle,0.01,False,lagoon,,False,32,12,0,0,0,0.01,0.1,0.2,8,8
264,1000.0,8,8,0,8,0,0,6.773755759423508,6.773755759423508,6.773755759423508,0.6420149920119997,-0.9999946965622277,0.07495490797930304,1.0,0.6420149920119997,False,0,0,0,0,0,0.0,0.0,0.0,0.0,0.0,0,0.0,0,0,disabled,disabled,True,keyed,1,0,True,internal_keyed_context,1,0.01,0.01,default,0,True,keyed,0,0,False,raw,0,0.01,0.01,default,0,True,context_shuffle,True,internal_context_shuffle_router,0.01,0.01,decision,route_train,set_minus,,identity,lagoon,invert,False,32,13,0,0,0,0,0.0,0.0,0.796541999989131,2.595958000028986,3.5170830000197384,heldout_context_routing,internal_context_shuffle_ablation,CRA_internal,MockSimulator,43,decision,route_train,44,lagoon,invert,False,False,1,0.01,-0.01,-0.01,-1,True,1,False,264,internal_context_shuffle_ablation,internal_ablation,context_shuffle,0.01,False,lagoon,identity,False,32,13,0,0,0,0.01,0.1,0.2,8,8
265,1000.0,8,8,0,8,0,0,6.749842845357124,6.749842845357124,6.749842845357124,0.045671350929208786,0.0,0.07395625662385417,1.0,0.045671350929208786,False,0,0,0,0,0,0.0,0.0,0.0,0.0,0.0,0,0.0,0,0,disabled,disabled,True,keyed,1,0,False,raw,0,0.0034000000000000002,0.0034000000000000002,default,0,True,keyed,0,0,False,raw,0,0.0034000000000000002,0.0034000000000000002,default,0,True,context_shuffle,False,raw,0.0034000000000000002,0.0034000000000000002,route_context,route_train,set_minus,,,lagoon,invert,False,32,13,0,0,0,0,0.0,0.0,0.7978329999787093,2.5677920000362064,3.490999999996802,heldout_context_routing,internal_context_shuffle_ablation,CRA_internal,MockSimulator,43,route_context,route_train,45,lagoon,invert,False,False,-1,0.0034000000000000002,0.0,0.0,0,False,1,False,-1,internal_context_shuffle_ablation,internal_ablation,context_shuffle,0.0034000000000000002,False,lagoon,,False,32,13,0,0,0,0.0034000000000000002,0.1,0.2,8,8
266,1000.0,8,8,0,8,0,0,6.726048901307198,6.726048901307198,6.726048901307198,0.0884858393579241,0.0,0.07296756935943154,1.0,0.0884858393579241,False,0,0,0,0,0,0.0,0.0,0.0,0.0,0.0,0,0.0,0,0,disabled,disabled,True,keyed,1,0,False,raw,0,0.006600000000000001,0.006600000000000001,default,0,True,keyed,0,0,False,raw,0,0.006600000000000001,0.006600000000000001,default,0,True,context_shuffle,False,raw,0.006600000000000001,0.006600000000000001,context_distractor,route_train,set_minus,,,lagoon,invert,False,32,13,0,0,0,0,0.0,0.0,1.0040829999979906,2.5791250000111177,3.7077499999895736,heldout_context_routing,internal_context_shuffle_ablation,CRA_internal,MockSimulator,43,context_distractor,route_train,45,lagoon,invert,False,False,-1,0.006600000000000001,0.0,0.0,0,False,1,False,-1,internal_context_shuffle_ablation,internal_ablation,context_shuffle,0.006600000000000001,False,lagoon,,False,32,13,0,0,0,0.006600000000000001,0.1,0.2,8,8
267,1000.0,8,8,0,8,0,0,6.702373333917182,6.702373333917182,6.702373333917182,0.013441292087065158,0.0,0.07198884708293626,1.0,0.013441292087065158,False,0,0,0,0,0,0.0,0.0,0.0,0.0,0.0,0,0.0,0,0,disabled,disabled,True,keyed,1,0,False,raw,0,0.001,0.001,default,0,True,keyed,0,0,False,raw,0,0.001,0.001,default,0,True,context_shuffle,False,raw,0.001,0.001,skill_distractor,route_train,set_minus,,,lagoon,invert,False,32,13,0,0,0,0,0.0,0.0,0.853290999998535,2.685417000009238,3.6633340000093995,heldout_context_routing,internal_context_shuffle_ablation,CRA_internal,MockSimulator,43,skill_distractor,route_train,45,lagoon,invert,False,False,-1,0.001,0.0,0.0,0,False,1,False,-1,internal_context_shuffle_ablation,internal_ablation,context_shuffle,0.001,False,lagoon,,False,32,13,0,0,0,0.001,0.1,0.2,8,8
268,1000.0,8,8,0,8,0,0,6.678815552789905,6.678815552789905,6.678815552789905,0.0671094884856756,0.0,0.07102008666975702,1.0,0.0671094884856756,False,0,0,0,0,0,0.0,0.0,0.0,0.0,0.0,0,0.0,0,0,disabled,disabled,True,keyed,1,0,False,raw,0,0.005,0.005,default,0,True,keyed,0,0,False,raw,0,0.005,0.005,default,0,True,context_shuffle,False,raw,0.005,0.005,context_distractor,route_train,set_minus,,,lagoon,invert,False,32,13,0,0,0,0,0.0,0.0,0.7984579999629204,2.6295420000224112,3.5547499999779575,heldout_context_routing,internal_context_shuffle_ablation,CRA_internal,MockSimulator,43,context_distractor,route_train,45,lagoon,invert,False,False,-1,0.005,0.0,0.0,0,False,1,False,-1,internal_context_shuffle_ablation,internal_ablation,context_shuffle,0.005,False,lagoon,,False,32,13,0,0,0,0.005,0.1,0.2,8,8
269,1000.0,8,8,0,8,0,0,6.655374970472814,6.655374970472814,6.655374970472814,0.0369489511978872,0.0,0.07006128113427179,1.0,0.0369489511978872,False,0,0,0,0,0,0.0,0.0,0.0,0.0,0.0,0,0.0,0,0,disabled,disabled,True,keyed,1,0,False,raw,0,0.0027500000000000003,0.0027500000000000003,default,0,True,keyed,0,0,False,raw,0,0.0027500000000000003,0.0027500000000000003,default,0,True,context_shuffle,False,raw,0.0027500000000000003,0.0027500000000000003,skill_distractor,route_train,set_minus,,,lagoon,invert,False,32,13,0,0,0,0,0.0,0.0,0.7956669999771293,2.6005830000030983,3.5205420000465892,heldout_context_routing,internal_context_shuffle_ablation,CRA_internal,MockSimulator,43,skill_distractor,route_train,45,lagoon,invert,False,False,-1,0.0027500000000000003,0.0,0.0,0,False,1,False,-1,internal_context_shuffle_ablation,internal_ablation,context_shuffle,0.0027500000000000003,False,lagoon,,False,32,13,0,0,0,0.0027500000000000003,0.1,0.2,8,8
270,1000.0,8,8,0,8,0,0,6.632051002443289,6.632051002443289,6.632051002443289,0.024191062376189364,0.0,0.06911241978553806,1.0,0.024191062376189364,False,0,0,0,0,0,0.0,0.0,0.0,0.0,0.0,0,0.0,0,0,disabled,disabled,True,keyed,1,0,False,raw,0,0.0018,0.0018,default,0,True,keyed,0,0,False,raw,0,0.0018,0.0018,default,0,True,context_shuffle,False,raw,0.0018,0.0018,context_distractor,route_train,set_minus,,,lagoon,invert,False,32,13,0,0,0,0,0.0,0.0,0.8005840000464559,2.6127079999582747,3.538458000036826,heldout_context_routing,internal_context_shuffle_ablation,CRA_internal,MockSimulator,43,context_distractor,route_train,45,lagoon,invert,False,False,-1,0.0018,0.0,0.0,0,False,1,False,-1,internal_context_shuffle_ablation,internal_ablation,context_shuffle,0.0018,False,lagoon,,False,32,13,0,0,0,0.0018,0.1,0.2,8,8
271,1000.0,8,8,0,8,0,0,6.608843067094027,6.608843067094027,6.608843067094027,0.036948951197887214,0.0,0.06817348837829997,1.0,0.036948951197887214,False,0,0,0,0,0,0.0,0.0,0.0,0.0,0.0,0,0.0,0,0,disabled,disabled,True,keyed,1,0,False,raw,0,0.0027500000000000003,0.0027500000000000003,default,0,True,keyed,0,0,False,raw,0,0.0027500000000000003,0.0027500000000000003,default,0,True,context_shuffle,False,raw,0.0027500000000000003,0.0027500000000000003,skill_distractor,route_train,set_minus,,,lagoon,invert,False,32,13,0,0,0,0,0.0,0.0,0.7959170000049198,2.777499999979227,3.6978750000002947,heldout_context_routing,internal_context_shuffle_ablation,CRA_internal,MockSimulator,43,skill_distractor,route_train,45,lagoon,invert,False,False,-1,0.0027500000000000003,0.0,0.0,0,False,1,False,-1,internal_context_shuffle_ablation,internal_ablation,context_shuffle,0.0027500000000000003,False,lagoon,,False,32,13,0,0,0,0.0027500000000000003,0.1,0.2,8,8
272,1000.0,8,8,0,8,0,0,6.585750585718503,6.585750585718503,6.585750585718503,0.0671094884856756,0.0,0.06724446925943718,1.0,0.0671094884856756,False,0,0,0,0,0,0.0,0.0,0.0,0.0,0.0,0,0.0,0,0,disabled,disabled,True,keyed,1,0,False,raw,0,0.005,0.005,default,0,True,keyed,0,0,False,raw,0,0.005,0.005,default,0,True,context_shuffle,False,raw,0.005,0.005,context_distractor,route_train,set_minus,,,lagoon,invert,False,32,13,0,0,0,0,0.0,0.0,0.8114999999975225,2.6635829999577254,3.6047080000116694,heldout_context_routing,internal_context_shuffle_ablation,CRA_internal,MockSimulator,43,context_distractor,route_train,45,lagoon,invert,False,False,-1,0.005,0.0,0.0,0,False,1,False,-1,internal_context_shuffle_ablation,internal_ablation,context_shuffle,0.005,False,lagoon,,False,32,13,0,0,0,0.005,0.1,0.2,8,8
273,1000.0,8,8,0,8,0,0,6.562772982496504,6.562772982496504,6.562772982496504,0.03694895119788721,0.0,0.06632534150997758,1.0,0.03694895119788721,False,0,0,0,0,0,0.0,0.0,0.0,0.0,0.0,0,0.0,0,0,disabled,disabled,True,keyed,1,0,False,raw,0,0.0027500000000000003,0.0027500000000000003,default,0,True,keyed,0,0,False,raw,0,0.0027500000000000003,0.0027500000000000003,default,0,True,context_shuffle,False,raw,0.0027500000000000003,0.0027500000000000003,skill_distractor,route_train,set_minus,,,lagoon,invert,False,32,13,0,0,0,0,0.0,0.0,0.7970419999878686,2.6914580000152455,3.6129160000086813,heldout_context_routing,internal_context_shuffle_ablation,CRA_internal,MockSimulator,43,skill_distractor,route_train,45,lagoon,invert,False,False,-1,0.0027500000000000003,0.0,0.0,0,False,1,False,-1,internal_context_shuffle_ablation,internal_ablation,context_shuffle,0.0027500000000000003,False,lagoon,,False,32,13,0,0,0,0.0027500000000000003,0.1,0.2,8,8
274,1000.0,8,8,0,8,0,0,6.539909684479732,6.539909684479732,6.539909684479732,0.08848583935792409,0.0,0.0654160810827926,1.0,0.08848583935792409,False,0,0,0,0,0,0.0,0.0,0.0,0.0,0.0,0,0.0,0,0,disabled,disabled,True,keyed,1,0,False,raw,0,0.006600000000000001,0.006600000000000001,default,0,True,keyed,0,0,False,raw,0,0.006600000000000001,0.006600000000000001,default,0,True,context_shuffle,False,raw,0.006600000000000001,0.006600000000000001,context_distractor,route_train,set_minus,,,lagoon,invert,False,32,13,0,0,0,0,0.0,0.0,0.7974580000222886,2.6968330000158858,3.6195410000345873,heldout_context_routing,internal_context_shuffle_ablation,CRA_internal,MockSimulator,43,context_distractor,route_train,45,lagoon,invert,False,False,-1,0.006600000000000001,0.0,0.0,0,False,1,False,-1,internal_context_shuffle_ablation,internal_ablation,context_shuffle,0.006600000000000001,False,lagoon,,False,32,13,0,0,0,0.006600000000000001,0.1,0.2,8,8
275,1000.0,8,8,0,8,0,0,6.517160121577478,6.517160121577478,6.517160121577478,-0.013441292087065154,-0.0,0.06451666093609101,1.0,-0.013441292087065154,False,0,0,0,0,0,0.0,0.0,0.0,0.0,0.0,0,0.0,0,0,disabled,disabled,True,keyed,1,0,False,raw,0,-0.001,-0.001,default,0,True,keyed,0,0,False,raw,0,-0.001,-0.001,default,0,True,context_shuffle,False,raw,-0.001,-0.001,skill_distractor,route_train,set_minus,,,lagoon,invert,False,32,13,0,0,0,0,0.0,0.0,0.7973749999905522,2.708165999990797,3.630625000027976,heldout_context_routing,internal_context_shuffle_ablation,CRA_internal,MockSimulator,43,skill_distractor,route_train,45,lagoon,invert,False,False,-1,-0.001,0.0,0.0,0,False,-1,False,-1,internal_context_shuffle_ablation,internal_ablation,context_shuffle,-0.001,False,lagoon,,False,32,13,0,0,0,-0.001,0.1,0.2,8,8
276,1000.0,8,8,0,8,0,0,6.494523726542376,6.494523726542376,6.494523726542376,-0.13361720736659263,-0.0,0.06362705116282438,1.0,-0.13361720736659263,False,0,0,0,0,0,0.0,0.0,0.0,0.0,0.0,0,0.0,0,0,disabled,disabled,True,keyed,1,0,False,raw,0,-0.01,-0.01,default,0,True,keyed,0,0,False,raw,0,-0.01,-0.01,default,0,True,context_shuffle,False,raw,-0.01,-0.01,input,route_train,set_minus,,,lagoon,invert,False,32,13,0,0,0,0,0.0,0.0,0.8827500000165855,2.716709000026185,3.7246250000180225,heldout_context_routing,internal_context_shuffle_ablation,CRA_internal,MockSimulator,43,input,route_train,45,lagoon,invert,False,False,-1,-0.01,0.0,0.0,0,False,-1,False,-1,internal_context_shuffle_ablation,internal_ablation,context_shuffle,-0.01,False,lagoon,,False,32,13,0,0,0,-0.01,0.1,0.2,8,8
277,1000.0,8,8,0,8,0,0,6.471999934956213,6.471999934956213,6.471999934956213,-0.6420149920119997,-0.9999946965622277,0.06274721911611399,1.0,-0.6420149920119997,False,0,0,0,0,0,0.0,0.0,0.0,0.0,0.0,0,0.0,0,0,disabled,disabled,True,keyed,1,0,True,internal_keyed_context,-1,-0.01,-0.01,default,0,True,keyed,0,0,False,raw,0,-0.01,-0.01,default,0,True,context_shuffle,True,internal_context_shuffle_router,-0.01,-0.01,decision,route_train,set_minus,,identity,lagoon,invert,False,32,14,0,0,0,0,0.0,0.0,0.7948329999862835,2.70358400001669,3.6265420000063386,heldout_context_routing,internal_context_shuffle_ablation,CRA_internal,MockSimulator,43,decision,route_train,45,lagoon,invert,False,False,-1,-0.01,0.01,0.01,1,True,-1,False,277,internal_context_shuffle_ablation,internal_ablation,context_shuffle,-0.01,False,lagoon,identity,False,32,14,0,0,0,-0.01,0.1,0.2,8,8
278,1000.0,8,8,0,8,0,0,6.449588185215827,6.449588185215827,6.449588185215827,0.007971504241047166,0.0,0.061877129530806874,1.0,0.007971504241047166,False,0,0,0,0,0,0.0,0.0,0.0,0.0,0.0,0,0.0,0,0,disabled,disabled,True,keyed,1,0,False,raw,0,0.0018,0.0018,default,0,True,keyed,0,0,False,raw,0,0.0018,0.0018,default,0,True,context_shuffle,False,raw,0.0018,0.0018,route_context,route_train,set_minus,,,reef,identity,False,32,14,0,0,0,0,0.0,0.0,0.7976249999614993,2.6740830000449023,3.5968750000279215,heldout_context_routing,internal_context_shuffle_ablation,CRA_internal,MockSimulator,43,route_context,route_train,46,reef,identity,False,False,1,0.0018,0.0,0.0,0,False,1,False,-1,internal_context_shuffle_ablation,internal_ablation,context_shuffle,0.0018,False,reef,,False,32,14,0,0,0,0.0018,0.1,0.2,8,8
279,1000.0,8,8,0,8,0,0,6.4272879185190614,6.4272879185190614,6.4272879185190614,0.029221146685458135,0.0,0.061016744641265594,1.0,0.029221146685458135,False,0,0,0,0,0,0.0,0.0,0.0,0.0,0.0,0,0.0,0,0,disabled,disabled,True,keyed,1,0,False,raw,0,0.006600000000000001,0.006600000000000001,default,0,True,keyed,0,0,False,raw,0,0.006600000000000001,0.006600000000000001,default,0,True,context_shuffle,False,raw,0.006600000000000001,0.006600000000000001,context_distractor,route_train,set_minus,,,reef,identity,False,32,14,0,0,0,0,0.0,0.0,0.7957500000088658,2.7047499999639513,3.6248750000140717,heldout_context_routing,internal_context_shuffle_ablation,CRA_internal,MockSimulator,43,context_distractor,route_train,46,reef,identity,False,False,1,0.006600000000000001,0.0,0.0,0,False,1,False,-1,internal_context_shuffle_ablation,internal_ablation,context_shuffle,0.006600000000000001,False,reef,,False,32,14,0,0,0,0.006600000000000001,0.1,0.2,8,8
280,1000.0,8,8,0,8,0,0,6.405098578850797,6.405098578850797,6.405098578850797,-0.004428678322215671,-0.0,0.06016602429549365,1.0,-0.004428678322215671,False,0,0,0,0,0,0.0,0.0,0.0,0.0,0.0,0,0.0,0,0,disabled,disabled,True,keyed,1,0,False,raw,0,-0.001,-0.001,default,0,True,keyed,0,0,False,raw,0,-0.001,-0.001,default,0,True,context_shuffle,False,raw,-0.001,-0.001,skill_distractor,route_train,set_minus,,,reef,identity,False,32,14,0,0,0,0,0.0,0.0,0.7974579999654452,2.833500000008371,3.7549589999912314,heldout_context_routing,internal_context_shuffle_ablation,CRA_internal,MockSimulator,43,skill_distractor,route_train,46,reef,identity,False,False,1,-0.001,0.0,0.0,0,False,-1,False,-1,internal_context_shuffle_ablation,internal_ablation,context_shuffle,-0.001,False,reef,,False,32,14,0,0,0,-0.001,0.1,0.2,8,8
281,1000.0,8,8,0,8,0,0,6.383019612969053,6.383019612969053,6.383019612969053,0.029221146685458135,0.0,0.059324926065696074,1.0,0.029221146685458135,False,0,0,0,0,0,0.0,0.0,0.0,0.0,0.0,0,0.0,0,0,disabled,disabled,True,keyed,1,0,False,raw,0,0.006600000000000001,0.006600000000000001,default,0,True,keyed,0,0,False,raw,0,0.006600000000000001,0.006600000000000001,default,0,True,context_shuffle,False,raw,0.006600000000000001,0.006600000000000001,context_distractor,route_train,set_minus,,,reef,identity,False,32,14,0,0,0,0,0.0,0.0,0.8042919999979858,2.7379579999546877,3.668875000016669,heldout_context_routing,internal_context_shuffle_ablation,CRA_internal,MockSimulator,43,context_distractor,route_train,46,reef,identity,False,False,1,0.006600000000000001,0.0,0.0,0,False,1,False,-1,internal_context_shuffle_ablation,internal_ablation,context_shuffle,0.006600000000000001,False,reef,,False,32,14,0,0,0,0.006600000000000001,0.1,0.2,8,8
282,1000.0,8,8,0,8,0,0,6.3610504703911515,6.3610504703911515,6.3610504703911515,-0.004428678322215672,-0.0,0.0584934053553722,1.0,-0.004428678322215672,False,0,0,0,0,0,0.0,0.0,0.0,0.0,0.0,0,0.0,0,0,disabled,disabled,True,keyed,1,0,False,raw,0,-0.001,-0.001,default,0,True,keyed,0,0,False,raw,0,-0.001,-0.001,default,0,True,context_shuffle,False,raw,-0.001,-0.001,skill_distractor,route_train,set_minus,,,reef,identity,False,32,14,0,0,0,0,0.0,0.0,0.8138339999845812,2.739915999995901,3.6782089999860546,heldout_context_routing,internal_context_shuffle_ablation,CRA_internal,MockSimulator,43,skill_distractor,route_train,46,reef,identity,False,False,1,-0.001,0.0,0.0,0,False,-1,False,-1,internal_context_shuffle_ablation,internal_ablation,context_shuffle,-0.001,False,reef,,False,32,14,0,0,0,-0.001,0.1,0.2,8,8
283,1000.0,8,8,0,8,0,0,6.339190603379959,6.339190603379959,6.339190603379959,0.02213991783084432,0.0,0.057671415503035006,1.0,0.02213991783084432,False,0,0,0,0,0,0.0,0.0,0.0,0.0,0.0,0,0.0,0,0,disabled,disabled,True,keyed,1,0,False,raw,0,0.005,0.005,default,0,True,keyed,0,0,False,raw,0,0.005,0.005,default,0,True,context_shuffle,False,raw,0.005,0.005,context_distractor,route_train,set_minus,,,reef,identity,False,32,14,0,0,0,0,0.0,0.0,0.7969590000129756,2.777165999987119,3.6981669999818223,heldout_context_routing,internal_context_shuffle_ablation,CRA_internal,MockSimulator,43,context_distractor,route_train,46,reef,identity,False,False,1,0.005,0.0,0.0,0,False,1,False,-1,internal_context_shuffle_ablation,internal_ablation,context_shuffle,0.005,False,reef,,False,32,14,0,0,0,0.005,0.1,0.2,8,8
284,1000.0,8,8,0,8,0,0,6.317439466930193,6.317439466930193,6.317439466930193,0.00442867832221567,0.0,0.05685890788264915,1.0,0.00442867832221567,False,0,0,0,0,0,0.0,0.0,0.0,0.0,0.0,0,0.0,0,0,disabled,disabled,True,keyed,1,0,False,raw,0,0.001,0.001,default,0,True,keyed,0,0,False,raw,0,0.001,0.001,default,0,True,context_shuffle,False,raw,0.001,0.001,skill_distractor,route_train,set_minus,,,reef,identity,False,32,14,0,0,0,0,0.0,0.0,0.7929590000230746,2.9147500000021864,3.8330829999608795,heldout_context_routing,internal_context_shuffle_ablation,CRA_internal,MockSimulator,43,skill_distractor,route_train,46,reef,identity,False,False,1,0.001,0.0,0.0,0,False,1,False,-1,internal_context_shuffle_ablation,internal_ablation,context_shuffle,0.001,False,reef,,False,32,14,0,0,0,0.001,0.1,0.2,8,8
285,1000.0,8,8,0,8,0,0,6.295796518754796,6.295796518754796,6.295796518754796,0.02922114668545813,0.0,0.05605583200087751,1.0,0.02922114668545813,False,0,0,0,0,0,0.0,0.0,0.0,0.0,0.0,0,0.0,0,0,disabled,disabled,True,keyed,1,0,False,raw,0,0.006600000000000001,0.006600000000000001,default,0,True,keyed,0,0,False,raw,0,0.006600000000000001,0.006600000000000001,default,0,True,context_shuffle,False,raw,0.006600000000000001,0.006600000000000001,context_distractor,route_train,set_minus,,,reef,identity,False,32,14,0,0,0,0,0.0,0.0,0.8025829999951384,2.771542000004956,3.703707999989092,heldout_context_routing,internal_context_shuffle_ablation,CRA_internal,MockSimulator,43,context_distractor,route_train,46,reef,identity,False,False,1,0.006600000000000001,0.0,0.0,0,False,1,False,-1,internal_context_shuffle_ablation,internal_ablation,context_shuffle,0.006600000000000001,False,reef,,False,32,14,0,0,0,0.006600000000000001,0.1,0.2,8,8
286,1000.0,8,8,0,8,0,0,6.274261219271376,6.274261219271376,6.274261219271376,-0.004428678322215672,-0.0,0.055262135591223685,1.0,-0.004428678322215672,False,0,0,0,0,0,0.0,0.0,0.0,0.0,0.0,0,0.0,0,0,disabled,disabled,True,keyed,1,0,False,raw,0,-0.001,-0.001,default,0,True,keyed,0,0,False,raw,0,-0.001,-0.001,default,0,True,context_shuffle,False,raw,-0.001,-0.001,skill_distractor,route_train,set_minus,,,reef,identity,False,32,14,0,0,0,0,0.0,0.0,0.8000830000014503,2.7757920000226477,3.701500000033775,heldout_context_routing,internal_context_shuffle_ablation,CRA_internal,MockSimulator,43,skill_distractor,route_train,46,reef,identity,False,False,1,-0.001,0.0,0.0,0,False,-1,False,-1,internal_context_shuffle_ablation,internal_ablation,context_shuffle,-0.001,False,reef,,False,32,14,0,0,0,-0.001,0.1,0.2,8,8
287,1000.0,8,8,0,8,0,0,6.252833031588723,6.252833031588723,6.252833031588723,0.015056466830906013,0.0,0.05447776470515566,1.0,0.015056466830906013,False,0,0,0,0,0,0.0,0.0,0.0,0.0,0.0,0,0.0,0,0,disabled,disabled,True,keyed,1,0,False,raw,0,0.0034000000000000002,0.0034000000000000002,default,0,True,keyed,0,0,False,raw,0,0.0034000000000000002,0.0034000000000000002,default,0,True,context_shuffle,False,raw,0.0034000000000000002,0.0034000000000000002,context_distractor,route_train,set_minus,,,reef,identity,False,32,14,0,0,0,0,0.0,0.0,0.798874999986765,2.7929579999863563,3.7163329999998496,heldout_context_routing,internal_context_shuffle_ablation,CRA_internal,MockSimulator,43,context_distractor,route_train,46,reef,identity,False,False,1,0.0034000000000000002,0.0,0.0,0,False,1,False,-1,internal_context_shuffle_ablation,internal_ablation,context_shuffle,0.0034000000000000002,False,reef,,False,32,14,0,0,0,0.0034000000000000002,0.1,0.2,8,8
288,1000.0,8,8,0,8,0,0,6.231511421493378,6.231511421493378,6.231511421493378,0.012178342890647467,0.0,0.053702663800293864,1.0,0.012178342890647467,False,0,0,0,0,0,0.0,0.0,0.0,0.0,0.0,0,0.0,0,0,disabled,disabled,True,keyed,1,0,False,raw,0,0.0027500000000000003,0.0027500000000000003,default,0,True,keyed,0,0,False,raw,0,0.0027500000000000003,0.0027500000000000003,default,0,True,context_shuffle,False,raw,0.0027500000000000003,0.0027500000000000003,skill_distractor,route_train,set_minus,,,reef,identity,False,32,14,0,0,0,0,0.0,0.0,0.813708000009683,2.759916999991674,3.707540999982939,heldout_context_routing,internal_context_shuffle_ablation,CRA_internal,MockSimulator,43,skill_distractor,route_train,46,reef,identity,False,False,1,0.0027500000000000003,0.0,0.0,0,False,1,False,-1,internal_context_shuffle_ablation,internal_ablation,context_shuffle,0.0027500000000000003,False,reef,,False,32,14,0,0,0,0.0027500000000000003,0.1,0.2,8,8
289,1000.0,8,8,0,8,0,0,6.210295857436288,6.210295857436288,6.210295857436288,0.044258141384678706,0.0,0.05293677582574448,1.0,0.044258141384678706,False,0,0,0,0,0,0.0,0.0,0.0,0.0,0.0,0,0.0,0,0,disabled,disabled,True,keyed,1,0,False,raw,0,0.01,0.01,default,0,True,keyed,0,0,False,raw,0,0.01,0.01,default,0,True,context_shuffle,False,raw,0.01,0.01,input,route_train,set_minus,,,reef,identity,False,32,14,0,0,0,0,0.0,0.0,0.9026249999806168,2.8191250000304535,3.8468749999651664,heldout_context_routing,internal_context_shuffle_ablation,CRA_internal,MockSimulator,43,input,route_train,46,reef,identity,False,False,1,0.01,0.0,0.0,0,False,1,False,-1,internal_context_shuffle_ablation,internal_ablation,context_shuffle,0.01,False,reef,,False,32,14,0,0,0,0.01,0.1,0.2,8,8
290,1000.0,8,8,0,8,0,0,6.189185810519506,6.189185810519506,6.189185810519506,0.6420149920119997,0.9999946965622277,0.05218004230465695,1.0,0.6420149920119997,True,0,0,0,0,0,0.0,0.0,0.0,0.0,0.0,0,0.0,0,0,disabled,disabled,True,keyed,1,0,True,internal_keyed_context,1,0.01,0.01,default,0,True,keyed,0,0,False,raw,0,0.01,0.01,default,0,True,context_shuffle,True,internal_context_shuffle_router,0.01,0.01,decision,route_train,set_minus,,set_plus,reef,identity,False,32,15,0,0,0,0,0.0,0.0,0.7956249999665488,2.8593330000035166,3.7824999999998,heldout_context_routing,internal_context_shuffle_ablation,CRA_internal,MockSimulator,43,decision,route_train,46,reef,identity,False,False,1,0.01,0.01,0.01,1,True,1,True,290,internal_context_shuffle_ablation,internal_ablation,context_shuffle,0.01,False,reef,set_plus,False,32,15,0,0,0,0.01,0.1,0.2,8,8
291,1000.0,8,8,0,8,0,0,6.168180754482978,6.168180754482978,6.168180754482978,0.013362877312655813,0.0,0.05183240341408262,1.0,0.013362877312655813,False,0,0,0,0,0,0.0,0.0,0.0,0.0,0.0,0,0.0,0,0,disabled,disabled,True,keyed,1,0,False,raw,0,0.0018,0.0018,default,0,True,keyed,0,0,False,raw,0,0.0018,0.0018,default,0,True,context_shuffle,False,raw,0.0018,0.0018,route_context,route_train,set_minus,,,reef,identity,False,32,15,0,0,0,0,0.0,0.0,0.7950419999929181,2.7910829999768794,3.71154099997284,heldout_context_routing,internal_context_shuffle_ablation,CRA_internal,MockSimulator,43,route_context,route_train,47,reef,identity,False,False,-1,0.0018,0.0,0.0,0,False,1,False,-1,internal_context_shuffle_ablation,internal_ablation,context_shuffle,0.0018,False,reef,,False,32,15,0,0,0,0.0018,0.1,0.2,8,8
292,1000.0,8,8,0,8,0,0,6.147280165691382,6.147280165691382,6.147280165691382,0.04896095451925354,0.0,0.05147779806220941,1.0,0.04896095451925354,False,0,0,0,0,0,0.0,0.0,0.0,0.0,0.0,0,0.0,0,0,disabled,disabled,True,keyed,1,0,False,raw,0,0.006600000000000001,0.006600000000000001,default,0,True,keyed,0,0,False,raw,0,0.006600000000000001,0.006600000000000001,default,0,True,context_shuffle,False,raw,0.006600000000000001,0.006600000000000001,context_distractor,route_train,set_minus,,,reef,identity,False,32,15,0,0,0,0,0.0,0.0,0.7984580000197639,2.802374999987478,3.725416000008863,heldout_context_routing,internal_context_shuffle_ablation,CRA_internal,MockSimulator,43,context_distractor,route_train,47,reef,identity,False,False,-1,0.006600000000000001,0.0,0.0,0,False,1,False,-1,internal_context_shuffle_ablation,internal_ablation,context_shuffle,0.006600000000000001,False,reef,,False,32,15,0,0,0,0.006600000000000001,0.1,0.2,8,8
293,1000.0,8,8,0,8,0,0,6.1264835231210375,6.1264835231210375,6.1264835231210375,0.020413885930865343,0.0,0.05111664396304549,1.0,0.020413885930865343,False,0,0,0,0,0,0.0,0.0,0.0,0.0,0.0,0,0.0,0,0,disabled,disabled,True,keyed,1,0,False,raw,0,0.0027500000000000003,0.0027500000000000003,default,0,True,keyed,0,0,False,raw,0,0.0027500000000000003,0.0027500000000000003,default,0,True,context_shuffle,False,raw,0.0027500000000000003,0.0027500000000000003,skill_distractor,route_train,set_minus,,,reef,identity,False,32,15,0,0,0,0,0.0,0.0,0.7956659999877047,2.9998750000004293,3.9198330000544956,heldout_context_routing,internal_context_shuffle_ablation,CRA_internal,MockSimulator,43,skill_distractor,route_train,47,reef,identity,False,False,-1,0.0027500000000000003,0.0,0.0,0,False,1,False,-1,internal_context_shuffle_ablation,internal_ablation,context_shuffle,0.0027500000000000003,False,reef,,False,32,15,0,0,0,0.0027500000000000003,0.1,0.2,8,8
294,1000.0,8,8,0,8,0,0,6.10579030834688,6.10579030834688,6.10579030834688,0.04896095451925354,0.0,0.05074934490862324,1.0,0.04896095451925354,False,0,0,0,0,0,0.0,0.0,0.0,0.0,0.0,0,0.0,0,0,disabled,disabled,True,keyed,1,0,False,raw,0,0.006600000000000001,0.006600000000000001,default,0,True,keyed,0,0,False,raw,0,0.006600000000000001,0.006600000000000001,default,0,True,context_shuffle,False,raw,0.006600000000000001,0.006600000000000001,context_distractor,route_train,set_minus,,,reef,identity,False,32,15,0,0,0,0,0.0,0.0,0.8112090000054195,2.881666000007499,3.8236249999954453,heldout_context_routing,internal_context_shuffle_ablation,CRA_internal,MockSimulator,43,context_distractor,route_train,47,reef,identity,False,False,-1,0.006600000000000001,0.0,0.0,0,False,1,False,-1,internal_context_shuffle_ablation,internal_ablation,context_shuffle,0.006600000000000001,False,reef,,False,32,15,0,0,0,0.006600000000000001,0.1,0.2,8,8
295,1000.0,8,8,0,8,0,0,6.085200005529502,6.085200005529502,6.085200005529502,0.020413885930865343,0.0,0.05037629115879267,1.0,0.020413885930865343,False,0,0,0,0,0,0.0,0.0,0.0,0.0,0.0,0,0.0,0,0,disabled,disabled,True,keyed,1,0,False,raw,0,0.0027500000000000003,0.0027500000000000003,default,0,True,keyed,0,0,False,raw,0,0.0027500000000000003,0.0027500000000000003,default,0,True,context_shuffle,False,raw,0.0027500000000000003,0.0027500000000000003,skill_distractor,route_train,set_minus,,,reef,identity,False,32,15,0,0,0,0,0.0,0.0,0.7991670000251361,2.864499999986947,3.789166999979443,heldout_context_routing,internal_context_shuffle_ablation,CRA_internal,MockSimulator,43,skill_distractor,route_train,47,reef,identity,False,False,-1,0.0027500000000000003,0.0,0.0,0,False,1,False,-1,internal_context_shuffle_ablation,internal_ablation,context_shuffle,0.0027500000000000003,False,reef,,False,32,15,0,0,0,0.0027500000000000003,0.1,0.2,8,8
296,1000.0,8,8,0,8,0,0,6.064712101402252,6.064712101402252,6.064712101402252,0.037104271729204365,0.0,0.04999785982099187,1.0,0.037104271729204365,False,0,0,0,0,0,0.0,0.0,0.0,0.0,0.0,0,0.0,0,0,disabled,disabled,True,keyed,1,0,False,raw,0,0.005,0.005,default,0,True,keyed,0,0,False,raw,0,0.005,0.005,default,0,True,context_shuffle,False,raw,0.005,0.005,context_distractor,route_train,set_minus,,,reef,identity,False,32,15,0,0,0,0,0.0,0.0,0.7954580000273381,2.8647919999684746,3.785082999968381,heldout_context_routing,internal_context_shuffle_ablation,CRA_internal,MockSimulator,43,context_distractor,route_train,47,reef,identity,False,False,-1,0.005,0.0,0.0,0,False,1,False,-1,internal_context_shuffle_ablation,internal_ablation,context_shuffle,0.005,False,reef,,False,32,15,0,0,0,0.005,0.1,0.2,8,8
297,1000.0,8,8,0,8,0,0,6.04432608525841,6.04432608525841,6.04432608525841,0.007424126253829247,0.0,0.04961441522023958,1.0,0.007424126253829247,False,0,0,0,0,0,0.0,0.0,0.0,0.0,0.0,0,0.0,0,0,disabled,disabled,True,keyed,1,0,False,raw,0,0.001,0.001,default,0,True,keyed,0,0,False,raw,0,0.001,0.001,default,0,True,context_shuffle,False,raw,0.001,0.001,skill_distractor,route_train,set_minus,,,reef,identity,False,32,15,0,0,0,0,0.0,0.0,0.8128749999514184,2.9335419999938495,3.8711669999997866,heldout_context_routing,internal_context_shuffle_ablation,CRA_internal,MockSimulator,43,skill_distractor,route_train,47,reef,identity,False,False,-1,0.001,0.0,0.0,0,False,1,False,-1,internal_context_shuffle_ablation,internal_ablation,context_shuffle,0.001,False,reef,,False,32,15,0,0,0,0.001,0.1,0.2,8,8
298,1000.0,8,8,0,8,0,0,6.024041448938413,6.024041448938413,6.024041448938413,0.025237133038616643,0.0,0.049226309259588985,1.0,0.025237133038616643,False,0,0,0,0,0,0.0,0.0,0.0,0.0,0.0,0,0.0,0,0,disabled,disabled,True,keyed,1,0,False,raw,0,0.0034000000000000002,0.0034000000000000002,default,0,True,keyed,0,0,False,raw,0,0.0034000000000000002,0.0034000000000000002,default,0,True,context_shuffle,False,raw,0.0034000000000000002,0.0034000000000000002,context_distractor,route_train,set_minus,,,reef,identity,False,32,15,0,0,0,0,0.0,0.0,0.8125409999593103,2.8989170000386366,3.839749999997366,heldout_context_routing,internal_context_shuffle_ablation,CRA_internal,MockSimulator,43,context_distractor,route_train,47,reef,identity,False,False,-1,0.0034000000000000002,0.0,0.0,0,False,1,False,-1,internal_context_shuffle_ablation,internal_ablation,context_shuffle,0.0034000000000000002,False,reef,,False,32,15,0,0,0,0.0034000000000000002,0.1,0.2,8,8
299,1000.0,8,8,0,8,0,0,6.003857686817158,6.003857686817158,6.003857686817158,-0.020413885930865343,-0.0,0.04883388177127632,1.0,-0.020413885930865343,False,0,0,0,0,0,0.0,0.0,0.0,0.0,0.0,0,0.0,0,0,disabled,disabled,True,keyed,1,0,False,raw,0,-0.0027500000000000003,-0.0027500000000000003,default,0,True,keyed,0,0,False,raw,0,-0.0027500000000000003,-0.0027500000000000003,default,0,True,context_shuffle,False,raw,-0.0027500000000000003,-0.0027500000000000003,skill_distractor,route_train,set_minus,,,reef,identity,False,32,15,0,0,0,0,0.0,0.0,0.7982500000025539,2.86250000004884,3.7862909999830663,heldout_context_routing,internal_context_shuffle_ablation,CRA_internal,MockSimulator,43,skill_distractor,route_train,47,reef,identity,False,False,-1,-0.0027500000000000003,0.0,0.0,0,False,-1,False,-1,internal_context_shuffle_ablation,internal_ablation,context_shuffle,-0.0027500000000000003,False,reef,,False,32,15,0,0,0,-0.0027500000000000003,0.1,0.2,8,8
300,1000.0,8,8,0,8,0,0,5.983774295791354,5.983774295791354,5.983774295791354,0.037104271729204365,0.0,0.04843746085879233,1.0,0.037104271729204365,False,0,0,0,0,0,0.0,0.0,0.0,0.0,0.0,0,0.0,0,0,disabled,disabled,True,keyed,1,0,False,raw,0,0.005,0.005,default,0,True,keyed,0,0,False,raw,0,0.005,0.005,default,0,True,context_shuffle,False,raw,0.005,0.005,context_distractor,route_train,set_minus,,,reef,identity,False,32,15,0,0,0,0,0.0,0.0,0.7958749999943393,2.8979159999948934,3.818332999969698,heldout_context_routing,internal_context_shuffle_ablation,CRA_internal,MockSimulator,43,context_distractor,route_train,47,reef,identity,False,False,-1,0.005,0.0,0.0,0,False,1,False,-1,internal_context_shuffle_ablation,internal_ablation,context_shuffle,0.005,False,reef,,False,32,15,0,0,0,0.005,0.1,0.2,8,8
301,1000.0,8,8,0,8,0,0,5.963790775266948,5.963790775266948,5.963790775266948,-0.020413885930865343,-0.0,0.04803736323009919,1.0,-0.020413885930865343,False,0,0,0,0,0,0.0,0.0,0.0,0.0,0.0,0,0.0,0,0,disabled,disabled,True,keyed,1,0,False,raw,0,-0.0027500000000000003,-0.0027500000000000003,default,0,True,keyed,0,0,False,raw,0,-0.0027500000000000003,-0.0027500000000000003,default,0,True,context_shuffle,False,raw,-0.0027500000000000003,-0.0027500000000000003,skill_distractor,route_train,set_minus,,,reef,identity,False,32,15,0,0,0,0,0.0,0.0,0.7969999999772881,3.075334000016028,3.997583999989729,heldout_context_routing,internal_context_shuffle_ablation,CRA_internal,MockSimulator,43,skill_distractor,route_train,47,reef,identity,False,False,-1,-0.0027500000000000003,0.0,0.0,0,False,-1,False,-1,internal_context_shuffle_ablation,internal_ablation,context_shuffle,-0.0027500000000000003,False,reef,,False,32,15,0,0,0,-0.0027500000000000003,0.1,0.2,8,8
302,1000.0,8,8,0,8,0,0,5.943906627146614,5.943906627146614,5.943906627146614,-0.07410651901424684,-0.0,0.04763389452221026,1.0,-0.07410651901424684,False,0,0,0,0,0,0.0,0.0,0.0,0.0,0.0,0,0.0,0,0,disabled,disabled,True,keyed,1,0,False,raw,0,-0.01,-0.01,default,0,True,keyed,0,0,False,raw,0,-0.01,-0.01,default,0,True,context_shuffle,False,raw,-0.01,-0.01,input,route_train,set_minus,,,reef,identity,False,32,15,0,0,0,0,0.0,0.0,0.8492499999874781,3.0119580000018686,3.997042000037254,heldout_context_routing,internal_context_shuffle_ablation,CRA_internal,MockSimulator,43,input,route_train,47,reef,identity,False,False,-1,-0.01,0.0,0.0,0,False,-1,False,-1,internal_context_shuffle_ablation,internal_ablation,context_shuffle,-0.01,False,reef,,False,32,15,0,0,0,-0.01,0.1,0.2,8,8
303,1000.0,8,8,0,8,0,0,5.924121355817292,5.924121355817292,5.924121355817292,0.6420149920119997,-0.9999946965622277,0.047227349617344844,1.0,0.6420149920119997,False,0,0,0,0,0,0.0,0.0,0.0,0.0,0.0,0,0.0,0,0,disabled,disabled,True,keyed,1,0,True,internal_keyed_context,-1,-0.01,-0.01,default,0,True,keyed,0,0,False,raw,0,-0.01,-0.01,default,0,True,context_shuffle,True,internal_context_shuffle_router,-0.01,0.01,decision,route_train,set_minus,,set_plus,reef,identity,False,32,16,0,0,0,0,0.0,0.0,0.7986670000263985,2.9612909999627846,3.8903329999584457,heldout_context_routing,internal_context_shuffle_ablation,CRA_internal,MockSimulator,43,decision,route_train,47,reef,identity,False,False,-1,-0.01,-0.01,-0.01,-1,True,1,False,303,internal_context_shuffle_ablation,internal_ablation,context_shuffle,-0.01,False,reef,set_plus,False,32,16,0,0,0,0.01,0.1,0.2,8,8
304,1000.0,8,8,0,8,0,0,5.9044344681378025,5.9044344681378025,5.9044344681378025,-0.010448171349469054,-0.0,0.046818012950865164,1.0,-0.010448171349469054,False,0,0,0,0,0,0.0,0.0,0.0,0.0,0.0,0,0.0,0,0,disabled,disabled,True,keyed,1,0,False,raw,0,0.006600000000000001,0.006600000000000001,default,0,True,keyed,0,0,False,raw,0,0.006600000000000001,0.006600000000000001,default,0,True,context_shuffle,False,raw,0.006600000000000001,0.006600000000000001,route_context,route_train,set_minus,,,deep,set_minus,False,32,16,0,0,0,0,0.0,0.0,0.8037090000243552,2.9112499999541797,3.8405829999987873,heldout_context_routing,internal_context_shuffle_ablation,CRA_internal,MockSimulator,43,route_context,route_train,48,deep,set_minus,False,False,1,0.006600000000000001,0.0,0.0,0,False,-1,False,-1,internal_context_shuffle_ablation,internal_ablation,context_shuffle,0.006600000000000001,False,deep,,False,32,16,0,0,0,0.006600000000000001,0.1,0.2,8,8
305,1000.0,8,8,0,8,0,0,5.884845473426521,5.884845473426521,5.884845473426521,-0.005382535187761042,-0.0,0.04640615881119773,1.0,-0.005382535187761042,False,0,0,0,0,0,0.0,0.0,0.0,0.0,0.0,0,0.0,0,0,disabled,disabled,True,keyed,1,0,False,raw,0,0.0034000000000000002,0.0034000000000000002,default,0,True,keyed,0,0,False,raw,0,0.0034000000000000002,0.0034000000000000002,default,0,True,context_shuffle,False,raw,0.0034000000000000002,0.0034000000000000002,context_distractor,route_train,set_minus,,,deep,set_minus,False,32,16,0,0,0,0,0.0,0.0,0.7924160000243319,3.1343749999450665,4.051333000006707,heldout_context_routing,internal_context_shuffle_ablation,CRA_internal,MockSimulator,43,context_distractor,route_train,48,deep,set_minus,False,False,1,0.0034000000000000002,0.0,0.0,0,False,-1,False,-1,internal_context_shuffle_ablation,internal_ablation,context_shuffle,0.0034000000000000002,False,deep,,False,32,16,0,0,0,0.0034000000000000002,0.1,0.2,8,8
306,1000.0,8,8,0,8,0,0,5.865353883449106,5.865353883449106,5.865353883449106,0.00158311255068775,0.0,0.04599205163193665,1.0,0.00158311255068775,False,0,0,0,0,0,0.0,0.0,0.0,0.0,0.0,0,0.0,0,0,disabled,disabled,True,keyed,1,0,False,raw,0,-0.001,-0.001,default,0,True,keyed,0,0,False,raw,0,-0.001,-0.001,default,0,True,context_shuffle,False,raw,-0.001,-0.001,skill_distractor,route_train,set_minus,,,deep,set_minus,False,32,16,0,0,0,0,0.0,0.0,0.8069169999771475,2.9974999999922147,3.9355839999757336,heldout_context_routing,internal_context_shuffle_ablation,CRA_internal,MockSimulator,43,skill_distractor,route_train,48,deep,set_minus,False,False,1,-0.001,0.0,0.0,0,False,1,False,-1,internal_context_shuffle_ablation,internal_ablation,context_shuffle,-0.001,False,deep,,False,32,16,0,0,0,-0.001,0.1,0.2,8,8
307,1000.0,8,8,0,8,0,0,5.845959212406291,5.845959212406291,5.845959212406291,-0.007915404050438956,-0.0,0.04557594627632153,1.0,-0.007915404050438956,False,0,0,0,0,0,0.0,0.0,0.0,0.0,0.0,0,0.0,0,0,disabled,disabled,True,keyed,1,0,False,raw,0,0.005,0.005,default,0,True,keyed,0,0,False,raw,0,0.005,0.005,default,0,True,context_shuffle,False,raw,0.005,0.005,context_distractor,route_train,set_minus,,,deep,set_minus,False,32,16,0,0,0,0,0.0,0.0,0.7959169999480764,2.9688750000218533,3.889582999988761,heldout_context_routing,internal_context_shuffle_ablation,CRA_internal,MockSimulator,43,context_distractor,route_train,48,deep,set_minus,False,False,1,0.005,0.0,0.0,0,False,-1,False,-1,internal_context_shuffle_ablation,internal_ablation,context_shuffle,0.005,False,deep,,False,32,16,0,0,0,0.005,0.1,0.2,8,8
308,1000.0,8,8,0,8,0,0,5.82666097692175,5.82666097692175,5.82666097692175,-0.00435353564653076,-0.0,0.045158088314278234,1.0,-0.00435353564653076,False,0,0,0,0,0,0.0,0.0,0.0,0.0,0.0,0,0.0,0,0,disabled,disabled,True,keyed,1,0,False,raw,0,0.0027500000000000003,0.0027500000000000003,default,0,True,keyed,0,0,False,raw,0,0.0027500000000000003,0.0027500000000000003,default,0,True,context_shuffle,False,raw,0.0027500000000000003,0.0027500000000000003,skill_distractor,route_train,set_minus,,,deep,set_minus,False,32,16,0,0,0,0,0.0,0.0,0.79429199996639,2.955041000006986,3.8739170000212653,heldout_context_routing,internal_context_shuffle_ablation,CRA_internal,MockSimulator,43,skill_distractor,route_train,48,deep,set_minus,False,False,1,0.0027500000000000003,0.0,0.0,0,False,-1,False,-1,internal_context_shuffle_ablation,internal_ablation,context_shuffle,0.0027500000000000003,False,deep,,False,32,16,0,0,0,0.0027500000000000003,0.1,0.2,8,8
309,1000.0,8,8,0,8,0,0,5.80745869603,5.80745869603,5.80745869603,-0.007915404050438956,-0.0,0.044738714292206154,1.0,-0.007915404050438956,False,0,0,0,0,0,0.0,0.0,0.0,0.0,0.0,0,0.0,0,0,disabled,disabled,True,keyed,1,0,False,raw,0,0.005,0.005,default,0,True,keyed,0,0,False,raw,0,0.005,0.005,default,0,True,context_shuffle,False,raw,0.005,0.005,context_distractor,route_train,set_minus,,,deep,set_minus,False,32,16,0,0,0,0,0.0,0.0,0.7994590000066637,3.0734999999708634,4.001375000029839,heldout_context_routing,internal_context_shuffle_ablation,CRA_internal,MockSimulator,43,context_distractor,route_train,48,deep,set_minus,False,False,1,0.005,0.0,0.0,0,False,-1,False,-1,internal_context_shuffle_ablation,internal_ablation,context_shuffle,0.005,False,deep,,False,32,16,0,0,0,0.005,0.1,0.2,8,8
310,1000.0,8,8,0,8,0,0,5.788351891164387,5.788351891164387,5.788351891164387,0.0015831125506877498,0.0,0.044318051995691235,1.0,0.0015831125506877498,False,0,0,0,0,0,0.0,0.0,0.0,0.0,0.0,0,0.0,0,0,disabled,disabled,True,keyed,1,0,False,raw,0,-0.001,-0.001,default,0,True,keyed,0,0,False,raw,0,-0.001,-0.001,default,0,True,context_shuffle,False,raw,-0.001,-0.001,skill_distractor,route_train,set_minus,,,deep,set_minus,False,32,16,0,0,0,0,0.0,0.0,0.8134169999607366,3.030833000025268,3.9776250000045366,heldout_context_routing,internal_context_shuffle_ablation,CRA_internal,MockSimulator,43,skill_distractor,route_train,48,deep,set_minus,False,False,1,-0.001,0.0,0.0,0,False,1,False,-1,internal_context_shuffle_ablation,internal_ablation,context_shuffle,-0.001,False,deep,,False,32,16,0,0,0,-0.001,0.1,0.2,8,8
311,1000.0,8,8,0,8,0,0,5.7693400861451165,5.7693400861451165,5.7693400861451165,-0.002849597258700834,-0.0,0.043896320705320034,1.0,-0.002849597258700834,False,0,0,0,0,0,0.0,0.0,0.0,0.0,0.0,0,0.0,0,0,disabled,disabled,True,keyed,1,0,False,raw,0,0.0018,0.0018,default,0,True,keyed,0,0,False,raw,0,0.0018,0.0018,default,0,True,context_shuffle,False,raw,0.0018,0.0018,context_distractor,route_train,set_minus,,,deep,set_minus,False,32,16,0,0,0,0,0.0,0.0,0.7971670000301856,3.0009579999727976,3.924041000004763,heldout_context_routing,internal_context_shuffle_ablation,CRA_internal,MockSimulator,43,context_distractor,route_train,48,deep,set_minus,False,False,1,0.0018,0.0,0.0,0,False,-1,False,-1,internal_context_shuffle_ablation,internal_ablation,context_shuffle,0.0018,False,deep,,False,32,16,0,0,0,0.0018,0.1,0.2,8,8
312,1000.0,8,8,0,8,0,0,5.750422807167349,5.750422807167349,5.750422807167349,0.0015831125506877498,0.0,0.043473731445765405,1.0,0.0015831125506877498,False,0,0,0,0,0,0.0,0.0,0.0,0.0,0.0,0,0.0,0,0,disabled,disabled,True,keyed,1,0,False,raw,0,-0.001,-0.001,default,0,True,keyed,0,0,False,raw,0,-0.001,-0.001,default,0,True,context_shuffle,False,raw,-0.001,-0.001,skill_distractor,route_train,set_minus,,,deep,set_minus,False,32,16,0,0,0,0,0.0,0.0,0.7997079999881862,3.016875000014352,3.9411249999830034,heldout_context_routing,internal_context_shuffle_ablation,CRA_internal,MockSimulator,43,skill_distractor,route_train,48,deep,set_minus,False,False,1,-0.001,0.0,0.0,0,False,1,False,-1,internal_context_shuffle_ablation,internal_ablation,context_shuffle,-0.001,False,deep,,False,32,16,0,0,0,-0.001,0.1,0.2,8,8
313,1000.0,8,8,0,8,0,0,5.731599582789359,5.731599582789359,5.731599582789359,-0.005382535187761042,-0.0,0.043050487228310834,1.0,-0.005382535187761042,False,0,0,0,0,0,0.0,0.0,0.0,0.0,0.0,0,0.0,0,0,disabled,disabled,True,keyed,1,0,False,raw,0,0.0034000000000000002,0.0034000000000000002,default,0,True,keyed,0,0,False,raw,0,0.0034000000000000002,0.0034000000000000002,default,0,True,context_shuffle,False,raw,0.0034000000000000002,0.0034000000000000002,context_distractor,route_train,set_minus,,,deep,set_minus,False,32,16,0,0,0,0,0.0,0.0,0.7939160000205447,3.030583999986902,3.9493329999800153,heldout_context_routing,internal_context_shuffle_ablation,CRA_internal,MockSimulator,43,context_distractor,route_train,48,deep,set_minus,False,False,1,0.0034000000000000002,0.0,0.0,0,False,-1,False,-1,internal_context_shuffle_ablation,internal_ablation,context_shuffle,0.0034000000000000002,False,deep,,False,32,16,0,0,0,0.0034000000000000002,0.1,0.2,8,8
314,1000.0,8,8,0,8,0,0,5.712869943920745,5.712869943920745,5.712869943920745,0.00158311255068775,0.0,0.04262678328697614,1.0,0.00158311255068775,False,0,0,0,0,0,0.0,0.0,0.0,0.0,0.0,0,0.0,0,0,disabled,disabled,True,keyed,1,0,False,raw,0,-0.001,-0.001,default,0,True,keyed,0,0,False,raw,0,-0.001,-0.001,default,0,True,context_shuffle,False,raw,-0.001,-0.001,skill_distractor,route_train,set_minus,,,deep,set_minus,False,32,16,0,0,0,0,0.0,0.0,58.64133400001492,3.275165999980345,62.07695800003421,heldout_context_routing,internal_context_shuffle_ablation,CRA_internal,MockSimulator,43,skill_distractor,route_train,48,deep,set_minus,False,False,1,-0.001,0.0,0.0,0,False,1,False,-1,internal_context_shuffle_ablation,internal_ablation,context_shuffle,-0.001,False,deep,,False,32,16,0,0,0,-0.001,0.1,0.2,8,8
315,1000.0,8,8,0,8,0,0,5.694233423810702,5.694233423810702,5.694233423810702,-0.015829816305562145,-0.0,0.04220280730840351,1.0,-0.015829816305562145,False,0,0,0,0,0,0.0,0.0,0.0,0.0,0.0,0,0.0,0,0,disabled,disabled,True,keyed,1,0,False,raw,0,0.01,0.01,default,0,True,keyed,0,0,False,raw,0,0.01,0.01,default,0,True,context_shuffle,False,raw,0.01,0.01,input,route_train,set_minus,,,deep,set_minus,False,32,16,0,0,0,0,0.0,0.0,0.8293750000234468,3.470250000020769,4.44495800002187,heldout_context_routing,internal_context_shuffle_ablation,CRA_internal,MockSimulator,43,input,route_train,48,deep,set_minus,False,False,1,0.01,0.0,0.0,0,False,-1,False,-1,internal_context_shuffle_ablation,internal_ablation,context_shuffle,0.01,False,deep,,False,32,16,0,0,0,0.01,0.1,0.2,8,8
316,1000.0,8,8,0,8,0,0,5.675689558036355,5.675689558036355,5.675689558036355,-0.6420149920119997,0.9999946965622277,0.041778739655658995,1.0,-0.6420149920119997,True,0,0,0,0,0,0.0,0.0,0.0,0.0,0.0,0,0.0,0,0,disabled,disabled,True,keyed,1,0,True,internal_keyed_context,1,0.01,0.01,default,0,True,keyed,0,0,False,raw,0,0.01,0.01,default,0,True,context_shuffle,True,internal_context_shuffle_router,0.01,-0.01,decision,route_train,set_minus,,invert,deep,set_minus,False,32,17,0,0,0,0,0.0,0.0,0.8177500000101645,3.1294579999894268,4.099375000009786,heldout_context_routing,internal_context_shuffle_ablation,CRA_internal,MockSimulator,43,decision,route_train,48,deep,set_minus,False,False,1,0.01,-0.01,-0.01,-1,True,-1,True,316,internal_context_shuffle_ablation,internal_ablation,context_shuffle,0.01,False,deep,invert,False,32,17,0,0,0,-0.01,0.1,0.2,8,8
317,1000.0,8,8,0,8,0,0,5.657237884491149,5.657237884491149,5.657237884491149,0.009361518490683705,0.0,0.0417547535861009,1.0,0.009361518490683705,False,0,0,0,0,0,0.0,0.0,0.0,0.0,0.0,0,0.0,0,0,disabled,disabled,True,keyed,1,0,False,raw,0,0.006600000000000001,0.006600000000000001,default,0,True,keyed,0,0,False,raw,0,0.006600000000000001,0.006600000000000001,default,0,True,context_shuffle,False,raw,0.006600000000000001,0.006600000000000001,route_context,route_train,set_minus,,,deep,set_minus,False,32,17,0,0,0,0,0.0,0.0,0.7976669999720798,3.0741670000224985,3.9976670000214654,heldout_context_routing,internal_context_shuffle_ablation,CRA_internal,MockSimulator,43,route_context,route_train,49,deep,set_minus,False,False,-1,0.006600000000000001,0.0,0.0,0,False,1,False,-1,internal_context_shuffle_ablation,internal_ablation,context_shuffle,0.006600000000000001,False,deep,,False,32,17,0,0,0,0.006600000000000001,0.1,0.2,8,8
318,1000.0,8,8,0,8,0,0,5.638877943373292,5.638877943373292,5.638877943373292,0.007092147739709662,0.0,0.041715015463462866,1.0,0.007092147739709662,False,0,0,0,0,0,0.0,0.0,0.0,0.0,0.0,0,0.0,0,0,disabled,disabled,True,keyed,1,0,False,raw,0,0.005,0.005,default,0,True,keyed,0,0,False,raw,0,0.005,0.005,default,0,True,context_shuffle,False,raw,0.005,0.005,context_distractor,route_train,set_minus,,,deep,set_minus,False,32,17,0,0,0,0,0.0,0.0,0.7954589999599193,3.100958000004539,4.021957999952974,heldout_context_routing,internal_context_shuffle_ablation,CRA_internal,MockSimulator,43,context_distractor,route_train,49,deep,set_minus,False,False,-1,0.005,0.0,0.0,0,False,1,False,-1,internal_context_shuffle_ablation,internal_ablation,context_shuffle,0.005,False,deep,,False,32,17,0,0,0,0.005,0.1,0.2,8,8
319,1000.0,8,8,0,8,0,0,5.620609277174267,5.620609277174267,5.620609277174267,0.0014184523790007765,0.0,0.04166016496429591,1.0,0.0014184523790007765,False,0,0,0,0,0,0.0,0.0,0.0,0.0,0.0,0,0.0,0,0,disabled,disabled,True,keyed,1,0,False,raw,0,0.001,0.001,default,0,True,keyed,0,0,False,raw,0,0.001,0.001,default,0,True,context_shuffle,False,raw,0.001,0.001,skill_distractor,route_train,set_minus,,,deep,set_minus,False,32,17,0,0,0,0,0.0,0.0,0.8037919999992482,3.2067500000039217,4.137041999968005,heldout_context_routing,internal_context_shuffle_ablation,CRA_internal,MockSimulator,43,skill_distractor,route_train,49,deep,set_minus,False,False,-1,0.001,0.0,0.0,0,False,1,False,-1,internal_context_shuffle_ablation,internal_ablation,context_shuffle,0.001,False,deep,,False,32,17,0,0,0,0.001,0.1,0.2,8,8
320,1000.0,8,8,0,8,0,0,5.602431430667384,5.602431430667384,5.602431430667384,0.0025532104465163406,0.0,0.041590822478910244,1.0,0.0025532104465163406,False,0,0,0,0,0,0.0,0.0,0.0,0.0,0.0,0,0.0,0,0,disabled,disabled,True,keyed,1,0,False,raw,0,0.0018,0.0018,default,0,True,keyed,0,0,False,raw,0,0.0018,0.0018,default,0,True,context_shuffle,False,raw,0.0018,0.0018,context_distractor,route_train,set_minus,,,deep,set_minus,False,32,17,0,0,0,0,0.0,0.0,0.8082499999773063,3.0924580000259994,4.031708000013623,heldout_context_routing,internal_context_shuffle_ablation,CRA_internal,MockSimulator,43,context_distractor,route_train,49,deep,set_minus,False,False,-1,0.0018,0.0,0.0,0,False,1,False,-1,internal_context_shuffle_ablation,internal_ablation,context_shuffle,0.0018,False,deep,,False,32,17,0,0,0,0.0018,0.1,0.2,8,8
321,1000.0,8,8,0,8,0,0,5.58434395089641,5.58434395089641,5.58434395089641,-0.0014184523790007767,-0.0,0.041507589626954285,1.0,-0.0014184523790007767,False,0,0,0,0,0,0.0,0.0,0.0,0.0,0.0,0,0.0,0,0,disabled,disabled,True,keyed,1,0,False,raw,0,-0.001,-0.001,default,0,True,keyed,0,0,False,raw,0,-0.001,-0.001,default,0,True,context_shuffle,False,raw,-0.001,-0.001,skill_distractor,route_train,set_minus,,,deep,set_minus,False,32,17,0,0,0,0,0.0,0.0,0.7994169999960832,3.093374999991738,4.01787499998818,heldout_context_routing,internal_context_shuffle_ablation,CRA_internal,MockSimulator,43,skill_distractor,route_train,49,deep,set_minus,False,False,-1,-0.001,0.0,0.0,0,False,-1,False,-1,internal_context_shuffle_ablation,internal_ablation,context_shuffle,-0.001,False,deep,,False,32,17,0,0,0,-0.001,0.1,0.2,8,8
322,1000.0,8,8,0,8,0,0,5.56634638716424,5.56634638716424,5.56634638716424,0.0025532104465163406,0.0,0.04141104976008501,1.0,0.0025532104465163406,False,0,0,0,0,0,0.0,0.0,0.0,0.0,0.0,0,0.0,0,0,disabled,disabled,True,keyed,1,0,False,raw,0,0.0018,0.0018,default,0,True,keyed,0,0,False,raw,0,0.0018,0.0018,default,0,True,context_shuffle,False,raw,0.0018,0.0018,context_distractor,route_train,set_minus,,,deep,set_minus,False,32,17,0,0,0,0,0.0,0.0,0.7939579999742818,3.1155420000459344,4.035041999998157,heldout_context_routing,internal_context_shuffle_ablation,CRA_internal,MockSimulator,43,context_distractor,route_train,49,deep,set_minus,False,False,-1,0.0018,0.0,0.0,0,False,1,False,-1,internal_context_shuffle_ablation,internal_ablation,context_shuffle,0.0018,False,deep,,False,32,17,0,0,0,0.0018,0.1,0.2,8,8
323,1000.0,8,8,0,8,0,0,5.548438291021626,5.548438291021626,5.548438291021626,-0.0039007268741251618,-0.0,0.041301768452039714,1.0,-0.0039007268741251618,False,0,0,0,0,0,0.0,0.0,0.0,0.0,0.0,0,0.0,0,0,disabled,disabled,True,keyed,1,0,False,raw,0,-0.0027500000000000003,-0.0027500000000000003,default,0,True,keyed,0,0,False,raw,0,-0.0027500000000000003,-0.0027500000000000003,default,0,True,context_shuffle,False,raw,-0.0027500000000000003,-0.0027500000000000003,skill_distractor,route_train,set_minus,,,deep,set_minus,False,32,17,0,0,0,0,0.0,0.0,0.798291999956291,3.273500000034346,4.197707999992417,heldout_context_routing,internal_context_shuffle_ablation,CRA_internal,MockSimulator,43,skill_distractor,route_train,49,deep,set_minus,False,False,-1,-0.0027500000000000003,0.0,0.0,0,False,-1,False,-1,internal_context_shuffle_ablation,internal_ablation,context_shuffle,-0.0027500000000000003,False,deep,,False,32,17,0,0,0,-0.0027500000000000003,0.1,0.2,8,8
324,1000.0,8,8,0,8,0,0,5.530619216255975,5.530619216255975,5.530619216255975,0.0025532104465163406,0.0,0.0411802939764122,1.0,0.0025532104465163406,False,0,0,0,0,0,0.0,0.0,0.0,0.0,0.0,0,0.0,0,0,disabled,disabled,True,keyed,1,0,False,raw,0,0.0018,0.0018,default,0,True,keyed,0,0,False,raw,0,0.0018,0.0018,default,0,True,context_shuffle,False,raw,0.0018,0.0018,context_distractor,route_train,set_minus,,,deep,set_minus,False,32,17,0,0,0,0,0.0,0.0,0.8094160000382544,3.150666999999885,4.09095800000614,heldout_context_routing,internal_context_shuffle_ablation,CRA_internal,MockSimulator,43,context_distractor,route_train,49,deep,set_minus,False,False,-1,0.0018,0.0,0.0,0,False,1,False,-1,internal_context_shuffle_ablation,internal_ablation,context_shuffle,0.0018,False,deep,,False,32,17,0,0,0,0.0018,0.1,0.2,8,8
325,1000.0,8,8,0,8,0,0,5.512888718880185,5.512888718880185,5.512888718880185,0.0014184523790007767,0.0,0.04104715777242897,1.0,0.0014184523790007767,False,0,0,0,0,0,0.0,0.0,0.0,0.0,0.0,0,0.0,0,0,disabled,disabled,True,keyed,1,0,False,raw,0,0.001,0.001,default,0,True,keyed,0,0,False,raw,0,0.001,0.001,default,0,True,context_shuffle,False,raw,0.001,0.001,skill_distractor,route_train,set_minus,,,deep,set_minus,False,32,17,0,0,0,0,0.0,0.0,0.8047499999861429,3.109875000006923,4.04049999997369,heldout_context_routing,internal_context_shuffle_ablation,CRA_internal,MockSimulator,43,skill_distractor,route_train,49,deep,set_minus,False,False,-1,0.001,0.0,0.0,0,False,1,False,-1,internal_context_shuffle_ablation,internal_ablation,context_shuffle,0.001,False,deep,,False,32,17,0,0,0,0.001,0.1,0.2,8,8
326,1000.0,8,8,0,8,0,0,5.495246357121549,5.495246357121549,5.495246357121549,0.0025532104465163406,0.0,0.0409028748990145,1.0,0.0025532104465163406,False,0,0,0,0,0,0.0,0.0,0.0,0.0,0.0,0,0.0,0,0,disabled,disabled,True,keyed,1,0,False,raw,0,0.0018,0.0018,default,0,True,keyed,0,0,False,raw,0,0.0018,0.0018,default,0,True,context_shuffle,False,raw,0.0018,0.0018,context_distractor,route_train,set_minus,,,deep,set_minus,False,32,17,0,0,0,0,0.0,0.0,0.8042919999979858,3.1035000000088075,4.032833999985996,heldout_context_routing,internal_context_shuffle_ablation,CRA_internal,MockSimulator,43,context_distractor,route_train,49,deep,set_minus,False,False,-1,0.0018,0.0,0.0,0,False,1,False,-1,internal_context_shuffle_ablation,internal_ablation,context_shuffle,0.0018,False,deep,,False,32,17,0,0,0,0.0018,0.1,0.2,8,8
327,1000.0,8,8,0,8,0,0,5.477691691410712,5.477691691410712,5.477691691410712,0.003900726874125162,0.0,0.04074794447742764,1.0,0.003900726874125162,False,0,0,0,0,0,0.0,0.0,0.0,0.0,0.0,0,0.0,0,0,disabled,disabled,True,keyed,1,0,False,raw,0,0.0027500000000000003,0.0027500000000000003,default,0,True,keyed,0,0,False,raw,0,0.0027500000000000003,0.0027500000000000003,default,0,True,context_shuffle,False,raw,0.0027500000000000003,0.0027500000000000003,skill_distractor,route_train,set_minus,,,deep,set_minus,False,32,17,0,0,0,0,0.0,0.0,0.7939579999742818,3.2327499999951215,4.151666999973713,heldout_context_routing,internal_context_shuffle_ablation,CRA_internal,MockSimulator,43,skill_distractor,route_train,49,deep,set_minus,False,False,-1,0.0027500000000000003,0.0,0.0,0,False,1,False,-1,internal_context_shuffle_ablation,internal_ablation,context_shuffle,0.0027500000000000003,False,deep,,False,32,17,0,0,0,0.0027500000000000003,0.1,0.2,8,8
328,1000.0,8,8,0,8,0,0,5.460224284370677,5.460224284370677,5.460224284370677,-0.014183582065671989,-0.0,0.04058285012274465,1.0,-0.014183582065671989,False,0,0,0,0,0,0.0,0.0,0.0,0.0,0.0,0,0.0,0,0,disabled,disabled,True,keyed,1,0,False,raw,0,-0.01,-0.01,default,0,True,keyed,0,0,False,raw,0,-0.01,-0.01,default,0,True,context_shuffle,False,raw,-0.01,-0.01,input,route_train,set_minus,,,deep,set_minus,False,32,17,0,0,0,0,0.0,0.0,0.8066670000062004,3.169208000031176,4.104208999990533,heldout_context_routing,internal_context_shuffle_ablation,CRA_internal,MockSimulator,43,input,route_train,49,deep,set_minus,False,False,-1,-0.01,0.0,0.0,0,False,-1,False,-1,internal_context_shuffle_ablation,internal_ablation,context_shuffle,-0.01,False,deep,,False,32,17,0,0,0,-0.01,0.1,0.2,8,8
329,1000.0,8,8,0,8,0,0,5.442843700805878,5.442843700805878,5.442843700805878,0.6420149920119997,-0.9999946965622277,0.040408060364458015,1.0,0.6420149920119997,False,0,0,0,0,0,0.0,0.0,0.0,0.0,0.0,0,0.0,0,0,disabled,disabled,True,keyed,1,0,True,internal_keyed_context,-1,-0.01,-0.01,default,0,True,keyed,0,0,False,raw,0,-0.01,-0.01,default,0,True,context_shuffle,True,internal_context_shuffle_router,-0.01,0.01,decision,route_train,set_minus,,invert,deep,set_minus,False,32,18,0,0,0,0,0.0,0.0,0.8437500000013642,3.1826670000327795,4.151874999990923,heldout_context_routing,internal_context_shuffle_ablation,CRA_internal,MockSimulator,43,decision,route_train,49,deep,set_minus,False,False,-1,-0.01,-0.01,-0.01,-1,True,1,False,329,internal_context_shuffle_ablation,internal_ablation,context_shuffle,-0.01,False,deep,invert,False,32,18,0,0,0,0.01,0.1,0.2,8,8
330,1000.0,8,8,0,8,0,0,5.425549507691292,5.425549507691292,5.425549507691292,-0.025776208174416962,-0.0,0.040224029056453746,1.0,-0.025776208174416962,False,0,0,0,0,0,0.0,0.0,0.0,0.0,0.0,0,0.0,0,0,disabled,disabled,True,keyed,1,0,False,raw,0,0.0034000000000000002,0.0034000000000000002,default,0,True,keyed,0,0,False,raw,0,0.0034000000000000002,0.0034000000000000002,default,0,True,context_shuffle,False,raw,0.0034000000000000002,0.0034000000000000002,route_context,route_train,set_minus,,,lagoon,invert,False,32,18,0,0,0,0,0.0,0.0,0.800541999979032,3.1678750000310174,4.093832999956248,heldout_context_routing,internal_context_shuffle_ablation,CRA_internal,MockSimulator,43,route_context,route_train,50,lagoon,invert,False,False,1,0.0034000000000000002,0.0,0.0,0,False,-1,False,-1,internal_context_shuffle_ablation,internal_ablation,context_shuffle,0.0034000000000000002,False,lagoon,,False,32,18,0,0,0,0.0034000000000000002,0.1,0.2,8,8
331,1000.0,8,8,0,8,0,0,5.408341274161618,5.408341274161618,5.408341274161618,-0.013648403741014496,-0.0,0.04003119577662386,1.0,-0.013648403741014496,False,0,0,0,0,0,0.0,0.0,0.0,0.0,0.0,0,0.0,0,0,disabled,disabled,True,keyed,1,0,False,raw,0,0.0018,0.0018,default,0,True,keyed,0,0,False,raw,0,0.0018,0.0018,default,0,True,context_shuffle,False,raw,0.0018,0.0018,context_distractor,route_train,set_minus,,,lagoon,invert,False,32,18,0,0,0,0,0.0,0.0,0.7988330000330279,3.319166999972367,4.246625000007498,heldout_context_routing,internal_context_shuffle_ablation,CRA_internal,MockSimulator,43,context_distractor,route_train,50,lagoon,invert,False,False,1,0.0018,0.0,0.0,0,False,-1,False,-1,internal_context_shuffle_ablation,internal_ablation,context_shuffle,0.0018,False,lagoon,,False,32,18,0,0,0,0.0018,0.1,0.2,8,8
332,1000.0,8,8,0,8,0,0,5.391218571500504,5.391218571500504,5.391218571500504,0.0075827720545610915,0.0,0.03982998621636459,1.0,0.0075827720545610915,False,0,0,0,0,0,0.0,0.0,0.0,0.0,0.0,0,0.0,0,0,disabled,disabled,True,keyed,1,0,False,raw,0,-0.001,-0.001,default,0,True,keyed,0,0,False,raw,0,-0.001,-0.001,default,0,True,context_shuffle,False,raw,-0.001,-0.001,skill_distractor,route_train,set_minus,,,lagoon,invert,False,32,18,0,0,0,0,0.0,0.0,0.8083750000196233,3.161125000019638,4.0982919999805745,heldout_context_routing,internal_context_shuffle_ablation,CRA_internal,MockSimulator,43,skill_distractor,route_train,50,lagoon,invert,False,False,1,-0.001,0.0,0.0,0,False,1,False,-1,internal_context_shuffle_ablation,internal_ablation,context_shuffle,-0.001,False,lagoon,,False,32,18,0,0,0,-0.001,0.1,0.2,8,8
333,1000.0,8,8,0,8,0,0,5.374180973129831,5.374180973129831,5.374180973129831,-0.03789642979354215,-0.0,0.03962081256020504,1.0,-0.03789642979354215,False,0,0,0,0,0,0.0,0.0,0.0,0.0,0.0,0,0.0,0,0,disabled,disabled,True,keyed,1,0,False,raw,0,0.005,0.005,default,0,True,keyed,0,0,False,raw,0,0.005,0.005,default,0,True,context_shuffle,False,raw,0.005,0.005,context_distractor,route_train,set_minus,,,lagoon,invert,False,32,18,0,0,0,0,0.0,0.0,0.8199170000011691,3.159250000010161,4.107499999975062,heldout_context_routing,internal_context_shuffle_ablation,CRA_internal,MockSimulator,43,context_distractor,route_train,50,lagoon,invert,False,False,1,0.005,0.0,0.0,0,False,-1,False,-1,internal_context_shuffle_ablation,internal_ablation,context_shuffle,0.005,False,lagoon,,False,32,18,0,0,0,0.005,0.1,0.2,8,8
334,1000.0,8,8,0,8,0,0,5.3572280545990445,5.3572280545990445,5.3572280545990445,-0.02085000071821593,-0.0,0.03940407385580533,1.0,-0.02085000071821593,False,0,0,0,0,0,0.0,0.0,0.0,0.0,0.0,0,0.0,0,0,disabled,disabled,True,keyed,1,0,False,raw,0,0.0027500000000000003,0.0027500000000000003,default,0,True,keyed,0,0,False,raw,0,0.0027500000000000003,0.0027500000000000003,default,0,True,context_shuffle,False,raw,0.0027500000000000003,0.0027500000000000003,skill_distractor,route_train,set_minus,,,lagoon,invert,False,32,18,0,0,0,0,0.0,0.0,0.798916000007921,3.203834000032657,4.127417000006517,heldout_context_routing,internal_context_shuffle_ablation,CRA_internal,MockSimulator,43,skill_distractor,route_train,50,lagoon,invert,False,False,1,0.0027500000000000003,0.0,0.0,0,False,-1,False,-1,internal_context_shuffle_ablation,internal_ablation,context_shuffle,0.0027500000000000003,False,lagoon,,False,32,18,0,0,0,0.0027500000000000003,0.1,0.2,8,8
335,1000.0,8,8,0,8,0,0,5.340359393574548,5.340359393574548,5.340359393574548,-0.03789642979354216,-0.0,0.03918015637455752,1.0,-0.03789642979354216,False,0,0,0,0,0,0.0,0.0,0.0,0.0,0.0,0,0.0,0,0,disabled,disabled,True,keyed,1,0,False,raw,0,0.005,0.005,default,0,True,keyed,0,0,False,raw,0,0.005,0.005,default,0,True,context_shuffle,False,raw,0.005,0.005,context_distractor,route_train,set_minus,,,lagoon,invert,False,32,18,0,0,0,0,0.0,0.0,0.7989579999616581,3.331500000001597,4.255916999966303,heldout_context_routing,internal_context_shuffle_ablation,CRA_internal,MockSimulator,43,context_distractor,route_train,50,lagoon,invert,False,False,1,0.005,0.0,0.0,0,False,-1,False,-1,internal_context_shuffle_ablation,internal_ablation,context_shuffle,0.005,False,lagoon,,False,32,18,0,0,0,0.005,0.1,0.2,8,8
336,1000.0,8,8,0,8,0,0,5.323574569829143,5.323574569829143,5.323574569829143,0.0075827720545610915,0.0,0.0389494339630173,1.0,0.0075827720545610915,False,0,0,0,0,0,0.0,0.0,0.0,0.0,0.0,0,0.0,0,0,disabled,disabled,True,keyed,1,0,False,raw,0,-0.001,-0.001,default,0,True,keyed,0,0,False,raw,0,-0.001,-0.001,default,0,True,context_shuffle,False,raw,-0.001,-0.001,skill_distractor,route_train,set_minus,,,lagoon,invert,False,32,18,0,0,0,0,0.0,0.0,0.8151250000310029,3.2338749999780703,4.17854099998749,heldout_context_routing,internal_context_shuffle_ablation,CRA_internal,MockSimulator,43,skill_distractor,route_train,50,lagoon,invert,False,False,1,-0.001,0.0,0.0,0,False,1,False,-1,internal_context_shuffle_ablation,internal_ablation,context_shuffle,-0.001,False,lagoon,,False,32,18,0,0,0,-0.001,0.1,0.2,8,8
337,1000.0,8,8,0,8,0,0,5.306873165231519,5.306873165231519,5.306873165231519,-0.013648403741014496,-0.0,0.038712268385388875,1.0,-0.013648403741014496,False,0,0,0,0,0,0.0,0.0,0.0,0.0,0.0,0,0.0,0,0,disabled,disabled,True,keyed,1,0,False,raw,0,0.0018,0.0018,default,0,True,keyed,0,0,False,raw,0,0.0018,0.0018,default,0,True,context_shuffle,False,raw,0.0018,0.0018,context_distractor,route_train,set_minus,,,lagoon,invert,False,32,18,0,0,0,0,0.0,0.0,0.796541999989131,3.2072500000026594,4.129291000026569,heldout_context_routing,internal_context_shuffle_ablation,CRA_internal,MockSimulator,43,context_distractor,route_train,50,lagoon,invert,False,False,1,0.0018,0.0,0.0,0,False,-1,False,-1,internal_context_shuffle_ablation,internal_ablation,context_shuffle,0.0018,False,lagoon,,False,32,18,0,0,0,0.0018,0.1,0.2,8,8
338,1000.0,8,8,0,8,0,0,5.290254763735807,5.290254763735807,5.290254763735807,0.007582772054561091,0.0,0.03846900965728037,1.0,0.007582772054561091,False,0,0,0,0,0,0.0,0.0,0.0,0.0,0.0,0,0.0,0,0,disabled,disabled,True,keyed,1,0,False,raw,0,-0.001,-0.001,default,0,True,keyed,0,0,False,raw,0,-0.001,-0.001,default,0,True,context_shuffle,False,raw,-0.001,-0.001,skill_distractor,route_train,set_minus,,,lagoon,invert,False,32,18,0,0,0,0,0.0,0.0,0.7973340000262397,3.2832079999707275,4.206084000031751,heldout_context_routing,internal_context_shuffle_ablation,CRA_internal,MockSimulator,43,skill_distractor,route_train,50,lagoon,invert,False,False,1,-0.001,0.0,0.0,0,False,1,False,-1,internal_context_shuffle_ablation,internal_ablation,context_shuffle,-0.001,False,lagoon,,False,32,18,0,0,0,-0.001,0.1,0.2,8,8
339,1000.0,8,8,0,8,0,0,5.273718951371174,5.273718951371174,5.273718951371174,-0.05000551169391668,-0.0,0.03821999637094205,1.0,-0.05000551169391668,False,0,0,0,0,0,0.0,0.0,0.0,0.0,0.0,0,0.0,0,0,disabled,disabled,True,keyed,1,0,False,raw,0,0.006600000000000001,0.006600000000000001,default,0,True,keyed,0,0,False,raw,0,0.006600000000000001,0.006600000000000001,default,0,True,context_shuffle,False,raw,0.006600000000000001,0.006600000000000001,context_distractor,route_train,set_minus,,,lagoon,invert,False,32,18,0,0,0,0,0.0,0.0,0.7972910000262345,3.3571669999901133,4.279124999982287,heldout_context_routing,internal_context_shuffle_ablation,CRA_internal,MockSimulator,43,context_distractor,route_train,50,lagoon,invert,False,False,1,0.006600000000000001,0.0,0.0,0,False,-1,False,-1,internal_context_shuffle_ablation,internal_ablation,context_shuffle,0.006600000000000001,False,lagoon,,False,32,18,0,0,0,0.006600000000000001,0.1,0.2,8,8
340,1000.0,8,8,0,8,0,0,5.257265316231475,5.257265316231475,5.257265316231475,0.020850000718215928,0.0,0.03796555601219435,1.0,0.020850000718215928,False,0,0,0,0,0,0.0,0.0,0.0,0.0,0.0,0,0.0,0,0,disabled,disabled,True,keyed,1,0,False,raw,0,-0.0027500000000000003,-0.0027500000000000003,default,0,True,keyed,0,0,False,raw,0,-0.0027500000000000003,-0.0027500000000000003,default,0,True,context_shuffle,False,raw,-0.0027500000000000003,-0.0027500000000000003,skill_distractor,route_train,set_minus,,,lagoon,invert,False,32,18,0,0,0,0,0.0,0.0,0.8169160000193187,3.272374999994554,4.2179579999697125,heldout_context_routing,internal_context_shuffle_ablation,CRA_internal,MockSimulator,43,skill_distractor,route_train,50,lagoon,invert,False,False,1,-0.0027500000000000003,0.0,0.0,0,False,1,False,-1,internal_context_shuffle_ablation,internal_ablation,context_shuffle,-0.0027500000000000003,False,lagoon,,False,32,18,0,0,0,-0.0027500000000000003,0.1,0.2,8,8
341,1000.0,8,8,0,8,0,0,5.240893448464956,5.240893448464956,5.240893448464956,-0.07568416657418478,-0.0,0.03770600526924818,1.0,-0.07568416657418478,False,0,0,0,0,0,0.0,0.0,0.0,0.0,0.0,0,0.0,0,0,disabled,disabled,True,keyed,1,0,False,raw,0,0.01,0.01,default,0,True,keyed,0,0,False,raw,0,0.01,0.01,default,0,True,context_shuffle,False,raw,0.01,0.01,input,route_train,set_minus,,,lagoon,invert,False,32,18,0,0,0,0,0.0,0.0,0.7965830000102869,3.2611670000051163,4.183042000022397,heldout_context_routing,internal_context_shuffle_ablation,CRA_internal,MockSimulator,43,input,route_train,50,lagoon,invert,False,False,1,0.01,0.0,0.0,0,False,-1,False,-1,internal_context_shuffle_ablation,internal_ablation,context_shuffle,0.01,False,lagoon,,False,32,18,0,0,0,0.01,0.1,0.2,8,8
342,1000.0,8,8,0,8,0,0,5.224602940264005,5.224602940264005,5.224602940264005,0.6420149920119997,-0.9999946965622277,0.03744165033361499,1.0,0.6420149920119997,False,0,0,0,0,0,0.0,0.0,0.0,0.0,0.0,0,0.0,0,0,disabled,disabled,True,keyed,1,0,True,internal_keyed_context,1,0.01,0.01,default,0,True,keyed,0,0,False,raw,0,0.01,0.01,default,0,True,context_shuffle,True,internal_context_shuffle_router,0.01,0.01,decision,route_train,set_minus,,identity,lagoon,invert,False,32,19,0,0,0,0,0.0,0.0,0.7934999999861247,3.2942079999997986,4.213249999963864,heldout_context_routing,internal_context_shuffle_ablation,CRA_internal,MockSimulator,43,decision,route_train,50,lagoon,invert,False,False,1,0.01,-0.01,-0.01,-1,True,1,False,342,internal_context_shuffle_ablation,internal_ablation,context_shuffle,0.01,False,lagoon,identity,False,32,19,0,0,0,0.01,0.1,0.2,8,8
343,1000.0,8,8,0,8,0,0,5.208393385854961,5.208393385854961,5.208393385854961,-0.05629638851077812,-0.0,0.037172787193299424,1.0,-0.05629638851077812,False,0,0,0,0,0,0.0,0.0,0.0,0.0,0.0,0,0.0,0,0,disabled,disabled,True,keyed,1,0,False,raw,0,0.0034000000000000002,0.0034000000000000002,default,0,True,keyed,0,0,False,raw,0,0.0034000000000000002,0.0034000000000000002,default,0,True,context_shuffle,False,raw,0.0034000000000000002,0.0034000000000000002,route_context,route_train,set_minus,,,lagoon,invert,False,32,19,0,0,0,0,0.0,0.0,0.911459000008108,3.3030829999916023,4.340624999997544,heldout_context_routing,internal_context_shuffle_ablation,CRA_internal,MockSimulator,43,route_context,route_train,51,lagoon,invert,False,False,-1,0.0034000000000000002,0.0,0.0,0,False,-1,False,-1,internal_context_shuffle_ablation,internal_ablation,context_shuffle,0.0034000000000000002,False,lagoon,,False,32,19,0,0,0,0.0034000000000000002,0.1,0.2,8,8
344,1000.0,8,8,0,8,0,0,5.192264381487965,5.192264381487965,5.192264381487965,-0.029826666515062078,-0.0,0.036899701918463035,1.0,-0.029826666515062078,False,0,0,0,0,0,0.0,0.0,0.0,0.0,0.0,0,0.0,0,0,disabled,disabled,True,keyed,1,0,False,raw,0,0.0018,0.0018,default,0,True,keyed,0,0,False,raw,0,0.0018,0.0018,default,0,True,context_shuffle,False,raw,0.0018,0.0018,context_distractor,route_train,set_minus,,,lagoon,invert,False,32,19,0,0,0,0,0.0,0.0,0.8020829999964008,3.2705830000168135,4.201708000039162,heldout_context_routing,internal_context_shuffle_ablation,CRA_internal,MockSimulator,43,context_distractor,route_train,51,lagoon,invert,False,False,-1,0.0018,0.0,0.0,0,False,-1,False,-1,internal_context_shuffle_ablation,internal_ablation,context_shuffle,0.0018,False,lagoon,,False,32,19,0,0,0,0.0018,0.1,0.2,8,8
345,1000.0,8,8,0,8,0,0,5.176215525426871,5.176215525426871,5.176215525426871,0.04555049582146618,0.0,0.03662267093974279,1.0,0.04555049582146618,False,0,0,0,0,0,0.0,0.0,0.0,0.0,0.0,0,0.0,0,0,disabled,disabled,True,keyed,1,0,False,raw,0,-0.0027500000000000003,-0.0027500000000000003,default,0,True,keyed,0,0,False,raw,0,-0.0027500000000000003,-0.0027500000000000003,default,0,True,context_shuffle,False,raw,-0.0027500000000000003,-0.0027500000000000003,skill_distractor,route_train,set_minus,,,lagoon,invert,False,32,19,0,0,0,0,0.0,0.0,0.8003330000292408,3.303832999961287,4.2289160000450465,heldout_context_routing,internal_context_shuffle_ablation,CRA_internal,MockSimulator,43,skill_distractor,route_train,51,lagoon,invert,False,False,-1,-0.0027500000000000003,0.0,0.0,0,False,1,False,-1,internal_context_shuffle_ablation,internal_ablation,context_shuffle,-0.0027500000000000003,False,lagoon,,False,32,19,0,0,0,-0.0027500000000000003,0.1,0.2,8,8
346,1000.0,8,8,0,8,0,0,5.160246417939197,5.160246417939197,5.160246417939197,-0.1089625625549134,-0.0,0.03634196131940396,1.0,-0.1089625625549134,False,0,0,0,0,0,0.0,0.0,0.0,0.0,0.0,0,0.0,0,0,disabled,disabled,True,keyed,1,0,False,raw,0,0.006600000000000001,0.006600000000000001,default,0,True,keyed,0,0,False,raw,0,0.006600000000000001,0.006600000000000001,default,0,True,context_shuffle,False,raw,0.006600000000000001,0.006600000000000001,context_distractor,route_train,set_minus,,,lagoon,invert,False,32,19,0,0,0,0,0.0,0.0,0.7975419999866062,3.4156660000235206,4.338000000018383,heldout_context_routing,internal_context_shuffle_ablation,CRA_internal,MockSimulator,43,context_distractor,route_train,51,lagoon,invert,False,False,-1,0.006600000000000001,0.0,0.0,0,False,-1,False,-1,internal_context_shuffle_ablation,internal_ablation,context_shuffle,0.006600000000000001,False,lagoon,,False,32,19,0,0,0,0.006600000000000001,0.1,0.2,8,8
347,1000.0,8,8,0,8,0,0,5.144356661286138,5.144356661286138,5.144356661286138,-0.04555049582146618,-0.0,0.036057831015502785,1.0,-0.04555049582146618,False,0,0,0,0,0,0.0,0.0,0.0,0.0,0.0,0,0.0,0,0,disabled,disabled,True,keyed,1,0,False,raw,0,0.0027500000000000003,0.0027500000000000003,default,0,True,keyed,0,0,False,raw,0,0.0027500000000000003,0.0027500000000000003,default,0,True,context_shuffle,False,raw,0.0027500000000000003,0.0027500000000000003,skill_distractor,route_train,set_minus,,,lagoon,invert,False,32,19,0,0,0,0,0.0,0.0,0.8105410000212032,3.3598339999798554,4.306125000027805,heldout_context_routing,internal_context_shuffle_ablation,CRA_internal,MockSimulator,43,skill_distractor,route_train,51,lagoon,invert,False,False,-1,0.0027500000000000003,0.0,0.0,0,False,-1,False,-1,internal_context_shuffle_ablation,internal_ablation,context_shuffle,0.0027500000000000003,False,lagoon,,False,32,19,0,0,0,0.0027500000000000003,0.1,0.2,8,8
348,1000.0,8,8,0,8,0,0,5.1285458597126174,5.1285458597126174,5.1285458597126174,-0.0826872078957741,-0.0,0.0357705291392299,1.0,-0.0826872078957741,False,0,0,0,0,0,0.0,0.0,0.0,0.0,0.0,0,0.0,0,0,disabled,disabled,True,keyed,1,0,False,raw,0,0.005,0.005,default,0,True,keyed,0,0,False,raw,0,0.005,0.005,default,0,True,context_shuffle,False,raw,0.005,0.005,context_distractor,route_train,set_minus,,,lagoon,invert,False,32,19,0,0,0,0,0.0,0.0,0.7999590000054013,3.3071659999563963,4.2325000000005275,heldout_context_routing,internal_context_shuffle_ablation,CRA_internal,MockSimulator,43,context_distractor,route_train,51,lagoon,invert,False,False,-1,0.005,0.0,0.0,0,False,-1,False,-1,internal_context_shuffle_ablation,internal_ablation,context_shuffle,0.005,False,lagoon,,False,32,19,0,0,0,0.005,0.1,0.2,8,8
349,1000.0,8,8,0,8,0,0,5.112813619437396,5.112813619437396,5.112813619437396,0.04555049582146618,0.0,0.035480296205601725,1.0,0.04555049582146618,False,0,0,0,0,0,0.0,0.0,0.0,0.0,0.0,0,0.0,0,0,disabled,disabled,True,keyed,1,0,False,raw,0,-0.0027500000000000003,-0.0027500000000000003,default,0,True,keyed,0,0,False,raw,0,-0.0027500000000000003,-0.0027500000000000003,default,0,True,context_shuffle,False,raw,-0.0027500000000000003,-0.0027500000000000003,skill_distractor,route_train,set_minus,,,lagoon,invert,False,32,19,0,0,0,0,0.0,0.0,0.8023749999779284,3.328583000040908,4.255957999987459,heldout_context_routing,internal_context_shuffle_ablation,CRA_internal,MockSimulator,43,skill_distractor,route_train,51,lagoon,invert,False,False,-1,-0.0027500000000000003,0.0,0.0,0,False,1,False,-1,internal_context_shuffle_ablation,internal_ablation,context_shuffle,-0.0027500000000000003,False,lagoon,,False,32,19,0,0,0,-0.0027500000000000003,0.1,0.2,8,8
350,1000.0,8,8,0,8,0,0,5.097159548643225,5.097159548643225,5.097159548643225,-0.0826872078957741,-0.0,0.03518736437766299,1.0,-0.0826872078957741,False,0,0,0,0,0,0.0,0.0,0.0,0.0,0.0,0,0.0,0,0,disabled,disabled,True,keyed,1,0,False,raw,0,0.005,0.005,default,0,True,keyed,0,0,False,raw,0,0.005,0.005,default,0,True,context_shuffle,False,raw,0.005,0.005,context_distractor,route_train,set_minus,,,lagoon,invert,False,32,19,0,0,0,0,0.0,0.0,0.7939579999742818,3.743541999995159,4.66204200000675,heldout_context_routing,internal_context_shuffle_ablation,CRA_internal,MockSimulator,43,context_distractor,route_train,51,lagoon,invert,False,False,-1,0.005,0.0,0.0,0,False,-1,False,-1,internal_context_shuffle_ablation,internal_ablation,context_shuffle,0.005,False,lagoon,,False,32,19,0,0,0,0.005,0.1,0.2,8,8
351,1000.0,8,8,0,8,0,0,5.081583257467053,5.081583257467053,5.081583257467053,-0.01657376894506239,-0.0,0.03489195770435956,1.0,-0.01657376894506239,False,0,0,0,0,0,0.0,0.0,0.0,0.0,0.0,0,0.0,0,0,disabled,disabled,True,keyed,1,0,False,raw,0,0.001,0.001,default,0,True,keyed,0,0,False,raw,0,0.001,0.001,default,0,True,context_shuffle,False,raw,0.001,0.001,skill_distractor,route_train,set_minus,,,lagoon,invert,False,32,19,0,0,0,0,0.0,0.0,0.8277909999492294,3.4508750000554755,4.422292000015204,heldout_context_routing,internal_context_shuffle_ablation,CRA_internal,MockSimulator,43,skill_distractor,route_train,51,lagoon,invert,False,False,-1,0.001,0.0,0.0,0,False,-1,False,-1,internal_context_shuffle_ablation,internal_ablation,context_shuffle,0.001,False,lagoon,,False,32,19,0,0,0,0.001,0.1,0.2,8,8
352,1000.0,8,8,0,8,0,0,5.06608435799028,5.06608435799028,5.06608435799028,-0.0826872078957741,-0.0,0.034594292352237196,1.0,-0.0826872078957741,False,0,0,0,0,0,0.0,0.0,0.0,0.0,0.0,0,0.0,0,0,disabled,disabled,True,keyed,1,0,False,raw,0,0.005,0.005,default,0,True,keyed,0,0,False,raw,0,0.005,0.005,default,0,True,context_shuffle,False,raw,0.005,0.005,context_distractor,route_train,set_minus,,,lagoon,invert,False,32,19,0,0,0,0,0.0,0.0,0.8069579999983034,3.360292000024856,4.293500000017048,heldout_context_routing,internal_context_shuffle_ablation,CRA_internal,MockSimulator,43,context_distractor,route_train,51,lagoon,invert,False,False,-1,0.005,0.0,0.0,0,False,-1,False,-1,internal_context_shuffle_ablation,internal_ablation,context_shuffle,0.005,False,lagoon,,False,32,19,0,0,0,0.005,0.1,0.2,8,8
353,1000.0,8,8,0,8,0,0,5.050662464229055,5.050662464229055,5.050662464229055,0.01657376894506239,0.0,0.03429457683111799,1.0,0.01657376894506239,False,0,0,0,0,0,0.0,0.0,0.0,0.0,0.0,0,0.0,0,0,disabled,disabled,True,keyed,1,0,False,raw,0,-0.001,-0.001,default,0,True,keyed,0,0,False,raw,0,-0.001,-0.001,default,0,True,context_shuffle,False,raw,-0.001,-0.001,skill_distractor,route_train,set_minus,,,lagoon,invert,False,32,19,0,0,0,0,0.0,0.0,0.8075000000076216,3.4060419999946134,4.339082999990751,heldout_context_routing,internal_context_shuffle_ablation,CRA_internal,MockSimulator,43,skill_distractor,route_train,51,lagoon,invert,False,False,-1,-0.001,0.0,0.0,0,False,1,False,-1,internal_context_shuffle_ablation,internal_ablation,context_shuffle,-0.001,False,lagoon,,False,32,19,0,0,0,-0.001,0.1,0.2,8,8
354,1000.0,8,8,0,8,0,0,5.035317192124632,5.035317192124632,5.035317192124632,0.16425140033032404,0.0,0.033993012213902656,1.0,0.16425140033032404,False,0,0,0,0,0,0.0,0.0,0.0,0.0,0.0,0,0.0,0,0,disabled,disabled,True,keyed,1,0,False,raw,0,-0.01,-0.01,default,0,True,keyed,0,0,False,raw,0,-0.01,-0.01,default,0,True,context_shuffle,False,raw,-0.01,-0.01,input,route_train,set_minus,,,lagoon,invert,False,32,19,0,0,0,0,0.0,0.0,0.7977500000038162,3.6808750000432156,4.604542000038236,heldout_context_routing,internal_context_shuffle_ablation,CRA_internal,MockSimulator,43,input,route_train,51,lagoon,invert,False,False,-1,-0.01,0.0,0.0,0,False,1,False,-1,internal_context_shuffle_ablation,internal_ablation,context_shuffle,-0.01,False,lagoon,,False,32,19,0,0,0,-0.01,0.1,0.2,8,8
355,1000.0,8,8,0,8,0,0,5.020048159533762,5.020048159533762,5.020048159533762,-0.6420149920119997,-0.9999946965622277,0.03368979235064349,1.0,-0.6420149920119997,False,0,0,0,0,0,0.0,0.0,0.0,0.0,0.0,0,0.0,0,0,disabled,disabled,True,keyed,1,0,True,internal_keyed_context,-1,-0.01,-0.01,default,0,True,keyed,0,0,False,raw,0,-0.01,-0.01,default,0,True,context_shuffle,True,internal_context_shuffle_router,-0.01,-0.01,decision,route_train,set_minus,,identity,lagoon,invert,False,32,20,0,0,0,0,0.0,0.0,0.8322080000198184,3.4628329999577545,4.43620800001554,heldout_context_routing,internal_context_shuffle_ablation,CRA_internal,MockSimulator,43,decision,route_train,51,lagoon,invert,False,False,-1,-0.01,0.01,0.01,1,True,-1,False,355,internal_context_shuffle_ablation,internal_ablation,context_shuffle,-0.01,False,lagoon,identity,False,32,20,0,0,0,-0.01,0.1,0.2,8,8
356,1000.0,8,8,0,8,0,0,5.004854986219147,5.004854986219147,5.004854986219147,-0.0459731649886501,-0.0,0.03338510407702913,1.0,-0.0459731649886501,False,0,0,0,0,0,0.0,0.0,0.0,0.0,0.0,0,0.0,0,0,disabled,disabled,True,keyed,1,0,False,raw,0,0.0018,0.0018,default,0,True,keyed,0,0,False,raw,0,0.0018,0.0018,default,0,True,context_shuffle,False,raw,0.0018,0.0018,route_context,route_train,set_minus,,,reef,identity,False,32,20,0,0,0,0,0.0,0.0,0.7954580000273381,3.4157499999878382,4.337125000006381,heldout_context_routing,internal_context_shuffle_ablation,CRA_internal,MockSimulator,43,route_context,route_train,52,reef,identity,False,False,1,0.0018,0.0,0.0,0,False,-1,False,-1,internal_context_shuffle_ablation,internal_ablation,context_shuffle,0.0018,False,reef,,False,32,20,0,0,0,0.0018,0.1,0.2,8,8
357,1000.0,8,8,0,8,0,0,4.989737293839927,4.989737293839927,4.989737293839927,-0.08668137451856103,-0.0,0.033079127417419085,1.0,-0.08668137451856103,False,0,0,0,0,0,0.0,0.0,0.0,0.0,0.0,0,0.0,0,0,disabled,disabled,True,keyed,1,0,False,raw,0,0.0034000000000000002,0.0034000000000000002,default,0,True,keyed,0,0,False,raw,0,0.0034000000000000002,0.0034000000000000002,default,0,True,context_shuffle,False,raw,0.0034000000000000002,0.0034000000000000002,context_distractor,route_train,set_minus,,,reef,identity,False,32,20,0,0,0,0,0.0,0.0,0.8015409999870826,3.534083999966242,4.461375000005319,heldout_context_routing,internal_context_shuffle_ablation,CRA_internal,MockSimulator,43,context_distractor,route_train,52,reef,identity,False,False,1,0.0034000000000000002,0.0,0.0,0,False,-1,False,-1,internal_context_shuffle_ablation,internal_ablation,context_shuffle,0.0034000000000000002,False,reef,,False,32,20,0,0,0,0.0034000000000000002,0.1,0.2,8,8
358,1000.0,8,8,0,8,0,0,4.974694705942228,4.974694705942228,4.974694705942228,0.07017081143072178,0.0,0.03277203578256263,1.0,0.07017081143072178,False,0,0,0,0,0,0.0,0.0,0.0,0.0,0.0,0,0.0,0,0,disabled,disabled,True,keyed,1,0,False,raw,0,-0.0027500000000000003,-0.0027500000000000003,default,0,True,keyed,0,0,False,raw,0,-0.0027500000000000003,-0.0027500000000000003,default,0,True,context_shuffle,False,raw,-0.0027500000000000003,-0.0027500000000000003,skill_distractor,route_train,set_minus,,,reef,identity,False,32,20,0,0,0,0,0.0,0.0,0.849208000033741,3.5055419999707738,4.515832999970826,heldout_context_routing,internal_context_shuffle_ablation,CRA_internal,MockSimulator,43,skill_distractor,route_train,52,reef,identity,False,False,1,-0.0027500000000000003,0.0,0.0,0,False,1,False,-1,internal_context_shuffle_ablation,internal_ablation,context_shuffle,-0.0027500000000000003,False,reef,,False,32,20,0,0,0,-0.0027500000000000003,0.1,0.2,8,8
359,1000.0,8,8,0,8,0,0,4.959726847949743,4.959726847949743,4.959726847949743,-0.1671051664453867,-0.0,0.03246399616213347,1.0,-0.1671051664453867,False,0,0,0,0,0,0.0,0.0,0.0,0.0,0.0,0,0.0,0,0,disabled,disabled,True,keyed,1,0,False,raw,0,0.006600000000000001,0.006600000000000001,default,0,True,keyed,0,0,False,raw,0,0.006600000000000001,0.006600000000000001,default,0,True,context_shuffle,False,raw,0.006600000000000001,0.006600000000000001,context_distractor,route_train,set_minus,,,reef,identity,False,32,20,0,0,0,0,0.0,0.0,0.7936249999715983,3.431458000022758,4.350999999985561,heldout_context_routing,internal_context_shuffle_ablation,CRA_internal,MockSimulator,43,context_distractor,route_train,52,reef,identity,False,False,1,0.006600000000000001,0.0,0.0,0,False,-1,False,-1,internal_context_shuffle_ablation,internal_ablation,context_shuffle,0.006600000000000001,False,reef,,False,32,20,0,0,0,0.006600000000000001,0.1,0.2,8,8
360,1000.0,8,8,0,8,0,0,4.944833347154376,4.944833347154376,4.944833347154376,0.07017081143072178,0.0,0.032155169312208444,1.0,0.07017081143072178,False,0,0,0,0,0,0.0,0.0,0.0,0.0,0.0,0,0.0,0,0,disabled,disabled,True,keyed,1,0,False,raw,0,-0.0027500000000000003,-0.0027500000000000003,default,0,True,keyed,0,0,False,raw,0,-0.0027500000000000003,-0.0027500000000000003,default,0,True,context_shuffle,False,raw,-0.0027500000000000003,-0.0027500000000000003,skill_distractor,route_train,set_minus,,,reef,identity,False,32,20,0,0,0,0,0.0,0.0,0.8090830000355709,3.411874999983411,4.350999999985561,heldout_context_routing,internal_context_shuffle_ablation,CRA_internal,MockSimulator,43,skill_distractor,route_train,52,reef,identity,False,False,1,-0.0027500000000000003,0.0,0.0,0,False,1,False,-1,internal_context_shuffle_ablation,internal_ablation,context_shuffle,-0.0027500000000000003,False,reef,,False,32,20,0,0,0,-0.0027500000000000003,0.1,0.2,8,8
361,1000.0,8,8,0,8,0,0,4.930013832706918,4.930013832706918,4.930013832706918,-0.12710216335477442,-0.0,0.03184570993781557,1.0,-0.12710216335477442,False,0,0,0,0,0,0.0,0.0,0.0,0.0,0.0,0,0.0,0,0,disabled,disabled,True,keyed,1,0,False,raw,0,0.005,0.005,default,0,True,keyed,0,0,False,raw,0,0.005,0.005,default,0,True,context_shuffle,False,raw,0.005,0.005,context_distractor,route_train,set_minus,,,reef,identity,False,32,20,0,0,0,0,0.0,0.0,0.7952500000101281,3.570916999990459,4.490832999977101,heldout_context_routing,internal_context_shuffle_ablation,CRA_internal,MockSimulator,43,context_distractor,route_train,52,reef,identity,False,False,1,0.005,0.0,0.0,0,False,-1,False,-1,internal_context_shuffle_ablation,internal_ablation,context_shuffle,0.005,False,reef,,False,32,20,0,0,0,0.005,0.1,0.2,8,8
362,1000.0,8,8,0,8,0,0,4.915267935607779,4.915267935607779,4.915267935607779,-0.0255530998209823,-0.0,0.031535766870673526,1.0,-0.0255530998209823,False,0,0,0,0,0,0.0,0.0,0.0,0.0,0.0,0,0.0,0,0,disabled,disabled,True,keyed,1,0,False,raw,0,0.001,0.001,default,0,True,keyed,0,0,False,raw,0,0.001,0.001,default,0,True,context_shuffle,False,raw,0.001,0.001,skill_distractor,route_train,set_minus,,,reef,identity,False,32,20,0,0,0,0,0.0,0.0,0.8114159999763615,3.4792089999768905,4.419625000025462,heldout_context_routing,internal_context_shuffle_ablation,CRA_internal,MockSimulator,43,skill_distractor,route_train,52,reef,identity,False,False,1,0.001,0.0,0.0,0,False,-1,False,-1,internal_context_shuffle_ablation,internal_ablation,context_shuffle,0.001,False,reef,,False,32,20,0,0,0,0.001,0.1,0.2,8,8
363,1000.0,8,8,0,8,0,0,4.90059528869776,4.90059528869776,4.90059528869776,-0.12710216335477442,-0.0,0.031225483242242037,1.0,-0.12710216335477442,False,0,0,0,0,0,0.0,0.0,0.0,0.0,0.0,0,0.0,0,0,disabled,disabled,True,keyed,1,0,False,raw,0,0.005,0.005,default,0,True,keyed,0,0,False,raw,0,0.005,0.005,default,0,True,context_shuffle,False,raw,0.005,0.005,context_distractor,route_train,set_minus,,,reef,identity,False,32,20,0,0,0,0,0.0,0.0,0.8008339999605596,3.4573750000390646,4.3890829999782,heldout_context_routing,internal_context_shuffle_ablation,CRA_internal,MockSimulator,43,context_distractor,route_train,52,reef,identity,False,False,1,0.005,0.0,0.0,0,False,-1,False,-1,internal_context_shuffle_ablation,internal_ablation,context_shuffle,0.005,False,reef,,False,32,20,0,0,0,0.005,0.1,0.2,8,8
364,1000.0,8,8,0,8,0,0,4.885995526648877,4.885995526648877,4.885995526648877,0.07017081143072176,0.0,0.030914996652199538,1.0,0.07017081143072176,False,0,0,0,0,0,0.0,0.0,0.0,0.0,0.0,0,0.0,0,0,disabled,disabled,True,keyed,1,0,False,raw,0,-0.0027500000000000003,-0.0027500000000000003,default,0,True,keyed,0,0,False,raw,0,-0.0027500000000000003,-0.0027500000000000003,default,0,True,context_shuffle,False,raw,-0.0027500000000000003,-0.0027500000000000003,skill_distractor,route_train,set_minus,,,reef,identity,False,32,20,0,0,0,0,0.0,0.0,0.7991250000145556,3.437042000030033,4.360709000025054,heldout_context_routing,internal_context_shuffle_ablation,CRA_internal,MockSimulator,43,skill_distractor,route_train,52,reef,identity,False,False,1,-0.0027500000000000003,0.0,0.0,0,False,1,False,-1,internal_context_shuffle_ablation,internal_ablation,context_shuffle,-0.0027500000000000003,False,reef,,False,32,20,0,0,0,-0.0027500000000000003,0.1,0.2,8,8
365,1000.0,8,8,0,8,0,0,4.871468285955227,4.871468285955227,4.871468285955227,-0.1671051664453867,-0.0,0.03060443933246184,1.0,-0.1671051664453867,False,0,0,0,0,0,0.0,0.0,0.0,0.0,0.0,0,0.0,0,0,disabled,disabled,True,keyed,1,0,False,raw,0,0.006600000000000001,0.006600000000000001,default,0,True,keyed,0,0,False,raw,0,0.006600000000000001,0.006600000000000001,default,0,True,context_shuffle,False,raw,0.006600000000000001,0.006600000000000001,context_distractor,route_train,set_minus,,,reef,identity,False,32,20,0,0,0,0,0.0,0.0,0.8998330000054011,3.628459000026396,4.653125000004366,heldout_context_routing,internal_context_shuffle_ablation,CRA_internal,MockSimulator,43,context_distractor,route_train,52,reef,identity,False,False,1,0.006600000000000001,0.0,0.0,0,False,-1,False,-1,internal_context_shuffle_ablation,internal_ablation,context_shuffle,0.006600000000000001,False,reef,,False,32,20,0,0,0,0.006600000000000001,0.1,0.2,8,8
366,1000.0,8,8,0,8,0,0,4.857013204923899,4.857013204923899,4.857013204923899,-0.025553099820982302,-0.0,0.030293938306852772,1.0,-0.025553099820982302,False,0,0,0,0,0,0.0,0.0,0.0,0.0,0.0,0,0.0,0,0,disabled,disabled,True,keyed,1,0,False,raw,0,0.001,0.001,default,0,True,keyed,0,0,False,raw,0,0.001,0.001,default,0,True,context_shuffle,False,raw,0.001,0.001,skill_distractor,route_train,set_minus,,,reef,identity,False,32,20,0,0,0,0,0.0,0.0,0.8039159999952972,3.5175840000079006,4.451375000030566,heldout_context_routing,internal_context_shuffle_ablation,CRA_internal,MockSimulator,43,skill_distractor,route_train,52,reef,identity,False,False,1,0.001,0.0,0.0,0,False,-1,False,-1,internal_context_shuffle_ablation,internal_ablation,context_shuffle,0.001,False,reef,,False,32,20,0,0,0,0.001,0.1,0.2,8,8
367,1000.0,8,8,0,8,0,0,4.842629923665935,4.842629923665935,4.842629923665935,-0.2501629542084746,-0.0,0.02998361554653508,1.0,-0.2501629542084746,False,0,0,0,0,0,0.0,0.0,0.0,0.0,0.0,0,0.0,0,0,disabled,disabled,True,keyed,1,0,False,raw,0,0.01,0.01,default,0,True,keyed,0,0,False,raw,0,0.01,0.01,default,0,True,context_shuffle,False,raw,0.01,0.01,input,route_train,set_minus,,,reef,identity,False,32,20,0,0,0,0,0.0,0.0,0.7963749999930769,3.506999999956406,4.428249999989475,heldout_context_routing,internal_context_shuffle_ablation,CRA_internal,MockSimulator,43,input,route_train,52,reef,identity,False,False,1,0.01,0.0,0.0,0,False,-1,False,-1,internal_context_shuffle_ablation,internal_ablation,context_shuffle,0.01,False,reef,,False,32,20,0,0,0,0.01,0.1,0.2,8,8
368,1000.0,8,8,0,8,0,0,4.828318084087328,4.828318084087328,4.828318084087328,0.6420149920119997,0.9999946965622277,0.029673588121307354,1.0,0.6420149920119997,True,0,0,0,0,0,0.0,0.0,0.0,0.0,0.0,0,0.0,0,0,disabled,disabled,True,keyed,1,0,True,internal_keyed_context,1,0.01,0.01,default,0,True,keyed,0,0,False,raw,0,0.01,0.01,default,0,True,context_shuffle,True,internal_context_shuffle_router,0.01,0.01,decision,route_train,set_minus,,set_plus,reef,identity,False,32,21,0,0,0,0,0.0,0.0,0.7958749999943393,3.705416000002515,4.625999999973374,heldout_context_routing,internal_context_shuffle_ablation,CRA_internal,MockSimulator,43,decision,route_train,52,reef,identity,False,False,1,0.01,0.01,0.01,1,True,1,True,368,internal_context_shuffle_ablation,internal_ablation,context_shuffle,0.01,False,reef,set_plus,False,32,21,0,0,0,0.01,0.1,0.2,8,8
369,1000.0,8,8,0,8,0,0,4.814077329880072,4.814077329880072,4.814077329880072,-0.04053739106950765,-0.0,0.029763968346870125,1.0,-0.04053739106950765,False,0,0,0,0,0,0.0,0.0,0.0,0.0,0.0,0,0.0,0,0,disabled,disabled,True,keyed,1,0,False,raw,0,0.0018,0.0018,default,0,True,keyed,0,0,False,raw,0,0.0018,0.0018,default,0,True,context_shuffle,False,raw,0.0018,0.0018,route_context,route_train,set_minus,,,reef,identity,False,32,21,0,0,0,0,0.0,0.0,0.8069579999983034,3.5596669999904407,4.495292000001427,heldout_context_routing,internal_context_shuffle_ablation,CRA_internal,MockSimulator,43,route_context,route_train,53,reef,identity,False,False,-1,0.0018,0.0,0.0,0,False,-1,False,-1,internal_context_shuffle_ablation,internal_ablation,context_shuffle,0.0018,False,reef,,False,32,21,0,0,0,0.0018,0.1,0.2,8,8
370,1000.0,8,8,0,8,0,0,4.799907306513256,4.799907306513256,4.799907306513256,-0.0764630700146552,-0.0,0.02983886392816186,1.0,-0.0764630700146552,False,0,0,0,0,0,0.0,0.0,0.0,0.0,0.0,0,0.0,0,0,disabled,disabled,True,keyed,1,0,False,raw,0,0.0034000000000000002,0.0034000000000000002,default,0,True,keyed,0,0,False,raw,0,0.0034000000000000002,0.0034000000000000002,default,0,True,context_shuffle,False,raw,0.0034000000000000002,0.0034000000000000002,context_distractor,route_train,set_minus,,,reef,identity,False,32,21,0,0,0,0,0.0,0.0,0.7960419999903934,3.5087910000015654,4.43062499999769,heldout_context_routing,internal_context_shuffle_ablation,CRA_internal,MockSimulator,43,context_distractor,route_train,53,reef,identity,False,False,-1,0.0034000000000000002,0.0,0.0,0,False,-1,False,-1,internal_context_shuffle_ablation,internal_ablation,context_shuffle,0.0034000000000000002,False,reef,,False,32,21,0,0,0,0.0034000000000000002,0.1,0.2,8,8
371,1000.0,8,8,0,8,0,0,4.785807661224197,4.785807661224197,4.785807661224197,-0.06188689194326136,-0.0,0.029898858098863182,1.0,-0.06188689194326136,False,0,0,0,0,0,0.0,0.0,0.0,0.0,0.0,0,0.0,0,0,disabled,disabled,True,keyed,1,0,False,raw,0,0.0027500000000000003,0.0027500000000000003,default,0,True,keyed,0,0,False,raw,0,0.0027500000000000003,0.0027500000000000003,default,0,True,context_shuffle,False,raw,0.0027500000000000003,0.0027500000000000003,skill_distractor,route_train,set_minus,,,reef,identity,False,32,21,0,0,0,0,0.0,0.0,0.7945419999941805,3.5178330000462665,4.437083000027542,heldout_context_routing,internal_context_shuffle_ablation,CRA_internal,MockSimulator,43,skill_distractor,route_train,53,reef,identity,False,False,-1,0.0027500000000000003,0.0,0.0,0,False,-1,False,-1,internal_context_shuffle_ablation,internal_ablation,context_shuffle,0.0027500000000000003,False,reef,,False,32,21,0,0,0,0.0027500000000000003,0.1,0.2,8,8
372,1000.0,8,8,0,8,0,0,4.771778043009625,4.771778043009625,4.771778043009625,-0.07646307001465519,-0.0,0.029944516957165185,1.0,-0.07646307001465519,False,0,0,0,0,0,0.0,0.0,0.0,0.0,0.0,0,0.0,0,0,disabled,disabled,True,keyed,1,0,False,raw,0,0.0034000000000000002,0.0034000000000000002,default,0,True,keyed,0,0,False,raw,0,0.0034000000000000002,0.0034000000000000002,default,0,True,context_shuffle,False,raw,0.0034000000000000002,0.0034000000000000002,context_distractor,route_train,set_minus,,,reef,identity,False,32,21,0,0,0,0,0.0,0.0,0.7929999999873871,3.675792000024103,4.593708000015795,heldout_context_routing,internal_context_shuffle_ablation,CRA_internal,MockSimulator,43,context_distractor,route_train,53,reef,identity,False,False,-1,0.0034000000000000002,0.0,0.0,0,False,-1,False,-1,internal_context_shuffle_ablation,internal_ablation,context_shuffle,0.0034000000000000002,False,reef,,False,32,21,0,0,0,0.0034000000000000002,0.1,0.2,8,8
373,1000.0,8,8,0,8,0,0,4.757818102616904,4.757818102616904,4.757818102616904,-0.06188689194326136,-0.0,0.02997638991789556,1.0,-0.06188689194326136,False,0,0,0,0,0,0.0,0.0,0.0,0.0,0.0,0,0.0,0,0,disabled,disabled,True,keyed,1,0,False,raw,0,0.0027500000000000003,0.0027500000000000003,default,0,True,keyed,0,0,False,raw,0,0.0027500000000000003,0.0027500000000000003,default,0,True,context_shuffle,False,raw,0.0027500000000000003,0.0027500000000000003,skill_distractor,route_train,set_minus,,,reef,identity,False,32,21,0,0,0,0,0.0,0.0,0.8113330000014685,3.5347919999821897,4.475333000016235,heldout_context_routing,internal_context_shuffle_ablation,CRA_internal,MockSimulator,43,skill_distractor,route_train,53,reef,identity,False,False,-1,0.0027500000000000003,0.0,0.0,0,False,-1,False,-1,internal_context_shuffle_ablation,internal_ablation,context_shuffle,0.0027500000000000003,False,reef,,False,32,21,0,0,0,0.0027500000000000003,0.1,0.2,8,8
374,1000.0,8,8,0,8,0,0,4.743927492535304,4.743927492535304,4.743927492535304,-0.07646307001465519,-0.0,0.02999501015341386,1.0,-0.07646307001465519,False,0,0,0,0,0,0.0,0.0,0.0,0.0,0.0,0,0.0,0,0,disabled,disabled,True,keyed,1,0,False,raw,0,0.0034000000000000002,0.0034000000000000002,default,0,True,keyed,0,0,False,raw,0,0.0034000000000000002,0.0034000000000000002,default,0,True,context_shuffle,False,raw,0.0034000000000000002,0.0034000000000000002,context_distractor,route_train,set_minus,,,reef,identity,False,32,21,0,0,0,0,0.0,0.0,0.7967920000169215,3.5824999999931606,4.5042079999575435,heldout_context_routing,internal_context_shuffle_ablation,CRA_internal,MockSimulator,43,context_distractor,route_train,53,reef,identity,False,False,-1,0.0034000000000000002,0.0,0.0,0,False,-1,False,-1,internal_context_shuffle_ablation,internal_ablation,context_shuffle,0.0034000000000000002,False,reef,,False,32,21,0,0,0,0.0034000000000000002,0.1,0.2,8,8
375,1000.0,8,8,0,8,0,0,4.730105866987312,4.730105866987312,4.730105866987312,0.06188689194326136,0.0,0.030000895023544267,1.0,0.06188689194326136,False,0,0,0,0,0,0.0,0.0,0.0,0.0,0.0,0,0.0,0,0,disabled,disabled,True,keyed,1,0,False,raw,0,-0.0027500000000000003,-0.0027500000000000003,default,0,True,keyed,0,0,False,raw,0,-0.0027500000000000003,-0.0027500000000000003,default,0,True,context_shuffle,False,raw,-0.0027500000000000003,-0.0027500000000000003,skill_distractor,route_train,set_minus,,,reef,identity,False,32,21,0,0,0,0,0.0,0.0,0.7950410000034935,3.659459000004972,4.579041999988931,heldout_context_routing,internal_context_shuffle_ablation,CRA_internal,MockSimulator,43,skill_distractor,route_train,53,reef,identity,False,False,-1,-0.0027500000000000003,0.0,0.0,0,False,1,False,-1,internal_context_shuffle_ablation,internal_ablation,context_shuffle,-0.0027500000000000003,False,reef,,False,32,21,0,0,0,-0.0027500000000000003,0.1,0.2,8,8
376,1000.0,8,8,0,8,0,0,4.716352881919986,4.716352881919986,4.716352881919986,-0.11219130453915543,-0.0,0.02999454649480809,1.0,-0.11219130453915543,False,0,0,0,0,0,0.0,0.0,0.0,0.0,0.0,0,0.0,0,0,disabled,disabled,True,keyed,1,0,False,raw,0,0.005,0.005,default,0,True,keyed,0,0,False,raw,0,0.005,0.005,default,0,True,context_shuffle,False,raw,0.005,0.005,context_distractor,route_train,set_minus,,,reef,identity,False,32,21,0,0,0,0,0.0,0.0,0.8048749999716165,3.608750000012151,4.546125000047141,heldout_context_routing,internal_context_shuffle_ablation,CRA_internal,MockSimulator,43,context_distractor,route_train,53,reef,identity,False,False,-1,0.005,0.0,0.0,0,False,-1,False,-1,internal_context_shuffle_ablation,internal_ablation,context_shuffle,0.005,False,reef,,False,32,21,0,0,0,0.005,0.1,0.2,8,8
377,1000.0,8,8,0,8,0,0,4.702668194996354,4.702668194996354,4.702668194996354,0.06188689194326135,0.0,0.029976451549211944,1.0,0.06188689194326135,False,0,0,0,0,0,0.0,0.0,0.0,0.0,0.0,0,0.0,0,0,disabled,disabled,True,keyed,1,0,False,raw,0,-0.0027500000000000003,-0.0027500000000000003,default,0,True,keyed,0,0,False,raw,0,-0.0027500000000000003,-0.0027500000000000003,default,0,True,context_shuffle,False,raw,-0.0027500000000000003,-0.0027500000000000003,skill_distractor,route_train,set_minus,,,reef,identity,False,32,21,0,0,0,0,0.0,0.0,0.9038329999953021,3.5942499999919164,4.626208000047427,heldout_context_routing,internal_context_shuffle_ablation,CRA_internal,MockSimulator,43,skill_distractor,route_train,53,reef,identity,False,False,-1,-0.0027500000000000003,0.0,0.0,0,False,1,False,-1,internal_context_shuffle_ablation,internal_ablation,context_shuffle,-0.0027500000000000003,False,reef,,False,32,21,0,0,0,-0.0027500000000000003,0.1,0.2,8,8
378,1000.0,8,8,0,8,0,0,4.68905146558686,4.68905146558686,4.68905146558686,-0.07646307001465519,-0.0,0.02994708258284172,1.0,-0.07646307001465519,False,0,0,0,0,0,0.0,0.0,0.0,0.0,0.0,0,0.0,0,0,disabled,disabled,True,keyed,1,0,False,raw,0,0.0034000000000000002,0.0034000000000000002,default,0,True,keyed,0,0,False,raw,0,0.0034000000000000002,0.0034000000000000002,default,0,True,context_shuffle,False,raw,0.0034000000000000002,0.0034000000000000002,context_distractor,route_train,set_minus,,,reef,identity,False,32,21,0,0,0,0,0.0,0.0,0.8108750000133114,3.58408300002111,4.531250000013642,heldout_context_routing,internal_context_shuffle_ablation,CRA_internal,MockSimulator,43,context_distractor,route_train,53,reef,identity,False,False,-1,0.0034000000000000002,0.0,0.0,0,False,-1,False,-1,internal_context_shuffle_ablation,internal_ablation,context_shuffle,0.0034000000000000002,False,reef,,False,32,21,0,0,0,0.0034000000000000002,0.1,0.2,8,8
379,1000.0,8,8,0,8,0,0,4.675502354760841,4.675502354760841,4.675502354760841,0.06188689194326136,0.0,0.02990689779450662,1.0,0.06188689194326136,False,0,0,0,0,0,0.0,0.0,0.0,0.0,0.0,0,0.0,0,0,disabled,disabled,True,keyed,1,0,False,raw,0,-0.0027500000000000003,-0.0027500000000000003,default,0,True,keyed,0,0,False,raw,0,-0.0027500000000000003,-0.0027500000000000003,default,0,True,context_shuffle,False,raw,-0.0027500000000000003,-0.0027500000000000003,skill_distractor,route_train,set_minus,,,reef,identity,False,32,21,0,0,0,0,0.0,0.0,0.7970000000341315,3.7419999999883657,4.663832999995066,heldout_context_routing,internal_context_shuffle_ablation,CRA_internal,MockSimulator,43,skill_distractor,route_train,53,reef,identity,False,False,-1,-0.0027500000000000003,0.0,0.0,0,False,1,False,-1,internal_context_shuffle_ablation,internal_ablation,context_shuffle,-0.0027500000000000003,False,reef,,False,32,21,0,0,0,-0.0027500000000000003,0.1,0.2,8,8
380,1000.0,8,8,0,8,0,0,4.66202052527806,4.66202052527806,4.66202052527806,0.22159343712328416,0.0,0.029856341564671787,1.0,0.22159343712328416,False,0,0,0,0,0,0.0,0.0,0.0,0.0,0.0,0,0.0,0,0,disabled,disabled,True,keyed,1,0,False,raw,0,-0.01,-0.01,default,0,True,keyed,0,0,False,raw,0,-0.01,-0.01,default,0,True,context_shuffle,False,raw,-0.01,-0.01,input,route_train,set_minus,,,reef,identity,False,32,21,0,0,0,0,0.0,0.0,0.8176659999890035,3.657625000016651,4.606374999980289,heldout_context_routing,internal_context_shuffle_ablation,CRA_internal,MockSimulator,43,input,route_train,53,reef,identity,False,False,-1,-0.01,0.0,0.0,0,False,1,False,-1,internal_context_shuffle_ablation,internal_ablation,context_shuffle,-0.01,False,reef,,False,32,21,0,0,0,-0.01,0.1,0.2,8,8
381,1000.0,8,8,0,8,0,0,4.648605641580271,4.648605641580271,4.648605641580271,0.6420149920119997,-0.9999946965622277,0.029795844824912543,1.0,0.6420149920119997,False,0,0,0,0,0,0.0,0.0,0.0,0.0,0.0,0,0.0,0,0,disabled,disabled,True,keyed,1,0,True,internal_keyed_context,-1,-0.01,-0.01,default,0,True,keyed,0,0,False,raw,0,-0.01,-0.01,default,0,True,context_shuffle,True,internal_context_shuffle_router,-0.01,0.01,decision,route_train,set_minus,,set_plus,reef,identity,False,32,22,0,0,0,0,0.0,0.0,0.8052499999848806,3.6684590000390926,4.600040999946486,heldout_context_routing,internal_context_shuffle_ablation,CRA_internal,MockSimulator,43,decision,route_train,53,reef,identity,False,False,-1,-0.01,-0.01,-0.01,-1,True,1,False,381,internal_context_shuffle_ablation,internal_ablation,context_shuffle,-0.01,False,reef,set_plus,False,32,22,0,0,0,0.01,0.1,0.2,8,8
382,1000.0,8,8,0,8,0,0,4.635257369782831,4.635257369782831,4.635257369782831,-0.15626187996415802,-0.0,0.0297258254181178,1.0,-0.15626187996415802,False,0,0,0,0,0,0.0,0.0,0.0,0.0,0.0,0,0.0,0,0,disabled,disabled,True,keyed,1,0,False,raw,0,0.005,0.005,default,0,True,keyed,0,0,False,raw,0,0.005,0.005,default,0,True,context_shuffle,False,raw,0.005,0.005,route_context,route_train,set_minus,,,storm,set_plus,False,32,22,0,0,0,0,0.0,0.0,0.7954999999810752,3.7326660000189804,4.654166000022997,heldout_context_routing,internal_context_shuffle_ablation,CRA_internal,MockSimulator,43,route_context,route_train,54,storm,set_plus,False,False,1,0.005,0.0,0.0,0,False,-1,False,-1,internal_context_shuffle_ablation,internal_ablation,context_shuffle,0.005,False,storm,,False,32,22,0,0,0,0.005,0.1,0.2,8,8
383,1000.0,8,8,0,8,0,0,4.621975377666357,4.621975377666357,4.621975377666357,-0.10672780484407828,-0.0,0.029646688449664886,1.0,-0.10672780484407828,False,0,0,0,0,0,0.0,0.0,0.0,0.0,0.0,0,0.0,0,0,disabled,disabled,True,keyed,1,0,False,raw,0,0.0034000000000000002,0.0034000000000000002,default,0,True,keyed,0,0,False,raw,0,0.0034000000000000002,0.0034000000000000002,default,0,True,context_shuffle,False,raw,0.0034000000000000002,0.0034000000000000002,context_distractor,route_train,set_minus,,,storm,set_plus,False,32,22,0,0,0,0,0.0,0.0,0.8162500000139516,3.670750000026146,4.618625000034626,heldout_context_routing,internal_context_shuffle_ablation,CRA_internal,MockSimulator,43,context_distractor,route_train,54,storm,set_plus,False,False,1,0.0034000000000000002,0.0,0.0,0,False,-1,False,-1,internal_context_shuffle_ablation,internal_ablation,context_shuffle,0.0034000000000000002,False,storm,,False,32,22,0,0,0,0.0034000000000000002,0.1,0.2,8,8
384,1000.0,8,8,0,8,0,0,4.608759334668412,4.608759334668412,4.608759334668412,-0.0864377423912483,-0.0,0.029558826629782837,1.0,-0.0864377423912483,False,0,0,0,0,0,0.0,0.0,0.0,0.0,0.0,0,0.0,0,0,disabled,disabled,True,keyed,1,0,False,raw,0,0.0027500000000000003,0.0027500000000000003,default,0,True,keyed,0,0,False,raw,0,0.0027500000000000003,0.0027500000000000003,default,0,True,context_shuffle,False,raw,0.0027500000000000003,0.0027500000000000003,skill_distractor,route_train,set_minus,,,storm,set_plus,False,32,22,0,0,0,0,0.0,0.0,0.846708999972634,3.6589160000062293,4.6304589999977,heldout_context_routing,internal_context_shuffle_ablation,CRA_internal,MockSimulator,43,skill_distractor,route_train,54,storm,set_plus,False,False,1,0.0027500000000000003,0.0,0.0,0,False,-1,False,-1,internal_context_shuffle_ablation,internal_ablation,context_shuffle,0.0027500000000000003,False,storm,,False,32,22,0,0,0,0.0027500000000000003,0.1,0.2,8,8
385,1000.0,8,8,0,8,0,0,4.595608911875249,4.595608911875249,4.595608911875249,-0.10672780484407829,-0.0,0.029462620607316206,1.0,-0.10672780484407829,False,0,0,0,0,0,0.0,0.0,0.0,0.0,0.0,0,0.0,0,0,disabled,disabled,True,keyed,1,0,False,raw,0,0.0034000000000000002,0.0034000000000000002,default,0,True,keyed,0,0,False,raw,0,0.0034000000000000002,0.0034000000000000002,default,0,True,context_shuffle,False,raw,0.0034000000000000002,0.0034000000000000002,context_distractor,route_train,set_minus,,,storm,set_plus,False,32,22,0,0,0,0,0.0,0.0,0.7994580000172391,3.653124999971169,4.5771249999688735,heldout_context_routing,internal_context_shuffle_ablation,CRA_internal,MockSimulator,43,context_distractor,route_train,54,storm,set_plus,False,False,1,0.0034000000000000002,0.0,0.0,0,False,-1,False,-1,internal_context_shuffle_ablation,internal_ablation,context_shuffle,0.0034000000000000002,False,storm,,False,32,22,0,0,0,0.0034000000000000002,0.1,0.2,8,8
386,1000.0,8,8,0,8,0,0,4.582523782013583,4.582523782013583,4.582523782013583,-0.0864377423912483,-0.0,0.029358439295096326,1.0,-0.0864377423912483,False,0,0,0,0,0,0.0,0.0,0.0,0.0,0.0,0,0.0,0,0,disabled,disabled,True,keyed,1,0,False,raw,0,0.0027500000000000003,0.0027500000000000003,default,0,True,keyed,0,0,False,raw,0,0.0027500000000000003,0.0027500000000000003,default,0,True,context_shuffle,False,raw,0.0027500000000000003,0.0027500000000000003,skill_distractor,route_train,set_minus,,,storm,set_plus,False,32,22,0,0,0,0,0.0,0.0,0.7982920000131344,3.801291999991463,4.723875000024691,heldout_context_routing,internal_context_shuffle_ablation,CRA_internal,MockSimulator,43,skill_distractor,route_train,54,storm,set_plus,False,False,1,0.0027500000000000003,0.0,0.0,0,False,-1,False,-1,internal_context_shuffle_ablation,internal_ablation,context_shuffle,0.0027500000000000003,False,storm,,False,32,22,0,0,0,0.0027500000000000003,0.1,0.2,8,8
387,1000.0,8,8,0,8,0,0,4.569503619442412,4.569503619442412,4.569503619442412,-0.05665822794786511,-0.0,0.02924664018712232,1.0,-0.05665822794786511,False,0,0,0,0,0,0.0,0.0,0.0,0.0,0.0,0,0.0,0,0,disabled,disabled,True,keyed,1,0,False,raw,0,0.0018,0.0018,default,0,True,keyed,0,0,False,raw,0,0.0018,0.0018,default,0,True,context_shuffle,False,raw,0.0018,0.0018,context_distractor,route_train,set_minus,,,storm,set_plus,False,32,22,0,0,0,0,0.0,0.0,0.8065000000101463,3.720208000004277,4.6567499999810025,heldout_context_routing,internal_context_shuffle_ablation,CRA_internal,MockSimulator,43,context_distractor,route_train,54,storm,set_plus,False,False,1,0.0018,0.0,0.0,0,False,-1,False,-1,internal_context_shuffle_ablation,internal_ablation,context_shuffle,0.0018,False,storm,,False,32,22,0,0,0,0.0018,0.1,0.2,8,8
388,1000.0,8,8,0,8,0,0,4.556548100144876,4.556548100144876,4.556548100144876,0.03150011517421175,0.0,0.02912756966774923,1.0,0.03150011517421175,False,0,0,0,0,0,0.0,0.0,0.0,0.0,0.0,0,0.0,0,0,disabled,disabled,True,keyed,1,0,False,raw,0,-0.001,-0.001,default,0,True,keyed,0,0,False,raw,0,-0.001,-0.001,default,0,True,context_shuffle,False,raw,-0.001,-0.001,skill_distractor,route_train,set_minus,,,storm,set_plus,False,32,22,0,0,0,0,0.0,0.0,0.807082999983777,3.733291999992616,4.66599999998607,heldout_context_routing,internal_context_shuffle_ablation,CRA_internal,MockSimulator,43,skill_distractor,route_train,54,storm,set_plus,False,False,1,-0.001,0.0,0.0,0,False,1,False,-1,internal_context_shuffle_ablation,internal_ablation,context_shuffle,-0.001,False,storm,,False,32,22,0,0,0,-0.001,0.1,0.2,8,8
389,1000.0,8,8,0,8,0,0,4.543656901720152,4.543656901720152,4.543656901720152,-0.10672780484407828,-0.0,0.02900156331307622,1.0,-0.10672780484407828,False,0,0,0,0,0,0.0,0.0,0.0,0.0,0.0,0,0.0,0,0,disabled,disabled,True,keyed,1,0,False,raw,0,0.0034000000000000002,0.0034000000000000002,default,0,True,keyed,0,0,False,raw,0,0.0034000000000000002,0.0034000000000000002,default,0,True,context_shuffle,False,raw,0.0034000000000000002,0.0034000000000000002,context_distractor,route_train,set_minus,,,storm,set_plus,False,32,22,0,0,0,0,0.0,0.0,0.8034580000071401,3.872000000001208,4.800708999994185,heldout_context_routing,internal_context_shuffle_ablation,CRA_internal,MockSimulator,43,context_distractor,route_train,54,storm,set_plus,False,False,1,0.0034000000000000002,0.0,0.0,0,False,-1,False,-1,internal_context_shuffle_ablation,internal_ablation,context_shuffle,0.0034000000000000002,False,storm,,False,32,22,0,0,0,0.0034000000000000002,0.1,0.2,8,8
390,1000.0,8,8,0,8,0,0,4.530829703375403,4.530829703375403,4.530829703375403,-0.0864377423912483,-0.0,0.028868946184723028,1.0,-0.0864377423912483,False,0,0,0,0,0,0.0,0.0,0.0,0.0,0.0,0,0.0,0,0,disabled,disabled,True,keyed,1,0,False,raw,0,0.0027500000000000003,0.0027500000000000003,default,0,True,keyed,0,0,False,raw,0,0.0027500000000000003,0.0027500000000000003,default,0,True,context_shuffle,False,raw,0.0027500000000000003,0.0027500000000000003,skill_distractor,route_train,set_minus,,,storm,set_plus,False,32,22,0,0,0,0,0.0,0.0,0.8121670000491577,3.7151249999851643,4.656416999978319,heldout_context_routing,internal_context_shuffle_ablation,CRA_internal,MockSimulator,43,skill_distractor,route_train,54,storm,set_plus,False,False,1,0.0027500000000000003,0.0,0.0,0,False,-1,False,-1,internal_context_shuffle_ablation,internal_ablation,context_shuffle,0.0027500000000000003,False,storm,,False,32,22,0,0,0,0.0027500000000000003,0.1,0.2,8,8
391,1000.0,8,8,0,8,0,0,4.518066185917748,4.518066185917748,4.518066185917748,-0.20502222411117504,-0.0,0.028730033116178732,1.0,-0.20502222411117504,False,0,0,0,0,0,0.0,0.0,0.0,0.0,0.0,0,0.0,0,0,disabled,disabled,True,keyed,1,0,False,raw,0,0.006600000000000001,0.006600000000000001,default,0,True,keyed,0,0,False,raw,0,0.006600000000000001,0.006600000000000001,default,0,True,context_shuffle,False,raw,0.006600000000000001,0.006600000000000001,context_distractor,route_train,set_minus,,,storm,set_plus,False,32,22,0,0,0,0,0.0,0.0,0.8005839999896125,3.734915999984878,4.660374999957639,heldout_context_routing,internal_context_shuffle_ablation,CRA_internal,MockSimulator,43,context_distractor,route_train,54,storm,set_plus,False,False,1,0.006600000000000001,0.0,0.0,0,False,-1,False,-1,internal_context_shuffle_ablation,internal_ablation,context_shuffle,0.006600000000000001,False,storm,,False,32,22,0,0,0,0.006600000000000001,0.1,0.2,8,8
392,1000.0,8,8,0,8,0,0,4.50536603174629,4.50536603174629,4.50536603174629,-0.08643774239124828,-0.0,0.02858512899190232,1.0,-0.08643774239124828,False,0,0,0,0,0,0.0,0.0,0.0,0.0,0.0,0,0.0,0,0,disabled,disabled,True,keyed,1,0,False,raw,0,0.0027500000000000003,0.0027500000000000003,default,0,True,keyed,0,0,False,raw,0,0.0027500000000000003,0.0027500000000000003,default,0,True,context_shuffle,False,raw,0.0027500000000000003,0.0027500000000000003,skill_distractor,route_train,set_minus,,,storm,set_plus,False,32,22,0,0,0,0,0.0,0.0,0.8155410000085794,3.7554169999793885,4.6949580000159585,heldout_context_routing,internal_context_shuffle_ablation,CRA_internal,MockSimulator,43,skill_distractor,route_train,54,storm,set_plus,False,False,1,0.0027500000000000003,0.0,0.0,0,False,-1,False,-1,internal_context_shuffle_ablation,internal_ablation,context_shuffle,0.0027500000000000003,False,storm,,False,32,22,0,0,0,0.0027500000000000003,0.1,0.2,8,8
393,1000.0,8,8,0,8,0,0,4.492728924844168,4.492728924844168,4.492728924844168,-0.3050745189272772,-0.0,0.028434529019350493,1.0,-0.3050745189272772,False,0,0,0,0,0,0.0,0.0,0.0,0.0,0.0,0,0.0,0,0,disabled,disabled,True,keyed,1,0,False,raw,0,0.01,0.01,default,0,True,keyed,0,0,False,raw,0,0.01,0.01,default,0,True,context_shuffle,False,raw,0.01,0.01,input,route_train,set_minus,,,storm,set_plus,False,32,22,0,0,0,0,0.0,0.0,0.7941249999703359,3.829083000027822,4.747415999986515,heldout_context_routing,internal_context_shuffle_ablation,CRA_internal,MockSimulator,43,input,route_train,54,storm,set_plus,False,False,1,0.01,0.0,0.0,0,False,-1,False,-1,internal_context_shuffle_ablation,internal_ablation,context_shuffle,0.01,False,storm,,False,32,22,0,0,0,0.01,0.1,0.2,8,8
394,1000.0,8,8,0,8,0,0,4.480154550770667,4.480154550770667,4.480154550770667,-0.6420149920119997,-0.9999946965622277,0.02827851899410398,1.0,-0.6420149920119997,False,0,0,0,0,0,0.0,0.0,0.0,0.0,0.0,0,0.0,0,0,disabled,disabled,True,keyed,1,0,True,internal_keyed_context,1,0.01,0.01,default,0,True,keyed,0,0,False,raw,0,0.01,0.01,default,0,True,context_shuffle,True,internal_context_shuffle_router,0.01,-0.01,decision,route_train,set_minus,,set_minus,storm,set_plus,False,32,23,0,0,0,0,0.0,0.0,0.8124590000306853,3.8127079999981106,4.754250000019056,heldout_context_routing,internal_context_shuffle_ablation,CRA_internal,MockSimulator,43,decision,route_train,54,storm,set_plus,False,False,1,0.01,0.01,0.01,1,True,-1,False,394,internal_context_shuffle_ablation,internal_ablation,context_shuffle,0.01,False,storm,set_minus,False,32,23,0,0,0,-0.01,0.1,0.2,8,8
395,1000.0,8,8,0,8,0,0,4.4676425966533495,4.4676425966533495,4.4676425966533495,-0.19967583910858944,-0.0,0.028117375558259584,1.0,-0.19967583910858944,False,0,0,0,0,0,0.0,0.0,0.0,0.0,0.0,0,0.0,0,0,disabled,disabled,True,keyed,1,0,False,raw,0,0.005,0.005,default,0,True,keyed,0,0,False,raw,0,0.005,0.005,default,0,True,context_shuffle,False,raw,0.005,0.005,route_context,route_train,set_minus,,,storm,set_plus,False,32,23,0,0,0,0,0.0,0.0,0.7995419999815567,3.7476250000167965,4.672666999965713,heldout_context_routing,internal_context_shuffle_ablation,CRA_internal,MockSimulator,43,route_context,route_train,55,storm,set_plus,False,False,-1,0.005,0.0,0.0,0,False,-1,False,-1,internal_context_shuffle_ablation,internal_ablation,context_shuffle,0.005,False,storm,,False,32,23,0,0,0,0.005,0.1,0.2,8,8
396,1000.0,8,8,0,8,0,0,4.455192751180236,4.455192751180236,4.455192751180236,-0.07273350134321324,-0.0,0.027951366452251325,1.0,-0.07273350134321324,False,0,0,0,0,0,0.0,0.0,0.0,0.0,0.0,0,0.0,0,0,disabled,disabled,True,keyed,1,0,False,raw,0,0.0018,0.0018,default,0,True,keyed,0,0,False,raw,0,0.0018,0.0018,default,0,True,context_shuffle,False,raw,0.0018,0.0018,context_distractor,route_train,set_minus,,,storm,set_plus,False,32,23,0,0,0,0,0.0,0.0,0.7981670000276608,3.866500000015094,4.790332999959901,heldout_context_routing,internal_context_shuffle_ablation,CRA_internal,MockSimulator,43,context_distractor,route_train,55,storm,set_plus,False,False,-1,0.0018,0.0,0.0,0,False,-1,False,-1,internal_context_shuffle_ablation,internal_ablation,context_shuffle,0.0018,False,storm,,False,32,23,0,0,0,0.0018,0.1,0.2,8,8
397,1000.0,8,8,0,8,0,0,4.442804704592018,4.442804704592018,4.442804704592018,-0.040456887412812254,-0.0,0.02778075076026009,1.0,-0.040456887412812254,False,0,0,0,0,0,0.0,0.0,0.0,0.0,0.0,0,0.0,0,0,disabled,disabled,True,keyed,1,0,False,raw,0,0.001,0.001,default,0,True,keyed,0,0,False,raw,0,0.001,0.001,default,0,True,context_shuffle,False,raw,0.001,0.001,skill_distractor,route_train,set_minus,,,storm,set_plus,False,32,23,0,0,0,0,0.0,0.0,0.8038750000309847,3.8259579999930793,4.757499999982429,heldout_context_routing,internal_context_shuffle_ablation,CRA_internal,MockSimulator,43,skill_distractor,route_train,55,storm,set_plus,False,False,-1,0.001,0.0,0.0,0,False,-1,False,-1,internal_context_shuffle_ablation,internal_ablation,context_shuffle,0.001,False,storm,,False,32,23,0,0,0,0.001,0.1,0.2,8,8
398,1000.0,8,8,0,8,0,0,4.4304781486743225,4.4304781486743225,4.4304781486743225,-0.26098143007055097,-0.0,0.027605779149367602,1.0,-0.26098143007055097,False,0,0,0,0,0,0.0,0.0,0.0,0.0,0.0,0,0.0,0,0,disabled,disabled,True,keyed,1,0,False,raw,0,0.006600000000000001,0.006600000000000001,default,0,True,keyed,0,0,False,raw,0,0.006600000000000001,0.006600000000000001,default,0,True,context_shuffle,False,raw,0.006600000000000001,0.006600000000000001,context_distractor,route_train,set_minus,,,storm,set_plus,False,32,23,0,0,0,0,0.0,0.0,0.7952079999995476,3.782666999995854,4.703375000019605,heldout_context_routing,internal_context_shuffle_ablation,CRA_internal,MockSimulator,43,context_distractor,route_train,55,storm,set_plus,False,False,-1,0.006600000000000001,0.0,0.0,0,False,-1,False,-1,internal_context_shuffle_ablation,internal_ablation,context_shuffle,0.006600000000000001,False,storm,,False,32,23,0,0,0,0.006600000000000001,0.1,0.2,8,8
399,1000.0,8,8,0,8,0,0,4.418212776749999,4.418212776749999,4.418212776749999,-0.11085967134205177,-0.0,0.027426694102606713,1.0,-0.11085967134205177,False,0,0,0,0,0,0.0,0.0,0.0,0.0,0.0,0,0.0,0,0,disabled,disabled,True,keyed,1,0,False,raw,0,0.0027500000000000003,0.0027500000000000003,default,0,True,keyed,0,0,False,raw,0,0.0027500000000000003,0.0027500000000000003,default,0,True,context_shuffle,False,raw,0.0027500000000000003,0.0027500000000000003,skill_distractor,route_train,set_minus,,,storm,set_plus,False,32,23,0,0,0,0,0.0,0.0,0.811166999994839,3.8660410000375123,4.8020830000155,heldout_context_routing,internal_context_shuffle_ablation,CRA_internal,MockSimulator,43,skill_distractor,route_train,55,storm,set_plus,False,False,-1,0.0027500000000000003,0.0,0.0,0,False,-1,False,-1,internal_context_shuffle_ablation,internal_ablation,context_shuffle,0.0027500000000000003,False,storm,,False,32,23,0,0,0,0.0027500000000000003,0.1,0.2,8,8
400,1000.0,8,8,0,8,0,0,4.406008283671457,4.406008283671457,4.406008283671457,-0.26098143007055097,-0.0,0.02724373014605651,1.0,-0.26098143007055097,False,0,0,0,0,0,0.0,0.0,0.0,0.0,0.0,0,0.0,0,0,disabled,disabled,True,keyed,1,0,False,raw,0,0.006600000000000001,0.006600000000000001,default,0,True,keyed,0,0,False,raw,0,0.006600000000000001,0.006600000000000001,default,0,True,context_shuffle,False,raw,0.006600000000000001,0.006600000000000001,context_distractor,route_train,set_minus,,,storm,set_plus,False,32,23,0,0,0,0,0.0,0.0,0.8397500000114633,3.8527500000213877,4.843666999988727,heldout_context_routing,internal_context_shuffle_ablation,CRA_internal,MockSimulator,43,context_distractor,route_train,55,storm,set_plus,False,False,-1,0.006600000000000001,0.0,0.0,0,False,-1,False,-1,internal_context_shuffle_ablation,internal_ablation,context_shuffle,0.006600000000000001,False,storm,,False,32,23,0,0,0,0.006600000000000001,0.1,0.2,8,8
401,1000.0,8,8,0,8,0,0,4.393864365813034,4.393864365813034,4.393864365813034,0.040456887412812254,0.0,0.027057114070127276,1.0,0.040456887412812254,False,0,0,0,0,0,0.0,0.0,0.0,0.0,0.0,0,0.0,0,0,disabled,disabled,True,keyed,1,0,False,raw,0,-0.001,-0.001,default,0,True,keyed,0,0,False,raw,0,-0.001,-0.001,default,0,True,context_shuffle,False,raw,-0.001,-0.001,skill_distractor,route_train,set_minus,,,storm,set_plus,False,32,23,0,0,0,0,0.0,0.0,0.8023329999673479,3.839958000014576,4.768375000026026,heldout_context_routing,internal_context_shuffle_ablation,CRA_internal,MockSimulator,43,skill_distractor,route_train,55,storm,set_plus,False,False,-1,-0.001,0.0,0.0,0,False,1,False,-1,internal_context_shuffle_ablation,internal_ablation,context_shuffle,-0.001,False,storm,,False,32,23,0,0,0,-0.001,0.1,0.2,8,8
402,1000.0,8,8,0,8,0,0,4.381780721063409,4.381780721063409,4.381780721063409,-0.13676610315768076,-0.0,0.026867065145176786,1.0,-0.13676610315768076,False,0,0,0,0,0,0.0,0.0,0.0,0.0,0.0,0,0.0,0,0,disabled,disabled,True,keyed,1,0,False,raw,0,0.0034000000000000002,0.0034000000000000002,default,0,True,keyed,0,0,False,raw,0,0.0034000000000000002,0.0034000000000000002,default,0,True,context_shuffle,False,raw,0.0034000000000000002,0.0034000000000000002,context_distractor,route_train,set_minus,,,storm,set_plus,False,32,23,0,0,0,0,0.0,0.0,0.7977500000038162,3.8672910000059346,4.791165999961322,heldout_context_routing,internal_context_shuffle_ablation,CRA_internal,MockSimulator,43,context_distractor,route_train,55,storm,set_plus,False,False,-1,0.0034000000000000002,0.0,0.0,0,False,-1,False,-1,internal_context_shuffle_ablation,internal_ablation,context_shuffle,0.0034000000000000002,False,storm,,False,32,23,0,0,0,0.0034000000000000002,0.1,0.2,8,8
403,1000.0,8,8,0,8,0,0,4.369757048818045,4.369757048818045,4.369757048818045,0.11085967134205177,0.0,0.026673795331596264,1.0,0.11085967134205177,False,0,0,0,0,0,0.0,0.0,0.0,0.0,0.0,0,0.0,0,0,disabled,disabled,True,keyed,1,0,False,raw,0,-0.0027500000000000003,-0.0027500000000000003,default,0,True,keyed,0,0,False,raw,0,-0.0027500000000000003,-0.0027500000000000003,default,0,True,context_shuffle,False,raw,-0.0027500000000000003,-0.0027500000000000003,skill_distractor,route_train,set_minus,,,storm,set_plus,False,32,23,0,0,0,0,0.0,0.0,0.7980419999853439,4.0362080000022615,4.9582090000512835,heldout_context_routing,internal_context_shuffle_ablation,CRA_internal,MockSimulator,43,skill_distractor,route_train,55,storm,set_plus,False,False,-1,-0.0027500000000000003,0.0,0.0,0,False,1,False,-1,internal_context_shuffle_ablation,internal_ablation,context_shuffle,-0.0027500000000000003,False,storm,,False,32,23,0,0,0,-0.0027500000000000003,0.1,0.2,8,8
404,1000.0,8,8,0,8,0,0,4.357793049971676,4.357793049971676,4.357793049971676,-0.26098143007055097,-0.0,0.026477509484500894,1.0,-0.26098143007055097,False,0,0,0,0,0,0.0,0.0,0.0,0.0,0.0,0,0.0,0,0,disabled,disabled,True,keyed,1,0,False,raw,0,0.006600000000000001,0.006600000000000001,default,0,True,keyed,0,0,False,raw,0,0.006600000000000001,0.006600000000000001,default,0,True,context_shuffle,False,raw,0.006600000000000001,0.006600000000000001,context_distractor,route_train,set_minus,,,storm,set_plus,False,32,23,0,0,0,0,0.0,0.0,0.8117500000253131,3.912667000008696,4.853000000025531,heldout_context_routing,internal_context_shuffle_ablation,CRA_internal,MockSimulator,43,context_distractor,route_train,55,storm,set_plus,False,False,-1,0.006600000000000001,0.0,0.0,0,False,-1,False,-1,internal_context_shuffle_ablation,internal_ablation,context_shuffle,0.006600000000000001,False,storm,,False,32,23,0,0,0,0.006600000000000001,0.1,0.2,8,8
405,1000.0,8,8,0,8,0,0,4.3458884269108315,4.3458884269108315,4.3458884269108315,-0.040456887412812254,-0.0,0.026278405553156702,1.0,-0.040456887412812254,False,0,0,0,0,0,0.0,0.0,0.0,0.0,0.0,0,0.0,0,0,disabled,disabled,True,keyed,1,0,False,raw,0,0.001,0.001,default,0,True,keyed,0,0,False,raw,0,0.001,0.001,default,0,True,context_shuffle,False,raw,0.001,0.001,skill_distractor,route_train,set_minus,,,storm,set_plus,False,32,23,0,0,0,0,0.0,0.0,0.7975419999866062,3.8392499999986285,4.762374999984331,heldout_context_routing,internal_context_shuffle_ablation,CRA_internal,MockSimulator,43,skill_distractor,route_train,55,storm,set_plus,False,False,-1,0.001,0.0,0.0,0,False,-1,False,-1,internal_context_shuffle_ablation,internal_ablation,context_shuffle,0.001,False,storm,,False,32,23,0,0,0,0.001,0.1,0.2,8,8
406,1000.0,8,8,0,8,0,0,4.3340428835063936,4.3340428835063936,4.3340428835063936,0.3840398405201726,0.0,0.026076674775272476,1.0,0.3840398405201726,False,0,0,0,0,0,0.0,0.0,0.0,0.0,0.0,0,0.0,0,0,disabled,disabled,True,keyed,1,0,False,raw,0,-0.01,-0.01,default,0,True,keyed,0,0,False,raw,0,-0.01,-0.01,default,0,True,context_shuffle,False,raw,-0.01,-0.01,input,route_train,set_minus,,,storm,set_plus,False,32,23,0,0,0,0,0.0,0.0,0.7962909999719159,4.006375000017215,4.927124999994703,heldout_context_routing,internal_context_shuffle_ablation,CRA_internal,MockSimulator,43,input,route_train,55,storm,set_plus,False,False,-1,-0.01,0.0,0.0,0,False,1,False,-1,internal_context_shuffle_ablation,internal_ablation,context_shuffle,-0.01,False,storm,,False,32,23,0,0,0,-0.01,0.1,0.2,8,8
407,1000.0,8,8,0,8,0,0,4.322256125106192,4.322256125106192,4.322256125106192,-0.6420149920119997,-0.9999946965622277,0.025872501866282354,1.0,-0.6420149920119997,False,0,0,0,0,0,0.0,0.0,0.0,0.0,0.0,0,0.0,0,0,disabled,disabled,True,keyed,1,0,True,internal_keyed_context,-1,-0.01,-0.01,default,0,True,keyed,0,0,False,raw,0,-0.01,-0.01,default,0,True,context_shuffle,True,internal_context_shuffle_router,-0.01,-0.01,decision,route_train,set_minus,,set_minus,storm,set_plus,False,32,24,0,0,0,0,0.0,0.0,0.8014580000121896,3.917374999957701,4.847999999981312,heldout_context_routing,internal_context_shuffle_ablation,CRA_internal,MockSimulator,43,decision,route_train,55,storm,set_plus,False,False,-1,-0.01,0.01,0.01,1,True,-1,False,407,internal_context_shuffle_ablation,internal_ablation,context_shuffle,-0.01,False,storm,set_minus,False,32,24,0,0,0,-0.01,0.1,0.2,8,8
408,1000.0,8,8,0,8,0,0,4.310527858527643,4.310527858527643,4.310527858527643,-0.2422775505982197,-0.0,0.025666065203741727,1.0,-0.2422775505982197,False,0,0,0,0,0,0.0,0.0,0.0,0.0,0.0,0,0.0,0,0,disabled,disabled,True,keyed,1,0,False,raw,0,0.005,0.005,default,0,True,keyed,0,0,False,raw,0,0.005,0.005,default,0,True,context_shuffle,False,raw,0.005,0.005,route_context,route_train,set_minus,,,storm,set_plus,False,32,24,0,0,0,0,0.0,0.0,0.7976250000183427,3.867042000024412,4.793750000033015,heldout_context_routing,internal_context_shuffle_ablation,CRA_internal,MockSimulator,43,route_context,route_train,56,storm,set_plus,False,False,1,0.005,0.0,0.0,0,False,-1,False,-1,internal_context_shuffle_ablation,internal_ablation,context_shuffle,0.005,False,storm,,False,32,24,0,0,0,0.005,0.1,0.2,8,8
409,1000.0,8,8,0,8,0,0,4.2988577920504145,4.2988577920504145,4.2988577920504145,-0.31518667408557355,-0.0,0.025457537006956212,1.0,-0.31518667408557355,False,0,0,0,0,0,0.0,0.0,0.0,0.0,0.0,0,0.0,0,0,disabled,disabled,True,keyed,1,0,False,raw,0,0.006600000000000001,0.006600000000000001,default,0,True,keyed,0,0,False,raw,0,0.006600000000000001,0.006600000000000001,default,0,True,context_shuffle,False,raw,0.006600000000000001,0.006600000000000001,context_distractor,route_train,set_minus,,,storm,set_plus,False,32,24,0,0,0,0,0.0,0.0,0.8092499999747815,3.8618749999841384,4.796416999965913,heldout_context_routing,internal_context_shuffle_ablation,CRA_internal,MockSimulator,43,context_distractor,route_train,56,storm,set_plus,False,False,1,0.006600000000000001,0.0,0.0,0,False,-1,False,-1,internal_context_shuffle_ablation,internal_ablation,context_shuffle,0.006600000000000001,False,storm,,False,32,24,0,0,0,0.006600000000000001,0.1,0.2,8,8
410,1000.0,8,8,0,8,0,0,4.287245635409137,4.287245635409137,4.287245635409137,-0.1351242318177632,-0.0,0.025247083511960623,1.0,-0.1351242318177632,False,0,0,0,0,0,0.0,0.0,0.0,0.0,0.0,0,0.0,0,0,disabled,disabled,True,keyed,1,0,False,raw,0,0.0027500000000000003,0.0027500000000000003,default,0,True,keyed,0,0,False,raw,0,0.0027500000000000003,0.0027500000000000003,default,0,True,context_shuffle,False,raw,0.0027500000000000003,0.0027500000000000003,skill_distractor,route_train,set_minus,,,storm,set_plus,False,32,24,0,0,0,0,0.0,0.0,0.8970000000090295,3.9513749999855463,4.979499999990367,heldout_context_routing,internal_context_shuffle_ablation,CRA_internal,MockSimulator,43,skill_distractor,route_train,56,storm,set_plus,False,False,1,0.0027500000000000003,0.0,0.0,0,False,-1,False,-1,internal_context_shuffle_ablation,internal_ablation,context_shuffle,0.0027500000000000003,False,storm,,False,32,24,0,0,0,0.0027500000000000003,0.1,0.2,8,8
411,1000.0,8,8,0,8,0,0,4.275691099786145,4.275691099786145,4.275691099786145,-0.16652533047713772,-0.0,0.025034865141962074,1.0,-0.16652533047713772,False,0,0,0,0,0,0.0,0.0,0.0,0.0,0.0,0,0.0,0,0,disabled,disabled,True,keyed,1,0,False,raw,0,0.0034000000000000002,0.0034000000000000002,default,0,True,keyed,0,0,False,raw,0,0.0034000000000000002,0.0034000000000000002,default,0,True,context_shuffle,False,raw,0.0034000000000000002,0.0034000000000000002,context_distractor,route_train,set_minus,,,storm,set_plus,False,32,24,0,0,0,0,0.0,0.0,0.8028340000123535,3.8976660000002994,4.828416999998808,heldout_context_routing,internal_context_shuffle_ablation,CRA_internal,MockSimulator,43,context_distractor,route_train,56,storm,set_plus,False,False,1,0.0034000000000000002,0.0,0.0,0,False,-1,False,-1,internal_context_shuffle_ablation,internal_ablation,context_shuffle,0.0034000000000000002,False,storm,,False,32,24,0,0,0,0.0034000000000000002,0.1,0.2,8,8
412,1000.0,8,8,0,8,0,0,4.264193897804255,4.264193897804255,4.264193897804255,0.13512423181776323,0.0,0.024821036673358686,1.0,0.13512423181776323,False,0,0,0,0,0,0.0,0.0,0.0,0.0,0.0,0,0.0,0,0,disabled,disabled,True,keyed,1,0,False,raw,0,-0.0027500000000000003,-0.0027500000000000003,default,0,True,keyed,0,0,False,raw,0,-0.0027500000000000003,-0.0027500000000000003,default,0,True,context_shuffle,False,raw,-0.0027500000000000003,-0.0027500000000000003,skill_distractor,route_train,set_minus,,,storm,set_plus,False,32,24,0,0,0,0,0.0,0.0,0.798917000054189,3.938082999979997,4.864375000011023,heldout_context_routing,internal_context_shuffle_ablation,CRA_internal,MockSimulator,43,skill_distractor,route_train,56,storm,set_plus,False,False,1,-0.0027500000000000003,0.0,0.0,0,False,1,False,-1,internal_context_shuffle_ablation,internal_ablation,context_shuffle,-0.0027500000000000003,False,storm,,False,32,24,0,0,0,-0.0027500000000000003,0.1,0.2,8,8
413,1000.0,8,8,0,8,0,0,4.252753743519585,4.252753743519585,4.252753743519585,-0.31518667408557366,-0.0,0.02460574739744265,1.0,-0.31518667408557366,False,0,0,0,0,0,0.0,0.0,0.0,0.0,0.0,0,0.0,0,0,disabled,disabled,True,keyed,1,0,False,raw,0,0.006600000000000001,0.006600000000000001,default,0,True,keyed,0,0,False,raw,0,0.006600000000000001,0.006600000000000001,default,0,True,context_shuffle,False,raw,0.006600000000000001,0.006600000000000001,context_distractor,route_train,set_minus,,,storm,set_plus,False,32,24,0,0,0,0,0.0,0.0,0.8020839999858254,4.3435000000044965,5.271082999968257,heldout_context_routing,internal_context_shuffle_ablation,CRA_internal,MockSimulator,43,context_distractor,route_train,56,storm,set_plus,False,False,1,0.006600000000000001,0.0,0.0,0,False,-1,False,-1,internal_context_shuffle_ablation,internal_ablation,context_shuffle,0.006600000000000001,False,storm,,False,32,24,0,0,0,0.006600000000000001,0.1,0.2,8,8
414,1000.0,8,8,0,8,0,0,4.241370352414404,4.241370352414404,4.241370352414404,0.13512423181776323,0.0,0.02438914127789391,1.0,0.13512423181776323,False,0,0,0,0,0,0.0,0.0,0.0,0.0,0.0,0,0.0,0,0,disabled,disabled,True,keyed,1,0,False,raw,0,-0.0027500000000000003,-0.0027500000000000003,default,0,True,keyed,0,0,False,raw,0,-0.0027500000000000003,-0.0027500000000000003,default,0,True,context_shuffle,False,raw,-0.0027500000000000003,-0.0027500000000000003,skill_distractor,route_train,set_minus,,,storm,set_plus,False,32,24,0,0,0,0,0.0,0.0,0.824040999987119,3.970291999962683,4.929749999973865,heldout_context_routing,internal_context_shuffle_ablation,CRA_internal,MockSimulator,43,skill_distractor,route_train,56,storm,set_plus,False,False,1,-0.0027500000000000003,0.0,0.0,0,False,1,False,-1,internal_context_shuffle_ablation,internal_ablation,context_shuffle,-0.0027500000000000003,False,storm,,False,32,24,0,0,0,-0.0027500000000000003,0.1,0.2,8,8
415,1000.0,8,8,0,8,0,0,4.230043441390018,4.230043441390018,4.230043441390018,-0.08875505667672672,-0.0,0.02417135710416814,1.0,-0.08875505667672672,False,0,0,0,0,0,0.0,0.0,0.0,0.0,0.0,0,0.0,0,0,disabled,disabled,True,keyed,1,0,False,raw,0,0.0018,0.0018,default,0,True,keyed,0,0,False,raw,0,0.0018,0.0018,default,0,True,context_shuffle,False,raw,0.0018,0.0018,context_distractor,route_train,set_minus,,,storm,set_plus,False,32,24,0,0,0,0,0.0,0.0,0.7987500000012915,3.9178330000027017,4.841874999954143,heldout_context_routing,internal_context_shuffle_ablation,CRA_internal,MockSimulator,43,context_distractor,route_train,56,storm,set_plus,False,False,1,0.0018,0.0,0.0,0,False,-1,False,-1,internal_context_shuffle_ablation,internal_ablation,context_shuffle,0.0018,False,storm,,False,32,24,0,0,0,0.0018,0.1,0.2,8,8
416,1000.0,8,8,0,8,0,0,4.218772728759692,4.218772728759692,4.218772728759692,0.13512423181776323,0.0,0.023952528640880245,1.0,0.13512423181776323,False,0,0,0,0,0,0.0,0.0,0.0,0.0,0.0,0,0.0,0,0,disabled,disabled,True,keyed,1,0,False,raw,0,-0.0027500000000000003,-0.0027500000000000003,default,0,True,keyed,0,0,False,raw,0,-0.0027500000000000003,-0.0027500000000000003,default,0,True,context_shuffle,False,raw,-0.0027500000000000003,-0.0027500000000000003,skill_distractor,route_train,set_minus,,,storm,set_plus,False,32,24,0,0,0,0,0.0,0.0,0.7955830000128117,4.377083999997922,5.2967499999567735,heldout_context_routing,internal_context_shuffle_ablation,CRA_internal,MockSimulator,43,skill_distractor,route_train,56,storm,set_plus,False,False,1,-0.0027500000000000003,0.0,0.0,0,False,1,False,-1,internal_context_shuffle_ablation,internal_ablation,context_shuffle,-0.0027500000000000003,False,storm,,False,32,24,0,0,0,-0.0027500000000000003,0.1,0.2,8,8
417,1000.0,8,8,0,8,0,0,4.2075579342416125,4.2075579342416125,4.2075579342416125,-0.31518667408557355,-0.0,0.0237327847732822,1.0,-0.31518667408557355,False,0,0,0,0,0,0.0,0.0,0.0,0.0,0.0,0,0.0,0,0,disabled,disabled,True,keyed,1,0,False,raw,0,0.006600000000000001,0.006600000000000001,default,0,True,keyed,0,0,False,raw,0,0.006600000000000001,0.006600000000000001,default,0,True,context_shuffle,False,raw,0.006600000000000001,0.006600000000000001,context_distractor,route_train,set_minus,,,storm,set_plus,False,32,24,0,0,0,0,0.0,0.0,0.829874999965341,4.005959000039638,4.968958000006296,heldout_context_routing,internal_context_shuffle_ablation,CRA_internal,MockSimulator,43,context_distractor,route_train,56,storm,set_plus,False,False,1,0.006600000000000001,0.0,0.0,0,False,-1,False,-1,internal_context_shuffle_ablation,internal_ablation,context_shuffle,0.006600000000000001,False,storm,,False,32,24,0,0,0,0.006600000000000001,0.1,0.2,8,8
418,1000.0,8,8,0,8,0,0,4.196398778951874,4.196398778951874,4.196398778951874,0.04939821596471469,0.0,0.02351224964893172,1.0,0.04939821596471469,False,0,0,0,0,0,0.0,0.0,0.0,0.0,0.0,0,0.0,0,0,disabled,disabled,True,keyed,1,0,False,raw,0,-0.001,-0.001,default,0,True,keyed,0,0,False,raw,0,-0.001,-0.001,default,0,True,context_shuffle,False,raw,-0.001,-0.001,skill_distractor,route_train,set_minus,,,storm,set_plus,False,32,24,0,0,0,0,0.0,0.0,0.7992920000106096,3.956833000017923,4.882249999980104,heldout_context_routing,internal_context_shuffle_ablation,CRA_internal,MockSimulator,43,skill_distractor,route_train,56,storm,set_plus,False,False,1,-0.001,0.0,0.0,0,False,1,False,-1,internal_context_shuffle_ablation,internal_ablation,context_shuffle,-0.001,False,storm,,False,32,24,0,0,0,-0.001,0.1,0.2,8,8
419,1000.0,8,8,0,8,0,0,4.185294985397511,4.185294985397511,4.185294985397511,-0.45768945709380904,-0.0,0.023291042815645948,1.0,-0.45768945709380904,False,0,0,0,0,0,0.0,0.0,0.0,0.0,0.0,0,0.0,0,0,disabled,disabled,True,keyed,1,0,False,raw,0,0.01,0.01,default,0,True,keyed,0,0,False,raw,0,0.01,0.01,default,0,True,context_shuffle,False,raw,0.01,0.01,input,route_train,set_minus,,,storm,set_plus,False,32,24,0,0,0,0,0.0,0.0,0.8012089999738237,4.356791000020621,5.283125000005384,heldout_context_routing,internal_context_shuffle_ablation,CRA_internal,MockSimulator,43,input,route_train,56,storm,set_plus,False,False,1,0.01,0.0,0.0,0,False,-1,False,-1,internal_context_shuffle_ablation,internal_ablation,context_shuffle,0.01,False,storm,,False,32,24,0,0,0,0.01,0.1,0.2,8,8
420,1000.0,8,8,0,8,0,0,4.174246277469561,4.174246277469561,4.174246277469561,-0.6420149920119997,-0.9999946965622277,0.023069279355832036,1.0,-0.6420149920119997,False,0,0,0,0,0,0.0,0.0,0.0,0.0,0.0,0,0.0,0,0,disabled,disabled,True,keyed,1,0,True,internal_keyed_context,1,0.01,0.01,default,0,True,keyed,0,0,False,raw,0,0.01,0.01,default,0,True,context_shuffle,True,internal_context_shuffle_router,0.01,-0.01,decision,route_train,set_minus,,set_minus,storm,set_plus,False,32,25,0,0,0,0,0.0,0.0,0.924333000000388,4.215083000019604,5.282000000022435,heldout_context_routing,internal_context_shuffle_ablation,CRA_internal,MockSimulator,43,decision,route_train,56,storm,set_plus,False,False,1,0.01,0.01,0.01,1,True,-1,False,420,internal_context_shuffle_ablation,internal_ablation,context_shuffle,0.01,False,storm,set_minus,False,32,25,0,0,0,-0.01,0.1,0.2,8,8
421,1000.0,8,8,0,8,0,0,4.163252380436158,4.163252380436158,4.163252380436158,-0.2839238637560843,-0.0,0.02284707001728442,1.0,-0.2839238637560843,False,0,0,0,0,0,0.0,0.0,0.0,0.0,0.0,0,0.0,0,0,disabled,disabled,True,keyed,1,0,False,raw,0,0.005,0.005,default,0,True,keyed,0,0,False,raw,0,0.005,0.005,default,0,True,context_shuffle,False,raw,0.005,0.005,route_context,route_train,set_minus,,,storm,set_plus,False,32,25,0,0,0,0,0.0,0.0,0.8083339999984673,3.983666000010544,4.921665999972902,heldout_context_routing,internal_context_shuffle_ablation,CRA_internal,MockSimulator,43,route_context,route_train,57,storm,set_plus,False,False,-1,0.005,0.0,0.0,0,False,-1,False,-1,internal_context_shuffle_ablation,internal_ablation,context_shuffle,0.005,False,storm,,False,32,25,0,0,0,0.005,0.1,0.2,8,8
422,1000.0,8,8,0,8,0,0,4.152313020935669,4.152313020935669,4.152313020935669,-0.19595496069106233,-0.0,0.02262452134053638,1.0,-0.19595496069106233,False,0,0,0,0,0,0.0,0.0,0.0,0.0,0.0,0,0.0,0,0,disabled,disabled,True,keyed,1,0,False,raw,0,0.0034000000000000002,0.0034000000000000002,default,0,True,keyed,0,0,False,raw,0,0.0034000000000000002,0.0034000000000000002,default,0,True,context_shuffle,False,raw,0.0034000000000000002,0.0034000000000000002,context_distractor,route_train,set_minus,,,storm,set_plus,False,32,25,0,0,0,0,0.0,0.0,0.7970830000090245,4.126917000007779,5.049790999976267,heldout_context_routing,internal_context_shuffle_ablation,CRA_internal,MockSimulator,43,context_distractor,route_train,57,storm,set_plus,False,False,-1,0.0034000000000000002,0.0,0.0,0,False,-1,False,-1,internal_context_shuffle_ablation,internal_ablation,context_shuffle,0.0034000000000000002,False,storm,,False,32,25,0,0,0,0.0034000000000000002,0.1,0.2,8,8
423,1000.0,8,8,0,8,0,0,4.141427926969856,4.141427926969856,4.141427926969856,-0.05832270469476488,-0.0,0.022401735782851342,1.0,-0.05832270469476488,False,0,0,0,0,0,0.0,0.0,0.0,0.0,0.0,0,0.0,0,0,disabled,disabled,True,keyed,1,0,False,raw,0,0.001,0.001,default,0,True,keyed,0,0,False,raw,0,0.001,0.001,default,0,True,context_shuffle,False,raw,0.001,0.001,skill_distractor,route_train,set_minus,,,storm,set_plus,False,32,25,0,0,0,0,0.0,0.0,0.8872910000263801,4.226499999958833,5.260375000034401,heldout_context_routing,internal_context_shuffle_ablation,CRA_internal,MockSimulator,43,skill_distractor,route_train,57,storm,set_plus,False,False,-1,0.001,0.0,0.0,0,False,-1,False,-1,internal_context_shuffle_ablation,internal_ablation,context_shuffle,0.001,False,storm,,False,32,25,0,0,0,0.001,0.1,0.2,8,8
424,1000.0,8,8,0,8,0,0,4.130596827897079,4.130596827897079,4.130596827897079,-0.36735947131679725,-0.0,0.022178811838937496,1.0,-0.36735947131679725,False,0,0,0,0,0,0.0,0.0,0.0,0.0,0.0,0,0.0,0,0,disabled,disabled,True,keyed,1,0,False,raw,0,0.006600000000000001,0.006600000000000001,default,0,True,keyed,0,0,False,raw,0,0.006600000000000001,0.006600000000000001,default,0,True,context_shuffle,False,raw,0.006600000000000001,0.006600000000000001,context_distractor,route_train,set_minus,,,storm,set_plus,False,32,25,0,0,0,0,0.0,0.0,0.811666000004152,4.034459000024526,4.983417000005375,heldout_context_routing,internal_context_shuffle_ablation,CRA_internal,MockSimulator,43,context_distractor,route_train,57,storm,set_plus,False,False,-1,0.006600000000000001,0.0,0.0,0,False,-1,False,-1,internal_context_shuffle_ablation,internal_ablation,context_shuffle,0.006600000000000001,False,storm,,False,32,25,0,0,0,0.006600000000000001,0.1,0.2,8,8
425,1000.0,8,8,0,8,0,0,4.119819454425526,4.119819454425526,4.119819454425526,-0.15920378058137907,-0.0,0.02195584415846706,1.0,-0.15920378058137907,False,0,0,0,0,0,0.0,0.0,0.0,0.0,0.0,0,0.0,0,0,disabled,disabled,True,keyed,1,0,False,raw,0,0.0027500000000000003,0.0027500000000000003,default,0,True,keyed,0,0,False,raw,0,0.0027500000000000003,0.0027500000000000003,default,0,True,context_shuffle,False,raw,0.0027500000000000003,0.0027500000000000003,skill_distractor,route_train,set_minus,,,storm,set_plus,False,32,25,0,0,0,0,0.0,0.0,0.8633329999838679,3.99129200002335,4.980249999960051,heldout_context_routing,internal_context_shuffle_ablation,CRA_internal,MockSimulator,43,skill_distractor,route_train,57,storm,set_plus,False,False,-1,0.0027500000000000003,0.0,0.0,0,False,-1,False,-1,internal_context_shuffle_ablation,internal_ablation,context_shuffle,0.0027500000000000003,False,storm,,False,32,25,0,0,0,0.0027500000000000003,0.1,0.2,8,8
426,1000.0,8,8,0,8,0,0,4.1090955386064865,4.1090955386064865,4.1090955386064865,-0.36735947131679736,-0.0,0.021732923660479866,1.0,-0.36735947131679736,False,0,0,0,0,0,0.0,0.0,0.0,0.0,0.0,0,0.0,0,0,disabled,disabled,True,keyed,1,0,False,raw,0,0.006600000000000001,0.006600000000000001,default,0,True,keyed,0,0,False,raw,0,0.006600000000000001,0.006600000000000001,default,0,True,context_shuffle,False,raw,0.006600000000000001,0.006600000000000001,context_distractor,route_train,set_minus,,,storm,set_plus,False,32,25,0,0,0,0,0.0,0.0,1.0092080000276837,4.350875000000087,5.485709000026873,heldout_context_routing,internal_context_shuffle_ablation,CRA_internal,MockSimulator,43,context_distractor,route_train,57,storm,set_plus,False,False,-1,0.006600000000000001,0.0,0.0,0,False,-1,False,-1,internal_context_shuffle_ablation,internal_ablation,context_shuffle,0.006600000000000001,False,storm,,False,32,25,0,0,0,0.006600000000000001,0.1,0.2,8,8
427,1000.0,8,8,0,8,0,0,4.098424813827648,4.098424813827648,4.098424813827648,0.05832270469476489,0.0,0.021510137644748774,1.0,0.05832270469476489,False,0,0,0,0,0,0.0,0.0,0.0,0.0,0.0,0,0.0,0,0,disabled,disabled,True,keyed,1,0,False,raw,0,-0.001,-0.001,default,0,True,keyed,0,0,False,raw,0,-0.001,-0.001,default,0,True,context_shuffle,False,raw,-0.001,-0.001,skill_distractor,route_train,set_minus,,,storm,set_plus,False,32,25,0,0,0,0,0.0,0.0,0.817584000003535,4.097124999987045,5.047084000011637,heldout_context_routing,internal_context_shuffle_ablation,CRA_internal,MockSimulator,43,skill_distractor,route_train,57,storm,set_plus,False,False,-1,-0.001,0.0,0.0,0,False,1,False,-1,internal_context_shuffle_ablation,internal_ablation,context_shuffle,-0.001,False,storm,,False,32,25,0,0,0,-0.001,0.1,0.2,8,8
428,1000.0,8,8,0,8,0,0,4.087807014806431,4.087807014806431,4.087807014806431,-0.10471486619790692,-0.0,0.021287569900182733,1.0,-0.10471486619790692,False,0,0,0,0,0,0.0,0.0,0.0,0.0,0.0,0,0.0,0,0,disabled,disabled,True,keyed,1,0,False,raw,0,0.0018,0.0018,default,0,True,keyed,0,0,False,raw,0,0.0018,0.0018,default,0,True,context_shuffle,False,raw,0.0018,0.0018,context_distractor,route_train,set_minus,,,storm,set_plus,False,32,25,0,0,0,0,0.0,0.0,0.7938749999993888,4.070957999999791,4.9914999999600695,heldout_context_routing,internal_context_shuffle_ablation,CRA_internal,MockSimulator,43,context_distractor,route_train,57,storm,set_plus,False,False,-1,0.0018,0.0,0.0,0,False,-1,False,-1,internal_context_shuffle_ablation,internal_ablation,context_shuffle,0.0018,False,storm,,False,32,25,0,0,0,0.0018,0.1,0.2,8,8
429,1000.0,8,8,0,8,0,0,4.0772418775833605,4.0772418775833605,4.0772418775833605,0.05832270469476488,0.0,0.021065300810341435,1.0,0.05832270469476488,False,0,0,0,0,0,0.0,0.0,0.0,0.0,0.0,0,0.0,0,0,disabled,disabled,True,keyed,1,0,False,raw,0,-0.001,-0.001,default,0,True,keyed,0,0,False,raw,0,-0.001,-0.001,default,0,True,context_shuffle,False,raw,-0.001,-0.001,skill_distractor,route_train,set_minus,,,storm,set_plus,False,32,25,0,0,0,0,0.0,0.0,0.794415999962439,4.586584000037419,5.505791000018689,heldout_context_routing,internal_context_shuffle_ablation,CRA_internal,MockSimulator,43,skill_distractor,route_train,57,storm,set_plus,False,False,-1,-0.001,0.0,0.0,0,False,1,False,-1,internal_context_shuffle_ablation,internal_ablation,context_shuffle,-0.001,False,storm,,False,32,25,0,0,0,-0.001,0.1,0.2,8,8
430,1000.0,8,8,0,8,0,0,4.066729139515463,4.066729139515463,4.066729139515463,-0.3673594713167973,-0.0,0.020843407456133715,1.0,-0.3673594713167973,False,0,0,0,0,0,0.0,0.0,0.0,0.0,0.0,0,0.0,0,0,disabled,disabled,True,keyed,1,0,False,raw,0,0.006600000000000001,0.006600000000000001,default,0,True,keyed,0,0,False,raw,0,0.006600000000000001,0.006600000000000001,default,0,True,context_shuffle,False,raw,0.006600000000000001,0.006600000000000001,context_distractor,route_train,set_minus,,,storm,set_plus,False,32,25,0,0,0,0,0.0,0.0,0.8278750000272339,4.12991600001078,5.096374999993714,heldout_context_routing,internal_context_shuffle_ablation,CRA_internal,MockSimulator,43,context_distractor,route_train,57,storm,set_plus,False,False,-1,0.006600000000000001,0.0,0.0,0,False,-1,False,-1,internal_context_shuffle_ablation,internal_ablation,context_shuffle,0.006600000000000001,False,storm,,False,32,25,0,0,0,0.006600000000000001,0.1,0.2,8,8
431,1000.0,8,8,0,8,0,0,4.056268539269701,4.056268539269701,4.056268539269701,0.058322704694764874,0.0,0.02062196371577017,1.0,0.058322704694764874,False,0,0,0,0,0,0.0,0.0,0.0,0.0,0.0,0,0.0,0,0,disabled,disabled,True,keyed,1,0,False,raw,0,-0.001,-0.001,default,0,True,keyed,0,0,False,raw,0,-0.001,-0.001,default,0,True,context_shuffle,False,raw,-0.001,-0.001,skill_distractor,route_train,set_minus,,,storm,set_plus,False,32,25,0,0,0,0,0.0,0.0,0.8001660000331867,4.109249999999065,5.03745800000388,heldout_context_routing,internal_context_shuffle_ablation,CRA_internal,MockSimulator,43,skill_distractor,route_train,57,storm,set_plus,False,False,-1,-0.001,0.0,0.0,0,False,1,False,-1,internal_context_shuffle_ablation,internal_ablation,context_shuffle,-0.001,False,storm,,False,32,25,0,0,0,-0.001,0.1,0.2,8,8
432,1000.0,8,8,0,8,0,0,4.045859816816444,4.045859816816444,4.045859816816444,0.5254867870490652,0.0,0.02040104036203871,1.0,0.5254867870490652,False,0,0,0,0,0,0.0,0.0,0.0,0.0,0.0,0,0.0,0,0,disabled,disabled,True,keyed,1,0,False,raw,0,-0.01,-0.01,default,0,True,keyed,0,0,False,raw,0,-0.01,-0.01,default,0,True,context_shuffle,False,raw,-0.01,-0.01,input,route_train,set_minus,,,storm,set_plus,False,32,25,0,0,0,0,0.0,0.0,0.8075839999719392,4.594250000025113,5.526875000043674,heldout_context_routing,internal_context_shuffle_ablation,CRA_internal,MockSimulator,43,input,route_train,57,storm,set_plus,False,False,-1,-0.01,0.0,0.0,0,False,1,False,-1,internal_context_shuffle_ablation,internal_ablation,context_shuffle,-0.01,False,storm,,False,32,25,0,0,0,-0.01,0.1,0.2,8,8
433,1000.0,8,8,0,8,0,0,4.035502713422961,4.035502713422961,4.035502713422961,-0.6420149920119997,-0.9999946965622277,0.0201807051569702,1.0,-0.6420149920119997,False,0,0,0,0,0,0.0,0.0,0.0,0.0,0.0,0,0.0,0,0,disabled,disabled,True,keyed,1,0,True,internal_keyed_context,-1,-0.01,-0.01,default,0,True,keyed,0,0,False,raw,0,-0.01,-0.01,default,0,True,context_shuffle,True,internal_context_shuffle_router,-0.01,-0.01,decision,route_train,set_minus,,set_minus,storm,set_plus,False,32,26,0,0,0,0,0.0,0.0,0.826208000034967,4.189375000009932,5.1550420000126,heldout_context_routing,internal_context_shuffle_ablation,CRA_internal,MockSimulator,43,decision,route_train,57,storm,set_plus,False,False,-1,-0.01,0.01,0.01,1,True,-1,False,433,internal_context_shuffle_ablation,internal_ablation,context_shuffle,-0.01,False,storm,set_minus,False,32,26,0,0,0,-0.01,0.1,0.2,8,8
434,1000.0,8,8,0,8,0,0,4.025196971646957,4.025196971646957,4.025196971646957,-0.12060504440576582,-0.0,0.019961022943959617,1.0,-0.12060504440576582,False,0,0,0,0,0,0.0,0.0,0.0,0.0,0.0,0,0.0,0,0,disabled,disabled,True,keyed,1,0,False,raw,0,0.0018,0.0018,default,0,True,keyed,0,0,False,raw,0,0.0018,0.0018,default,0,True,context_shuffle,False,raw,0.0018,0.0018,route_context,route_train,set_minus,,,reef,identity,False,32,26,0,0,0,0,0.0,0.0,0.8001669999657679,4.091916999982459,5.016959000045063,heldout_context_routing,internal_context_shuffle_ablation,CRA_internal,MockSimulator,43,route_context,route_train,58,reef,identity,False,False,1,0.0018,0.0,0.0,0,False,-1,False,-1,internal_context_shuffle_ablation,internal_ablation,context_shuffle,0.0018,False,reef,,False,32,26,0,0,0,0.0018,0.1,0.2,8,8
435,1000.0,8,8,0,8,0,0,4.014942335330137,4.014942335330137,4.014942335330137,-0.22500689514781697,-0.0,0.01974205573740667,1.0,-0.22500689514781697,False,0,0,0,0,0,0.0,0.0,0.0,0.0,0.0,0,0.0,0,0,disabled,disabled,True,keyed,1,0,False,raw,0,0.0034000000000000002,0.0034000000000000002,default,0,True,keyed,0,0,False,raw,0,0.0034000000000000002,0.0034000000000000002,default,0,True,context_shuffle,False,raw,0.0034000000000000002,0.0034000000000000002,context_distractor,route_train,set_minus,,,reef,identity,False,32,26,0,0,0,0,0.0,0.0,0.7946669999796541,4.712750000010146,5.63112499997942,heldout_context_routing,internal_context_shuffle_ablation,CRA_internal,MockSimulator,43,context_distractor,route_train,58,reef,identity,False,False,1,0.0034000000000000002,0.0,0.0,0,False,-1,False,-1,internal_context_shuffle_ablation,internal_ablation,context_shuffle,0.0034000000000000002,False,reef,,False,32,26,0,0,0,0.0034000000000000002,0.1,0.2,8,8
436,1000.0,8,8,0,8,0,0,4.0047385495917975,4.0047385495917975,4.0047385495917975,-0.06722897098959467,-0.0,0.019523862809938255,1.0,-0.06722897098959467,False,0,0,0,0,0,0.0,0.0,0.0,0.0,0.0,0,0.0,0,0,disabled,disabled,True,keyed,1,0,False,raw,0,0.001,0.001,default,0,True,keyed,0,0,False,raw,0,0.001,0.001,default,0,True,context_shuffle,False,raw,0.001,0.001,skill_distractor,route_train,set_minus,,,reef,identity,False,32,26,0,0,0,0,0.0,0.0,0.8322499999735555,4.190124999979616,5.156125000041811,heldout_context_routing,internal_context_shuffle_ablation,CRA_internal,MockSimulator,43,skill_distractor,route_train,58,reef,identity,False,False,1,0.001,0.0,0.0,0,False,-1,False,-1,internal_context_shuffle_ablation,internal_ablation,context_shuffle,0.001,False,reef,,False,32,26,0,0,0,0.001,0.1,0.2,8,8
437,1000.0,8,8,0,8,0,0,3.994585360822462,3.994585360822462,3.994585360822462,-0.22500689514781697,-0.0,0.019306500777273618,1.0,-0.22500689514781697,False,0,0,0,0,0,0.0,0.0,0.0,0.0,0.0,0,0.0,0,0,disabled,disabled,True,keyed,1,0,False,raw,0,0.0034000000000000002,0.0034000000000000002,default,0,True,keyed,0,0,False,raw,0,0.0034000000000000002,0.0034000000000000002,default,0,True,context_shuffle,False,raw,0.0034000000000000002,0.0034000000000000002,context_distractor,route_train,set_minus,,,reef,identity,False,32,26,0,0,0,0,0.0,0.0,0.7973329999799716,4.145292000032441,5.068959000027462,heldout_context_routing,internal_context_shuffle_ablation,CRA_internal,MockSimulator,43,context_distractor,route_train,58,reef,identity,False,False,1,0.0034000000000000002,0.0,0.0,0,False,-1,False,-1,internal_context_shuffle_ablation,internal_ablation,context_shuffle,0.0034000000000000002,False,reef,,False,32,26,0,0,0,0.0034000000000000002,0.1,0.2,8,8
438,1000.0,8,8,0,8,0,0,3.9844825166775317,3.9844825166775317,3.9844825166775317,0.06722897098959468,0.0,0.019090023680791587,1.0,0.06722897098959468,False,0,0,0,0,0,0.0,0.0,0.0,0.0,0.0,0,0.0,0,0,disabled,disabled,True,keyed,1,0,False,raw,0,-0.001,-0.001,default,0,True,keyed,0,0,False,raw,0,-0.001,-0.001,default,0,True,context_shuffle,False,raw,-0.001,-0.001,skill_distractor,route_train,set_minus,,,reef,identity,False,32,26,0,0,0,0,0.0,0.0,0.7990419999828191,4.833416999986184,5.7570829999917805,heldout_context_routing,internal_context_shuffle_ablation,CRA_internal,MockSimulator,43,skill_distractor,route_train,58,reef,identity,False,False,1,-0.001,0.0,0.0,0,False,1,False,-1,internal_context_shuffle_ablation,internal_ablation,context_shuffle,-0.001,False,reef,,False,32,26,0,0,0,-0.001,0.1,0.2,8,8
439,1000.0,8,8,0,8,0,0,3.9744297660709833,3.9744297660709833,3.9744297660709833,-0.22500689514781697,-0.0,0.01887448306785793,1.0,-0.22500689514781697,False,0,0,0,0,0,0.0,0.0,0.0,0.0,0.0,0,0.0,0,0,disabled,disabled,True,keyed,1,0,False,raw,0,0.0034000000000000002,0.0034000000000000002,default,0,True,keyed,0,0,False,raw,0,0.0034000000000000002,0.0034000000000000002,default,0,True,context_shuffle,False,raw,0.0034000000000000002,0.0034000000000000002,context_distractor,route_train,set_minus,,,reef,identity,False,32,26,0,0,0,0,0.0,0.0,0.836499999991247,4.243500000029599,5.2153749999774845,heldout_context_routing,internal_context_shuffle_ablation,CRA_internal,MockSimulator,43,context_distractor,route_train,58,reef,identity,False,False,1,0.0034000000000000002,0.0,0.0,0,False,-1,False,-1,internal_context_shuffle_ablation,internal_ablation,context_shuffle,0.0034000000000000002,False,reef,,False,32,26,0,0,0,0.0034000000000000002,0.1,0.2,8,8
440,1000.0,8,8,0,8,0,0,3.96442685916909,3.96442685916909,3.96442685916909,-0.06722897098959468,-0.0,0.0186599280699693,1.0,-0.06722897098959468,False,0,0,0,0,0,0.0,0.0,0.0,0.0,0.0,0,0.0,0,0,disabled,disabled,True,keyed,1,0,False,raw,0,0.001,0.001,default,0,True,keyed,0,0,False,raw,0,0.001,0.001,default,0,True,context_shuffle,False,raw,0.001,0.001,skill_distractor,route_train,set_minus,,,reef,identity,False,32,26,0,0,0,0,0.0,0.0,0.7929999999873871,4.155833000027087,5.075292000014997,heldout_context_routing,internal_context_shuffle_ablation,CRA_internal,MockSimulator,43,skill_distractor,route_train,58,reef,identity,False,False,1,0.001,0.0,0.0,0,False,-1,False,-1,internal_context_shuffle_ablation,internal_ablation,context_shuffle,0.001,False,reef,,False,32,26,0,0,0,0.001,0.1,0.2,8,8
441,1000.0,8,8,0,8,0,0,3.9544735473841763,3.9544735473841763,3.9544735473841763,-0.32448576131556156,-0.0,0.018446405478769072,1.0,-0.32448576131556156,False,0,0,0,0,0,0.0,0.0,0.0,0.0,0.0,0,0.0,0,0,disabled,disabled,True,keyed,1,0,False,raw,0,0.005,0.005,default,0,True,keyed,0,0,False,raw,0,0.005,0.005,default,0,True,context_shuffle,False,raw,0.005,0.005,context_distractor,route_train,set_minus,,,reef,identity,False,32,26,0,0,0,0,0.0,0.0,0.7953340000312892,4.7803329999851485,5.7005419999995866,heldout_context_routing,internal_context_shuffle_ablation,CRA_internal,MockSimulator,43,context_distractor,route_train,58,reef,identity,False,False,1,0.005,0.0,0.0,0,False,-1,False,-1,internal_context_shuffle_ablation,internal_ablation,context_shuffle,0.005,False,reef,,False,32,26,0,0,0,0.005,0.1,0.2,8,8
442,1000.0,8,8,0,8,0,0,3.9445695833684016,3.9445695833684016,3.9445695833684016,-0.18307159732407968,-0.0,0.01823395981998887,1.0,-0.18307159732407968,False,0,0,0,0,0,0.0,0.0,0.0,0.0,0.0,0,0.0,0,0,disabled,disabled,True,keyed,1,0,False,raw,0,0.0027500000000000003,0.0027500000000000003,default,0,True,keyed,0,0,False,raw,0,0.0027500000000000003,0.0027500000000000003,default,0,True,context_shuffle,False,raw,0.0027500000000000003,0.0027500000000000003,skill_distractor,route_train,set_minus,,,reef,identity,False,32,26,0,0,0,0,0.0,0.0,0.8372089999966192,4.319957999996404,5.2945420000014565,heldout_context_routing,internal_context_shuffle_ablation,CRA_internal,MockSimulator,43,skill_distractor,route_train,58,reef,identity,False,False,1,0.0027500000000000003,0.0,0.0,0,False,-1,False,-1,internal_context_shuffle_ablation,internal_ablation,context_shuffle,0.0027500000000000003,False,reef,,False,32,26,0,0,0,0.0027500000000000003,0.1,0.2,8,8
443,1000.0,8,8,0,8,0,0,3.934714721007578,3.934714721007578,3.934714721007578,-0.41726967710486906,-0.0,0.018022633425368365,1.0,-0.41726967710486906,False,0,0,0,0,0,0.0,0.0,0.0,0.0,0.0,0,0.0,0,0,disabled,disabled,True,keyed,1,0,False,raw,0,0.006600000000000001,0.006600000000000001,default,0,True,keyed,0,0,False,raw,0,0.006600000000000001,0.006600000000000001,default,0,True,context_shuffle,False,raw,0.006600000000000001,0.006600000000000001,context_distractor,route_train,set_minus,,,reef,identity,False,32,26,0,0,0,0,0.0,0.0,0.7948329999862835,4.257792000032623,5.178375000014057,heldout_context_routing,internal_context_shuffle_ablation,CRA_internal,MockSimulator,43,context_distractor,route_train,58,reef,identity,False,False,1,0.006600000000000001,0.0,0.0,0,False,-1,False,-1,internal_context_shuffle_ablation,internal_ablation,context_shuffle,0.006600000000000001,False,reef,,False,32,26,0,0,0,0.006600000000000001,0.1,0.2,8,8
444,1000.0,8,8,0,8,0,0,3.9249087154150173,3.9249087154150173,3.9249087154150173,-0.06722897098959468,-0.0,0.017812466502604686,1.0,-0.06722897098959468,False,0,0,0,0,0,0.0,0.0,0.0,0.0,0.0,0,0.0,0,0,disabled,disabled,True,keyed,1,0,False,raw,0,0.001,0.001,default,0,True,keyed,0,0,False,raw,0,0.001,0.001,default,0,True,context_shuffle,False,raw,0.001,0.001,skill_distractor,route_train,set_minus,,,reef,identity,False,32,26,0,0,0,0,0.0,0.0,0.7953339999744458,4.690707999998267,5.611749999957283,heldout_context_routing,internal_context_shuffle_ablation,CRA_internal,MockSimulator,43,skill_distractor,route_train,58,reef,identity,False,False,1,0.001,0.0,0.0,0,False,-1,False,-1,internal_context_shuffle_ablation,internal_ablation,context_shuffle,0.001,False,reef,,False,32,26,0,0,0,0.001,0.1,0.2,8,8
445,1000.0,8,8,0,8,0,0,3.915151322925407,3.915151322925407,3.915151322925407,-0.5871499154273948,-0.0,0.017603497203381408,1.0,-0.5871499154273948,False,0,0,0,0,0,0.0,0.0,0.0,0.0,0.0,0,0.0,0,0,disabled,disabled,True,keyed,1,0,False,raw,0,0.01,0.01,default,0,True,keyed,0,0,False,raw,0,0.01,0.01,default,0,True,context_shuffle,False,raw,0.01,0.01,input,route_train,set_minus,,,reef,identity,False,32,26,0,0,0,0,0.0,0.0,0.834249999968506,4.317167000010613,5.294208999998773,heldout_context_routing,internal_context_shuffle_ablation,CRA_internal,MockSimulator,43,input,route_train,58,reef,identity,False,False,1,0.01,0.0,0.0,0,False,-1,False,-1,internal_context_shuffle_ablation,internal_ablation,context_shuffle,0.01,False,reef,,False,32,26,0,0,0,0.01,0.1,0.2,8,8
446,1000.0,8,8,0,8,0,0,3.9054423010887223,3.9054423010887223,3.9054423010887223,0.6420149920119997,0.9999946965622277,0.017395761689526015,1.0,0.6420149920119997,True,0,0,0,0,0,0.0,0.0,0.0,0.0,0.0,0,0.0,0,0,disabled,disabled,True,keyed,1,0,True,internal_keyed_context,1,0.01,0.01,default,0,True,keyed,0,0,False,raw,0,0.01,0.01,default,0,True,context_shuffle,True,internal_context_shuffle_router,0.01,0.01,decision,route_train,set_minus,,set_plus,reef,identity,False,32,27,0,0,0,0,0.0,0.0,0.7979580000210262,4.291666999961308,5.215625000005275,heldout_context_routing,internal_context_shuffle_ablation,CRA_internal,MockSimulator,43,decision,route_train,58,reef,identity,False,False,1,0.01,0.01,0.01,1,True,1,True,446,internal_context_shuffle_ablation,internal_ablation,context_shuffle,0.01,False,reef,set_plus,False,32,27,0,0,0,0.01,0.1,0.2,8,8
447,1000.0,8,8,0,8,0,0,3.895781408664161,3.895781408664161,3.895781408664161,-0.11516061661752554,-0.0,0.01758929419734349,1.0,-0.11516061661752554,False,0,0,0,0,0,0.0,0.0,0.0,0.0,0.0,0,0.0,0,0,disabled,disabled,True,keyed,1,0,False,raw,0,0.0018,0.0018,default,0,True,keyed,0,0,False,raw,0,0.0018,0.0018,default,0,True,context_shuffle,False,raw,0.0018,0.0018,route_context,route_train,set_minus,,,reef,identity,False,32,27,0,0,0,0,0.0,0.0,0.8016250000082437,4.779374999998254,5.705707999993592,heldout_context_routing,internal_context_shuffle_ablation,CRA_internal,MockSimulator,43,route_context,route_train,59,reef,identity,False,False,-1,0.0018,0.0,0.0,0,False,-1,False,-1,internal_context_shuffle_ablation,internal_ablation,context_shuffle,0.0018,False,reef,,False,32,27,0,0,0,0.0018,0.1,0.2,8,8
448,1000.0,8,8,0,8,0,0,3.8861684056141153,3.8861684056141153,3.8861684056141153,-0.4004100970386798,-0.0,0.017768127100172452,1.0,-0.4004100970386798,False,0,0,0,0,0,0.0,0.0,0.0,0.0,0.0,0,0.0,0,0,disabled,disabled,True,keyed,1,0,False,raw,0,0.006600000000000001,0.006600000000000001,default,0,True,keyed,0,0,False,raw,0,0.006600000000000001,0.006600000000000001,default,0,True,context_shuffle,False,raw,0.006600000000000001,0.006600000000000001,context_distractor,route_train,set_minus,,,reef,identity,False,32,27,0,0,0,0,0.0,0.0,0.8311670000011873,4.365790999997898,5.332833000011306,heldout_context_routing,internal_context_shuffle_ablation,CRA_internal,MockSimulator,43,context_distractor,route_train,59,reef,identity,False,False,-1,0.006600000000000001,0.0,0.0,0,False,-1,False,-1,internal_context_shuffle_ablation,internal_ablation,context_shuffle,0.006600000000000001,False,reef,,False,32,27,0,0,0,0.006600000000000001,0.1,0.2,8,8
449,1000.0,8,8,0,8,0,0,3.8766030530981688,3.8766030530981688,3.8766030530981688,-0.1749067720457018,-0.0,0.017932770969209318,1.0,-0.1749067720457018,False,0,0,0,0,0,0.0,0.0,0.0,0.0,0.0,0,0.0,0,0,disabled,disabled,True,keyed,1,0,False,raw,0,0.0027500000000000003,0.0027500000000000003,default,0,True,keyed,0,0,False,raw,0,0.0027500000000000003,0.0027500000000000003,default,0,True,context_shuffle,False,raw,0.0027500000000000003,0.0027500000000000003,skill_distractor,route_train,set_minus,,,reef,identity,False,32,27,0,0,0,0,0.0,0.0,0.7964999999785505,4.240541000001485,5.161707999945975,heldout_context_routing,internal_context_shuffle_ablation,CRA_internal,MockSimulator,43,skill_distractor,route_train,59,reef,identity,False,False,-1,0.0027500000000000003,0.0,0.0,0,False,-1,False,-1,internal_context_shuffle_ablation,internal_ablation,context_shuffle,0.0027500000000000003,False,reef,,False,32,27,0,0,0,0.0027500000000000003,0.1,0.2,8,8
450,1000.0,8,8,0,8,0,0,3.8670851134671267,3.8670851134671267,3.8670851134671267,-0.21508309222023728,-0.0,0.01808372183264464,1.0,-0.21508309222023728,False,0,0,0,0,0,0.0,0.0,0.0,0.0,0.0,0,0.0,0,0,disabled,disabled,True,keyed,1,0,False,raw,0,0.0034000000000000002,0.0034000000000000002,default,0,True,keyed,0,0,False,raw,0,0.0034000000000000002,0.0034000000000000002,default,0,True,context_shuffle,False,raw,0.0034000000000000002,0.0034000000000000002,context_distractor,route_train,set_minus,,,reef,identity,False,32,27,0,0,0,0,0.0,0.0,0.7936250000284417,4.971249999982774,5.888625000011416,heldout_context_routing,internal_context_shuffle_ablation,CRA_internal,MockSimulator,43,context_distractor,route_train,59,reef,identity,False,False,-1,0.0034000000000000002,0.0,0.0,0,False,-1,False,-1,internal_context_shuffle_ablation,internal_ablation,context_shuffle,0.0034000000000000002,False,reef,,False,32,27,0,0,0,0.0034000000000000002,0.1,0.2,8,8
451,1000.0,8,8,0,8,0,0,3.8576143502570748,3.8576143502570748,3.8576143502570748,0.064174899606081,0.0,0.018221461553154867,1.0,0.064174899606081,False,0,0,0,0,0,0.0,0.0,0.0,0.0,0.0,0,0.0,0,0,disabled,disabled,True,keyed,1,0,False,raw,0,-0.001,-0.001,default,0,True,keyed,0,0,False,raw,0,-0.001,-0.001,default,0,True,context_shuffle,False,raw,-0.001,-0.001,skill_distractor,route_train,set_minus,,,reef,identity,False,32,27,0,0,0,0,0.0,0.0,0.8320840000237695,4.429582999989634,5.405042000006688,heldout_context_routing,internal_context_shuffle_ablation,CRA_internal,MockSimulator,43,skill_distractor,route_train,59,reef,identity,False,False,-1,-0.001,0.0,0.0,0,False,1,False,-1,internal_context_shuffle_ablation,internal_ablation,context_shuffle,-0.001,False,reef,,False,32,27,0,0,0,-0.001,0.1,0.2,8,8
452,1000.0,8,8,0,8,0,0,3.8481905281834665,3.8481905281834665,3.8481905281834665,-0.2150830922202373,-0.0,0.018346458196111626,1.0,-0.2150830922202373,False,0,0,0,0,0,0.0,0.0,0.0,0.0,0.0,0,0.0,0,0,disabled,disabled,True,keyed,1,0,False,raw,0,0.0034000000000000002,0.0034000000000000002,default,0,True,keyed,0,0,False,raw,0,0.0034000000000000002,0.0034000000000000002,default,0,True,context_shuffle,False,raw,0.0034000000000000002,0.0034000000000000002,context_distractor,route_train,set_minus,,,reef,identity,False,32,27,0,0,0,0,0.0,0.0,0.7979999999747633,4.2910000000233595,5.214500000022326,heldout_context_routing,internal_context_shuffle_ablation,CRA_internal,MockSimulator,43,context_distractor,route_train,59,reef,identity,False,False,-1,0.0034000000000000002,0.0,0.0,0,False,-1,False,-1,internal_context_shuffle_ablation,internal_ablation,context_shuffle,0.0034000000000000002,False,reef,,False,32,27,0,0,0,0.0034000000000000002,0.1,0.2,8,8
453,1000.0,8,8,0,8,0,0,3.8388134131352416,3.8388134131352416,3.8388134131352416,-0.064174899606081,-0.0,0.018459166388728854,1.0,-0.064174899606081,False,0,0,0,0,0,0.0,0.0,0.0,0.0,0.0,0,0.0,0,0,disabled,disabled,True,keyed,1,0,False,raw,0,0.001,0.001,default,0,True,keyed,0,0,False,raw,0,0.001,0.001,default,0,True,context_shuffle,False,raw,0.001,0.001,skill_distractor,route_train,set_minus,,,reef,identity,False,32,27,0,0,0,0,0.0,0.0,0.7953339999744458,4.964040999993813,5.883750000009513,heldout_context_routing,internal_context_shuffle_ablation,CRA_internal,MockSimulator,43,skill_distractor,route_train,59,reef,identity,False,False,-1,0.001,0.0,0.0,0,False,-1,False,-1,internal_context_shuffle_ablation,internal_ablation,context_shuffle,0.001,False,reef,,False,32,27,0,0,0,0.001,0.1,0.2,8,8
454,1000.0,8,8,0,8,0,0,3.829482772168974,3.829482772168974,3.829482772168974,-0.40041009703867986,-0.0,0.01856002767036295,1.0,-0.40041009703867986,False,0,0,0,0,0,0.0,0.0,0.0,0.0,0.0,0,0.0,0,0,disabled,disabled,True,keyed,1,0,False,raw,0,0.006600000000000001,0.006600000000000001,default,0,True,keyed,0,0,False,raw,0,0.006600000000000001,0.006600000000000001,default,0,True,context_shuffle,False,raw,0.006600000000000001,0.006600000000000001,context_distractor,route_train,set_minus,,,reef,identity,False,32,27,0,0,0,0,0.0,0.0,0.851541000031375,4.37958399999161,5.377791000000798,heldout_context_routing,internal_context_shuffle_ablation,CRA_internal,MockSimulator,43,context_distractor,route_train,59,reef,identity,False,False,-1,0.006600000000000001,0.0,0.0,0,False,-1,False,-1,internal_context_shuffle_ablation,internal_ablation,context_shuffle,0.006600000000000001,False,reef,,False,32,27,0,0,0,0.006600000000000001,0.1,0.2,8,8
455,1000.0,8,8,0,8,0,0,3.820198373503047,3.820198373503047,3.820198373503047,-0.17490677204570182,-0.0,0.018649470834176188,1.0,-0.17490677204570182,False,0,0,0,0,0,0.0,0.0,0.0,0.0,0.0,0,0.0,0,0,disabled,disabled,True,keyed,1,0,False,raw,0,0.0027500000000000003,0.0027500000000000003,default,0,True,keyed,0,0,False,raw,0,0.0027500000000000003,0.0027500000000000003,default,0,True,context_shuffle,False,raw,0.0027500000000000003,0.0027500000000000003,skill_distractor,route_train,set_minus,,,reef,identity,False,32,27,0,0,0,0,0.0,0.0,0.802583999984563,4.3727500000159125,5.30025000000478,heldout_context_routing,internal_context_shuffle_ablation,CRA_internal,MockSimulator,43,skill_distractor,route_train,59,reef,identity,False,False,-1,0.0027500000000000003,0.0,0.0,0,False,-1,False,-1,internal_context_shuffle_ablation,internal_ablation,context_shuffle,0.0027500000000000003,False,reef,,False,32,27,0,0,0,0.0027500000000000003,0.1,0.2,8,8
456,1000.0,8,8,0,8,0,0,3.8109599865118597,3.8109599865118597,3.8109599865118597,-0.3106964500790647,-0.0,0.01872791226036875,1.0,-0.3106964500790647,False,0,0,0,0,0,0.0,0.0,0.0,0.0,0.0,0,0.0,0,0,disabled,disabled,True,keyed,1,0,False,raw,0,0.005,0.005,default,0,True,keyed,0,0,False,raw,0,0.005,0.005,default,0,True,context_shuffle,False,raw,0.005,0.005,context_distractor,route_train,set_minus,,,reef,identity,False,32,27,0,0,0,0,0.0,0.0,0.8003749999829779,4.969250000044667,5.894415999989633,heldout_context_routing,internal_context_shuffle_ablation,CRA_internal,MockSimulator,43,context_distractor,route_train,59,reef,identity,False,False,-1,0.005,0.0,0.0,0,False,-1,False,-1,internal_context_shuffle_ablation,internal_ablation,context_shuffle,0.005,False,reef,,False,32,27,0,0,0,0.005,0.1,0.2,8,8
457,1000.0,8,8,0,8,0,0,3.8017673817200603,3.8017673817200603,3.8017673817200603,0.064174899606081,0.0,0.01879575624117994,1.0,0.064174899606081,False,0,0,0,0,0,0.0,0.0,0.0,0.0,0.0,0,0.0,0,0,disabled,disabled,True,keyed,1,0,False,raw,0,-0.001,-0.001,default,0,True,keyed,0,0,False,raw,0,-0.001,-0.001,default,0,True,context_shuffle,False,raw,-0.001,-0.001,skill_distractor,route_train,set_minus,,,reef,identity,False,32,27,0,0,0,0,0.0,0.0,0.8284580000008646,4.437208000013015,5.410417000007328,heldout_context_routing,internal_context_shuffle_ablation,CRA_internal,MockSimulator,43,skill_distractor,route_train,59,reef,identity,False,False,-1,-0.001,0.0,0.0,0,False,1,False,-1,internal_context_shuffle_ablation,internal_ablation,context_shuffle,-0.001,False,reef,,False,32,27,0,0,0,-0.001,0.1,0.2,8,8
458,1000.0,8,8,0,8,0,0,3.7926203307968103,3.7926203307968103,3.7926203307968103,0.566689106352062,0.0,0.018853395297854535,1.0,0.566689106352062,False,0,0,0,0,0,0.0,0.0,0.0,0.0,0.0,0,0.0,0,0,disabled,disabled,True,keyed,1,0,False,raw,0,-0.01,-0.01,default,0,True,keyed,0,0,False,raw,0,-0.01,-0.01,default,0,True,context_shuffle,False,raw,-0.01,-0.01,input,route_train,set_minus,,,reef,identity,False,32,27,0,0,0,0,0.0,0.0,0.7935419999967053,4.385791999993671,5.306874999973843,heldout_context_routing,internal_context_shuffle_ablation,CRA_internal,MockSimulator,43,input,route_train,59,reef,identity,False,False,-1,-0.01,0.0,0.0,0,False,1,False,-1,internal_context_shuffle_ablation,internal_ablation,context_shuffle,-0.01,False,reef,,False,32,27,0,0,0,-0.01,0.1,0.2,8,8
459,1000.0,8,8,0,8,0,0,3.7835186065500754,3.7835186065500754,3.7835186065500754,0.6420149920119997,-0.9999946965622277,0.018901210489765674,1.0,0.6420149920119997,False,0,0,0,0,0,0.0,0.0,0.0,0.0,0.0,0,0.0,0,0,disabled,disabled,True,keyed,1,0,True,internal_keyed_context,-1,-0.01,-0.01,default,0,True,keyed,0,0,False,raw,0,-0.01,-0.01,default,0,True,context_shuffle,True,internal_context_shuffle_router,-0.01,0.01,decision,route_train,set_minus,,set_plus,reef,identity,False,32,28,0,0,0,0,0.0,0.0,0.7949999999823376,5.049416000019846,5.96899999999323,heldout_context_routing,internal_context_shuffle_ablation,CRA_internal,MockSimulator,43,decision,route_train,59,reef,identity,False,False,-1,-0.01,-0.01,-0.01,-1,True,1,False,459,internal_context_shuffle_ablation,internal_ablation,context_shuffle,-0.01,False,reef,set_plus,False,32,28,0,0,0,0.01,0.1,0.2,8,8
460,1000.0,8,8,0,8,0,0,3.774461982920947,3.774461982920947,3.774461982920947,-0.24386206111607606,-0.0,0.018939571715881225,1.0,-0.24386206111607606,False,0,0,0,0,0,0.0,0.0,0.0,0.0,0.0,0,0.0,0,0,disabled,disabled,True,keyed,1,0,False,raw,0,0.0034000000000000002,0.0034000000000000002,default,0,True,keyed,0,0,False,raw,0,0.0034000000000000002,0.0034000000000000002,default,0,True,context_shuffle,False,raw,0.0034000000000000002,0.0034000000000000002,route_context,route_train,set_minus,,,lagoon,invert,False,32,28,0,0,0,0,0.0,0.0,0.8272089999650234,4.431749999980639,5.395667000016147,heldout_context_routing,internal_context_shuffle_ablation,CRA_internal,MockSimulator,43,route_context,route_train,60,lagoon,invert,False,False,1,0.0034000000000000002,0.0,0.0,0,False,-1,False,-1,internal_context_shuffle_ablation,internal_ablation,context_shuffle,0.0034000000000000002,False,lagoon,,False,32,28,0,0,0,0.0034000000000000002,0.1,0.2,8,8
461,1000.0,8,8,0,8,0,0,3.765450234977988,3.765450234977988,3.765450234977988,-0.3504832154875378,-0.0,0.01896883800875625,1.0,-0.3504832154875378,False,0,0,0,0,0,0.0,0.0,0.0,0.0,0.0,0,0.0,0,0,disabled,disabled,True,keyed,1,0,False,raw,0,0.005,0.005,default,0,True,keyed,0,0,False,raw,0,0.005,0.005,default,0,True,context_shuffle,False,raw,0.005,0.005,context_distractor,route_train,set_minus,,,lagoon,invert,False,32,28,0,0,0,0,0.0,0.0,0.797040999998444,4.444792000015241,5.366666999975678,heldout_context_routing,internal_context_shuffle_ablation,CRA_internal,MockSimulator,43,context_distractor,route_train,60,lagoon,invert,False,False,1,0.005,0.0,0.0,0,False,-1,False,-1,internal_context_shuffle_ablation,internal_ablation,context_shuffle,0.005,False,lagoon,,False,32,28,0,0,0,0.005,0.1,0.2,8,8
462,1000.0,8,8,0,8,0,0,3.7564831389116136,3.7564831389116136,3.7564831389116136,0.19862146689775745,0.0,0.018989357821229923,1.0,0.19862146689775745,False,0,0,0,0,0,0.0,0.0,0.0,0.0,0.0,0,0.0,0,0,disabled,disabled,True,keyed,1,0,False,raw,0,-0.0027500000000000003,-0.0027500000000000003,default,0,True,keyed,0,0,False,raw,0,-0.0027500000000000003,-0.0027500000000000003,default,0,True,context_shuffle,False,raw,-0.0027500000000000003,-0.0027500000000000003,skill_distractor,route_train,set_minus,,,lagoon,invert,False,32,28,0,0,0,0,0.0,0.0,0.8120420000068407,4.762499999969805,5.699542000002111,heldout_context_routing,internal_context_shuffle_ablation,CRA_internal,MockSimulator,43,skill_distractor,route_train,60,lagoon,invert,False,False,1,-0.0027500000000000003,0.0,0.0,0,False,1,False,-1,internal_context_shuffle_ablation,internal_ablation,context_shuffle,-0.0027500000000000003,False,lagoon,,False,32,28,0,0,0,-0.0027500000000000003,0.1,0.2,8,8
463,1000.0,8,8,0,8,0,0,3.747560472028491,3.747560472028491,3.747560472028491,-0.35048321548753786,-0.0,0.019001469306001145,1.0,-0.35048321548753786,False,0,0,0,0,0,0.0,0.0,0.0,0.0,0.0,0,0.0,0,0,disabled,disabled,True,keyed,1,0,False,raw,0,0.005,0.005,default,0,True,keyed,0,0,False,raw,0,0.005,0.005,default,0,True,context_shuffle,False,raw,0.005,0.005,context_distractor,route_train,set_minus,,,lagoon,invert,False,32,28,0,0,0,0,0.0,0.0,0.8297910000010233,4.496375000030639,5.465167000011206,heldout_context_routing,internal_context_shuffle_ablation,CRA_internal,MockSimulator,43,context_distractor,route_train,60,lagoon,invert,False,False,1,0.005,0.0,0.0,0,False,-1,False,-1,internal_context_shuffle_ablation,internal_ablation,context_shuffle,0.005,False,lagoon,,False,32,28,0,0,0,0.005,0.1,0.2,8,8
464,1000.0,8,8,0,8,0,0,3.738682012745977,3.738682012745977,3.738682012745977,0.07306845107209113,0.0,0.019005500588253028,1.0,0.07306845107209113,False,0,0,0,0,0,0.0,0.0,0.0,0.0,0.0,0,0.0,0,0,disabled,disabled,True,keyed,1,0,False,raw,0,-0.001,-0.001,default,0,True,keyed,0,0,False,raw,0,-0.001,-0.001,default,0,True,context_shuffle,False,raw,-0.001,-0.001,skill_distractor,route_train,set_minus,,,lagoon,invert,False,32,28,0,0,0,0,0.0,0.0,0.8348329999989801,4.432750000034957,5.395834000012201,heldout_context_routing,internal_context_shuffle_ablation,CRA_internal,MockSimulator,43,skill_distractor,route_train,60,lagoon,invert,False,False,1,-0.001,0.0,0.0,0,False,1,False,-1,internal_context_shuffle_ablation,internal_ablation,context_shuffle,-0.001,False,lagoon,,False,32,28,0,0,0,-0.001,0.1,0.2,8,8
465,1000.0,8,8,0,8,0,0,3.729847540586575,3.729847540586575,3.729847540586575,-0.4487330691372653,-0.0,0.01900177003149243,1.0,-0.4487330691372653,False,0,0,0,0,0,0.0,0.0,0.0,0.0,0.0,0,0.0,0,0,disabled,disabled,True,keyed,1,0,False,raw,0,0.006600000000000001,0.006600000000000001,default,0,True,keyed,0,0,False,raw,0,0.006600000000000001,0.006600000000000001,default,0,True,context_shuffle,False,raw,0.006600000000000001,0.006600000000000001,context_distractor,route_train,set_minus,,,lagoon,invert,False,32,28,0,0,0,0,0.0,0.0,0.9564999999724932,4.7948750000159635,5.876584000020557,heldout_context_routing,internal_context_shuffle_ablation,CRA_internal,MockSimulator,43,context_distractor,route_train,60,lagoon,invert,False,False,1,0.006600000000000001,0.0,0.0,0,False,-1,False,-1,internal_context_shuffle_ablation,internal_ablation,context_shuffle,0.006600000000000001,False,lagoon,,False,32,28,0,0,0,0.006600000000000001,0.1,0.2,8,8
466,1000.0,8,8,0,8,0,0,3.7210568361724246,3.7210568361724246,3.7210568361724246,-0.19862146689775745,-0.0,0.018990586496766958,1.0,-0.19862146689775745,False,0,0,0,0,0,0.0,0.0,0.0,0.0,0.0,0,0.0,0,0,disabled,disabled,True,keyed,1,0,False,raw,0,0.0027500000000000003,0.0027500000000000003,default,0,True,keyed,0,0,False,raw,0,0.0027500000000000003,0.0027500000000000003,default,0,True,context_shuffle,False,raw,0.0027500000000000003,0.0027500000000000003,skill_distractor,route_train,set_minus,,,lagoon,invert,False,32,28,0,0,0,0,0.0,0.0,0.8346669999923506,4.481624999982614,5.450957999983075,heldout_context_routing,internal_context_shuffle_ablation,CRA_internal,MockSimulator,43,skill_distractor,route_train,60,lagoon,invert,False,False,1,0.0027500000000000003,0.0,0.0,0,False,-1,False,-1,internal_context_shuffle_ablation,internal_ablation,context_shuffle,0.0027500000000000003,False,lagoon,,False,32,28,0,0,0,0.0027500000000000003,0.1,0.2,8,8
467,1000.0,8,8,0,8,0,0,3.7123096812198164,3.7123096812198164,3.7123096812198164,-0.4487330691372653,-0.0,0.01897224959541791,1.0,-0.4487330691372653,False,0,0,0,0,0,0.0,0.0,0.0,0.0,0.0,0,0.0,0,0,disabled,disabled,True,keyed,1,0,False,raw,0,0.006600000000000001,0.006600000000000001,default,0,True,keyed,0,0,False,raw,0,0.006600000000000001,0.006600000000000001,default,0,True,context_shuffle,False,raw,0.006600000000000001,0.006600000000000001,context_distractor,route_train,set_minus,,,lagoon,invert,False,32,28,0,0,0,0,0.0,0.0,0.7983339999668715,4.461875000004056,5.386249999958181,heldout_context_routing,internal_context_shuffle_ablation,CRA_internal,MockSimulator,43,context_distractor,route_train,60,lagoon,invert,False,False,1,0.006600000000000001,0.0,0.0,0,False,-1,False,-1,internal_context_shuffle_ablation,internal_ablation,context_shuffle,0.006600000000000001,False,lagoon,,False,32,28,0,0,0,0.006600000000000001,0.1,0.2,8,8
468,1000.0,8,8,0,8,0,0,3.703605858533736,3.703605858533736,3.703605858533736,0.19862146689775745,0.0,0.018947049935524117,1.0,0.19862146689775745,False,0,0,0,0,0,0.0,0.0,0.0,0.0,0.0,0,0.0,0,0,disabled,disabled,True,keyed,1,0,False,raw,0,-0.0027500000000000003,-0.0027500000000000003,default,0,True,keyed,0,0,False,raw,0,-0.0027500000000000003,-0.0027500000000000003,default,0,True,context_shuffle,False,raw,-0.0027500000000000003,-0.0027500000000000003,skill_distractor,route_train,set_minus,,,lagoon,invert,False,32,28,0,0,0,0,0.0,0.0,0.9552080000503338,4.819749999967371,6.050125000001572,heldout_context_routing,internal_context_shuffle_ablation,CRA_internal,MockSimulator,43,skill_distractor,route_train,60,lagoon,invert,False,False,1,-0.0027500000000000003,0.0,0.0,0,False,1,False,-1,internal_context_shuffle_ablation,internal_ablation,context_shuffle,-0.0027500000000000003,False,lagoon,,False,32,28,0,0,0,-0.0027500000000000003,0.1,0.2,8,8
469,1000.0,8,8,0,8,0,0,3.694945152002433,3.694945152002433,3.694945152002433,-0.4487330691372654,-0.0,0.018915269362187907,1.0,-0.4487330691372654,False,0,0,0,0,0,0.0,0.0,0.0,0.0,0.0,0,0.0,0,0,disabled,disabled,True,keyed,1,0,False,raw,0,0.006600000000000001,0.006600000000000001,default,0,True,keyed,0,0,False,raw,0,0.006600000000000001,0.006600000000000001,default,0,True,context_shuffle,False,raw,0.006600000000000001,0.006600000000000001,context_distractor,route_train,set_minus,,,lagoon,invert,False,32,28,0,0,0,0,0.0,0.0,0.811249999969732,4.466458000024431,5.426458999977513,heldout_context_routing,internal_context_shuffle_ablation,CRA_internal,MockSimulator,43,context_distractor,route_train,60,lagoon,invert,False,False,1,0.006600000000000001,0.0,0.0,0,False,-1,False,-1,internal_context_shuffle_ablation,internal_ablation,context_shuffle,0.006600000000000001,False,lagoon,,False,32,28,0,0,0,0.006600000000000001,0.1,0.2,8,8
470,1000.0,8,8,0,8,0,0,3.686327346592018,3.686327346592018,3.686327346592018,-0.19862146689775745,-0.0,0.018877181191810935,1.0,-0.19862146689775745,False,0,0,0,0,0,0.0,0.0,0.0,0.0,0.0,0,0.0,0,0,disabled,disabled,True,keyed,1,0,False,raw,0,0.0027500000000000003,0.0027500000000000003,default,0,True,keyed,0,0,False,raw,0,0.0027500000000000003,0.0027500000000000003,default,0,True,context_shuffle,False,raw,0.0027500000000000003,0.0027500000000000003,skill_distractor,route_train,set_minus,,,lagoon,invert,False,32,28,0,0,0,0,0.0,0.0,0.8209169999986443,4.852083000002949,5.798292000008587,heldout_context_routing,internal_context_shuffle_ablation,CRA_internal,MockSimulator,43,skill_distractor,route_train,60,lagoon,invert,False,False,1,0.0027500000000000003,0.0,0.0,0,False,-1,False,-1,internal_context_shuffle_ablation,internal_ablation,context_shuffle,0.0027500000000000003,False,lagoon,,False,32,28,0,0,0,0.0027500000000000003,0.1,0.2,8,8
471,1000.0,8,8,0,8,0,0,3.677752228341089,3.677752228341089,3.677752228341089,-0.6242807320485166,-0.0,0.018833050440504165,1.0,-0.6242807320485166,False,0,0,0,0,0,0.0,0.0,0.0,0.0,0.0,0,0.0,0,0,disabled,disabled,True,keyed,1,0,False,raw,0,0.01,0.01,default,0,True,keyed,0,0,False,raw,0,0.01,0.01,default,0,True,context_shuffle,False,raw,0.01,0.01,input,route_train,set_minus,,,lagoon,invert,False,32,28,0,0,0,0,0.0,0.0,0.9402090000207863,4.727957999989485,5.8238329999653615,heldout_context_routing,internal_context_shuffle_ablation,CRA_internal,MockSimulator,43,input,route_train,60,lagoon,invert,False,False,1,0.01,0.0,0.0,0,False,-1,False,-1,internal_context_shuffle_ablation,internal_ablation,context_shuffle,0.01,False,lagoon,,False,32,28,0,0,0,0.01,0.1,0.2,8,8
472,1000.0,8,8,0,8,0,0,3.6692195843553788,3.6692195843553788,3.6692195843553788,0.6420149920119997,-0.9999946965622277,0.018783134046772943,1.0,0.6420149920119997,False,0,0,0,0,0,0.0,0.0,0.0,0.0,0.0,0,0.0,0,0,disabled,disabled,True,keyed,1,0,True,internal_keyed_context,1,0.01,0.01,default,0,True,keyed,0,0,False,raw,0,0.01,0.01,default,0,True,context_shuffle,True,internal_context_shuffle_router,0.01,0.01,decision,route_train,set_minus,,identity,lagoon,invert,False,32,29,0,0,0,0,0.0,0.0,0.8034170000428276,4.558165999981156,5.489833000012823,heldout_context_routing,internal_context_shuffle_ablation,CRA_internal,MockSimulator,43,decision,route_train,60,lagoon,invert,False,False,1,0.01,-0.01,-0.01,-1,True,1,False,472,internal_context_shuffle_ablation,internal_ablation,context_shuffle,0.01,False,lagoon,identity,False,32,29,0,0,0,0.01,0.1,0.2,8,8
473,1000.0,8,8,0,8,0,0,3.660729202802435,3.660729202802435,3.660729202802435,-0.2721897266699343,-0.0,0.018727681088614768,1.0,-0.2721897266699343,False,0,0,0,0,0,0.0,0.0,0.0,0.0,0.0,0,0.0,0,0,disabled,disabled,True,keyed,1,0,False,raw,0,0.0034000000000000002,0.0034000000000000002,default,0,True,keyed,0,0,False,raw,0,0.0034000000000000002,0.0034000000000000002,default,0,True,context_shuffle,False,raw,0.0034000000000000002,0.0034000000000000002,route_context,route_train,set_minus,,,lagoon,invert,False,32,29,0,0,0,0,0.0,0.0,0.8652500000039254,5.099457999961032,6.089792000011585,heldout_context_routing,internal_context_shuffle_ablation,CRA_internal,MockSimulator,43,route_context,route_train,61,lagoon,invert,False,False,-1,0.0034000000000000002,0.0,0.0,0,False,-1,False,-1,internal_context_shuffle_ablation,internal_ablation,context_shuffle,0.0034000000000000002,False,lagoon,,False,32,29,0,0,0,0.0034000000000000002,0.1,0.2,8,8
474,1000.0,8,8,0,8,0,0,3.6522808729063247,3.6522808729063247,3.6522808729063247,-0.14675872322584604,-0.0,0.01866693299516421,1.0,-0.14675872322584604,False,0,0,0,0,0,0.0,0.0,0.0,0.0,0.0,0,0.0,0,0,disabled,disabled,True,keyed,1,0,False,raw,0,0.0018,0.0018,default,0,True,keyed,0,0,False,raw,0,0.0018,0.0018,default,0,True,context_shuffle,False,raw,0.0018,0.0018,context_distractor,route_train,set_minus,,,lagoon,invert,False,32,29,0,0,0,0,0.0,0.0,0.8635830000116584,4.631291999999121,5.629999999996471,heldout_context_routing,internal_context_shuffle_ablation,CRA_internal,MockSimulator,43,context_distractor,route_train,61,lagoon,invert,False,False,-1,0.0018,0.0,0.0,0,False,-1,False,-1,internal_context_shuffle_ablation,internal_ablation,context_shuffle,0.0018,False,lagoon,,False,32,29,0,0,0,0.0018,0.1,0.2,8,8
475,1000.0,8,8,0,8,0,0,3.643874384942363,3.643874384942363,3.643874384942363,0.22208248000351807,0.0,0.018601123753016226,1.0,0.22208248000351807,False,0,0,0,0,0,0.0,0.0,0.0,0.0,0.0,0,0.0,0,0,disabled,disabled,True,keyed,1,0,False,raw,0,-0.0027500000000000003,-0.0027500000000000003,default,0,True,keyed,0,0,False,raw,0,-0.0027500000000000003,-0.0027500000000000003,default,0,True,context_shuffle,False,raw,-0.0027500000000000003,-0.0027500000000000003,skill_distractor,route_train,set_minus,,,lagoon,invert,False,32,29,0,0,0,0,0.0,0.0,0.7969170000023951,4.533458000025803,5.4558329999849775,heldout_context_routing,internal_context_shuffle_ablation,CRA_internal,MockSimulator,43,skill_distractor,route_train,61,lagoon,invert,False,False,-1,-0.0027500000000000003,0.0,0.0,0,False,1,False,-1,internal_context_shuffle_ablation,internal_ablation,context_shuffle,-0.0027500000000000003,False,lagoon,,False,32,29,0,0,0,-0.0027500000000000003,0.1,0.2,8,8
476,1000.0,8,8,0,8,0,0,3.635509530231872,3.635509530231872,3.635509530231872,-0.3890060327522835,-0.0,0.0185304801073561,1.0,-0.3890060327522835,False,0,0,0,0,0,0.0,0.0,0.0,0.0,0.0,0,0.0,0,0,disabled,disabled,True,keyed,1,0,False,raw,0,0.005,0.005,default,0,True,keyed,0,0,False,raw,0,0.005,0.005,default,0,True,context_shuffle,False,raw,0.005,0.005,context_distractor,route_train,set_minus,,,lagoon,invert,False,32,29,0,0,0,0,0.0,0.0,0.7991249999577121,5.034459000000879,5.957625000007738,heldout_context_routing,internal_context_shuffle_ablation,CRA_internal,MockSimulator,43,context_distractor,route_train,61,lagoon,invert,False,False,-1,0.005,0.0,0.0,0,False,-1,False,-1,internal_context_shuffle_ablation,internal_ablation,context_shuffle,0.005,False,lagoon,,False,32,29,0,0,0,0.005,0.1,0.2,8,8
477,1000.0,8,8,0,8,0,0,3.6271861011369615,3.6271861011369615,3.6271861011369615,0.08194152123870276,0.0,0.018455221758021174,1.0,0.08194152123870276,False,0,0,0,0,0,0.0,0.0,0.0,0.0,0.0,0,0.0,0,0,disabled,disabled,True,keyed,1,0,False,raw,0,-0.001,-0.001,default,0,True,keyed,0,0,False,raw,0,-0.001,-0.001,default,0,True,context_shuffle,False,raw,-0.001,-0.001,skill_distractor,route_train,set_minus,,,lagoon,invert,False,32,29,0,0,0,0,0.0,0.0,0.8343339999896671,4.6236250000220025,5.604209000011906,heldout_context_routing,internal_context_shuffle_ablation,CRA_internal,MockSimulator,43,skill_distractor,route_train,61,lagoon,invert,False,False,-1,-0.001,0.0,0.0,0,False,1,False,-1,internal_context_shuffle_ablation,internal_ablation,context_shuffle,-0.001,False,lagoon,,False,32,29,0,0,0,-0.001,0.1,0.2,8,8
478,1000.0,8,8,0,8,0,0,3.61890389105534,3.61890389105534,3.61890389105534,-0.49452257661593807,-0.0,0.0183755615506167,1.0,-0.49452257661593807,False,0,0,0,0,0,0.0,0.0,0.0,0.0,0.0,0,0.0,0,0,disabled,disabled,True,keyed,1,0,False,raw,0,0.006600000000000001,0.006600000000000001,default,0,True,keyed,0,0,False,raw,0,0.006600000000000001,0.006600000000000001,default,0,True,context_shuffle,False,raw,0.006600000000000001,0.006600000000000001,context_distractor,route_train,set_minus,,,lagoon,invert,False,32,29,0,0,0,0,0.0,0.0,0.796667000031448,4.575915999964764,5.497999999988679,heldout_context_routing,internal_context_shuffle_ablation,CRA_internal,MockSimulator,43,context_distractor,route_train,61,lagoon,invert,False,False,-1,0.006600000000000001,0.0,0.0,0,False,-1,False,-1,internal_context_shuffle_ablation,internal_ablation,context_shuffle,0.006600000000000001,False,lagoon,,False,32,29,0,0,0,0.006600000000000001,0.1,0.2,8,8
479,1000.0,8,8,0,8,0,0,3.610662694415149,3.610662694415149,3.610662694415149,-0.08194152123870276,-0.0,0.018291705662805195,1.0,-0.08194152123870276,False,0,0,0,0,0,0.0,0.0,0.0,0.0,0.0,0,0.0,0,0,disabled,disabled,True,keyed,1,0,False,raw,0,0.001,0.001,default,0,True,keyed,0,0,False,raw,0,0.001,0.001,default,0,True,context_shuffle,False,raw,0.001,0.001,skill_distractor,route_train,set_minus,,,lagoon,invert,False,32,29,0,0,0,0,0.0,0.0,0.7975409999971816,5.073584000001574,5.996165999988534,heldout_context_routing,internal_context_shuffle_ablation,CRA_internal,MockSimulator,43,skill_distractor,route_train,61,lagoon,invert,False,False,-1,0.001,0.0,0.0,0,False,-1,False,-1,internal_context_shuffle_ablation,internal_ablation,context_shuffle,0.001,False,lagoon,,False,32,29,0,0,0,0.001,0.1,0.2,8,8
480,1000.0,8,8,0,8,0,0,3.602462306669824,3.602462306669824,3.602462306669824,-0.4945225766159381,-0.0,0.018203853785885904,1.0,-0.4945225766159381,False,0,0,0,0,0,0.0,0.0,0.0,0.0,0.0,0,0.0,0,0,disabled,disabled,True,keyed,1,0,False,raw,0,0.006600000000000001,0.006600000000000001,default,0,True,keyed,0,0,False,raw,0,0.006600000000000001,0.006600000000000001,default,0,True,context_shuffle,False,raw,0.006600000000000001,0.006600000000000001,context_distractor,route_train,set_minus,,,lagoon,invert,False,32,29,0,0,0,0,0.0,0.0,0.8332919999816113,4.629375000035907,5.602624999994532,heldout_context_routing,internal_context_shuffle_ablation,CRA_internal,MockSimulator,43,context_distractor,route_train,61,lagoon,invert,False,False,-1,0.006600000000000001,0.0,0.0,0,False,-1,False,-1,internal_context_shuffle_ablation,internal_ablation,context_shuffle,0.006600000000000001,False,lagoon,,False,32,29,0,0,0,0.006600000000000001,0.1,0.2,8,8
481,1000.0,8,8,0,8,0,0,3.594302524292979,3.594302524292979,3.594302524292979,0.22208248000351807,0.0,0.018112199301778265,1.0,0.22208248000351807,False,0,0,0,0,0,0.0,0.0,0.0,0.0,0.0,0,0.0,0,0,disabled,disabled,True,keyed,1,0,False,raw,0,-0.0027500000000000003,-0.0027500000000000003,default,0,True,keyed,0,0,False,raw,0,-0.0027500000000000003,-0.0027500000000000003,default,0,True,context_shuffle,False,raw,-0.0027500000000000003,-0.0027500000000000003,skill_distractor,route_train,set_minus,,,lagoon,invert,False,32,29,0,0,0,0,0.0,0.0,0.8008749999817155,4.627834000018538,5.554582999991453,heldout_context_routing,internal_context_shuffle_ablation,CRA_internal,MockSimulator,43,skill_distractor,route_train,61,lagoon,invert,False,False,-1,-0.0027500000000000003,0.0,0.0,0,False,1,False,-1,internal_context_shuffle_ablation,internal_ablation,context_shuffle,-0.0027500000000000003,False,lagoon,,False,32,29,0,0,0,-0.0027500000000000003,0.1,0.2,8,8
482,1000.0,8,8,0,8,0,0,3.586183144773322,3.586183144773322,3.586183144773322,-0.4945225766159381,-0.0,0.018016929455520577,1.0,-0.4945225766159381,False,0,0,0,0,0,0.0,0.0,0.0,0.0,0.0,0,0.0,0,0,disabled,disabled,True,keyed,1,0,False,raw,0,0.006600000000000001,0.006600000000000001,default,0,True,keyed,0,0,False,raw,0,0.006600000000000001,0.006600000000000001,default,0,True,context_shuffle,False,raw,0.006600000000000001,0.006600000000000001,context_distractor,route_train,set_minus,,,lagoon,invert,False,32,29,0,0,0,0,0.0,0.0,0.8277910000060729,5.093625000029078,6.04608300000109,heldout_context_routing,internal_context_shuffle_ablation,CRA_internal,MockSimulator,43,context_distractor,route_train,61,lagoon,invert,False,False,-1,0.006600000000000001,0.0,0.0,0,False,-1,False,-1,internal_context_shuffle_ablation,internal_ablation,context_shuffle,0.006600000000000001,False,lagoon,,False,32,29,0,0,0,0.006600000000000001,0.1,0.2,8,8
483,1000.0,8,8,0,8,0,0,3.5781039666095884,3.5781039666095884,3.5781039666095884,-0.08194152123870276,-0.0,0.017918225523392485,1.0,-0.08194152123870276,False,0,0,0,0,0,0.0,0.0,0.0,0.0,0.0,0,0.0,0,0,disabled,disabled,True,keyed,1,0,False,raw,0,0.001,0.001,default,0,True,keyed,0,0,False,raw,0,0.001,0.001,default,0,True,context_shuffle,False,raw,0.001,0.001,skill_distractor,route_train,set_minus,,,lagoon,invert,False,32,29,0,0,0,0,0.0,0.0,0.8330000000000837,4.700584000033814,5.669791000002533,heldout_context_routing,internal_context_shuffle_ablation,CRA_internal,MockSimulator,43,skill_distractor,route_train,61,lagoon,invert,False,False,-1,0.001,0.0,0.0,0,False,-1,False,-1,internal_context_shuffle_ablation,internal_ablation,context_shuffle,0.001,False,lagoon,,False,32,29,0,0,0,0.001,0.1,0.2,8,8
484,1000.0,8,8,0,8,0,0,3.570064789305506,3.570064789305506,3.570064789305506,0.6757532381019742,0.0,0.01781626297676731,1.0,0.6757532381019742,False,0,0,0,0,0,0.0,0.0,0.0,0.0,0.0,0,0.0,0,0,disabled,disabled,True,keyed,1,0,False,raw,0,-0.01,-0.01,default,0,True,keyed,0,0,False,raw,0,-0.01,-0.01,default,0,True,context_shuffle,False,raw,-0.01,-0.01,input,route_train,set_minus,,,lagoon,invert,False,32,29,0,0,0,0,0.0,0.0,0.7992089999788732,4.6842500000252585,5.608790999986013,heldout_context_routing,internal_context_shuffle_ablation,CRA_internal,MockSimulator,43,input,route_train,61,lagoon,invert,False,False,-1,-0.01,0.0,0.0,0,False,1,False,-1,internal_context_shuffle_ablation,internal_ablation,context_shuffle,-0.01,False,lagoon,,False,32,29,0,0,0,-0.01,0.1,0.2,8,8
485,1000.0,8,8,0,8,0,0,3.562065413364781,3.562065413364781,3.562065413364781,-0.6420149920119997,-0.9999946965622277,0.017711211641797783,1.0,-0.6420149920119997,False,0,0,0,0,0,0.0,0.0,0.0,0.0,0.0,0,0.0,0,0,disabled,disabled,True,keyed,1,0,True,internal_keyed_context,-1,-0.01,-0.01,default,0,True,keyed,0,0,False,raw,0,-0.01,-0.01,default,0,True,context_shuffle,True,internal_context_shuffle_router,-0.01,-0.01,decision,route_train,set_minus,,identity,lagoon,invert,False,32,30,0,0,0,0,0.0,0.0,0.9854589999918062,5.0335409999888725,6.162167000013596,heldout_context_routing,internal_context_shuffle_ablation,CRA_internal,MockSimulator,43,decision,route_train,61,lagoon,invert,False,False,-1,-0.01,0.01,0.01,1,True,-1,False,485,internal_context_shuffle_ablation,internal_ablation,context_shuffle,-0.01,False,lagoon,identity,False,32,30,0,0,0,-0.01,0.1,0.2,8,8
486,1000.0,8,8,0,8,0,0,3.5541056402861115,3.5541056402861115,3.5541056402861115,-0.5376804442465539,-0.0,0.017603235855036328,1.0,-0.5376804442465539,False,0,0,0,0,0,0.0,0.0,0.0,0.0,0.0,0,0.0,0,0,disabled,disabled,True,keyed,1,0,False,raw,0,0.006600000000000001,0.006600000000000001,default,0,True,keyed,0,0,False,raw,0,0.006600000000000001,0.006600000000000001,default,0,True,context_shuffle,False,raw,0.006600000000000001,0.006600000000000001,route_context,route_train,set_minus,,,deep,set_minus,False,32,30,0,0,0,0,0.0,0.0,0.8117500000253131,4.661582999972325,5.6063330000029055,heldout_context_routing,internal_context_shuffle_ablation,CRA_internal,MockSimulator,43,route_context,route_train,62,deep,set_minus,False,False,1,0.006600000000000001,0.0,0.0,0,False,-1,False,-1,internal_context_shuffle_ablation,internal_ablation,context_shuffle,0.006600000000000001,False,deep,,False,32,30,0,0,0,0.006600000000000001,0.1,0.2,8,8
487,1000.0,8,8,0,8,0,0,3.546185272558225,3.546185272558225,3.546185272558225,-0.3000257076579791,-0.0,0.017492494615088616,1.0,-0.3000257076579791,False,0,0,0,0,0,0.0,0.0,0.0,0.0,0.0,0,0.0,0,0,disabled,disabled,True,keyed,1,0,False,raw,0,0.0034000000000000002,0.0034000000000000002,default,0,True,keyed,0,0,False,raw,0,0.0034000000000000002,0.0034000000000000002,default,0,True,context_shuffle,False,raw,0.0034000000000000002,0.0034000000000000002,context_distractor,route_train,set_minus,,,deep,set_minus,False,32,30,0,0,0,0,0.0,0.0,0.8362920000308804,5.186832999982016,6.151916000021629,heldout_context_routing,internal_context_shuffle_ablation,CRA_internal,MockSimulator,43,context_distractor,route_train,62,deep,set_minus,False,False,1,0.0034000000000000002,0.0,0.0,0,False,-1,False,-1,internal_context_shuffle_ablation,internal_ablation,context_shuffle,0.0034000000000000002,False,deep,,False,32,30,0,0,0,0.0034000000000000002,0.1,0.2,8,8
488,1000.0,8,8,0,8,0,0,3.5383041136549394,3.5383041136549394,3.5383041136549394,0.24526604942560976,0.0,0.017379141730396796,1.0,0.24526604942560976,False,0,0,0,0,0,0.0,0.0,0.0,0.0,0.0,0,0.0,0,0,disabled,disabled,True,keyed,1,0,False,raw,0,-0.0027500000000000003,-0.0027500000000000003,default,0,True,keyed,0,0,False,raw,0,-0.0027500000000000003,-0.0027500000000000003,default,0,True,context_shuffle,False,raw,-0.0027500000000000003,-0.0027500000000000003,skill_distractor,route_train,set_minus,,,deep,set_minus,False,32,30,0,0,0,0,0.0,0.0,0.8503749999704269,4.8370830000408205,5.829166000012265,heldout_context_routing,internal_context_shuffle_ablation,CRA_internal,MockSimulator,43,skill_distractor,route_train,62,deep,set_minus,False,False,1,-0.0027500000000000003,0.0,0.0,0,False,1,False,-1,internal_context_shuffle_ablation,internal_ablation,context_shuffle,-0.0027500000000000003,False,deep,,False,32,30,0,0,0,-0.0027500000000000003,0.1,0.2,8,8
489,1000.0,8,8,0,8,0,0,3.530461968030252,3.530461968030252,3.530461968030252,-0.1624268229162117,-0.0,0.01726332596324661,1.0,-0.1624268229162117,False,0,0,0,0,0,0.0,0.0,0.0,0.0,0.0,0,0.0,0,0,disabled,disabled,True,keyed,1,0,False,raw,0,0.0018,0.0018,default,0,True,keyed,0,0,False,raw,0,0.0018,0.0018,default,0,True,context_shuffle,False,raw,0.0018,0.0018,context_distractor,route_train,set_minus,,,deep,set_minus,False,32,30,0,0,0,0,0.0,0.0,0.7999160000053962,4.67595899999651,5.602624999994532,heldout_context_routing,internal_context_shuffle_ablation,CRA_internal,MockSimulator,43,context_distractor,route_train,62,deep,set_minus,False,False,1,0.0018,0.0,0.0,0,False,-1,False,-1,internal_context_shuffle_ablation,internal_ablation,context_shuffle,0.0018,False,deep,,False,32,30,0,0,0,0.0018,0.1,0.2,8,8
490,1000.0,8,8,0,8,0,0,3.522658641113449,3.522658641113449,3.522658641113449,0.09079276727737502,0.0,0.017145191170090276,1.0,0.09079276727737502,False,0,0,0,0,0,0.0,0.0,0.0,0.0,0.0,0,0.0,0,0,disabled,disabled,True,keyed,1,0,False,raw,0,-0.001,-0.001,default,0,True,keyed,0,0,False,raw,0,-0.001,-0.001,default,0,True,context_shuffle,False,raw,-0.001,-0.001,skill_distractor,route_train,set_minus,,,deep,set_minus,False,32,30,0,0,0,0,0.0,0.0,0.8185830000115857,5.298291999963567,6.242832999987513,heldout_context_routing,internal_context_shuffle_ablation,CRA_internal,MockSimulator,43,skill_distractor,route_train,62,deep,set_minus,False,False,1,-0.001,0.0,0.0,0,False,1,False,-1,internal_context_shuffle_ablation,internal_ablation,context_shuffle,-0.001,False,deep,,False,32,30,0,0,0,-0.001,0.1,0.2,8,8
491,1000.0,8,8,0,8,0,0,3.5148939393042413,3.5148939393042413,3.5148939393042413,-0.4261782832987471,-0.0,0.017024876438274893,1.0,-0.4261782832987471,False,0,0,0,0,0,0.0,0.0,0.0,0.0,0.0,0,0.0,0,0,disabled,disabled,True,keyed,1,0,False,raw,0,0.005,0.005,default,0,True,keyed,0,0,False,raw,0,0.005,0.005,default,0,True,context_shuffle,False,raw,0.005,0.005,context_distractor,route_train,set_minus,,,deep,set_minus,False,32,30,0,0,0,0,0.0,0.0,0.857082999971226,4.770167000003767,5.7671249999771135,heldout_context_routing,internal_context_shuffle_ablation,CRA_internal,MockSimulator,43,context_distractor,route_train,62,deep,set_minus,False,False,1,0.005,0.0,0.0,0,False,-1,False,-1,internal_context_shuffle_ablation,internal_ablation,context_shuffle,0.005,False,deep,,False,32,30,0,0,0,0.005,0.1,0.2,8,8
492,1000.0,8,8,0,8,0,0,3.507167669967926,3.507167669967926,3.507167669967926,-0.24526604942560976,-0.0,0.016902516219264092,1.0,-0.24526604942560976,False,0,0,0,0,0,0.0,0.0,0.0,0.0,0.0,0,0.0,0,0,disabled,disabled,True,keyed,1,0,False,raw,0,0.0027500000000000003,0.0027500000000000003,default,0,True,keyed,0,0,False,raw,0,0.0027500000000000003,0.0027500000000000003,default,0,True,context_shuffle,False,raw,0.0027500000000000003,0.0027500000000000003,skill_distractor,route_train,set_minus,,,deep,set_minus,False,32,30,0,0,0,0,0.0,0.0,0.8002920000080849,4.6718750000422915,5.598542000029738,heldout_context_routing,internal_context_shuffle_ablation,CRA_internal,MockSimulator,43,skill_distractor,route_train,62,deep,set_minus,False,False,1,0.0027500000000000003,0.0,0.0,0,False,-1,False,-1,internal_context_shuffle_ablation,internal_ablation,context_shuffle,0.0027500000000000003,False,deep,,False,32,30,0,0,0,0.0027500000000000003,0.1,0.2,8,8
493,1000.0,8,8,0,8,0,0,3.4994796414305687,3.4994796414305687,3.4994796414305687,-0.4261782832987472,-0.0,0.016778240458438416,1.0,-0.4261782832987472,False,0,0,0,0,0,0.0,0.0,0.0,0.0,0.0,0,0.0,0,0,disabled,disabled,True,keyed,1,0,False,raw,0,0.005,0.005,default,0,True,keyed,0,0,False,raw,0,0.005,0.005,default,0,True,context_shuffle,False,raw,0.005,0.005,context_distractor,route_train,set_minus,,,deep,set_minus,False,32,30,0,0,0,0,0.0,0.0,0.799291000021185,5.208292000020265,6.132083000011335,heldout_context_routing,internal_context_shuffle_ablation,CRA_internal,MockSimulator,43,context_distractor,route_train,62,deep,set_minus,False,False,1,0.005,0.0,0.0,0,False,-1,False,-1,internal_context_shuffle_ablation,internal_ablation,context_shuffle,0.005,False,deep,,False,32,30,0,0,0,0.005,0.1,0.2,8,8
494,1000.0,8,8,0,8,0,0,3.491829662974213,3.491829662974213,3.491829662974213,-0.09079276727737502,-0.0,0.01665217472155806,1.0,-0.09079276727737502,False,0,0,0,0,0,0.0,0.0,0.0,0.0,0.0,0,0.0,0,0,disabled,disabled,True,keyed,1,0,False,raw,0,0.001,0.001,default,0,True,keyed,0,0,False,raw,0,0.001,0.001,default,0,True,context_shuffle,False,raw,0.001,0.001,skill_distractor,route_train,set_minus,,,deep,set_minus,False,32,30,0,0,0,0,0.0,0.0,0.834667000049194,4.808291999950143,5.778915999997025,heldout_context_routing,internal_context_shuffle_ablation,CRA_internal,MockSimulator,43,skill_distractor,route_train,62,deep,set_minus,False,False,1,0.001,0.0,0.0,0,False,-1,False,-1,internal_context_shuffle_ablation,internal_ablation,context_shuffle,0.001,False,deep,,False,32,30,0,0,0,0.001,0.1,0.2,8,8
495,1000.0,8,8,0,8,0,0,3.484217544832112,3.484217544832112,3.484217544832112,-0.4261782832987472,-0.0,0.01652444031796954,1.0,-0.4261782832987472,False,0,0,0,0,0,0.0,0.0,0.0,0.0,0.0,0,0.0,0,0,disabled,disabled,True,keyed,1,0,False,raw,0,0.005,0.005,default,0,True,keyed,0,0,False,raw,0,0.005,0.005,default,0,True,context_shuffle,False,raw,0.005,0.005,context_distractor,route_train,set_minus,,,deep,set_minus,False,32,30,0,0,0,0,0.0,0.0,0.8082079999667258,4.766333000020495,5.700708000006216,heldout_context_routing,internal_context_shuffle_ablation,CRA_internal,MockSimulator,43,context_distractor,route_train,62,deep,set_minus,False,False,1,0.005,0.0,0.0,0,False,-1,False,-1,internal_context_shuffle_ablation,internal_ablation,context_shuffle,0.005,False,deep,,False,32,30,0,0,0,0.005,0.1,0.2,8,8
496,1000.0,8,8,0,8,0,0,3.4766430981839833,3.4766430981839833,3.4766430981839833,-0.09079276727737502,-0.0,0.016395154420635938,1.0,-0.09079276727737502,False,0,0,0,0,0,0.0,0.0,0.0,0.0,0.0,0,0.0,0,0,disabled,disabled,True,keyed,1,0,False,raw,0,0.001,0.001,default,0,True,keyed,0,0,False,raw,0,0.001,0.001,default,0,True,context_shuffle,False,raw,0.001,0.001,skill_distractor,route_train,set_minus,,,deep,set_minus,False,32,30,0,0,0,0,0.0,0.0,0.9280419999981859,5.139041999996152,6.335166999974717,heldout_context_routing,internal_context_shuffle_ablation,CRA_internal,MockSimulator,43,skill_distractor,route_train,62,deep,set_minus,False,False,1,0.001,0.0,0.0,0,False,-1,False,-1,internal_context_shuffle_ablation,internal_ablation,context_shuffle,0.001,False,deep,,False,32,30,0,0,0,0.001,0.1,0.2,8,8
497,1000.0,8,8,0,8,0,0,3.469106135151291,3.469106135151291,3.469106135151291,-0.7213409107608775,-0.0,0.016264430183068494,1.0,-0.7213409107608775,False,0,0,0,0,0,0.0,0.0,0.0,0.0,0.0,0,0.0,0,0,disabled,disabled,True,keyed,1,0,False,raw,0,0.01,0.01,default,0,True,keyed,0,0,False,raw,0,0.01,0.01,default,0,True,context_shuffle,False,raw,0.01,0.01,input,route_train,set_minus,,,deep,set_minus,False,32,30,0,0,0,0,0.0,0.0,0.8164999999848987,4.767915999991601,5.7173330000068745,heldout_context_routing,internal_context_shuffle_ablation,CRA_internal,MockSimulator,43,input,route_train,62,deep,set_minus,False,False,1,0.01,0.0,0.0,0,False,-1,False,-1,internal_context_shuffle_ablation,internal_ablation,context_shuffle,0.01,False,deep,,False,32,30,0,0,0,0.01,0.1,0.2,8,8
498,1000.0,8,8,0,8,0,0,3.4616064687925454,3.4616064687925454,3.4616064687925454,-0.6420149920119997,0.9999946965622277,0.016132376853235493,1.0,-0.6420149920119997,True,0,0,0,0,0,0.0,0.0,0.0,0.0,0.0,0,0.0,0,0,disabled,disabled,True,keyed,1,0,True,internal_keyed_context,1,0.01,0.01,default,0,True,keyed,0,0,False,raw,0,0.01,0.01,default,0,True,context_shuffle,True,internal_context_shuffle_router,0.01,-0.01,decision,route_train,set_minus,,invert,deep,set_minus,False,32,31,0,0,0,0,0.0,0.0,0.8154580000336864,5.319124999971336,6.260708000013437,heldout_context_routing,internal_context_shuffle_ablation,CRA_internal,MockSimulator,43,decision,route_train,62,deep,set_minus,False,False,1,0.01,-0.01,-0.01,-1,True,-1,True,498,internal_context_shuffle_ablation,internal_ablation,context_shuffle,0.01,False,deep,invert,False,32,31,0,0,0,-0.01,0.1,0.2,8,8
499,1000.0,8,8,0,8,0,0,3.4541439130986316,3.4541439130986316,3.4541439130986316,-0.5230187418959369,-0.0,0.016399099884522584,1.0,-0.5230187418959369,False,0,0,0,0,0,0.0,0.0,0.0,0.0,0.0,0,0.0,0,0,disabled,disabled,True,keyed,1,0,False,raw,0,0.006600000000000001,0.006600000000000001,default,0,True,keyed,0,0,False,raw,0,0.006600000000000001,0.006600000000000001,default,0,True,context_shuffle,False,raw,0.006600000000000001,0.006600000000000001,route_context,route_train,set_minus,,,deep,set_minus,False,32,31,0,0,0,0,0.0,0.0,0.8586250000348628,4.881958999988001,5.8784580000406095,heldout_context_routing,internal_context_shuffle_ablation,CRA_internal,MockSimulator,43,route_context,route_train,63,deep,set_minus,False,False,-1,0.006600000000000001,0.0,0.0,0,False,-1,False,-1,internal_context_shuffle_ablation,internal_ablation,context_shuffle,0.006600000000000001,False,deep,,False,32,31,0,0,0,0.006600000000000001,0.1,0.2,8,8
500,1000.0,8,8,0,8,0,0,3.446718282988159,3.446718282988159,3.446718282988159,-0.29043233459993323,-0.0,0.016648701043816896,1.0,-0.29043233459993323,False,0,0,0,0,0,0.0,0.0,0.0,0.0,0.0,0,0.0,0,0,disabled,disabled,True,keyed,1,0,False,raw,0,0.0034000000000000002,0.0034000000000000002,default,0,True,keyed,0,0,False,raw,0,0.0034000000000000002,0.0034000000000000002,default,0,True,context_shuffle,False,raw,0.0034000000000000002,0.0034000000000000002,context_distractor,route_train,set_minus,,,deep,set_minus,False,32,31,0,0,0,0,0.0,0.0,0.7993749999855027,4.772583999965718,5.697290999989946,heldout_context_routing,internal_context_shuffle_ablation,CRA_internal,MockSimulator,43,context_distractor,route_train,63,deep,set_minus,False,False,-1,0.0034000000000000002,0.0,0.0,0,False,-1,False,-1,internal_context_shuffle_ablation,internal_ablation,context_shuffle,0.0034000000000000002,False,deep,,False,32,31,0,0,0,0.0034000000000000002,0.1,0.2,8,8
501,1000.0,8,8,0,8,0,0,3.439329394302834,3.439329394302834,3.439329394302834,-0.23726056704088846,-0.0,0.01688175851678563,1.0,-0.23726056704088846,False,0,0,0,0,0,0.0,0.0,0.0,0.0,0.0,0,0.0,0,0,disabled,disabled,True,keyed,1,0,False,raw,0,0.0027500000000000003,0.0027500000000000003,default,0,True,keyed,0,0,False,raw,0,0.0027500000000000003,0.0027500000000000003,default,0,True,context_shuffle,False,raw,0.0027500000000000003,0.0027500000000000003,skill_distractor,route_train,set_minus,,,deep,set_minus,False,32,31,0,0,0,0,0.0,0.0,0.7978330000355527,5.406624999977794,6.330166999987341,heldout_context_routing,internal_context_shuffle_ablation,CRA_internal,MockSimulator,43,skill_distractor,route_train,63,deep,set_minus,False,False,-1,0.0027500000000000003,0.0,0.0,0,False,-1,False,-1,internal_context_shuffle_ablation,internal_ablation,context_shuffle,0.0027500000000000003,False,deep,,False,32,31,0,0,0,0.0027500000000000003,0.1,0.2,8,8
502,1000.0,8,8,0,8,0,0,3.431977063802856,3.431977063802856,3.431977063802856,-0.15700491746219397,-0.0,0.017098834210418083,1.0,-0.15700491746219397,False,0,0,0,0,0,0.0,0.0,0.0,0.0,0.0,0,0.0,0,0,disabled,disabled,True,keyed,1,0,False,raw,0,0.0018,0.0018,default,0,True,keyed,0,0,False,raw,0,0.0018,0.0018,default,0,True,context_shuffle,False,raw,0.0018,0.0018,context_distractor,route_train,set_minus,,,deep,set_minus,False,32,31,0,0,0,0,0.0,0.0,0.850708999962535,4.837291000001187,5.83508299996538,heldout_context_routing,internal_context_shuffle_ablation,CRA_internal,MockSimulator,43,context_distractor,route_train,63,deep,set_minus,False,False,-1,0.0018,0.0,0.0,0,False,-1,False,-1,internal_context_shuffle_ablation,internal_ablation,context_shuffle,0.0018,False,deep,,False,32,31,0,0,0,0.0018,0.1,0.2,8,8
503,1000.0,8,8,0,8,0,0,3.4246611091623365,3.4246611091623365,3.4246611091623365,-0.08772636925377826,-0.0,0.01730047417289853,1.0,-0.08772636925377826,False,0,0,0,0,0,0.0,0.0,0.0,0.0,0.0,0,0.0,0,0,disabled,disabled,True,keyed,1,0,False,raw,0,0.001,0.001,default,0,True,keyed,0,0,False,raw,0,0.001,0.001,default,0,True,context_shuffle,False,raw,0.001,0.001,skill_distractor,route_train,set_minus,,,deep,set_minus,False,32,31,0,0,0,0,0.0,0.0,0.8059589999902528,4.828790999965804,5.762666999999055,heldout_context_routing,internal_context_shuffle_ablation,CRA_internal,MockSimulator,43,skill_distractor,route_train,63,deep,set_minus,False,False,-1,0.001,0.0,0.0,0,False,-1,False,-1,internal_context_shuffle_ablation,internal_ablation,context_shuffle,0.001,False,deep,,False,32,31,0,0,0,0.001,0.1,0.2,8,8
504,1000.0,8,8,0,8,0,0,3.417381348964741,3.417381348964741,3.417381348964741,-0.29043233459993323,-0.0,0.01748720900319559,1.0,-0.29043233459993323,False,0,0,0,0,0,0.0,0.0,0.0,0.0,0.0,0,0.0,0,0,disabled,disabled,True,keyed,1,0,False,raw,0,0.0034000000000000002,0.0034000000000000002,default,0,True,keyed,0,0,False,raw,0,0.0034000000000000002,0.0034000000000000002,default,0,True,context_shuffle,False,raw,0.0034000000000000002,0.0034000000000000002,context_distractor,route_train,set_minus,,,deep,set_minus,False,32,31,0,0,0,0,0.0,0.0,0.9870420000197555,5.044874999953208,6.156916000009005,heldout_context_routing,internal_context_shuffle_ablation,CRA_internal,MockSimulator,43,context_distractor,route_train,63,deep,set_minus,False,False,-1,0.0034000000000000002,0.0,0.0,0,False,-1,False,-1,internal_context_shuffle_ablation,internal_ablation,context_shuffle,0.0034000000000000002,False,deep,,False,32,31,0,0,0,0.0034000000000000002,0.1,0.2,8,8
505,1000.0,8,8,0,8,0,0,3.4101376026983523,3.4101376026983523,3.4101376026983523,-0.08772636925377825,-0.0,0.01765955425061161,1.0,-0.08772636925377825,False,0,0,0,0,0,0.0,0.0,0.0,0.0,0.0,0,0.0,0,0,disabled,disabled,True,keyed,1,0,False,raw,0,0.001,0.001,default,0,True,keyed,0,0,False,raw,0,0.001,0.001,default,0,True,context_shuffle,False,raw,0.001,0.001,skill_distractor,route_train,set_minus,,,deep,set_minus,False,32,31,0,0,0,0,0.0,0.0,0.8199579999654816,4.838667000001351,5.79145800003289,heldout_context_routing,internal_context_shuffle_ablation,CRA_internal,MockSimulator,43,skill_distractor,route_train,63,deep,set_minus,False,False,-1,0.001,0.0,0.0,0,False,-1,False,-1,internal_context_shuffle_ablation,internal_ablation,context_shuffle,0.001,False,deep,,False,32,31,0,0,0,0.001,0.1,0.2,8,8
506,1000.0,8,8,0,8,0,0,3.402929690751761,3.402929690751761,3.402929690751761,-0.29043233459993323,-0.0,0.017818010804529705,1.0,-0.29043233459993323,False,0,0,0,0,0,0.0,0.0,0.0,0.0,0.0,0,0.0,0,0,disabled,disabled,True,keyed,1,0,False,raw,0,0.0034000000000000002,0.0034000000000000002,default,0,True,keyed,0,0,False,raw,0,0.0034000000000000002,0.0034000000000000002,default,0,True,context_shuffle,False,raw,0.0034000000000000002,0.0034000000000000002,context_distractor,route_train,set_minus,,,deep,set_minus,False,32,31,0,0,0,0,0.0,0.0,0.7967920000169215,5.03883300001462,5.96224999998185,heldout_context_routing,internal_context_shuffle_ablation,CRA_internal,MockSimulator,43,context_distractor,route_train,63,deep,set_minus,False,False,-1,0.0034000000000000002,0.0,0.0,0,False,-1,False,-1,internal_context_shuffle_ablation,internal_ablation,context_shuffle,0.0034000000000000002,False,deep,,False,32,31,0,0,0,0.0034000000000000002,0.1,0.2,8,8
507,1000.0,8,8,0,8,0,0,3.3957574344093717,3.3957574344093717,3.3957574344093717,0.23726056704088846,0.0,0.017963065274590836,1.0,0.23726056704088846,False,0,0,0,0,0,0.0,0.0,0.0,0.0,0.0,0,0.0,0,0,disabled,disabled,True,keyed,1,0,False,raw,0,-0.0027500000000000003,-0.0027500000000000003,default,0,True,keyed,0,0,False,raw,0,-0.0027500000000000003,-0.0027500000000000003,default,0,True,context_shuffle,False,raw,-0.0027500000000000003,-0.0027500000000000003,skill_distractor,route_train,set_minus,,,deep,set_minus,False,32,31,0,0,0,0,0.0,0.0,0.9065830000167807,4.971249999982774,6.026041000041005,heldout_context_routing,internal_context_shuffle_ablation,CRA_internal,MockSimulator,43,skill_distractor,route_train,63,deep,set_minus,False,False,-1,-0.0027500000000000003,0.0,0.0,0,False,1,False,-1,internal_context_shuffle_ablation,internal_ablation,context_shuffle,-0.0027500000000000003,False,deep,,False,32,31,0,0,0,-0.0027500000000000003,0.1,0.2,8,8
508,1000.0,8,8,0,8,0,0,3.3886206558469367,3.3886206558469367,3.3886206558469367,-0.41344738986385465,-0.0,0.01809519036152771,1.0,-0.41344738986385465,False,0,0,0,0,0,0.0,0.0,0.0,0.0,0.0,0,0.0,0,0,disabled,disabled,True,keyed,1,0,False,raw,0,0.005,0.005,default,0,True,keyed,0,0,False,raw,0,0.005,0.005,default,0,True,context_shuffle,False,raw,0.005,0.005,context_distractor,route_train,set_minus,,,deep,set_minus,False,32,31,0,0,0,0,0.0,0.0,0.802792000001773,4.869666999979927,5.801416999986486,heldout_context_routing,internal_context_shuffle_ablation,CRA_internal,MockSimulator,43,context_distractor,route_train,63,deep,set_minus,False,False,-1,0.005,0.0,0.0,0,False,-1,False,-1,internal_context_shuffle_ablation,internal_ablation,context_shuffle,0.005,False,deep,,False,32,31,0,0,0,0.005,0.1,0.2,8,8
509,1000.0,8,8,0,8,0,0,3.38151917812711,3.38151917812711,3.38151917812711,0.08772636925377826,0.0,0.018214845218877274,1.0,0.08772636925377826,False,0,0,0,0,0,0.0,0.0,0.0,0.0,0.0,0,0.0,0,0,disabled,disabled,True,keyed,1,0,False,raw,0,-0.001,-0.001,default,0,True,keyed,0,0,False,raw,0,-0.001,-0.001,default,0,True,context_shuffle,False,raw,-0.001,-0.001,skill_distractor,route_train,set_minus,,,deep,set_minus,False,32,31,0,0,0,0,0.0,0.0,0.7977079999932357,5.38362499997902,6.30670900000041,heldout_context_routing,internal_context_shuffle_ablation,CRA_internal,MockSimulator,43,skill_distractor,route_train,63,deep,set_minus,False,False,-1,-0.001,0.0,0.0,0,False,1,False,-1,internal_context_shuffle_ablation,internal_ablation,context_shuffle,-0.001,False,deep,,False,32,31,0,0,0,-0.001,0.1,0.2,8,8
510,1000.0,8,8,0,8,0,0,3.3744528251950245,3.3744528251950245,3.3744528251950245,0.7061810738042333,0.0,0.018322475805788243,1.0,0.7061810738042333,False,0,0,0,0,0,0.0,0.0,0.0,0.0,0.0,0,0.0,0,0,disabled,disabled,True,keyed,1,0,False,raw,0,-0.01,-0.01,default,0,True,keyed,0,0,False,raw,0,-0.01,-0.01,default,0,True,context_shuffle,False,raw,-0.01,-0.01,input,route_train,set_minus,,,deep,set_minus,False,32,31,0,0,0,0,0.0,0.0,0.8722090000219396,4.964749999999185,5.995625000025484,heldout_context_routing,internal_context_shuffle_ablation,CRA_internal,MockSimulator,43,input,route_train,63,deep,set_minus,False,False,-1,-0.01,0.0,0.0,0,False,1,False,-1,internal_context_shuffle_ablation,internal_ablation,context_shuffle,-0.01,False,deep,,False,32,31,0,0,0,-0.01,0.1,0.2,8,8
511,1000.0,8,8,0,8,0,0,3.3674214218738894,3.3674214218738894,3.3674214218738894,0.6420149920119997,-0.9999946965622277,0.01841851523113522,1.0,0.6420149920119997,False,0,0,0,0,0,0.0,0.0,0.0,0.0,0.0,0,0.0,0,0,disabled,disabled,True,keyed,1,0,True,internal_keyed_context,-1,-0.01,-0.01,default,0,True,keyed,0,0,False,raw,0,-0.01,-0.01,default,0,True,context_shuffle,True,internal_context_shuffle_router,-0.01,0.01,decision,route_train,set_minus,,invert,deep,set_minus,False,32,32,0,0,0,0,0.0,0.0,0.8055419999664082,5.053542000041489,5.985667000004469,heldout_context_routing,internal_context_shuffle_ablation,CRA_internal,MockSimulator,43,decision,route_train,63,deep,set_minus,False,False,-1,-0.01,-0.01,-0.01,-1,True,1,False,511,internal_context_shuffle_ablation,internal_ablation,context_shuffle,-0.01,False,deep,invert,False,32,32,0,0,0,0.01,0.1,0.2,8,8
512,1000.0,8,8,0,8,0,0,3.3604247938606124,3.3604247938606124,3.3604247938606124,-0.1726104401523295,-0.0,0.018503384089146,1.0,-0.1726104401523295,False,0,0,0,0,0,0.0,0.0,0.0,0.0,0.0,0,0.0,0,0,disabled,disabled,True,keyed,1,0,False,raw,0,0.0018,0.0018,default,0,True,keyed,0,0,False,raw,0,0.0018,0.0018,default,0,True,context_shuffle,False,raw,0.0018,0.0018,route_context,heldout_routing_first,set_minus,,,reef,identity,False,32,32,0,0,0,0,0.0,0.0,0.796832999981234,5.327209000029143,6.249959000001581,heldout_context_routing,internal_context_shuffle_ablation,CRA_internal,MockSimulator,43,route_context,heldout_routing_first,64,reef,identity,False,False,-1,0.0018,0.0,0.0,0,False,-1,False,-1,internal_context_shuffle_ablation,internal_ablation,context_shuffle,0.0018,False,reef,,False,32,32,0,0,0,0.0018,0.1,0.2,8,8
513,1000.0,8,8,0,8,0,0,3.353462767721441,3.353462767721441,3.353462767721441,-0.3179268580066248,-0.0,0.018577490786743898,1.0,-0.3179268580066248,False,0,0,0,0,0,0.0,0.0,0.0,0.0,0.0,0,0.0,0,0,disabled,disabled,True,keyed,1,0,False,raw,0,0.0034000000000000002,0.0034000000000000002,default,0,True,keyed,0,0,False,raw,0,0.0034000000000000002,0.0034000000000000002,default,0,True,context_shuffle,False,raw,0.0034000000000000002,0.0034000000000000002,context_distractor,heldout_routing_first,set_minus,,,reef,identity,False,32,32,0,0,0,0,0.0,0.0,0.8285000000114451,4.95041599998558,5.9134999999628235,heldout_context_routing,internal_context_shuffle_ablation,CRA_internal,MockSimulator,43,context_distractor,heldout_routing_first,64,reef,identity,False,False,-1,0.0034000000000000002,0.0,0.0,0,False,-1,False,-1,internal_context_shuffle_ablation,internal_ablation,context_shuffle,0.0034000000000000002,False,reef,,False,32,32,0,0,0,0.0034000000000000002,0.1,0.2,8,8
514,1000.0,8,8,0,8,0,0,3.3465351708876265,3.3465351708876265,3.3465351708876265,0.2602506629312381,0.0,0.018641231862802223,1.0,0.2602506629312381,False,0,0,0,0,0,0.0,0.0,0.0,0.0,0.0,0,0.0,0,0,disabled,disabled,True,keyed,1,0,False,raw,0,-0.0027500000000000003,-0.0027500000000000003,default,0,True,keyed,0,0,False,raw,0,-0.0027500000000000003,-0.0027500000000000003,default,0,True,context_shuffle,False,raw,-0.0027500000000000003,-0.0027500000000000003,skill_distractor,heldout_routing_first,set_minus,,,reef,identity,False,32,32,0,0,0,0,0.0,0.0,0.8007910000173979,5.146459000002324,6.074124999997821,heldout_context_routing,internal_context_shuffle_ablation,CRA_internal,MockSimulator,43,skill_distractor,heldout_routing_first,64,reef,identity,False,False,-1,-0.0027500000000000003,0.0,0.0,0,False,1,False,-1,internal_context_shuffle_ablation,internal_ablation,context_shuffle,-0.0027500000000000003,False,reef,,False,32,32,0,0,0,-0.0027500000000000003,0.1,0.2,8,8
515,1000.0,8,8,0,8,0,0,3.3396418316511105,3.3396418316511105,3.3396418316511105,-0.564426441645558,-0.0,0.018694992299503516,1.0,-0.564426441645558,False,0,0,0,0,0,0.0,0.0,0.0,0.0,0.0,0,0.0,0,0,disabled,disabled,True,keyed,1,0,False,raw,0,0.006600000000000001,0.006600000000000001,default,0,True,keyed,0,0,False,raw,0,0.006600000000000001,0.006600000000000001,default,0,True,context_shuffle,False,raw,0.006600000000000001,0.006600000000000001,context_distractor,heldout_routing_first,set_minus,,,reef,identity,False,32,32,0,0,0,0,0.0,0.0,0.899084000025141,5.086666000011064,6.165042000020549,heldout_context_routing,internal_context_shuffle_ablation,CRA_internal,MockSimulator,43,context_distractor,heldout_routing_first,64,reef,identity,False,False,-1,0.006600000000000001,0.0,0.0,0,False,-1,False,-1,internal_context_shuffle_ablation,internal_ablation,context_shuffle,0.006600000000000001,False,reef,,False,32,32,0,0,0,0.006600000000000001,0.1,0.2,8,8
516,1000.0,8,8,0,8,0,0,3.3327825791602317,3.3327825791602317,3.3327825791602317,0.09656264077701318,0.0,0.01873914582599164,1.0,0.09656264077701318,False,0,0,0,0,0,0.0,0.0,0.0,0.0,0.0,0,0.0,0,0,disabled,disabled,True,keyed,1,0,False,raw,0,-0.001,-0.001,default,0,True,keyed,0,0,False,raw,0,-0.001,-0.001,default,0,True,context_shuffle,False,raw,-0.001,-0.001,skill_distractor,heldout_routing_first,set_minus,,,reef,identity,False,32,32,0,0,0,0,0.0,0.0,0.8050000000139335,4.891499999985172,5.823709000026156,heldout_context_routing,internal_context_shuffle_ablation,CRA_internal,MockSimulator,43,skill_distractor,heldout_routing_first,64,reef,identity,False,False,-1,-0.001,0.0,0.0,0,False,1,False,-1,internal_context_shuffle_ablation,internal_ablation,context_shuffle,-0.001,False,reef,,False,32,32,0,0,0,-0.001,0.1,0.2,8,8
517,1000.0,8,8,0,8,0,0,3.3259572434154547,3.3259572434154547,3.3259572434154547,-0.3179268580066248,-0.0,0.018774055214500433,1.0,-0.3179268580066248,False,0,0,0,0,0,0.0,0.0,0.0,0.0,0.0,0,0.0,0,0,disabled,disabled,True,keyed,1,0,False,raw,0,0.0034000000000000002,0.0034000000000000002,default,0,True,keyed,0,0,False,raw,0,0.0034000000000000002,0.0034000000000000002,default,0,True,context_shuffle,False,raw,0.0034000000000000002,0.0034000000000000002,context_distractor,heldout_routing_first,set_minus,,,reef,identity,False,32,32,0,0,0,0,0.0,0.0,0.7975419999866062,5.4477500000302825,6.370500000002721,heldout_context_routing,internal_context_shuffle_ablation,CRA_internal,MockSimulator,43,context_distractor,heldout_routing_first,64,reef,identity,False,False,-1,0.0034000000000000002,0.0,0.0,0,False,-1,False,-1,internal_context_shuffle_ablation,internal_ablation,context_shuffle,0.0034000000000000002,False,reef,,False,32,32,0,0,0,0.0034000000000000002,0.1,0.2,8,8
518,1000.0,8,8,0,8,0,0,3.3191656552651203,3.3191656552651203,3.3191656552651203,0.09656264077701318,0.0,0.01880007256913848,1.0,0.09656264077701318,False,0,0,0,0,0,0.0,0.0,0.0,0.0,0.0,0,0.0,0,0,disabled,disabled,True,keyed,1,0,False,raw,0,-0.001,-0.001,default,0,True,keyed,0,0,False,raw,0,-0.001,-0.001,default,0,True,context_shuffle,False,raw,-0.001,-0.001,skill_distractor,heldout_routing_first,set_minus,,,reef,identity,False,32,32,0,0,0,0,0.0,0.0,0.8334999999988213,5.128582999986975,6.102999999995973,heldout_context_routing,internal_context_shuffle_ablation,CRA_internal,MockSimulator,43,skill_distractor,heldout_routing_first,64,reef,identity,False,False,-1,-0.001,0.0,0.0,0,False,1,False,-1,internal_context_shuffle_ablation,internal_ablation,context_shuffle,-0.001,False,reef,,False,32,32,0,0,0,-0.001,0.1,0.2,8,8
519,1000.0,8,8,0,8,0,0,3.312407646401216,3.312407646401216,3.312407646401216,-0.3179268580066248,-0.0,0.018817539607505207,1.0,-0.3179268580066248,False,0,0,0,0,0,0.0,0.0,0.0,0.0,0.0,0,0.0,0,0,disabled,disabled,True,keyed,1,0,False,raw,0,0.0034000000000000002,0.0034000000000000002,default,0,True,keyed,0,0,False,raw,0,0.0034000000000000002,0.0034000000000000002,default,0,True,context_shuffle,False,raw,0.0034000000000000002,0.0034000000000000002,context_distractor,heldout_routing_first,set_minus,,,reef,identity,False,32,32,0,0,0,0,0.0,0.0,0.8027499999911925,4.930207999962022,5.859375,heldout_context_routing,internal_context_shuffle_ablation,CRA_internal,MockSimulator,43,context_distractor,heldout_routing_first,64,reef,identity,False,False,-1,0.0034000000000000002,0.0,0.0,0,False,-1,False,-1,internal_context_shuffle_ablation,internal_ablation,context_shuffle,0.0034000000000000002,False,reef,,False,32,32,0,0,0,0.0034000000000000002,0.1,0.2,8,8
520,1000.0,8,8,0,8,0,0,3.3056830493551694,3.3056830493551694,3.3056830493551694,-0.2602506629312381,-0.0,0.01882678793530961,1.0,-0.2602506629312381,False,0,0,0,0,0,0.0,0.0,0.0,0.0,0.0,0,0.0,0,0,disabled,disabled,True,keyed,1,0,False,raw,0,0.0027500000000000003,0.0027500000000000003,default,0,True,keyed,0,0,False,raw,0,0.0027500000000000003,0.0027500000000000003,default,0,True,context_shuffle,False,raw,0.0027500000000000003,0.0027500000000000003,skill_distractor,heldout_routing_first,set_minus,,,reef,identity,False,32,32,0,0,0,0,0.0,0.0,0.8569999999963329,5.4542910000350275,6.438166999998884,heldout_context_routing,internal_context_shuffle_ablation,CRA_internal,MockSimulator,43,skill_distractor,heldout_routing_first,64,reef,identity,False,False,-1,0.0027500000000000003,0.0,0.0,0,False,-1,False,-1,internal_context_shuffle_ablation,internal_ablation,context_shuffle,0.0027500000000000003,False,reef,,False,32,32,0,0,0,0.0027500000000000003,0.1,0.2,8,8
521,1000.0,8,8,0,8,0,0,3.2989916974936606,3.2989916974936606,3.2989916974936606,-0.564426441645558,-0.0,0.01882813931415883,1.0,-0.564426441645558,False,0,0,0,0,0,0.0,0.0,0.0,0.0,0.0,0,0.0,0,0,disabled,disabled,True,keyed,1,0,False,raw,0,0.006600000000000001,0.006600000000000001,default,0,True,keyed,0,0,False,raw,0,0.006600000000000001,0.006600000000000001,default,0,True,context_shuffle,False,raw,0.006600000000000001,0.006600000000000001,context_distractor,heldout_routing_first,set_minus,,,reef,identity,False,32,32,0,0,0,0,0.0,0.0,0.8811669999886362,5.063750000033451,6.082166999988203,heldout_context_routing,internal_context_shuffle_ablation,CRA_internal,MockSimulator,43,context_distractor,heldout_routing_first,64,reef,identity,False,False,-1,0.006600000000000001,0.0,0.0,0,False,-1,False,-1,internal_context_shuffle_ablation,internal_ablation,context_shuffle,0.006600000000000001,False,reef,,False,32,32,0,0,0,0.006600000000000001,0.1,0.2,8,8
522,1000.0,8,8,0,8,0,0,3.2923334250144562,3.2923334250144562,3.2923334250144562,0.2602506629312381,0.0,0.01882190592267996,1.0,0.2602506629312381,False,0,0,0,0,0,0.0,0.0,0.0,0.0,0.0,0,0.0,0,0,disabled,disabled,True,keyed,1,0,False,raw,0,-0.0027500000000000003,-0.0027500000000000003,default,0,True,keyed,0,0,False,raw,0,-0.0027500000000000003,-0.0027500000000000003,default,0,True,context_shuffle,False,raw,-0.0027500000000000003,-0.0027500000000000003,skill_distractor,heldout_routing_first,set_minus,,,reef,identity,False,32,32,0,0,0,0,0.0,0.0,0.8035000000177206,5.4530839999529235,6.382999999971162,heldout_context_routing,internal_context_shuffle_ablation,CRA_internal,MockSimulator,43,skill_distractor,heldout_routing_first,64,reef,identity,False,False,-1,-0.0027500000000000003,0.0,0.0,0,False,1,False,-1,internal_context_shuffle_ablation,internal_ablation,context_shuffle,-0.0027500000000000003,False,reef,,False,32,32,0,0,0,-0.0027500000000000003,0.1,0.2,8,8
523,1000.0,8,8,0,8,0,0,3.285708066942265,3.285708066942265,3.285708066942265,0.7481080578434353,0.0,0.018808390611134578,1.0,0.7481080578434353,False,0,0,0,0,0,0.0,0.0,0.0,0.0,0.0,0,0.0,0,0,disabled,disabled,True,keyed,1,0,False,raw,0,-0.01,-0.01,default,0,True,keyed,0,0,False,raw,0,-0.01,-0.01,default,0,True,context_shuffle,False,raw,-0.01,-0.01,input,heldout_routing_first,set_minus,,,reef,identity,False,32,32,0,0,0,0,0.0,0.0,0.91145799996184,5.238334000011946,6.305541000017456,heldout_context_routing,internal_context_shuffle_ablation,CRA_internal,MockSimulator,43,input,heldout_routing_first,64,reef,identity,False,False,-1,-0.01,0.0,0.0,0,False,1,False,-1,internal_context_shuffle_ablation,internal_ablation,context_shuffle,-0.01,False,reef,,False,32,32,0,0,0,-0.01,0.1,0.2,8,8
524,1000.0,8,8,0,8,0,0,3.2791154591246134,3.2791154591246134,3.2791154591246134,0.6420149920119997,-0.9999946965622277,0.01878788714968194,1.0,0.6420149920119997,False,0,0,0,0,0,0.0,0.0,0.0,0.0,0.0,0,0.0,0,0,disabled,disabled,True,keyed,1,0,True,internal_keyed_context,-1,-0.01,-0.01,default,0,True,keyed,0,0,False,raw,0,-0.01,-0.01,default,0,True,context_shuffle,True,internal_context_shuffle_router,-0.01,0.01,decision,heldout_routing_first,set_minus,,set_plus,reef,identity,False,32,32,0,1,0,1,0.0,0.0,0.8021670000175618,5.135208000012881,6.066459000010127,heldout_context_routing,internal_context_shuffle_ablation,CRA_internal,MockSimulator,43,decision,heldout_routing_first,64,reef,identity,True,True,-1,-0.01,-0.01,-0.01,-1,True,1,False,524,internal_context_shuffle_ablation,internal_ablation,context_shuffle,-0.01,True,reef,set_plus,False,32,32,1,0,1,0.01,0.1,0.2,8,8
525,1000.0,8,8,0,8,0,0,3.272555438227741,3.272555438227741,3.272555438227741,-0.1881143132129368,-0.0,0.018760680470442954,1.0,-0.1881143132129368,False,0,0,0,0,0,0.0,0.0,0.0,0.0,0.0,0,0.0,0,0,disabled,disabled,True,keyed,1,0,False,raw,0,0.0018,0.0018,default,0,True,keyed,0,0,False,raw,0,0.0018,0.0018,default,0,True,context_shuffle,False,raw,0.0018,0.0018,route_context,heldout_routing_first,set_minus,,,reef,identity,False,32,32,0,1,0,1,0.0,0.0,0.8020409999858202,5.598749999990105,6.527207999965867,heldout_context_routing,internal_context_shuffle_ablation,CRA_internal,MockSimulator,43,route_context,heldout_routing_first,65,reef,identity,False,False,1,0.0018,0.0,0.0,0,False,-1,False,-1,internal_context_shuffle_ablation,internal_ablation,context_shuffle,0.0018,False,reef,,False,32,32,1,0,1,0.0018,0.1,0.2,8,8
526,1000.0,8,8,0,8,0,0,3.2660278417325173,3.2660278417325173,3.2660278417325173,-0.4844921469455563,-0.0,0.018727046903513653,1.0,-0.4844921469455563,False,0,0,0,0,0,0.0,0.0,0.0,0.0,0.0,0,0.0,0,0,disabled,disabled,True,keyed,1,0,False,raw,0,0.005,0.005,default,0,True,keyed,0,0,False,raw,0,0.005,0.005,default,0,True,context_shuffle,False,raw,0.005,0.005,context_distractor,heldout_routing_first,set_minus,,,reef,identity,False,32,32,0,1,0,1,0.0,0.0,0.8600000000456021,5.078916999991634,6.089083999995637,heldout_context_routing,internal_context_shuffle_ablation,CRA_internal,MockSimulator,43,context_distractor,heldout_routing_first,65,reef,identity,False,False,1,0.005,0.0,0.0,0,False,-1,False,-1,internal_context_shuffle_ablation,internal_ablation,context_shuffle,0.005,False,reef,,False,32,32,1,0,1,0.005,0.1,0.2,8,8
527,1000.0,8,8,0,8,0,0,3.25953250793038,3.25953250793038,3.25953250793038,-0.28292685752321767,-0.0,0.018687254407073348,1.0,-0.28292685752321767,False,0,0,0,0,0,0.0,0.0,0.0,0.0,0.0,0,0.0,0,0,disabled,disabled,True,keyed,1,0,False,raw,0,0.0027500000000000003,0.0027500000000000003,default,0,True,keyed,0,0,False,raw,0,0.0027500000000000003,0.0027500000000000003,default,0,True,context_shuffle,False,raw,0.0027500000000000003,0.0027500000000000003,skill_distractor,heldout_routing_first,set_minus,,,reef,identity,False,32,32,0,1,0,1,0.0,0.0,0.8188749999931133,5.071292000025096,6.016666999983045,heldout_context_routing,internal_context_shuffle_ablation,CRA_internal,MockSimulator,43,skill_distractor,heldout_routing_first,65,reef,identity,False,False,1,0.0027500000000000003,0.0,0.0,0,False,-1,False,-1,internal_context_shuffle_ablation,internal_ablation,context_shuffle,0.0027500000000000003,False,reef,,False,32,32,1,0,1,0.0027500000000000003,0.1,0.2,8,8
528,1000.0,8,8,0,8,0,0,3.2530692759192905,3.2530692759192905,3.2530692759192905,-0.6031386337108322,-0.0,0.01864156279172925,1.0,-0.6031386337108322,False,0,0,0,0,0,0.0,0.0,0.0,0.0,0.0,0,0.0,0,0,disabled,disabled,True,keyed,1,0,False,raw,0,0.006600000000000001,0.006600000000000001,default,0,True,keyed,0,0,False,raw,0,0.006600000000000001,0.006600000000000001,default,0,True,context_shuffle,False,raw,0.006600000000000001,0.006600000000000001,context_distractor,heldout_routing_first,set_minus,,,reef,identity,False,32,32,0,1,0,1,0.0,0.0,1.106542000002264,5.385249999960706,6.629667000026984,heldout_context_routing,internal_context_shuffle_ablation,CRA_internal,MockSimulator,43,context_distractor,heldout_routing_first,65,reef,identity,False,False,1,0.006600000000000001,0.0,0.0,0,False,-1,False,-1,internal_context_shuffle_ablation,internal_ablation,context_shuffle,0.006600000000000001,False,reef,,False,32,32,1,0,1,0.006600000000000001,0.1,0.2,8,8
529,1000.0,8,8,0,8,0,0,3.246637985599713,3.246637985599713,3.246637985599713,0.2829268575232176,0.0,0.018590223939236084,1.0,0.2829268575232176,False,0,0,0,0,0,0.0,0.0,0.0,0.0,0.0,0,0.0,0,0,disabled,disabled,True,keyed,1,0,False,raw,0,-0.0027500000000000003,-0.0027500000000000003,default,0,True,keyed,0,0,False,raw,0,-0.0027500000000000003,-0.0027500000000000003,default,0,True,context_shuffle,False,raw,-0.0027500000000000003,-0.0027500000000000003,skill_distractor,heldout_routing_first,set_minus,,,reef,identity,False,32,32,0,1,0,1,0.0,0.0,0.8037079999780872,5.1030420000302,6.038000000046395,heldout_context_routing,internal_context_shuffle_ablation,CRA_internal,MockSimulator,43,skill_distractor,heldout_routing_first,65,reef,identity,False,False,1,-0.0027500000000000003,0.0,0.0,0,False,1,False,-1,internal_context_shuffle_ablation,internal_ablation,context_shuffle,-0.0027500000000000003,False,reef,,False,32,32,1,0,1,-0.0027500000000000003,0.1,0.2,8,8
530,1000.0,8,8,0,8,0,0,3.2402384776706112,3.2402384776706112,3.2402384776706112,-0.4844921469455563,-0.0,0.018533482015725956,1.0,-0.4844921469455563,False,0,0,0,0,0,0.0,0.0,0.0,0.0,0.0,0,0.0,0,0,disabled,disabled,True,keyed,1,0,False,raw,0,0.005,0.005,default,0,True,keyed,0,0,False,raw,0,0.005,0.005,default,0,True,context_shuffle,False,raw,0.005,0.005,context_distractor,heldout_routing_first,set_minus,,,reef,identity,False,32,32,0,1,0,1,0.0,0.0,0.7982079999919733,5.555458999992879,6.480124999995951,heldout_context_routing,internal_context_shuffle_ablation,CRA_internal,MockSimulator,43,context_distractor,heldout_routing_first,65,reef,identity,False,False,1,0.005,0.0,0.0,0,False,-1,False,-1,internal_context_shuffle_ablation,internal_ablation,context_shuffle,0.005,False,reef,,False,32,32,1,0,1,0.005,0.1,0.2,8,8
531,1000.0,8,8,0,8,0,0,3.233870593625465,3.233870593625465,3.233870593625465,0.10537490435105959,0.0,0.018471573679580536,1.0,0.10537490435105959,False,0,0,0,0,0,0.0,0.0,0.0,0.0,0.0,0,0.0,0,0,disabled,disabled,True,keyed,1,0,False,raw,0,-0.001,-0.001,default,0,True,keyed,0,0,False,raw,0,-0.001,-0.001,default,0,True,context_shuffle,False,raw,-0.001,-0.001,skill_distractor,heldout_routing_first,set_minus,,,reef,identity,False,32,32,0,1,0,1,0.0,0.0,0.861958000029972,5.127082999990762,6.130374999997912,heldout_context_routing,internal_context_shuffle_ablation,CRA_internal,MockSimulator,43,skill_distractor,heldout_routing_first,65,reef,identity,False,False,1,-0.001,0.0,0.0,0,False,1,False,-1,internal_context_shuffle_ablation,internal_ablation,context_shuffle,-0.001,False,reef,,False,32,32,1,0,1,-0.001,0.1,0.2,8,8
532,1000.0,8,8,0,8,0,0,3.2275341757483087,3.2275341757483087,3.2275341757483087,-0.4844921469455563,-0.0,0.018404728284074644,1.0,-0.4844921469455563,False,0,0,0,0,0,0.0,0.0,0.0,0.0,0.0,0,0.0,0,0,disabled,disabled,True,keyed,1,0,False,raw,0,0.005,0.005,default,0,True,keyed,0,0,False,raw,0,0.005,0.005,default,0,True,context_shuffle,False,raw,0.005,0.005,context_distractor,heldout_routing_first,set_minus,,,reef,identity,False,32,32,0,1,0,1,0.0,0.0,0.8035409999820331,5.110000000001946,6.039458999964609,heldout_context_routing,internal_context_shuffle_ablation,CRA_internal,MockSimulator,43,context_distractor,heldout_routing_first,65,reef,identity,False,False,1,0.005,0.0,0.0,0,False,-1,False,-1,internal_context_shuffle_ablation,internal_ablation,context_shuffle,0.005,False,reef,,False,32,32,1,0,1,0.005,0.1,0.2,8,8
533,1000.0,8,8,0,8,0,0,3.221229067109789,3.221229067109789,3.221229067109789,-0.28292685752321767,-0.0,0.018333168074917156,1.0,-0.28292685752321767,False,0,0,0,0,0,0.0,0.0,0.0,0.0,0.0,0,0.0,0,0,disabled,disabled,True,keyed,1,0,False,raw,0,0.0027500000000000003,0.0027500000000000003,default,0,True,keyed,0,0,False,raw,0,0.0027500000000000003,0.0027500000000000003,default,0,True,context_shuffle,False,raw,0.0027500000000000003,0.0027500000000000003,skill_distractor,heldout_routing_first,set_minus,,,reef,identity,False,32,32,0,1,0,1,0.0,0.0,0.7985830000052374,5.8342920000313825,6.758332999993399,heldout_context_routing,internal_context_shuffle_ablation,CRA_internal,MockSimulator,43,skill_distractor,heldout_routing_first,65,reef,identity,False,False,1,0.0027500000000000003,0.0,0.0,0,False,-1,False,-1,internal_context_shuffle_ablation,internal_ablation,context_shuffle,0.0027500000000000003,False,reef,,False,32,32,1,0,1,0.0027500000000000003,0.1,0.2,8,8
534,1000.0,8,8,0,8,0,0,3.2149551115632393,3.2149551115632393,3.2149551115632393,-0.34487016461160847,-0.0,0.01825710838281234,1.0,-0.34487016461160847,False,0,0,0,0,0,0.0,0.0,0.0,0.0,0.0,0,0.0,0,0,disabled,disabled,True,keyed,1,0,False,raw,0,0.0034000000000000002,0.0034000000000000002,default,0,True,keyed,0,0,False,raw,0,0.0034000000000000002,0.0034000000000000002,default,0,True,context_shuffle,False,raw,0.0034000000000000002,0.0034000000000000002,context_distractor,heldout_routing_first,set_minus,,,reef,identity,False,32,32,0,1,0,1,0.0,0.0,0.8644999999773972,5.112916000030054,6.114707999984148,heldout_context_routing,internal_context_shuffle_ablation,CRA_internal,MockSimulator,43,context_distractor,heldout_routing_first,65,reef,identity,False,False,1,0.0034000000000000002,0.0,0.0,0,False,-1,False,-1,internal_context_shuffle_ablation,internal_ablation,context_shuffle,0.0034000000000000002,False,reef,,False,32,32,1,0,1,0.0034000000000000002,0.1,0.2,8,8
535,1000.0,8,8,0,8,0,0,3.208712153740779,3.208712153740779,3.208712153740779,0.10537490435105959,0.0,0.018176757811161747,1.0,0.10537490435105959,False,0,0,0,0,0,0.0,0.0,0.0,0.0,0.0,0,0.0,0,0,disabled,disabled,True,keyed,1,0,False,raw,0,-0.001,-0.001,default,0,True,keyed,0,0,False,raw,0,-0.001,-0.001,default,0,True,context_shuffle,False,raw,-0.001,-0.001,skill_distractor,heldout_routing_first,set_minus,,,reef,identity,False,32,32,0,1,0,1,0.0,0.0,0.8326669999974001,5.737375000023803,6.697083999995357,heldout_context_routing,internal_context_shuffle_ablation,CRA_internal,MockSimulator,43,skill_distractor,heldout_routing_first,65,reef,identity,False,False,1,-0.001,0.0,0.0,0,False,1,False,-1,internal_context_shuffle_ablation,internal_ablation,context_shuffle,-0.001,False,reef,,False,32,32,1,0,1,-0.001,0.1,0.2,8,8
536,1000.0,8,8,0,8,0,0,3.202500039049427,3.202500039049427,3.202500039049427,-0.7847725589699017,-0.0,0.018092318419024055,1.0,-0.7847725589699017,False,0,0,0,0,0,0.0,0.0,0.0,0.0,0.0,0,0.0,0,0,disabled,disabled,True,keyed,1,0,False,raw,0,0.01,0.01,default,0,True,keyed,0,0,False,raw,0,0.01,0.01,default,0,True,context_shuffle,False,raw,0.01,0.01,input,heldout_routing_first,set_minus,,,reef,identity,False,32,32,0,1,0,1,0.0,0.0,0.8536249999906431,5.328707999979088,6.323874999964119,heldout_context_routing,internal_context_shuffle_ablation,CRA_internal,MockSimulator,43,input,heldout_routing_first,65,reef,identity,False,False,1,0.01,0.0,0.0,0,False,-1,False,-1,internal_context_shuffle_ablation,internal_ablation,context_shuffle,0.01,False,reef,,False,32,32,1,0,1,0.01,0.1,0.2,8,8
537,1000.0,8,8,0,8,0,0,3.1963186136672372,3.1963186136672372,3.1963186136672372,0.6420149920119997,0.9999946965622277,0.018003985899447406,1.0,0.6420149920119997,True,0,0,0,0,0,0.0,0.0,0.0,0.0,0.0,0,0.0,0,0,disabled,disabled,True,keyed,1,0,True,internal_keyed_context,1,0.01,0.01,default,0,True,keyed,0,0,False,raw,0,0.01,0.01,default,0,True,context_shuffle,True,internal_context_shuffle_router,0.01,0.01,decision,heldout_routing_first,set_minus,,set_plus,reef,identity,False,32,32,0,2,0,2,0.0,0.0,0.7989580000185015,5.167500000027303,6.093167000017274,heldout_context_routing,internal_context_shuffle_ablation,CRA_internal,MockSimulator,43,decision,heldout_routing_first,65,reef,identity,True,True,1,0.01,0.01,0.01,1,True,1,True,537,internal_context_shuffle_ablation,internal_ablation,context_shuffle,0.01,True,reef,set_plus,False,32,32,2,0,2,0.01,0.1,0.2,8,8
538,1000.0,8,8,0,8,0,0,3.1901677245394535,3.1901677245394535,3.1901677245394535,-0.3355328579387323,-0.0,0.018311949753286212,1.0,-0.3355328579387323,False,0,0,0,0,0,0.0,0.0,0.0,0.0,0.0,0,0.0,0,0,disabled,disabled,True,keyed,1,0,False,raw,0,0.0034000000000000002,0.0034000000000000002,default,0,True,keyed,0,0,False,raw,0,0.0034000000000000002,0.0034000000000000002,default,0,True,context_shuffle,False,raw,0.0034000000000000002,0.0034000000000000002,route_context,heldout_routing_first,set_minus,,,lagoon,invert,False,32,32,0,2,0,2,0.0,0.0,0.8001250000120308,5.762833000005685,6.691166999985398,heldout_context_routing,internal_context_shuffle_ablation,CRA_internal,MockSimulator,43,route_context,heldout_routing_first,66,lagoon,invert,False,False,-1,0.0034000000000000002,0.0,0.0,0,False,-1,False,-1,internal_context_shuffle_ablation,internal_ablation,context_shuffle,0.0034000000000000002,False,lagoon,,False,32,32,2,0,2,0.0034000000000000002,0.1,0.2,8,8
539,1000.0,8,8,0,8,0,0,3.1840472193746843,3.1840472193746843,3.1840472193746843,-0.1827161654632166,-0.0,0.018600393458611687,1.0,-0.1827161654632166,False,0,0,0,0,0,0.0,0.0,0.0,0.0,0.0,0,0.0,0,0,disabled,disabled,True,keyed,1,0,False,raw,0,0.0018,0.0018,default,0,True,keyed,0,0,False,raw,0,0.0018,0.0018,default,0,True,context_shuffle,False,raw,0.0018,0.0018,context_distractor,heldout_routing_first,set_minus,,,lagoon,invert,False,32,32,0,2,0,2,0.0,0.0,0.8269169999834958,5.224417000022186,6.1959590000242315,heldout_context_routing,internal_context_shuffle_ablation,CRA_internal,MockSimulator,43,context_distractor,heldout_routing_first,66,lagoon,invert,False,False,-1,0.0018,0.0,0.0,0,False,-1,False,-1,internal_context_shuffle_ablation,internal_ablation,context_shuffle,0.0018,False,lagoon,,False,32,32,2,0,2,0.0018,0.1,0.2,8,8
540,1000.0,8,8,0,8,0,0,3.1779569466410935,3.1779569466410935,3.1779569466410935,-0.10230264300288205,-0.0,0.018869974635822826,1.0,-0.10230264300288205,False,0,0,0,0,0,0.0,0.0,0.0,0.0,0.0,0,0.0,0,0,disabled,disabled,True,keyed,1,0,False,raw,0,0.001,0.001,default,0,True,keyed,0,0,False,raw,0,0.001,0.001,default,0,True,context_shuffle,False,raw,0.001,0.001,skill_distractor,heldout_routing_first,set_minus,,,lagoon,invert,False,32,32,0,2,0,2,0.0,0.0,0.8165410000060547,5.6378749999907996,6.581457999971008,heldout_context_routing,internal_context_shuffle_ablation,CRA_internal,MockSimulator,43,skill_distractor,heldout_routing_first,66,lagoon,invert,False,False,-1,0.001,0.0,0.0,0,False,-1,False,-1,internal_context_shuffle_ablation,internal_ablation,context_shuffle,0.001,False,lagoon,,False,32,32,2,0,2,0.001,0.1,0.2,8,8
541,1000.0,8,8,0,8,0,0,3.171896755562613,3.171896755562613,3.171896755562613,-0.1827161654632166,-0.0,0.019121332408562074,1.0,-0.1827161654632166,False,0,0,0,0,0,0.0,0.0,0.0,0.0,0.0,0,0.0,0,0,disabled,disabled,True,keyed,1,0,False,raw,0,0.0018,0.0018,default,0,True,keyed,0,0,False,raw,0,0.0018,0.0018,default,0,True,context_shuffle,False,raw,0.0018,0.0018,context_distractor,heldout_routing_first,set_minus,,,lagoon,invert,False,32,32,0,2,0,2,0.0,0.0,0.8370829999648777,5.317375000004176,6.304124999985561,heldout_context_routing,internal_context_shuffle_ablation,CRA_internal,MockSimulator,43,context_distractor,heldout_routing_first,66,lagoon,invert,False,False,-1,0.0018,0.0,0.0,0,False,-1,False,-1,internal_context_shuffle_ablation,internal_ablation,context_shuffle,0.0018,False,lagoon,,False,32,32,2,0,2,0.0018,0.1,0.2,8,8
542,1000.0,8,8,0,8,0,0,3.1658664961151737,3.1658664961151737,3.1658664961151737,-0.275050872248814,-0.0,0.019355087880537428,1.0,-0.275050872248814,False,0,0,0,0,0,0.0,0.0,0.0,0.0,0.0,0,0.0,0,0,disabled,disabled,True,keyed,1,0,False,raw,0,0.0027500000000000003,0.0027500000000000003,default,0,True,keyed,0,0,False,raw,0,0.0027500000000000003,0.0027500000000000003,default,0,True,context_shuffle,False,raw,0.0027500000000000003,0.0027500000000000003,skill_distractor,heldout_routing_first,set_minus,,,lagoon,invert,False,32,32,0,2,0,2,0.0,0.0,0.7982920000131344,5.2132499999970605,6.137916000000132,heldout_context_routing,internal_context_shuffle_ablation,CRA_internal,MockSimulator,43,skill_distractor,heldout_routing_first,66,lagoon,invert,False,False,-1,0.0027500000000000003,0.0,0.0,0,False,-1,False,-1,internal_context_shuffle_ablation,internal_ablation,context_shuffle,0.0027500000000000003,False,lagoon,,False,32,32,2,0,2,0.0027500000000000003,0.1,0.2,8,8
543,1000.0,8,8,0,8,0,0,3.159866019022953,3.159866019022953,3.159866019022953,-0.5899359664322531,-0.0,0.01957184460067034,1.0,-0.5899359664322531,False,0,0,0,0,0,0.0,0.0,0.0,0.0,0.0,0,0.0,0,0,disabled,disabled,True,keyed,1,0,False,raw,0,0.006600000000000001,0.006600000000000001,default,0,True,keyed,0,0,False,raw,0,0.006600000000000001,0.006600000000000001,default,0,True,context_shuffle,False,raw,0.006600000000000001,0.006600000000000001,context_distractor,heldout_routing_first,set_minus,,,lagoon,invert,False,32,32,0,2,0,2,0.0,0.0,0.8017910000148731,5.751334000024144,6.679708000035589,heldout_context_routing,internal_context_shuffle_ablation,CRA_internal,MockSimulator,43,context_distractor,heldout_routing_first,66,lagoon,invert,False,False,-1,0.006600000000000001,0.0,0.0,0,False,-1,False,-1,internal_context_shuffle_ablation,internal_ablation,context_shuffle,0.006600000000000001,False,lagoon,,False,32,32,2,0,2,0.006600000000000001,0.1,0.2,8,8
544,1000.0,8,8,0,8,0,0,3.153895175754646,3.153895175754646,3.153895175754646,0.102302643002882,0.0,0.019772189016845725,1.0,0.102302643002882,False,0,0,0,0,0,0.0,0.0,0.0,0.0,0.0,0,0.0,0,0,disabled,disabled,True,keyed,1,0,False,raw,0,-0.001,-0.001,default,0,True,keyed,0,0,False,raw,0,-0.001,-0.001,default,0,True,context_shuffle,False,raw,-0.001,-0.001,skill_distractor,heldout_routing_first,set_minus,,,lagoon,invert,False,32,32,0,2,0,2,0.0,0.0,0.849000000016531,5.280000000027485,6.268625000018346,heldout_context_routing,internal_context_shuffle_ablation,CRA_internal,MockSimulator,43,skill_distractor,heldout_routing_first,66,lagoon,invert,False,False,-1,-0.001,0.0,0.0,0,False,1,False,-1,internal_context_shuffle_ablation,internal_ablation,context_shuffle,-0.001,False,lagoon,,False,32,32,2,0,2,-0.001,0.1,0.2,8,8
545,1000.0,8,8,0,8,0,0,3.147953818519749,3.147953818519749,3.147953818519749,-0.47251937969002,-0.0,0.019956690918533825,1.0,-0.47251937969002,False,0,0,0,0,0,0.0,0.0,0.0,0.0,0.0,0,0.0,0,0,disabled,disabled,True,keyed,1,0,False,raw,0,0.005,0.005,default,0,True,keyed,0,0,False,raw,0,0.005,0.005,default,0,True,context_shuffle,False,raw,0.005,0.005,context_distractor,heldout_routing_first,set_minus,,,lagoon,invert,False,32,32,0,2,0,2,0.0,0.0,0.7995839999921373,5.527916000005462,6.452792000004592,heldout_context_routing,internal_context_shuffle_ablation,CRA_internal,MockSimulator,43,context_distractor,heldout_routing_first,66,lagoon,invert,False,False,-1,0.005,0.0,0.0,0,False,-1,False,-1,internal_context_shuffle_ablation,internal_ablation,context_shuffle,0.005,False,lagoon,,False,32,32,2,0,2,0.005,0.1,0.2,8,8
546,1000.0,8,8,0,8,0,0,3.142041800264868,3.142041800264868,3.142041800264868,0.275050872248814,0.0,0.02012590386854766,1.0,0.275050872248814,False,0,0,0,0,0,0.0,0.0,0.0,0.0,0.0,0,0.0,0,0,disabled,disabled,True,keyed,1,0,False,raw,0,-0.0027500000000000003,-0.0027500000000000003,default,0,True,keyed,0,0,False,raw,0,-0.0027500000000000003,-0.0027500000000000003,default,0,True,context_shuffle,False,raw,-0.0027500000000000003,-0.0027500000000000003,skill_distractor,heldout_routing_first,set_minus,,,lagoon,invert,False,32,32,0,2,0,2,0.0,0.0,0.9794169999963742,5.463625000004413,6.5955420000136655,heldout_context_routing,internal_context_shuffle_ablation,CRA_internal,MockSimulator,43,skill_distractor,heldout_routing_first,66,lagoon,invert,False,False,-1,-0.0027500000000000003,0.0,0.0,0,False,1,False,-1,internal_context_shuffle_ablation,internal_ablation,context_shuffle,-0.0027500000000000003,False,lagoon,,False,32,32,2,0,2,-0.0027500000000000003,0.1,0.2,8,8
547,1000.0,8,8,0,8,0,0,3.136158974670039,3.136158974670039,3.136158974670039,-0.47251937969001995,-0.0,0.02028036562419353,1.0,-0.47251937969001995,False,0,0,0,0,0,0.0,0.0,0.0,0.0,0.0,0,0.0,0,0,disabled,disabled,True,keyed,1,0,False,raw,0,0.005,0.005,default,0,True,keyed,0,0,False,raw,0,0.005,0.005,default,0,True,context_shuffle,False,raw,0.005,0.005,context_distractor,heldout_routing_first,set_minus,,,lagoon,invert,False,32,32,0,2,0,2,0.0,0.0,0.8102500000291002,5.241041999966001,6.183040999985678,heldout_context_routing,internal_context_shuffle_ablation,CRA_internal,MockSimulator,43,context_distractor,heldout_routing_first,66,lagoon,invert,False,False,-1,0.005,0.0,0.0,0,False,-1,False,-1,internal_context_shuffle_ablation,internal_ablation,context_shuffle,0.005,False,lagoon,,False,32,32,2,0,2,0.005,0.1,0.2,8,8
548,1000.0,8,8,0,8,0,0,3.130305196145072,3.130305196145072,3.130305196145072,-0.10230264300288203,-0.0,0.020420598548066143,1.0,-0.10230264300288203,False,0,0,0,0,0,0.0,0.0,0.0,0.0,0.0,0,0.0,0,0,disabled,disabled,True,keyed,1,0,False,raw,0,0.001,0.001,default,0,True,keyed,0,0,False,raw,0,0.001,0.001,default,0,True,context_shuffle,False,raw,0.001,0.001,skill_distractor,heldout_routing_first,set_minus,,,lagoon,invert,False,32,32,0,2,0,2,0.0,0.0,0.8025420000308259,5.885207999995146,6.813167000018439,heldout_context_routing,internal_context_shuffle_ablation,CRA_internal,MockSimulator,43,skill_distractor,heldout_routing_first,66,lagoon,invert,False,False,-1,0.001,0.0,0.0,0,False,-1,False,-1,internal_context_shuffle_ablation,internal_ablation,context_shuffle,0.001,False,lagoon,,False,32,32,2,0,2,0.001,0.1,0.2,8,8
549,1000.0,8,8,0,8,0,0,3.1244803198259112,3.1244803198259112,3.1244803198259112,0.7725483608101418,0.0,0.020547110008734177,1.0,0.7725483608101418,False,0,0,0,0,0,0.0,0.0,0.0,0.0,0.0,0,0.0,0,0,disabled,disabled,True,keyed,1,0,False,raw,0,-0.01,-0.01,default,0,True,keyed,0,0,False,raw,0,-0.01,-0.01,default,0,True,context_shuffle,False,raw,-0.01,-0.01,input,heldout_routing_first,set_minus,,,lagoon,invert,False,32,32,0,2,0,2,0.0,0.0,0.8327090000079806,5.331000000012409,6.313124999962838,heldout_context_routing,internal_context_shuffle_ablation,CRA_internal,MockSimulator,43,input,heldout_routing_first,66,lagoon,invert,False,False,-1,-0.01,0.0,0.0,0,False,1,False,-1,internal_context_shuffle_ablation,internal_ablation,context_shuffle,-0.01,False,lagoon,,False,32,32,2,0,2,-0.01,0.1,0.2,8,8
550,1000.0,8,8,0,8,0,0,3.118684201571013,3.118684201571013,3.118684201571013,-0.6420149920119997,-0.9999946965622277,0.020660392771556263,1.0,-0.6420149920119997,False,0,0,0,0,0,0.0,0.0,0.0,0.0,0.0,0,0.0,0,0,disabled,disabled,True,keyed,1,0,True,internal_keyed_context,-1,-0.01,-0.01,default,0,True,keyed,0,0,False,raw,0,-0.01,-0.01,default,0,True,context_shuffle,True,internal_context_shuffle_router,-0.01,-0.01,decision,heldout_routing_first,set_minus,,identity,lagoon,invert,False,32,32,0,3,0,3,0.0,0.0,0.7977910000249722,5.7214999999928295,6.64537500000506,heldout_context_routing,internal_context_shuffle_ablation,CRA_internal,MockSimulator,43,decision,heldout_routing_first,66,lagoon,invert,True,True,-1,-0.01,0.01,0.01,1,True,-1,False,550,internal_context_shuffle_ablation,internal_ablation,context_shuffle,-0.01,True,lagoon,identity,False,32,32,3,0,3,-0.01,0.1,0.2,8,8
551,1000.0,8,8,0,8,0,0,3.1129166979577416,3.1129166979577416,3.1129166979577416,-0.36210017700056407,-0.0,0.020760925379861975,1.0,-0.36210017700056407,False,0,0,0,0,0,0.0,0.0,0.0,0.0,0.0,0,0.0,0,0,disabled,disabled,True,keyed,1,0,False,raw,0,0.0034000000000000002,0.0034000000000000002,default,0,True,keyed,0,0,False,raw,0,0.0034000000000000002,0.0034000000000000002,default,0,True,context_shuffle,False,raw,0.0034000000000000002,0.0034000000000000002,route_context,heldout_routing_first,set_minus,,,lagoon,invert,False,32,32,0,3,0,3,0.0,0.0,0.9839169999850128,5.457374999991771,6.59450000000561,heldout_context_routing,internal_context_shuffle_ablation,CRA_internal,MockSimulator,43,route_context,heldout_routing_first,67,lagoon,invert,False,False,1,0.0034000000000000002,0.0,0.0,0,False,-1,False,-1,internal_context_shuffle_ablation,internal_ablation,context_shuffle,0.0034000000000000002,False,lagoon,,False,32,32,3,0,3,0.0034000000000000002,0.1,0.2,8,8
552,1000.0,8,8,0,8,0,0,3.107177666278786,3.107177666278786,3.107177666278786,-0.5063398995967295,-0.0,0.02084917252672683,1.0,-0.5063398995967295,False,0,0,0,0,0,0.0,0.0,0.0,0.0,0.0,0,0.0,0,0,disabled,disabled,True,keyed,1,0,False,raw,0,0.005,0.005,default,0,True,keyed,0,0,False,raw,0,0.005,0.005,default,0,True,context_shuffle,False,raw,0.005,0.005,context_distractor,heldout_routing_first,set_minus,,,lagoon,invert,False,32,32,0,3,0,3,0.0,0.0,0.8001250000120308,5.321916000013971,6.251625000004424,heldout_context_routing,internal_context_shuffle_ablation,CRA_internal,MockSimulator,43,context_distractor,heldout_routing_first,67,lagoon,invert,False,False,1,0.005,0.0,0.0,0,False,-1,False,-1,internal_context_shuffle_ablation,internal_ablation,context_shuffle,0.005,False,lagoon,,False,32,32,3,0,3,0.005,0.1,0.2,8,8
553,1000.0,8,8,0,8,0,0,3.1014669645385893,3.1014669645385893,3.1014669645385893,-0.11109857763777722,-0.0,0.02092558541756515,1.0,-0.11109857763777722,False,0,0,0,0,0,0.0,0.0,0.0,0.0,0.0,0,0.0,0,0,disabled,disabled,True,keyed,1,0,False,raw,0,0.001,0.001,default,0,True,keyed,0,0,False,raw,0,0.001,0.001,default,0,True,context_shuffle,False,raw,0.001,0.001,skill_distractor,heldout_routing_first,set_minus,,,lagoon,invert,False,32,32,0,3,0,3,0.0,0.0,1.0042499999940446,5.624416999978621,6.753957999990234,heldout_context_routing,internal_context_shuffle_ablation,CRA_internal,MockSimulator,43,skill_distractor,heldout_routing_first,67,lagoon,invert,False,False,1,0.001,0.0,0.0,0,False,-1,False,-1,internal_context_shuffle_ablation,internal_ablation,context_shuffle,0.001,False,lagoon,,False,32,32,3,0,3,0.001,0.1,0.2,8,8
554,1000.0,8,8,0,8,0,0,3.0957844514498007,3.0957844514498007,3.0957844514498007,-0.5063398995967294,-0.0,0.020990602123759243,1.0,-0.5063398995967294,False,0,0,0,0,0,0.0,0.0,0.0,0.0,0.0,0,0.0,0,0,disabled,disabled,True,keyed,1,0,False,raw,0,0.005,0.005,default,0,True,keyed,0,0,False,raw,0,0.005,0.005,default,0,True,context_shuffle,False,raw,0.005,0.005,context_distractor,heldout_routing_first,set_minus,,,lagoon,invert,False,32,32,0,3,0,3,0.0,0.0,0.8189999999785869,5.313791000048695,6.266458000027342,heldout_context_routing,internal_context_shuffle_ablation,CRA_internal,MockSimulator,43,context_distractor,heldout_routing_first,67,lagoon,invert,False,False,1,0.005,0.0,0.0,0,False,-1,False,-1,internal_context_shuffle_ablation,internal_ablation,context_shuffle,0.005,False,lagoon,,False,32,32,3,0,3,0.005,0.1,0.2,8,8
555,1000.0,8,8,0,8,0,0,3.0901299864297425,3.0901299864297425,3.0901299864297425,0.11109857763777722,0.0,0.02104464792753855,1.0,0.11109857763777722,False,0,0,0,0,0,0.0,0.0,0.0,0.0,0.0,0,0.0,0,0,disabled,disabled,True,keyed,1,0,False,raw,0,-0.001,-0.001,default,0,True,keyed,0,0,False,raw,0,-0.001,-0.001,default,0,True,context_shuffle,False,raw,-0.001,-0.001,skill_distractor,heldout_routing_first,set_minus,,,lagoon,invert,False,32,32,0,3,0,3,0.0,0.0,0.7992500000000291,5.557583999973303,6.482167000001482,heldout_context_routing,internal_context_shuffle_ablation,CRA_internal,MockSimulator,43,skill_distractor,heldout_routing_first,67,lagoon,invert,False,False,1,-0.001,0.0,0.0,0,False,1,False,-1,internal_context_shuffle_ablation,internal_ablation,context_shuffle,-0.001,False,lagoon,,False,32,32,3,0,3,-0.001,0.1,0.2,8,8
556,1000.0,8,8,0,8,0,0,3.0845034295968956,3.0845034295968956,3.0845034295968956,-0.5063398995967294,-0.0,0.021088135658317176,1.0,-0.5063398995967294,False,0,0,0,0,0,0.0,0.0,0.0,0.0,0.0,0,0.0,0,0,disabled,disabled,True,keyed,1,0,False,raw,0,0.005,0.005,default,0,True,keyed,0,0,False,raw,0,0.005,0.005,default,0,True,context_shuffle,False,raw,0.005,0.005,context_distractor,heldout_routing_first,set_minus,,,lagoon,invert,False,32,32,0,3,0,3,0.0,0.0,0.9595420000323429,5.489500000010139,6.598166999992827,heldout_context_routing,internal_context_shuffle_ablation,CRA_internal,MockSimulator,43,context_distractor,heldout_routing_first,67,lagoon,invert,False,False,1,0.005,0.0,0.0,0,False,-1,False,-1,internal_context_shuffle_ablation,internal_ablation,context_shuffle,0.005,False,lagoon,,False,32,32,3,0,3,0.005,0.1,0.2,8,8
557,1000.0,8,8,0,8,0,0,3.0789046417674024,3.0789046417674024,3.0789046417674024,0.11109857763777722,0.0,0.021121466020693643,1.0,0.11109857763777722,False,0,0,0,0,0,0.0,0.0,0.0,0.0,0.0,0,0.0,0,0,disabled,disabled,True,keyed,1,0,False,raw,0,-0.001,-0.001,default,0,True,keyed,0,0,False,raw,0,-0.001,-0.001,default,0,True,context_shuffle,False,raw,-0.001,-0.001,skill_distractor,heldout_routing_first,set_minus,,,lagoon,invert,False,32,32,0,3,0,3,0.0,0.0,0.8065420000207268,5.359666999993351,6.295874999977968,heldout_context_routing,internal_context_shuffle_ablation,CRA_internal,MockSimulator,43,skill_distractor,heldout_routing_first,67,lagoon,invert,False,False,1,-0.001,0.0,0.0,0,False,1,False,-1,internal_context_shuffle_ablation,internal_ablation,context_shuffle,-0.001,False,lagoon,,False,32,32,3,0,3,-0.001,0.1,0.2,8,8
558,1000.0,8,8,0,8,0,0,3.073333484451589,3.073333484451589,3.073333484451589,-0.19815013755630395,-0.0,0.021145027914311724,1.0,-0.19815013755630395,False,0,0,0,0,0,0.0,0.0,0.0,0.0,0.0,0,0.0,0,0,disabled,disabled,True,keyed,1,0,False,raw,0,0.0018,0.0018,default,0,True,keyed,0,0,False,raw,0,0.0018,0.0018,default,0,True,context_shuffle,False,raw,0.0018,0.0018,context_distractor,heldout_routing_first,set_minus,,,lagoon,invert,False,32,32,0,3,0,3,0.0,0.0,0.7964170000036574,5.9641250000481705,6.886750000035136,heldout_context_routing,internal_context_shuffle_ablation,CRA_internal,MockSimulator,43,context_distractor,heldout_routing_first,67,lagoon,invert,False,False,1,0.0018,0.0,0.0,0,False,-1,False,-1,internal_context_shuffle_ablation,internal_ablation,context_shuffle,0.0018,False,lagoon,,False,32,32,3,0,3,0.0018,0.1,0.2,8,8
559,1000.0,8,8,0,8,0,0,3.0677898198504994,3.0677898198504994,3.0677898198504994,-0.29751173844531253,-0.0,0.02115919874577681,1.0,-0.29751173844531253,False,0,0,0,0,0,0.0,0.0,0.0,0.0,0.0,0,0.0,0,0,disabled,disabled,True,keyed,1,0,False,raw,0,0.0027500000000000003,0.0027500000000000003,default,0,True,keyed,0,0,False,raw,0,0.0027500000000000003,0.0027500000000000003,default,0,True,context_shuffle,False,raw,0.0027500000000000003,0.0027500000000000003,skill_distractor,heldout_routing_first,set_minus,,,lagoon,invert,False,32,32,0,3,0,3,0.0,0.0,0.826208000034967,5.419167000013658,6.380917000001318,heldout_context_routing,internal_context_shuffle_ablation,CRA_internal,MockSimulator,43,skill_distractor,heldout_routing_first,67,lagoon,invert,False,False,1,0.0027500000000000003,0.0,0.0,0,False,-1,False,-1,internal_context_shuffle_ablation,internal_ablation,context_shuffle,0.0027500000000000003,False,lagoon,,False,32,32,3,0,3,0.0027500000000000003,0.1,0.2,8,8
560,1000.0,8,8,0,8,0,0,3.0622735108524535,3.0622735108524535,3.0622735108524535,-0.19815013755630395,-0.0,0.02116434473281756,1.0,-0.19815013755630395,False,0,0,0,0,0,0.0,0.0,0.0,0.0,0.0,0,0.0,0,0,disabled,disabled,True,keyed,1,0,False,raw,0,0.0018,0.0018,default,0,True,keyed,0,0,False,raw,0,0.0018,0.0018,default,0,True,context_shuffle,False,raw,0.0018,0.0018,context_distractor,heldout_routing_first,set_minus,,,lagoon,invert,False,32,32,0,3,0,3,0.0,0.0,0.8006250000107684,5.73879199998828,6.667208000010305,heldout_context_routing,internal_context_shuffle_ablation,CRA_internal,MockSimulator,43,context_distractor,heldout_routing_first,67,lagoon,invert,False,False,1,0.0018,0.0,0.0,0,False,-1,False,-1,internal_context_shuffle_ablation,internal_ablation,context_shuffle,0.0018,False,lagoon,,False,32,32,3,0,3,0.0018,0.1,0.2,8,8
561,1000.0,8,8,0,8,0,0,3.056784421029618,3.056784421029618,3.056784421029618,-0.11109857763777722,-0.0,0.021160821200878376,1.0,-0.11109857763777722,False,0,0,0,0,0,0.0,0.0,0.0,0.0,0.0,0,0.0,0,0,disabled,disabled,True,keyed,1,0,False,raw,0,0.001,0.001,default,0,True,keyed,0,0,False,raw,0,0.001,0.001,default,0,True,context_shuffle,False,raw,0.001,0.001,skill_distractor,heldout_routing_first,set_minus,,,lagoon,invert,False,32,32,0,3,0,3,0.0,0.0,0.9351250000122491,5.552374999979293,6.6494590000161224,heldout_context_routing,internal_context_shuffle_ablation,CRA_internal,MockSimulator,43,skill_distractor,heldout_routing_first,67,lagoon,invert,False,False,1,0.001,0.0,0.0,0,False,-1,False,-1,internal_context_shuffle_ablation,internal_ablation,context_shuffle,0.001,False,lagoon,,False,32,32,3,0,3,0.001,0.1,0.2,8,8
562,1000.0,8,8,0,8,0,0,3.0513224146345963,3.0513224146345963,3.0513224146345963,-0.8060298026777066,-0.0,0.02114897287232363,1.0,-0.8060298026777066,False,0,0,0,0,0,0.0,0.0,0.0,0.0,0.0,0,0.0,0,0,disabled,disabled,True,keyed,1,0,False,raw,0,0.01,0.01,default,0,True,keyed,0,0,False,raw,0,0.01,0.01,default,0,True,context_shuffle,False,raw,0.01,0.01,input,heldout_routing_first,set_minus,,,lagoon,invert,False,32,32,0,3,0,3,0.0,0.0,0.8013749999804531,5.371374999981526,6.301458999985243,heldout_context_routing,internal_context_shuffle_ablation,CRA_internal,MockSimulator,43,input,heldout_routing_first,67,lagoon,invert,False,False,1,0.01,0.0,0.0,0,False,-1,False,-1,internal_context_shuffle_ablation,internal_ablation,context_shuffle,0.01,False,lagoon,,False,32,32,3,0,3,0.01,0.1,0.2,8,8
563,1000.0,8,8,0,8,0,0,3.045887356597034,3.045887356597034,3.045887356597034,0.6420149920119997,-0.9999946965622277,0.02112913414843072,1.0,0.6420149920119997,False,0,0,0,0,0,0.0,0.0,0.0,0.0,0.0,0,0.0,0,0,disabled,disabled,True,keyed,1,0,True,internal_keyed_context,1,0.01,0.01,default,0,True,keyed,0,0,False,raw,0,0.01,0.01,default,0,True,context_shuffle,True,internal_context_shuffle_router,0.01,0.01,decision,heldout_routing_first,set_minus,,identity,lagoon,invert,False,32,32,0,4,0,4,0.0,0.0,0.7940830000165988,6.012207999958719,6.931875000020682,heldout_context_routing,internal_context_shuffle_ablation,CRA_internal,MockSimulator,43,decision,heldout_routing_first,67,lagoon,invert,True,True,1,0.01,-0.01,-0.01,-1,True,1,False,563,internal_context_shuffle_ablation,internal_ablation,context_shuffle,0.01,True,lagoon,identity,False,32,32,4,0,4,0.01,0.1,0.2,8,8
564,1000.0,8,8,0,8,0,0,3.0404791125202437,3.0404791125202437,3.0404791125202437,-0.538639733135327,-0.0,0.0211016293843446,1.0,-0.538639733135327,False,0,0,0,0,0,0.0,0.0,0.0,0.0,0.0,0,0.0,0,0,disabled,disabled,True,keyed,1,0,False,raw,0,0.005,0.005,default,0,True,keyed,0,0,False,raw,0,0.005,0.005,default,0,True,context_shuffle,False,raw,0.005,0.005,route_context,heldout_routing_first,set_minus,,,storm,set_plus,False,32,32,0,4,0,4,0.0,0.0,0.8287500000392356,5.418041999973866,6.382750000000215,heldout_context_routing,internal_context_shuffle_ablation,CRA_internal,MockSimulator,43,route_context,heldout_routing_first,68,storm,set_plus,False,False,-1,0.005,0.0,0.0,0,False,-1,False,-1,internal_context_shuffle_ablation,internal_ablation,context_shuffle,0.005,False,storm,,False,32,32,4,0,4,0.005,0.1,0.2,8,8
565,1000.0,8,8,0,8,0,0,3.035097548677842,3.035097548677842,3.035097548677842,-0.38806625416952983,-0.0,0.021066773157162554,1.0,-0.38806625416952983,False,0,0,0,0,0,0.0,0.0,0.0,0.0,0.0,0,0.0,0,0,disabled,disabled,True,keyed,1,0,False,raw,0,0.0034000000000000002,0.0034000000000000002,default,0,True,keyed,0,0,False,raw,0,0.0034000000000000002,0.0034000000000000002,default,0,True,context_shuffle,False,raw,0.0034000000000000002,0.0034000000000000002,context_distractor,heldout_routing_first,set_minus,,,storm,set_plus,False,32,32,0,4,0,4,0.0,0.0,0.8016250000082437,5.929166999976587,6.857625000009193,heldout_context_routing,internal_context_shuffle_ablation,CRA_internal,MockSimulator,43,context_distractor,heldout_routing_first,68,storm,set_plus,False,False,-1,0.0034000000000000002,0.0,0.0,0,False,-1,False,-1,internal_context_shuffle_ablation,internal_ablation,context_shuffle,0.0034000000000000002,False,storm,,False,32,32,4,0,4,0.0034000000000000002,0.1,0.2,8,8
566,1000.0,8,8,0,8,0,0,3.029742532010411,3.029742532010411,3.029742532010411,0.3196260618688569,0.0,0.02102487052731405,1.0,0.3196260618688569,False,0,0,0,0,0,0.0,0.0,0.0,0.0,0.0,0,0.0,0,0,disabled,disabled,True,keyed,1,0,False,raw,0,-0.0027500000000000003,-0.0027500000000000003,default,0,True,keyed,0,0,False,raw,0,-0.0027500000000000003,-0.0027500000000000003,default,0,True,context_shuffle,False,raw,-0.0027500000000000003,-0.0027500000000000003,skill_distractor,heldout_routing_first,set_minus,,,storm,set_plus,False,32,32,0,4,0,4,0.0,0.0,0.8382090000509379,5.482916000005389,6.4575420000210215,heldout_context_routing,internal_context_shuffle_ablation,CRA_internal,MockSimulator,43,skill_distractor,heldout_routing_first,68,storm,set_plus,False,False,-1,-0.0027500000000000003,0.0,0.0,0,False,1,False,-1,internal_context_shuffle_ablation,internal_ablation,context_shuffle,-0.0027500000000000003,False,storm,,False,32,32,4,0,4,-0.0027500000000000003,0.1,0.2,8,8
567,1000.0,8,8,0,8,0,0,3.024413930122167,3.024413930122167,3.024413930122167,-0.6612059573736991,-0.0,0.020976217293396625,1.0,-0.6612059573736991,False,0,0,0,0,0,0.0,0.0,0.0,0.0,0.0,0,0.0,0,0,disabled,disabled,True,keyed,1,0,False,raw,0,0.006600000000000001,0.006600000000000001,default,0,True,keyed,0,0,False,raw,0,0.006600000000000001,0.006600000000000001,default,0,True,context_shuffle,False,raw,0.006600000000000001,0.006600000000000001,context_distractor,heldout_routing_first,set_minus,,,storm,set_plus,False,32,32,0,4,0,4,0.0,0.0,0.7992500000000291,5.416541999977653,6.343125000000782,heldout_context_routing,internal_context_shuffle_ablation,CRA_internal,MockSimulator,43,context_distractor,heldout_routing_first,68,storm,set_plus,False,False,-1,0.006600000000000001,0.0,0.0,0,False,-1,False,-1,internal_context_shuffle_ablation,internal_ablation,context_shuffle,0.006600000000000001,False,storm,,False,32,32,4,0,4,0.006600000000000001,0.1,0.2,8,8
568,1000.0,8,8,0,8,0,0,3.019111611277653,3.019111611277653,3.019111611277653,-0.3196260618688569,-0.0,0.020921100240624966,1.0,-0.3196260618688569,False,0,0,0,0,0,0.0,0.0,0.0,0.0,0.0,0,0.0,0,0,disabled,disabled,True,keyed,1,0,False,raw,0,0.0027500000000000003,0.0027500000000000003,default,0,True,keyed,0,0,False,raw,0,0.0027500000000000003,0.0027500000000000003,default,0,True,context_shuffle,False,raw,0.0027500000000000003,0.0027500000000000003,skill_distractor,heldout_routing_first,set_minus,,,storm,set_plus,False,32,32,0,4,0,4,0.0,0.0,0.7979589999536074,5.889749999994365,6.813207999982751,heldout_context_routing,internal_context_shuffle_ablation,CRA_internal,MockSimulator,43,skill_distractor,heldout_routing_first,68,storm,set_plus,False,False,-1,0.0027500000000000003,0.0,0.0,0,False,-1,False,-1,internal_context_shuffle_ablation,internal_ablation,context_shuffle,0.0027500000000000003,False,storm,,False,32,32,4,0,4,0.0027500000000000003,0.1,0.2,8,8
569,1000.0,8,8,0,8,0,0,3.0138354443984468,3.0138354443984468,3.0138354443984468,-0.21347118628222,-0.0,0.020859797383046816,1.0,-0.21347118628222,False,0,0,0,0,0,0.0,0.0,0.0,0.0,0.0,0,0.0,0,0,disabled,disabled,True,keyed,1,0,False,raw,0,0.0018,0.0018,default,0,True,keyed,0,0,False,raw,0,0.0018,0.0018,default,0,True,context_shuffle,False,raw,0.0018,0.0018,context_distractor,heldout_routing_first,set_minus,,,storm,set_plus,False,32,32,0,4,0,4,0.0,0.0,0.8822500000178479,5.485416999988502,6.506207999962044,heldout_context_routing,internal_context_shuffle_ablation,CRA_internal,MockSimulator,43,context_distractor,heldout_routing_first,68,storm,set_plus,False,False,-1,0.0018,0.0,0.0,0,False,-1,False,-1,internal_context_shuffle_ablation,internal_ablation,context_shuffle,0.0018,False,storm,,False,32,32,4,0,4,0.0018,0.1,0.2,8,8
570,1000.0,8,8,0,8,0,0,3.00858529905988,3.00858529905988,3.00858529905988,0.3196260618688569,0.0,0.02079257819967554,1.0,0.3196260618688569,False,0,0,0,0,0,0.0,0.0,0.0,0.0,0.0,0,0.0,0,0,disabled,disabled,True,keyed,1,0,False,raw,0,-0.0027500000000000003,-0.0027500000000000003,default,0,True,keyed,0,0,False,raw,0,-0.0027500000000000003,-0.0027500000000000003,default,0,True,context_shuffle,False,raw,-0.0027500000000000003,-0.0027500000000000003,skill_distractor,heldout_routing_first,set_minus,,,storm,set_plus,False,32,32,0,4,0,4,0.0,0.0,0.7995839999921373,5.930165999984638,6.858665999970981,heldout_context_routing,internal_context_shuffle_ablation,CRA_internal,MockSimulator,43,skill_distractor,heldout_routing_first,68,storm,set_plus,False,False,-1,-0.0027500000000000003,0.0,0.0,0,False,1,False,-1,internal_context_shuffle_ablation,internal_ablation,context_shuffle,-0.0027500000000000003,False,storm,,False,32,32,4,0,4,-0.0027500000000000003,0.1,0.2,8,8
571,1000.0,8,8,0,8,0,0,3.003361045487782,3.003361045487782,3.003361045487782,-0.661205957373699,-0.0,0.0207197038646859,1.0,-0.661205957373699,False,0,0,0,0,0,0.0,0.0,0.0,0.0,0.0,0,0.0,0,0,disabled,disabled,True,keyed,1,0,False,raw,0,0.006600000000000001,0.006600000000000001,default,0,True,keyed,0,0,False,raw,0,0.006600000000000001,0.006600000000000001,default,0,True,context_shuffle,False,raw,0.006600000000000001,0.006600000000000001,context_distractor,heldout_routing_first,set_minus,,,storm,set_plus,False,32,32,0,4,0,4,0.0,0.0,0.8490420000271115,5.558124999993197,6.542959000000792,heldout_context_routing,internal_context_shuffle_ablation,CRA_internal,MockSimulator,43,context_distractor,heldout_routing_first,68,storm,set_plus,False,False,-1,0.006600000000000001,0.0,0.0,0,False,-1,False,-1,internal_context_shuffle_ablation,internal_ablation,context_shuffle,0.006600000000000001,False,storm,,False,32,32,4,0,4,0.006600000000000001,0.1,0.2,8,8
572,1000.0,8,8,0,8,0,0,2.998162554555231,2.998162554555231,2.998162554555231,0.3196260618688569,0.0,0.020641427471815972,1.0,0.3196260618688569,False,0,0,0,0,0,0.0,0.0,0.0,0.0,0.0,0,0.0,0,0,disabled,disabled,True,keyed,1,0,False,raw,0,-0.0027500000000000003,-0.0027500000000000003,default,0,True,keyed,0,0,False,raw,0,-0.0027500000000000003,-0.0027500000000000003,default,0,True,context_shuffle,False,raw,-0.0027500000000000003,-0.0027500000000000003,skill_distractor,heldout_routing_first,set_minus,,,storm,set_plus,False,32,32,0,4,0,4,0.0,0.0,0.8185000000366927,5.544708999991599,6.490249999956177,heldout_context_routing,internal_context_shuffle_ablation,CRA_internal,MockSimulator,43,skill_distractor,heldout_routing_first,68,storm,set_plus,False,False,-1,-0.0027500000000000003,0.0,0.0,0,False,1,False,-1,internal_context_shuffle_ablation,internal_ablation,context_shuffle,-0.0027500000000000003,False,storm,,False,32,32,4,0,4,-0.0027500000000000003,0.1,0.2,8,8
573,1000.0,8,8,0,8,0,0,2.992989697779329,2.992989697779329,2.992989697779329,-0.21347118628222,-0.0,0.02055799425311497,1.0,-0.21347118628222,False,0,0,0,0,0,0.0,0.0,0.0,0.0,0.0,0,0.0,0,0,disabled,disabled,True,keyed,1,0,False,raw,0,0.0018,0.0018,default,0,True,keyed,0,0,False,raw,0,0.0018,0.0018,default,0,True,context_shuffle,False,raw,0.0018,0.0018,context_distractor,heldout_routing_first,set_minus,,,storm,set_plus,False,32,32,0,4,0,4,0.0,0.0,0.8380839999517775,6.036750000021129,7.002875000011954,heldout_context_routing,internal_context_shuffle_ablation,CRA_internal,MockSimulator,43,context_distractor,heldout_routing_first,68,storm,set_plus,False,False,-1,0.0018,0.0,0.0,0,False,-1,False,-1,internal_context_shuffle_ablation,internal_ablation,context_shuffle,0.0018,False,storm,,False,32,32,4,0,4,0.0018,0.1,0.2,8,8
574,1000.0,8,8,0,8,0,0,2.98784234731799,2.98784234731799,2.98784234731799,-0.11986837131519583,-0.0,0.020469641792173282,1.0,-0.11986837131519583,False,0,0,0,0,0,0.0,0.0,0.0,0.0,0.0,0,0.0,0,0,disabled,disabled,True,keyed,1,0,False,raw,0,0.001,0.001,default,0,True,keyed,0,0,False,raw,0,0.001,0.001,default,0,True,context_shuffle,False,raw,0.001,0.001,skill_distractor,heldout_routing_first,set_minus,,,storm,set_plus,False,32,32,0,4,0,4,0.0,0.0,0.8296249999943939,5.541875000005803,6.514417000005324,heldout_context_routing,internal_context_shuffle_ablation,CRA_internal,MockSimulator,43,skill_distractor,heldout_routing_first,68,storm,set_plus,False,False,-1,0.001,0.0,0.0,0,False,-1,False,-1,internal_context_shuffle_ablation,internal_ablation,context_shuffle,0.001,False,storm,,False,32,32,4,0,4,0.001,0.1,0.2,8,8
575,1000.0,8,8,0,8,0,0,2.9827203759667418,2.9827203759667418,2.9827203759667418,0.8350144247999896,0.0,0.020376600231968016,1.0,0.8350144247999896,False,0,0,0,0,0,0.0,0.0,0.0,0.0,0.0,0,0.0,0,0,disabled,disabled,True,keyed,1,0,False,raw,0,-0.01,-0.01,default,0,True,keyed,0,0,False,raw,0,-0.01,-0.01,default,0,True,context_shuffle,False,raw,-0.01,-0.01,input,heldout_routing_first,set_minus,,,storm,set_plus,False,32,32,0,4,0,4,0.0,0.0,0.7985419999840815,6.2042499999961365,7.129292000001897,heldout_context_routing,internal_context_shuffle_ablation,CRA_internal,MockSimulator,43,input,heldout_routing_first,68,storm,set_plus,False,False,-1,-0.01,0.0,0.0,0,False,1,False,-1,internal_context_shuffle_ablation,internal_ablation,context_shuffle,-0.01,False,storm,,False,32,32,4,0,4,-0.01,0.1,0.2,8,8
576,1000.0,8,8,0,8,0,0,2.9776236571555463,2.9776236571555463,2.9776236571555463,-0.6420149920119997,-0.9999946965622277,0.02027909247745409,1.0,-0.6420149920119997,False,0,0,0,0,0,0.0,0.0,0.0,0.0,0.0,0,0.0,0,0,disabled,disabled,True,keyed,1,0,True,internal_keyed_context,-1,-0.01,-0.01,default,0,True,keyed,0,0,False,raw,0,-0.01,-0.01,default,0,True,context_shuffle,True,internal_context_shuffle_router,-0.01,-0.01,decision,heldout_routing_first,set_minus,,set_minus,storm,set_plus,False,32,32,0,5,0,5,0.0,0.0,0.8375419999993028,5.64350000001923,6.617875000017648,heldout_context_routing,internal_context_shuffle_ablation,CRA_internal,MockSimulator,43,decision,heldout_routing_first,68,storm,set_plus,True,True,-1,-0.01,0.01,0.01,1,True,-1,False,576,internal_context_shuffle_ablation,internal_ablation,context_shuffle,-0.01,True,storm,set_minus,False,32,32,5,0,5,-0.01,0.1,0.2,8,8
577,1000.0,8,8,0,8,0,0,2.9725520649456367,2.9725520649456367,2.9725520649456367,-0.5694002569018185,-0.0,0.02017733439302793,1.0,-0.5694002569018185,False,0,0,0,0,0,0.0,0.0,0.0,0.0,0.0,0,0.0,0,0,disabled,disabled,True,keyed,1,0,False,raw,0,0.005,0.005,default,0,True,keyed,0,0,False,raw,0,0.005,0.005,default,0,True,context_shuffle,False,raw,0.005,0.005,route_context,heldout_routing_first,set_minus,,,storm,set_plus,False,32,32,0,5,0,5,0.0,0.0,0.800708999975086,5.800166000028639,6.727500000010878,heldout_context_routing,internal_context_shuffle_ablation,CRA_internal,MockSimulator,43,route_context,heldout_routing_first,69,storm,set_plus,False,False,1,0.005,0.0,0.0,0,False,-1,False,-1,internal_context_shuffle_ablation,internal_ablation,context_shuffle,0.005,False,storm,,False,32,32,5,0,5,0.005,0.1,0.2,8,8
578,1000.0,8,8,0,8,0,0,2.9675054740263684,2.9675054740263684,2.9675054740263684,-0.22867278420655718,-0.0,0.02007153499498784,1.0,-0.22867278420655718,False,0,0,0,0,0,0.0,0.0,0.0,0.0,0.0,0,0.0,0,0,disabled,disabled,True,keyed,1,0,False,raw,0,0.0018,0.0018,default,0,True,keyed,0,0,False,raw,0,0.0018,0.0018,default,0,True,context_shuffle,False,raw,0.0018,0.0018,context_distractor,heldout_routing_first,set_minus,,,storm,set_plus,False,32,32,0,5,0,5,0.0,0.0,0.9145419999754267,5.922166000004836,7.012207999991915,heldout_context_routing,internal_context_shuffle_ablation,CRA_internal,MockSimulator,43,context_distractor,heldout_routing_first,69,storm,set_plus,False,False,1,0.0018,0.0,0.0,0,False,-1,False,-1,internal_context_shuffle_ablation,internal_ablation,context_shuffle,0.0018,False,storm,,False,32,32,5,0,5,0.0018,0.1,0.2,8,8
579,1000.0,8,8,0,8,0,0,2.9624837597120854,2.9624837597120854,2.9624837597120854,0.12861075668085603,0.0,0.01996189663911214,1.0,0.12861075668085603,False,0,0,0,0,0,0.0,0.0,0.0,0.0,0.0,0,0.0,0,0,disabled,disabled,True,keyed,1,0,False,raw,0,-0.001,-0.001,default,0,True,keyed,0,0,False,raw,0,-0.001,-0.001,default,0,True,context_shuffle,False,raw,-0.001,-0.001,skill_distractor,heldout_routing_first,set_minus,,,storm,set_plus,False,32,32,0,5,0,5,0.0,0.0,0.8122090000028948,5.572624999956588,6.516374999989694,heldout_context_routing,internal_context_shuffle_ablation,CRA_internal,MockSimulator,43,skill_distractor,heldout_routing_first,69,storm,set_plus,False,False,1,-0.001,0.0,0.0,0,False,1,False,-1,internal_context_shuffle_ablation,internal_ablation,context_shuffle,-0.001,False,storm,,False,32,32,5,0,5,-0.001,0.1,0.2,8,8
580,1000.0,8,8,0,8,0,0,2.9574867979390036,2.9574867979390036,2.9574867979390036,-0.22867278420655718,-0.0,0.019848615203473474,1.0,-0.22867278420655718,False,0,0,0,0,0,0.0,0.0,0.0,0.0,0.0,0,0.0,0,0,disabled,disabled,True,keyed,1,0,False,raw,0,0.0018,0.0018,default,0,True,keyed,0,0,False,raw,0,0.0018,0.0018,default,0,True,context_shuffle,False,raw,0.0018,0.0018,context_distractor,heldout_routing_first,set_minus,,,storm,set_plus,False,32,32,0,5,0,5,0.0,0.0,0.8054580000020906,6.045958000015617,6.977207999966595,heldout_context_routing,internal_context_shuffle_ablation,CRA_internal,MockSimulator,43,context_distractor,heldout_routing_first,69,storm,set_plus,False,False,1,0.0018,0.0,0.0,0,False,-1,False,-1,internal_context_shuffle_ablation,internal_ablation,context_shuffle,0.0018,False,storm,,False,32,32,5,0,5,0.0018,0.1,0.2,8,8
581,1000.0,8,8,0,8,0,0,2.95251446526211,2.95251446526211,2.95251446526211,0.34137599458970946,0.0,0.019731880266604707,1.0,0.34137599458970946,False,0,0,0,0,0,0.0,0.0,0.0,0.0,0.0,0,0.0,0,0,disabled,disabled,True,keyed,1,0,False,raw,0,-0.0027500000000000003,-0.0027500000000000003,default,0,True,keyed,0,0,False,raw,0,-0.0027500000000000003,-0.0027500000000000003,default,0,True,context_shuffle,False,raw,-0.0027500000000000003,-0.0027500000000000003,skill_distractor,heldout_routing_first,set_minus,,,storm,set_plus,False,32,32,0,5,0,5,0.0,0.0,0.8285420000220256,5.6439580000073875,6.607332999976734,heldout_context_routing,internal_context_shuffle_ablation,CRA_internal,MockSimulator,43,skill_distractor,heldout_routing_first,69,storm,set_plus,False,False,1,-0.0027500000000000003,0.0,0.0,0,False,1,False,-1,internal_context_shuffle_ablation,internal_ablation,context_shuffle,-0.0027500000000000003,False,storm,,False,32,32,5,0,5,-0.0027500000000000003,0.1,0.2,8,8
582,1000.0,8,8,0,8,0,0,2.9475666388520754,2.9475666388520754,2.9475666388520754,-0.22867278420655718,-0.0,0.019611875281129305,1.0,-0.22867278420655718,False,0,0,0,0,0,0.0,0.0,0.0,0.0,0.0,0,0.0,0,0,disabled,disabled,True,keyed,1,0,False,raw,0,0.0018,0.0018,default,0,True,keyed,0,0,False,raw,0,0.0018,0.0018,default,0,True,context_shuffle,False,raw,0.0018,0.0018,context_distractor,heldout_routing_first,set_minus,,,storm,set_plus,False,32,32,0,5,0,5,0.0,0.0,0.8178340000313256,6.002999999964231,6.948082999997496,heldout_context_routing,internal_context_shuffle_ablation,CRA_internal,MockSimulator,43,context_distractor,heldout_routing_first,69,storm,set_plus,False,False,1,0.0018,0.0,0.0,0,False,-1,False,-1,internal_context_shuffle_ablation,internal_ablation,context_shuffle,0.0018,False,storm,,False,32,32,5,0,5,0.0018,0.1,0.2,8,8
583,1000.0,8,8,0,8,0,0,2.942643196492184,2.942643196492184,2.942643196492184,0.34137599458970946,0.0,0.019488777742966274,1.0,0.34137599458970946,False,0,0,0,0,0,0.0,0.0,0.0,0.0,0.0,0,0.0,0,0,disabled,disabled,True,keyed,1,0,False,raw,0,-0.0027500000000000003,-0.0027500000000000003,default,0,True,keyed,0,0,False,raw,0,-0.0027500000000000003,-0.0027500000000000003,default,0,True,context_shuffle,False,raw,-0.0027500000000000003,-0.0027500000000000003,skill_distractor,heldout_routing_first,set_minus,,,storm,set_plus,False,32,32,0,5,0,5,0.0,0.0,0.8425000000329419,5.754499999966356,6.745667000018329,heldout_context_routing,internal_context_shuffle_ablation,CRA_internal,MockSimulator,43,skill_distractor,heldout_routing_first,69,storm,set_plus,False,False,1,-0.0027500000000000003,0.0,0.0,0,False,1,False,-1,internal_context_shuffle_ablation,internal_ablation,context_shuffle,-0.0027500000000000003,False,storm,,False,32,32,5,0,5,-0.0027500000000000003,0.1,0.2,8,8
584,1000.0,8,8,0,8,0,0,2.937744016575279,2.937744016575279,2.937744016575279,-0.22867278420655718,-0.0,0.019362759356217313,1.0,-0.22867278420655718,False,0,0,0,0,0,0.0,0.0,0.0,0.0,0.0,0,0.0,0,0,disabled,disabled,True,keyed,1,0,False,raw,0,0.0018,0.0018,default,0,True,keyed,0,0,False,raw,0,0.0018,0.0018,default,0,True,context_shuffle,False,raw,0.0018,0.0018,context_distractor,heldout_routing_first,set_minus,,,storm,set_plus,False,32,32,0,5,0,5,0.0,0.0,0.8007910000173979,5.601042000023426,6.527624999989712,heldout_context_routing,internal_context_shuffle_ablation,CRA_internal,MockSimulator,43,context_distractor,heldout_routing_first,69,storm,set_plus,False,False,1,0.0018,0.0,0.0,0,False,-1,False,-1,internal_context_shuffle_ablation,internal_ablation,context_shuffle,0.0018,False,storm,,False,32,32,5,0,5,0.0018,0.1,0.2,8,8
585,1000.0,8,8,0,8,0,0,2.9328689781007204,2.9328689781007204,2.9328689781007204,0.12861075668085603,0.0,0.019233986193841125,1.0,0.12861075668085603,False,0,0,0,0,0,0.0,0.0,0.0,0.0,0.0,0,0.0,0,0,disabled,disabled,True,keyed,1,0,False,raw,0,-0.001,-0.001,default,0,True,keyed,0,0,False,raw,0,-0.001,-0.001,default,0,True,context_shuffle,False,raw,-0.001,-0.001,skill_distractor,heldout_routing_first,set_minus,,,storm,set_plus,False,32,32,0,5,0,5,0.0,0.0,0.8790410000187876,5.84845899999209,6.852999999978238,heldout_context_routing,internal_context_shuffle_ablation,CRA_internal,MockSimulator,43,skill_distractor,heldout_routing_first,69,storm,set_plus,False,False,1,-0.001,0.0,0.0,0,False,1,False,-1,internal_context_shuffle_ablation,internal_ablation,context_shuffle,-0.001,False,storm,,False,32,32,5,0,5,-0.001,0.1,0.2,8,8
586,1000.0,8,8,0,8,0,0,2.928017960671362,2.928017960671362,2.928017960671362,-0.22867278420655718,-0.0,0.019102618854217497,1.0,-0.22867278420655718,False,0,0,0,0,0,0.0,0.0,0.0,0.0,0.0,0,0.0,0,0,disabled,disabled,True,keyed,1,0,False,raw,0,0.0018,0.0018,default,0,True,keyed,0,0,False,raw,0,0.0018,0.0018,default,0,True,context_shuffle,False,raw,0.0018,0.0018,context_distractor,heldout_routing_first,set_minus,,,storm,set_plus,False,32,32,0,5,0,5,0.0,0.0,0.8419170000024678,5.686874999980773,6.666749999965305,heldout_context_routing,internal_context_shuffle_ablation,CRA_internal,MockSimulator,43,context_distractor,heldout_routing_first,69,storm,set_plus,False,False,1,0.0018,0.0,0.0,0,False,-1,False,-1,internal_context_shuffle_ablation,internal_ablation,context_shuffle,0.0018,False,storm,,False,32,32,5,0,5,0.0018,0.1,0.2,8,8
587,1000.0,8,8,0,8,0,0,2.923190844490541,2.923190844490541,2.923190844490541,0.34137599458970946,0.0,0.01896881261370128,1.0,0.34137599458970946,False,0,0,0,0,0,0.0,0.0,0.0,0.0,0.0,0,0.0,0,0,disabled,disabled,True,keyed,1,0,False,raw,0,-0.0027500000000000003,-0.0027500000000000003,default,0,True,keyed,0,0,False,raw,0,-0.0027500000000000003,-0.0027500000000000003,default,0,True,context_shuffle,False,raw,-0.0027500000000000003,-0.0027500000000000003,skill_distractor,heldout_routing_first,set_minus,,,storm,set_plus,False,32,32,0,5,0,5,0.0,0.0,0.8017089999725613,5.785666000008405,6.717250000008335,heldout_context_routing,internal_context_shuffle_ablation,CRA_internal,MockSimulator,43,skill_distractor,heldout_routing_first,69,storm,set_plus,False,False,1,-0.0027500000000000003,0.0,0.0,0,False,1,False,-1,internal_context_shuffle_ablation,internal_ablation,context_shuffle,-0.0027500000000000003,False,storm,,False,32,32,5,0,5,-0.0027500000000000003,0.1,0.2,8,8
588,1000.0,8,8,0,8,0,0,2.9183875103590813,2.9183875103590813,2.9183875103590813,-0.8599805111967214,-0.0,0.018832717575264023,1.0,-0.8599805111967214,False,0,0,0,0,0,0.0,0.0,0.0,0.0,0.0,0,0.0,0,0,disabled,disabled,True,keyed,1,0,False,raw,0,0.01,0.01,default,0,True,keyed,0,0,False,raw,0,0.01,0.01,default,0,True,context_shuffle,False,raw,0.01,0.01,input,heldout_routing_first,set_minus,,,storm,set_plus,False,32,32,0,5,0,5,0.0,0.0,0.8193749999918509,5.672250000031909,6.621917000018129,heldout_context_routing,internal_context_shuffle_ablation,CRA_internal,MockSimulator,43,input,heldout_routing_first,69,storm,set_plus,False,False,1,0.01,0.0,0.0,0,False,-1,False,-1,internal_context_shuffle_ablation,internal_ablation,context_shuffle,0.01,False,storm,,False,32,32,5,0,5,0.01,0.1,0.2,8,8
589,1000.0,8,8,0,8,0,0,2.913607839672316,2.913607839672316,2.913607839672316,-0.6420149920119997,-0.9999946965622277,0.018694478813318774,1.0,-0.6420149920119997,False,0,0,0,0,0,0.0,0.0,0.0,0.0,0.0,0,0.0,0,0,disabled,disabled,True,keyed,1,0,True,internal_keyed_context,1,0.01,0.01,default,0,True,keyed,0,0,False,raw,0,0.01,0.01,default,0,True,context_shuffle,True,internal_context_shuffle_router,0.01,-0.01,decision,heldout_routing_first,set_minus,,set_minus,storm,set_plus,False,32,32,0,6,0,6,0.0,0.0,0.8007920000068225,5.802542000026278,6.731457999990198,heldout_context_routing,internal_context_shuffle_ablation,CRA_internal,MockSimulator,43,decision,heldout_routing_first,69,storm,set_plus,True,True,1,0.01,0.01,0.01,1,True,-1,False,589,internal_context_shuffle_ablation,internal_ablation,context_shuffle,0.01,True,storm,set_minus,False,32,32,6,0,6,-0.01,0.1,0.2,8,8
590,1000.0,8,8,0,8,0,0,2.9088517144171204,2.9088517144171204,2.9088517144171204,-0.7221406802756049,-0.0,0.01855423651482123,1.0,-0.7221406802756049,False,0,0,0,0,0,0.0,0.0,0.0,0.0,0.0,0,0.0,0,0,disabled,disabled,True,keyed,1,0,False,raw,0,0.006600000000000001,0.006600000000000001,default,0,True,keyed,0,0,False,raw,0,0.006600000000000001,0.006600000000000001,default,0,True,context_shuffle,False,raw,0.006600000000000001,0.006600000000000001,route_context,heldout_routing_first,set_minus,,,deep,set_minus,False,32,32,0,6,0,6,0.0,0.0,0.8381250000297769,5.743207999955757,6.7172910000294905,heldout_context_routing,internal_context_shuffle_ablation,CRA_internal,MockSimulator,43,route_context,heldout_routing_first,70,deep,set_minus,False,False,-1,0.006600000000000001,0.0,0.0,0,False,-1,False,-1,internal_context_shuffle_ablation,internal_ablation,context_shuffle,0.006600000000000001,False,deep,,False,32,32,6,0,6,0.006600000000000001,0.1,0.2,8,8
591,1000.0,8,8,0,8,0,0,2.9041190171689637,2.9041190171689637,2.9041190171689637,-0.5986163622505509,-0.0,0.01841212611673826,1.0,-0.5986163622505509,False,0,0,0,0,0,0.0,0.0,0.0,0.0,0.0,0,0.0,0,0,disabled,disabled,True,keyed,1,0,False,raw,0,0.005,0.005,default,0,True,keyed,0,0,False,raw,0,0.005,0.005,default,0,True,context_shuffle,False,raw,0.005,0.005,context_distractor,heldout_routing_first,set_minus,,,deep,set_minus,False,32,32,0,6,0,6,0.0,0.0,0.7964580000248134,5.6583749999958854,6.581583000013325,heldout_context_routing,internal_context_shuffle_ablation,CRA_internal,MockSimulator,43,context_distractor,heldout_routing_first,70,deep,set_minus,False,False,-1,0.005,0.0,0.0,0,False,-1,False,-1,internal_context_shuffle_ablation,internal_ablation,context_shuffle,0.005,False,deep,,False,32,32,6,0,6,0.005,0.1,0.2,8,8
592,1000.0,8,8,0,8,0,0,2.8994096310889703,2.8994096310889703,2.8994096310889703,-0.36274517842180776,-0.0,0.01826827843997268,1.0,-0.36274517842180776,False,0,0,0,0,0,0.0,0.0,0.0,0.0,0.0,0,0.0,0,0,disabled,disabled,True,keyed,1,0,False,raw,0,0.0027500000000000003,0.0027500000000000003,default,0,True,keyed,0,0,False,raw,0,0.0027500000000000003,0.0027500000000000003,default,0,True,context_shuffle,False,raw,0.0027500000000000003,0.0027500000000000003,skill_distractor,heldout_routing_first,set_minus,,,deep,set_minus,False,32,32,0,6,0,6,0.0,0.0,0.8170410000047923,5.874167000001762,6.816916999980549,heldout_context_routing,internal_context_shuffle_ablation,CRA_internal,MockSimulator,43,skill_distractor,heldout_routing_first,70,deep,set_minus,False,False,-1,0.0027500000000000003,0.0,0.0,0,False,-1,False,-1,internal_context_shuffle_ablation,internal_ablation,context_shuffle,0.0027500000000000003,False,deep,,False,32,32,6,0,6,0.0027500000000000003,0.1,0.2,8,8
593,1000.0,8,8,0,8,0,0,2.8947234399210027,2.8947234399210027,2.8947234399210027,-0.24374864204073682,-0.0,0.018122819819831028,1.0,-0.24374864204073682,False,0,0,0,0,0,0.0,0.0,0.0,0.0,0.0,0,0.0,0,0,disabled,disabled,True,keyed,1,0,False,raw,0,0.0018,0.0018,default,0,True,keyed,0,0,False,raw,0,0.0018,0.0018,default,0,True,context_shuffle,False,raw,0.0018,0.0018,context_distractor,heldout_routing_first,set_minus,,,deep,set_minus,False,32,32,0,6,0,6,0.0,0.0,0.8152500000164764,5.76916599999322,6.715499999984331,heldout_context_routing,internal_context_shuffle_ablation,CRA_internal,MockSimulator,43,context_distractor,heldout_routing_first,70,deep,set_minus,False,False,-1,0.0018,0.0,0.0,0,False,-1,False,-1,internal_context_shuffle_ablation,internal_ablation,context_shuffle,0.0018,False,deep,,False,32,32,6,0,6,0.0018,0.1,0.2,8,8
594,1000.0,8,8,0,8,0,0,2.8900603279887513,2.8900603279887513,2.8900603279887513,0.36274517842180776,0.0,0.017975872233119052,1.0,0.36274517842180776,False,0,0,0,0,0,0.0,0.0,0.0,0.0,0.0,0,0.0,0,0,disabled,disabled,True,keyed,1,0,False,raw,0,-0.0027500000000000003,-0.0027500000000000003,default,0,True,keyed,0,0,False,raw,0,-0.0027500000000000003,-0.0027500000000000003,default,0,True,context_shuffle,False,raw,-0.0027500000000000003,-0.0027500000000000003,skill_distractor,heldout_routing_first,set_minus,,,deep,set_minus,False,32,32,0,6,0,6,0.0,0.0,0.8012499999949796,5.918291999989833,6.844750000027489,heldout_context_routing,internal_context_shuffle_ablation,CRA_internal,MockSimulator,43,skill_distractor,heldout_routing_first,70,deep,set_minus,False,False,-1,-0.0027500000000000003,0.0,0.0,0,False,1,False,-1,internal_context_shuffle_ablation,internal_ablation,context_shuffle,-0.0027500000000000003,False,deep,,False,32,32,6,0,6,-0.0027500000000000003,0.1,0.2,8,8
595,1000.0,8,8,0,8,0,0,2.885420180192845,2.885420180192845,2.885420180192845,-0.5986163622505509,-0.0,0.017827553421947626,1.0,-0.5986163622505509,False,0,0,0,0,0,0.0,0.0,0.0,0.0,0.0,0,0.0,0,0,disabled,disabled,True,keyed,1,0,False,raw,0,0.005,0.005,default,0,True,keyed,0,0,False,raw,0,0.005,0.005,default,0,True,context_shuffle,False,raw,0.005,0.005,context_distractor,heldout_routing_first,set_minus,,,deep,set_minus,False,32,32,0,6,0,6,0.0,0.0,0.809500000002572,5.720708000012564,6.658834000006664,heldout_context_routing,internal_context_shuffle_ablation,CRA_internal,MockSimulator,43,context_distractor,heldout_routing_first,70,deep,set_minus,False,False,-1,0.005,0.0,0.0,0,False,-1,False,-1,internal_context_shuffle_ablation,internal_ablation,context_shuffle,0.005,False,deep,,False,32,32,6,0,6,0.005,0.1,0.2,8,8
596,1000.0,8,8,0,8,0,0,2.880802882007973,2.880802882007973,2.880802882007973,0.1373244856975382,0.0,0.01767797701432981,1.0,0.1373244856975382,False,0,0,0,0,0,0.0,0.0,0.0,0.0,0.0,0,0.0,0,0,disabled,disabled,True,keyed,1,0,False,raw,0,-0.001,-0.001,default,0,True,keyed,0,0,False,raw,0,-0.001,-0.001,default,0,True,context_shuffle,False,raw,-0.001,-0.001,skill_distractor,heldout_routing_first,set_minus,,,deep,set_minus,False,32,32,0,6,0,6,0.0,0.0,0.7986249999589745,5.744667000044501,6.668666999985362,heldout_context_routing,internal_context_shuffle_ablation,CRA_internal,MockSimulator,43,skill_distractor,heldout_routing_first,70,deep,set_minus,False,False,-1,-0.001,0.0,0.0,0,False,1,False,-1,internal_context_shuffle_ablation,internal_ablation,context_shuffle,-0.001,False,deep,,False,32,32,6,0,6,-0.001,0.1,0.2,8,8
597,1000.0,8,8,0,8,0,0,2.876208319480022,2.876208319480022,2.876208319480022,-0.5986163622505508,-0.0,0.017527252641647926,1.0,-0.5986163622505508,False,0,0,0,0,0,0.0,0.0,0.0,0.0,0.0,0,0.0,0,0,disabled,disabled,True,keyed,1,0,False,raw,0,0.005,0.005,default,0,True,keyed,0,0,False,raw,0,0.005,0.005,default,0,True,context_shuffle,False,raw,0.005,0.005,context_distractor,heldout_routing_first,set_minus,,,deep,set_minus,False,32,32,0,6,0,6,0.0,0.0,0.8043750000297223,5.857875000003787,6.786958000020604,heldout_context_routing,internal_context_shuffle_ablation,CRA_internal,MockSimulator,43,context_distractor,heldout_routing_first,70,deep,set_minus,False,False,-1,0.005,0.0,0.0,0,False,-1,False,-1,internal_context_shuffle_ablation,internal_ablation,context_shuffle,0.005,False,deep,,False,32,32,6,0,6,0.005,0.1,0.2,8,8
598,1000.0,8,8,0,8,0,0,2.8716363792232262,2.8716363792232262,2.8716363792232262,0.1373244856975382,0.0,0.017375486053067588,1.0,0.1373244856975382,False,0,0,0,0,0,0.0,0.0,0.0,0.0,0.0,0,0.0,0,0,disabled,disabled,True,keyed,1,0,False,raw,0,-0.001,-0.001,default,0,True,keyed,0,0,False,raw,0,-0.001,-0.001,default,0,True,context_shuffle,False,raw,-0.001,-0.001,skill_distractor,heldout_routing_first,set_minus,,,deep,set_minus,False,32,32,0,6,0,6,0.0,0.0,0.8057499999836182,5.782000000010612,6.717125000022861,heldout_context_routing,internal_context_shuffle_ablation,CRA_internal,MockSimulator,43,skill_distractor,heldout_routing_first,70,deep,set_minus,False,False,-1,-0.001,0.0,0.0,0,False,1,False,-1,internal_context_shuffle_ablation,internal_ablation,context_shuffle,-0.001,False,deep,,False,32,32,6,0,6,-0.001,0.1,0.2,8,8
599,1000.0,8,8,0,8,0,0,2.8670869484173336,2.8670869484173336,2.8670869484173336,-0.43809578228384805,-0.0,0.0172227792269738,1.0,-0.43809578228384805,False,0,0,0,0,0,0.0,0.0,0.0,0.0,0.0,0,0.0,0,0,disabled,disabled,True,keyed,1,0,False,raw,0,0.0034000000000000002,0.0034000000000000002,default,0,True,keyed,0,0,False,raw,0,0.0034000000000000002,0.0034000000000000002,default,0,True,context_shuffle,False,raw,0.0034000000000000002,0.0034000000000000002,context_distractor,heldout_routing_first,set_minus,,,deep,set_minus,False,32,32,0,6,0,6,0.0,0.0,0.8071249999943575,5.915084000037041,6.860500000016145,heldout_context_routing,internal_context_shuffle_ablation,CRA_internal,MockSimulator,43,context_distractor,heldout_routing_first,70,deep,set_minus,False,False,-1,0.0034000000000000002,0.0,0.0,0,False,-1,False,-1,internal_context_shuffle_ablation,internal_ablation,context_shuffle,0.0034000000000000002,False,deep,,False,32,32,6,0,6,0.0034000000000000002,0.1,0.2,8,8
600,1000.0,8,8,0,8,0,0,2.862559914804785,2.862559914804785,2.862559914804785,-0.1373244856975382,-0.0,0.01706923047950254,1.0,-0.1373244856975382,False,0,0,0,0,0,0.0,0.0,0.0,0.0,0.0,0,0.0,0,0,disabled,disabled,True,keyed,1,0,False,raw,0,0.001,0.001,default,0,True,keyed,0,0,False,raw,0,0.001,0.001,default,0,True,context_shuffle,False,raw,0.001,0.001,skill_distractor,heldout_routing_first,set_minus,,,deep,set_minus,False,32,32,0,6,0,6,0.0,0.0,0.8027079999806119,5.743917000017973,6.673458000022947,heldout_context_routing,internal_context_shuffle_ablation,CRA_internal,MockSimulator,43,skill_distractor,heldout_routing_first,70,deep,set_minus,False,False,-1,0.001,0.0,0.0,0,False,-1,False,-1,internal_context_shuffle_ablation,internal_ablation,context_shuffle,0.001,False,deep,,False,32,32,6,0,6,0.001,0.1,0.2,8,8
601,1000.0,8,8,0,8,0,0,2.858055166687908,2.858055166687908,2.858055166687908,0.8813929937184704,0.0,0.016914934570239338,1.0,0.8813929937184704,False,0,0,0,0,0,0.0,0.0,0.0,0.0,0.0,0,0.0,0,0,disabled,disabled,True,keyed,1,0,False,raw,0,-0.01,-0.01,default,0,True,keyed,0,0,False,raw,0,-0.01,-0.01,default,0,True,context_shuffle,False,raw,-0.01,-0.01,input,heldout_routing_first,set_minus,,,deep,set_minus,False,32,32,0,6,0,6,0.0,0.0,0.8023749999779284,5.783333000010771,6.7109580000419555,heldout_context_routing,internal_context_shuffle_ablation,CRA_internal,MockSimulator,43,input,heldout_routing_first,70,deep,set_minus,False,False,-1,-0.01,0.0,0.0,0,False,1,False,-1,internal_context_shuffle_ablation,internal_ablation,context_shuffle,-0.01,False,deep,,False,32,32,6,0,6,-0.01,0.1,0.2,8,8
602,1000.0,8,8,0,8,0,0,2.8535725929261258,2.8535725929261258,2.8535725929261258,0.6420149920119997,-0.9999946965622277,0.016759982805154863,1.0,0.6420149920119997,False,0,0,0,0,0,0.0,0.0,0.0,0.0,0.0,0,0.0,0,0,disabled,disabled,True,keyed,1,0,True,internal_keyed_context,-1,-0.01,-0.01,default,0,True,keyed,0,0,False,raw,0,-0.01,-0.01,default,0,True,context_shuffle,True,internal_context_shuffle_router,-0.01,0.01,decision,heldout_routing_first,set_minus,,invert,deep,set_minus,False,32,32,0,7,0,7,0.0,0.0,0.8683749999818247,5.8594170000105805,6.851792000020396,heldout_context_routing,internal_context_shuffle_ablation,CRA_internal,MockSimulator,43,decision,heldout_routing_first,70,deep,set_minus,True,True,-1,-0.01,-0.01,-0.01,-1,True,1,False,602,internal_context_shuffle_ablation,internal_ablation,context_shuffle,-0.01,True,deep,invert,False,32,32,7,0,7,0.01,0.1,0.2,8,8
603,1000.0,8,8,0,8,0,0,2.849112082933175,2.849112082933175,2.849112082933175,-0.7489642329404124,-0.0,0.016604463136845674,1.0,-0.7489642329404124,False,0,0,0,0,0,0.0,0.0,0.0,0.0,0.0,0,0.0,0,0,disabled,disabled,True,keyed,1,0,False,raw,0,0.006600000000000001,0.006600000000000001,default,0,True,keyed,0,0,False,raw,0,0.006600000000000001,0.006600000000000001,default,0,True,context_shuffle,False,raw,0.006600000000000001,0.006600000000000001,route_context,heldout_routing_first,set_minus,,,deep,set_minus,False,32,32,0,7,0,7,0.0,0.0,0.8126669999910519,5.7735830000069654,6.714999999985594,heldout_context_routing,internal_context_shuffle_ablation,CRA_internal,MockSimulator,43,route_context,heldout_routing_first,71,deep,set_minus,False,False,1,0.006600000000000001,0.0,0.0,0,False,-1,False,-1,internal_context_shuffle_ablation,internal_ablation,context_shuffle,0.006600000000000001,False,deep,,False,32,32,7,0,7,0.006600000000000001,0.1,0.2,8,8
604,1000.0,8,8,0,8,0,0,2.8446735266743444,2.8446735266743444,2.8446735266743444,-0.6262951975753448,-0.0,0.01644846026214679,1.0,-0.6262951975753448,False,0,0,0,0,0,0.0,0.0,0.0,0.0,0.0,0,0.0,0,0,disabled,disabled,True,keyed,1,0,False,raw,0,0.005,0.005,default,0,True,keyed,0,0,False,raw,0,0.005,0.005,default,0,True,context_shuffle,False,raw,0.005,0.005,context_distractor,heldout_routing_first,set_minus,,,deep,set_minus,False,32,32,0,7,0,7,0.0,0.0,0.7960829999547059,5.935417000046073,6.856416000005083,heldout_context_routing,internal_context_shuffle_ablation,CRA_internal,MockSimulator,43,context_distractor,heldout_routing_first,71,deep,set_minus,False,False,1,0.005,0.0,0.0,0,False,-1,False,-1,internal_context_shuffle_ablation,internal_ablation,context_shuffle,0.005,False,deep,,False,32,32,7,0,7,0.005,0.1,0.2,8,8
605,1000.0,8,8,0,8,0,0,2.8402568146637233,2.8402568146637233,2.8402568146637233,-0.3837187639822065,-0.0,0.01629205571718112,1.0,-0.3837187639822065,False,0,0,0,0,0,0.0,0.0,0.0,0.0,0.0,0,0.0,0,0,disabled,disabled,True,keyed,1,0,False,raw,0,0.0027500000000000003,0.0027500000000000003,default,0,True,keyed,0,0,False,raw,0,0.0027500000000000003,0.0027500000000000003,default,0,True,context_shuffle,False,raw,0.0027500000000000003,0.0027500000000000003,skill_distractor,heldout_routing_first,set_minus,,,deep,set_minus,False,32,32,0,7,0,7,0.0,0.0,0.8153340000376375,5.834915999969326,6.7815829999631205,heldout_context_routing,internal_context_shuffle_ablation,CRA_internal,MockSimulator,43,skill_distractor,heldout_routing_first,71,deep,set_minus,False,False,1,0.0027500000000000003,0.0,0.0,0,False,-1,False,-1,internal_context_shuffle_ablation,internal_ablation,context_shuffle,0.0027500000000000003,False,deep,,False,32,32,7,0,7,0.0027500000000000003,0.1,0.2,8,8
606,1000.0,8,8,0,8,0,0,2.835861837961463,2.835861837961463,2.835861837961463,-0.46211860097233604,-0.0,0.01613532796990922,1.0,-0.46211860097233604,False,0,0,0,0,0,0.0,0.0,0.0,0.0,0.0,0,0.0,0,0,disabled,disabled,True,keyed,1,0,False,raw,0,0.0034000000000000002,0.0034000000000000002,default,0,True,keyed,0,0,False,raw,0,0.0034000000000000002,0.0034000000000000002,default,0,True,context_shuffle,False,raw,0.0034000000000000002,0.0034000000000000002,context_distractor,heldout_routing_first,set_minus,,,deep,set_minus,False,32,32,0,7,0,7,0.0,0.0,0.7990419999828191,6.260708000013437,7.1847090000005664,heldout_context_routing,internal_context_shuffle_ablation,CRA_internal,MockSimulator,43,context_distractor,heldout_routing_first,71,deep,set_minus,False,False,1,0.0034000000000000002,0.0,0.0,0,False,-1,False,-1,internal_context_shuffle_ablation,internal_ablation,context_shuffle,0.0034000000000000002,False,deep,,False,32,32,7,0,7,0.0034000000000000002,0.1,0.2,8,8
607,1000.0,8,8,0,8,0,0,2.831488488171055,2.831488488171055,2.831488488171055,-0.38371876398220656,-0.0,0.015978352510241326,1.0,-0.38371876398220656,False,0,0,0,0,0,0.0,0.0,0.0,0.0,0.0,0,0.0,0,0,disabled,disabled,True,keyed,1,0,False,raw,0,0.0027500000000000003,0.0027500000000000003,default,0,True,keyed,0,0,False,raw,0,0.0027500000000000003,0.0027500000000000003,default,0,True,context_shuffle,False,raw,0.0027500000000000003,0.0027500000000000003,skill_distractor,heldout_routing_first,set_minus,,,deep,set_minus,False,32,32,0,7,0,7,0.0,0.0,0.8320000000026084,5.88395799996988,6.851499999982025,heldout_context_routing,internal_context_shuffle_ablation,CRA_internal,MockSimulator,43,skill_distractor,heldout_routing_first,71,deep,set_minus,False,False,1,0.0027500000000000003,0.0,0.0,0,False,-1,False,-1,internal_context_shuffle_ablation,internal_ablation,context_shuffle,0.0027500000000000003,False,deep,,False,32,32,7,0,7,0.0027500000000000003,0.1,0.2,8,8
608,1000.0,8,8,0,8,0,0,2.8271366574366206,2.8271366574366206,2.8271366574366206,-0.6262951975753448,-0.0,0.015821201937772183,1.0,-0.6262951975753448,False,0,0,0,0,0,0.0,0.0,0.0,0.0,0.0,0,0.0,0,0,disabled,disabled,True,keyed,1,0,False,raw,0,0.005,0.005,default,0,True,keyed,0,0,False,raw,0,0.005,0.005,default,0,True,context_shuffle,False,raw,0.005,0.005,context_distractor,heldout_routing_first,set_minus,,,deep,set_minus,False,32,32,0,7,0,7,0.0,0.0,0.8012079999843991,5.887250000000677,6.814667000014651,heldout_context_routing,internal_context_shuffle_ablation,CRA_internal,MockSimulator,43,context_distractor,heldout_routing_first,71,deep,set_minus,False,False,1,0.005,0.0,0.0,0,False,-1,False,-1,internal_context_shuffle_ablation,internal_ablation,context_shuffle,0.005,False,deep,,False,32,32,7,0,7,0.005,0.1,0.2,8,8
609,1000.0,8,8,0,8,0,0,2.8228062384402137,2.8228062384402137,2.8228062384402137,-0.3837187639822065,-0.0,0.01566394604719771,1.0,-0.3837187639822065,False,0,0,0,0,0,0.0,0.0,0.0,0.0,0.0,0,0.0,0,0,disabled,disabled,True,keyed,1,0,False,raw,0,0.0027500000000000003,0.0027500000000000003,default,0,True,keyed,0,0,False,raw,0,0.0027500000000000003,0.0027500000000000003,default,0,True,context_shuffle,False,raw,0.0027500000000000003,0.0027500000000000003,skill_distractor,heldout_routing_first,set_minus,,,deep,set_minus,False,32,32,0,7,0,7,0.0,0.0,0.8020829999964008,6.060625000031905,6.987749999950665,heldout_context_routing,internal_context_shuffle_ablation,CRA_internal,MockSimulator,43,skill_distractor,heldout_routing_first,71,deep,set_minus,False,False,1,0.0027500000000000003,0.0,0.0,0,False,-1,False,-1,internal_context_shuffle_ablation,internal_ablation,context_shuffle,0.0027500000000000003,False,deep,,False,32,32,7,0,7,0.0027500000000000003,0.1,0.2,8,8
610,1000.0,8,8,0,8,0,0,2.8184971243991384,2.8184971243991384,2.8184971243991384,-0.2586927167784945,-0.0,0.015506651911471103,1.0,-0.2586927167784945,False,0,0,0,0,0,0.0,0.0,0.0,0.0,0.0,0,0.0,0,0,disabled,disabled,True,keyed,1,0,False,raw,0,0.0018,0.0018,default,0,True,keyed,0,0,False,raw,0,0.0018,0.0018,default,0,True,context_shuffle,False,raw,0.0018,0.0018,context_distractor,heldout_routing_first,set_minus,,,deep,set_minus,False,32,32,0,7,0,7,0.0,0.0,0.822083000002749,5.854417000023204,6.811249999998381,heldout_context_routing,internal_context_shuffle_ablation,CRA_internal,MockSimulator,43,context_distractor,heldout_routing_first,71,deep,set_minus,False,False,1,0.0018,0.0,0.0,0,False,-1,False,-1,internal_context_shuffle_ablation,internal_ablation,context_shuffle,0.0018,False,deep,,False,32,32,7,0,7,0.0018,0.1,0.2,8,8
611,1000.0,8,8,0,8,0,0,2.8142092090632795,2.8142092090632795,2.8142092090632795,0.38371876398220645,0.0,0.015349383962754684,1.0,0.38371876398220645,False,0,0,0,0,0,0.0,0.0,0.0,0.0,0.0,0,0.0,0,0,disabled,disabled,True,keyed,1,0,False,raw,0,-0.0027500000000000003,-0.0027500000000000003,default,0,True,keyed,0,0,False,raw,0,-0.0027500000000000003,-0.0027500000000000003,default,0,True,context_shuffle,False,raw,-0.0027500000000000003,-0.0027500000000000003,skill_distractor,heldout_routing_first,set_minus,,,deep,set_minus,False,32,32,0,7,0,7,0.0,0.0,0.796750000006341,6.1960830000202805,7.1188750000033,heldout_context_routing,internal_context_shuffle_ablation,CRA_internal,MockSimulator,43,skill_distractor,heldout_routing_first,71,deep,set_minus,False,False,1,-0.0027500000000000003,0.0,0.0,0,False,1,False,-1,internal_context_shuffle_ablation,internal_ablation,context_shuffle,-0.0027500000000000003,False,deep,,False,32,32,7,0,7,-0.0027500000000000003,0.1,0.2,8,8
612,1000.0,8,8,0,8,0,0,2.809942386712447,2.809942386712447,2.809942386712447,-0.2586927167784945,-0.0,0.015192204071222333,1.0,-0.2586927167784945,False,0,0,0,0,0,0.0,0.0,0.0,0.0,0.0,0,0.0,0,0,disabled,disabled,True,keyed,1,0,False,raw,0,0.0018,0.0018,default,0,True,keyed,0,0,False,raw,0,0.0018,0.0018,default,0,True,context_shuffle,False,raw,0.0018,0.0018,context_distractor,heldout_routing_first,set_minus,,,deep,set_minus,False,32,32,0,7,0,7,0.0,0.0,0.8319589999814525,5.923041000016838,6.890250000026299,heldout_context_routing,internal_context_shuffle_ablation,CRA_internal,MockSimulator,43,context_distractor,heldout_routing_first,71,deep,set_minus,False,False,1,0.0018,0.0,0.0,0,False,-1,False,-1,internal_context_shuffle_ablation,internal_ablation,context_shuffle,0.0018,False,deep,,False,32,32,7,0,7,0.0018,0.1,0.2,8,8
613,1000.0,8,8,0,8,0,0,2.8056965521537314,2.8056965521537314,2.8056965521537314,0.1460083302639197,0.0,0.015035171621766173,1.0,0.1460083302639197,False,0,0,0,0,0,0.0,0.0,0.0,0.0,0.0,0,0.0,0,0,disabled,disabled,True,keyed,1,0,False,raw,0,-0.001,-0.001,default,0,True,keyed,0,0,False,raw,0,-0.001,-0.001,default,0,True,context_shuffle,False,raw,-0.001,-0.001,skill_distractor,heldout_routing_first,set_minus,,,deep,set_minus,False,32,32,0,7,0,7,0.0,0.0,0.8042500000442487,6.133499999975811,7.064290999949208,heldout_context_routing,internal_context_shuffle_ablation,CRA_internal,MockSimulator,43,skill_distractor,heldout_routing_first,71,deep,set_minus,False,False,1,-0.001,0.0,0.0,0,False,1,False,-1,internal_context_shuffle_ablation,internal_ablation,context_shuffle,-0.001,False,deep,,False,32,32,7,0,7,-0.001,0.1,0.2,8,8
614,1000.0,8,8,0,8,0,0,2.801471600718875,2.801471600718875,2.801471600718875,-0.8996906351281648,-0.0,0.014878343588659772,1.0,-0.8996906351281648,False,0,0,0,0,0,0.0,0.0,0.0,0.0,0.0,0,0.0,0,0,disabled,disabled,True,keyed,1,0,False,raw,0,0.01,0.01,default,0,True,keyed,0,0,False,raw,0,0.01,0.01,default,0,True,context_shuffle,False,raw,0.01,0.01,input,heldout_routing_first,set_minus,,,deep,set_minus,False,32,32,0,7,0,7,0.0,0.0,0.8382500000152504,5.938542000023972,6.908542000019224,heldout_context_routing,internal_context_shuffle_ablation,CRA_internal,MockSimulator,43,input,heldout_routing_first,71,deep,set_minus,False,False,1,0.01,0.0,0.0,0,False,-1,False,-1,internal_context_shuffle_ablation,internal_ablation,context_shuffle,0.01,False,deep,,False,32,32,7,0,7,0.01,0.1,0.2,8,8
615,1000.0,8,8,0,8,0,0,2.7972674282616548,2.7972674282616548,2.7972674282616548,-0.6420149920119997,0.9999946965622277,0.01472177460822892,1.0,-0.6420149920119997,True,0,0,0,0,0,0.0,0.0,0.0,0.0,0.0,0,0.0,0,0,disabled,disabled,True,keyed,1,0,True,internal_keyed_context,1,0.01,0.01,default,0,True,keyed,0,0,False,raw,0,0.01,0.01,default,0,True,context_shuffle,True,internal_context_shuffle_router,0.01,-0.01,decision,heldout_routing_first,set_minus,,invert,deep,set_minus,False,32,32,0,8,0,8,0.0,0.0,0.7998749999842403,5.918875000020307,6.844957999987855,heldout_context_routing,internal_context_shuffle_ablation,CRA_internal,MockSimulator,43,decision,heldout_routing_first,71,deep,set_minus,True,True,1,0.01,-0.01,-0.01,-1,True,-1,True,615,internal_context_shuffle_ablation,internal_ablation,context_shuffle,0.01,True,deep,invert,False,32,32,8,0,8,-0.01,0.1,0.2,8,8
616,1000.0,8,8,0,8,0,0,2.7930839311552793,2.7930839311552793,2.7930839311552793,-0.25339942949142685,-0.0,0.014965517049579838,1.0,-0.25339942949142685,False,0,0,0,0,0,0.0,0.0,0.0,0.0,0.0,0,0.0,0,0,disabled,disabled,True,keyed,1,0,False,raw,0,0.0018,0.0018,default,0,True,keyed,0,0,False,raw,0,0.0018,0.0018,default,0,True,context_shuffle,False,raw,0.0018,0.0018,route_context,heldout_routing_repeat,set_minus,,,reef,identity,False,32,32,0,8,0,8,0.0,0.0,0.7981669999708174,6.0202910000271,6.942999999978383,heldout_context_routing,internal_context_shuffle_ablation,CRA_internal,MockSimulator,43,route_context,heldout_routing_repeat,72,reef,identity,False,False,1,0.0018,0.0,0.0,0,False,-1,False,-1,internal_context_shuffle_ablation,internal_ablation,context_shuffle,0.0018,False,reef,,False,32,32,8,0,8,0.0018,0.1,0.2,8,8
617,1000.0,8,8,0,8,0,0,2.7889210062897973,2.7889210062897973,2.7889210062897973,-0.616637674426469,-0.0,0.015193621083433428,1.0,-0.616637674426469,False,0,0,0,0,0,0.0,0.0,0.0,0.0,0.0,0,0.0,0,0,disabled,disabled,True,keyed,1,0,False,raw,0,0.005,0.005,default,0,True,keyed,0,0,False,raw,0,0.005,0.005,default,0,True,context_shuffle,False,raw,0.005,0.005,context_distractor,heldout_routing_repeat,set_minus,,,reef,identity,False,32,32,0,8,0,8,0.0,0.0,0.8774579999908383,5.934542000034071,6.942374999994172,heldout_context_routing,internal_context_shuffle_ablation,CRA_internal,MockSimulator,43,context_distractor,heldout_routing_repeat,72,reef,identity,False,False,1,0.005,0.0,0.0,0,False,-1,False,-1,internal_context_shuffle_ablation,internal_ablation,context_shuffle,0.005,False,reef,,False,32,32,8,0,8,0.005,0.1,0.2,8,8
618,1000.0,8,8,0,8,0,0,2.784778551069521,2.784778551069521,2.784778551069521,0.3763142602868955,0.0,0.015406614749113041,1.0,0.3763142602868955,False,0,0,0,0,0,0.0,0.0,0.0,0.0,0.0,0,0.0,0,0,disabled,disabled,True,keyed,1,0,False,raw,0,-0.0027500000000000003,-0.0027500000000000003,default,0,True,keyed,0,0,False,raw,0,-0.0027500000000000003,-0.0027500000000000003,default,0,True,context_shuffle,False,raw,-0.0027500000000000003,-0.0027500000000000003,skill_distractor,heldout_routing_repeat,set_minus,,,reef,identity,False,32,32,0,8,0,8,0.0,0.0,0.8069579999983034,6.087250000007316,7.020375000024615,heldout_context_routing,internal_context_shuffle_ablation,CRA_internal,MockSimulator,43,skill_distractor,heldout_routing_repeat,72,reef,identity,False,False,1,-0.0027500000000000003,0.0,0.0,0,False,1,False,-1,internal_context_shuffle_ablation,internal_ablation,context_shuffle,-0.0027500000000000003,False,reef,,False,32,32,8,0,8,-0.0027500000000000003,0.1,0.2,8,8
619,1000.0,8,8,0,8,0,0,2.7806564634104585,2.7806564634104585,2.7806564634104585,-0.7397021447625327,-0.0,0.015605011219732097,1.0,-0.7397021447625327,False,0,0,0,0,0,0.0,0.0,0.0,0.0,0.0,0,0.0,0,0,disabled,disabled,True,keyed,1,0,False,raw,0,0.006600000000000001,0.006600000000000001,default,0,True,keyed,0,0,False,raw,0,0.006600000000000001,0.006600000000000001,default,0,True,context_shuffle,False,raw,0.006600000000000001,0.006600000000000001,context_distractor,heldout_routing_repeat,set_minus,,,reef,identity,False,32,32,0,8,0,8,0.0,0.0,0.809042000014415,5.971916000021338,6.909915999983696,heldout_context_routing,internal_context_shuffle_ablation,CRA_internal,MockSimulator,43,context_distractor,heldout_routing_repeat,72,reef,identity,False,False,1,0.006600000000000001,0.0,0.0,0,False,-1,False,-1,internal_context_shuffle_ablation,internal_ablation,context_shuffle,0.006600000000000001,False,reef,,False,32,32,8,0,8,0.006600000000000001,0.1,0.2,8,8
620,1000.0,8,8,0,8,0,0,2.776554641737766,2.776554641737766,2.776554641737766,0.1429269711489466,0.0,0.015789309185626745,1.0,0.1429269711489466,False,0,0,0,0,0,0.0,0.0,0.0,0.0,0.0,0,0.0,0,0,disabled,disabled,True,keyed,1,0,False,raw,0,-0.001,-0.001,default,0,True,keyed,0,0,False,raw,0,-0.001,-0.001,default,0,True,context_shuffle,False,raw,-0.001,-0.001,skill_distractor,heldout_routing_repeat,set_minus,,,reef,identity,False,32,32,0,8,0,8,0.0,0.0,0.7995830000027127,6.009749999975611,6.9346250000421605,heldout_context_routing,internal_context_shuffle_ablation,CRA_internal,MockSimulator,43,skill_distractor,heldout_routing_repeat,72,reef,identity,False,False,1,-0.001,0.0,0.0,0,False,1,False,-1,internal_context_shuffle_ablation,internal_ablation,context_shuffle,-0.001,False,reef,,False,32,32,8,0,8,-0.001,0.1,0.2,8,8
621,1000.0,8,8,0,8,0,0,2.7724729849832053,2.7724729849832053,2.7724729849832053,-0.7397021447625327,-0.0,0.015959993228397716,1.0,-0.7397021447625327,False,0,0,0,0,0,0.0,0.0,0.0,0.0,0.0,0,0.0,0,0,disabled,disabled,True,keyed,1,0,False,raw,0,0.006600000000000001,0.006600000000000001,default,0,True,keyed,0,0,False,raw,0,0.006600000000000001,0.006600000000000001,default,0,True,context_shuffle,False,raw,0.006600000000000001,0.006600000000000001,context_distractor,heldout_routing_repeat,set_minus,,,reef,identity,False,32,32,0,8,0,8,0.0,0.0,0.81537500000195,6.029040999976587,6.97966699999597,heldout_context_routing,internal_context_shuffle_ablation,CRA_internal,MockSimulator,43,context_distractor,heldout_routing_repeat,72,reef,identity,False,False,1,0.006600000000000001,0.0,0.0,0,False,-1,False,-1,internal_context_shuffle_ablation,internal_ablation,context_shuffle,0.006600000000000001,False,reef,,False,32,32,8,0,8,0.006600000000000001,0.1,0.2,8,8
622,1000.0,8,8,0,8,0,0,2.7684113925826175,2.7684113925826175,2.7684113925826175,-0.3763142602868955,-0.0,0.016117534185783596,1.0,-0.3763142602868955,False,0,0,0,0,0,0.0,0.0,0.0,0.0,0.0,0,0.0,0,0,disabled,disabled,True,keyed,1,0,False,raw,0,0.0027500000000000003,0.0027500000000000003,default,0,True,keyed,0,0,False,raw,0,0.0027500000000000003,0.0027500000000000003,default,0,True,context_shuffle,False,raw,0.0027500000000000003,0.0027500000000000003,skill_distractor,heldout_routing_repeat,set_minus,,,reef,identity,False,32,32,0,8,0,8,0.0,0.0,0.7999999999697138,5.931500000031065,6.858000000022457,heldout_context_routing,internal_context_shuffle_ablation,CRA_internal,MockSimulator,43,skill_distractor,heldout_routing_repeat,72,reef,identity,False,False,1,0.0027500000000000003,0.0,0.0,0,False,-1,False,-1,internal_context_shuffle_ablation,internal_ablation,context_shuffle,0.0027500000000000003,False,reef,,False,32,32,8,0,8,0.0027500000000000003,0.1,0.2,8,8
623,1000.0,8,8,0,8,0,0,2.7643697644734093,2.7643697644734093,2.7643697644734093,-0.45366217429905364,-0.0,0.01626238950758268,1.0,-0.45366217429905364,False,0,0,0,0,0,0.0,0.0,0.0,0.0,0.0,0,0.0,0,0,disabled,disabled,True,keyed,1,0,False,raw,0,0.0034000000000000002,0.0034000000000000002,default,0,True,keyed,0,0,False,raw,0,0.0034000000000000002,0.0034000000000000002,default,0,True,context_shuffle,False,raw,0.0034000000000000002,0.0034000000000000002,context_distractor,heldout_routing_repeat,set_minus,,,reef,identity,False,32,32,0,8,0,8,0.0,0.0,0.799083000003975,6.21291699997073,7.137666999994963,heldout_context_routing,internal_context_shuffle_ablation,CRA_internal,MockSimulator,43,context_distractor,heldout_routing_repeat,72,reef,identity,False,False,1,0.0034000000000000002,0.0,0.0,0,False,-1,False,-1,internal_context_shuffle_ablation,internal_ablation,context_shuffle,0.0034000000000000002,False,reef,,False,32,32,8,0,8,0.0034000000000000002,0.1,0.2,8,8
624,1000.0,8,8,0,8,0,0,2.7603480010920523,2.7603480010920523,2.7603480010920523,0.1429269711489466,0.0,0.016395003602835488,1.0,0.1429269711489466,False,0,0,0,0,0,0.0,0.0,0.0,0.0,0.0,0,0.0,0,0,disabled,disabled,True,keyed,1,0,False,raw,0,-0.001,-0.001,default,0,True,keyed,0,0,False,raw,0,-0.001,-0.001,default,0,True,context_shuffle,False,raw,-0.001,-0.001,skill_distractor,heldout_routing_repeat,set_minus,,,reef,identity,False,32,32,0,8,0,8,0.0,0.0,0.8122920000346312,6.018999999980679,6.96212499997273,heldout_context_routing,internal_context_shuffle_ablation,CRA_internal,MockSimulator,43,skill_distractor,heldout_routing_repeat,72,reef,identity,False,False,1,-0.001,0.0,0.0,0,False,1,False,-1,internal_context_shuffle_ablation,internal_ablation,context_shuffle,-0.001,False,reef,,False,32,32,8,0,8,-0.001,0.1,0.2,8,8
625,1000.0,8,8,0,8,0,0,2.7563460033715916,2.7563460033715916,2.7563460033715916,-0.7397021447625327,-0.0,0.01651580817847515,1.0,-0.7397021447625327,False,0,0,0,0,0,0.0,0.0,0.0,0.0,0.0,0,0.0,0,0,disabled,disabled,True,keyed,1,0,False,raw,0,0.006600000000000001,0.006600000000000001,default,0,True,keyed,0,0,False,raw,0,0.006600000000000001,0.006600000000000001,default,0,True,context_shuffle,False,raw,0.006600000000000001,0.006600000000000001,context_distractor,heldout_routing_repeat,set_minus,,,reef,identity,False,32,32,0,8,0,8,0.0,0.0,0.7952499999532847,6.122000000004846,7.0430000000101245,heldout_context_routing,internal_context_shuffle_ablation,CRA_internal,MockSimulator,43,context_distractor,heldout_routing_repeat,72,reef,identity,False,False,1,0.006600000000000001,0.0,0.0,0,False,-1,False,-1,internal_context_shuffle_ablation,internal_ablation,context_shuffle,0.006600000000000001,False,reef,,False,32,32,8,0,8,0.006600000000000001,0.1,0.2,8,8
626,1000.0,8,8,0,8,0,0,2.7523636727391714,2.7523636727391714,2.7523636727391714,-0.3763142602868955,-0.0,0.016625222569648095,1.0,-0.3763142602868955,False,0,0,0,0,0,0.0,0.0,0.0,0.0,0.0,0,0.0,0,0,disabled,disabled,True,keyed,1,0,False,raw,0,0.0027500000000000003,0.0027500000000000003,default,0,True,keyed,0,0,False,raw,0,0.0027500000000000003,0.0027500000000000003,default,0,True,context_shuffle,False,raw,0.0027500000000000003,0.0027500000000000003,skill_distractor,heldout_routing_repeat,set_minus,,,reef,identity,False,32,32,0,8,0,8,0.0,0.0,0.8120830000279966,6.011499999999614,6.954582999981085,heldout_context_routing,internal_context_shuffle_ablation,CRA_internal,MockSimulator,43,skill_distractor,heldout_routing_repeat,72,reef,identity,False,False,1,0.0027500000000000003,0.0,0.0,0,False,-1,False,-1,internal_context_shuffle_ablation,internal_ablation,context_shuffle,0.0027500000000000003,False,reef,,False,32,32,8,0,8,0.0027500000000000003,0.1,0.2,8,8
627,1000.0,8,8,0,8,0,0,2.748400911113569,2.748400911113569,2.748400911113569,-0.8935210851593434,-0.0,0.01672365406190273,1.0,-0.8935210851593434,False,0,0,0,0,0,0.0,0.0,0.0,0.0,0.0,0,0.0,0,0,disabled,disabled,True,keyed,1,0,False,raw,0,0.01,0.01,default,0,True,keyed,0,0,False,raw,0,0.01,0.01,default,0,True,context_shuffle,False,raw,0.01,0.01,input,heldout_routing_repeat,set_minus,,,reef,identity,False,32,32,0,8,0,8,0.0,0.0,0.7944999999836,6.0668330000339665,6.987832999982402,heldout_context_routing,internal_context_shuffle_ablation,CRA_internal,MockSimulator,43,input,heldout_routing_repeat,72,reef,identity,False,False,1,0.01,0.0,0.0,0,False,-1,False,-1,internal_context_shuffle_ablation,internal_ablation,context_shuffle,0.01,False,reef,,False,32,32,8,0,8,0.01,0.1,0.2,8,8
628,1000.0,8,8,0,8,0,0,2.744457620902746,2.744457620902746,2.744457620902746,0.6420149920119997,0.9999946965622277,0.01681149820543932,1.0,0.6420149920119997,True,0,0,0,0,0,0.0,0.0,0.0,0.0,0.0,0,0.0,0,0,disabled,disabled,True,keyed,1,0,True,internal_keyed_context,1,0.01,0.01,default,0,True,keyed,0,0,False,raw,0,0.01,0.01,default,0,True,context_shuffle,True,internal_context_shuffle_router,0.01,0.01,decision,heldout_routing_repeat,set_minus,,set_plus,reef,identity,False,32,32,0,9,0,9,0.0,0.0,0.8086660000117263,6.122084000026007,7.060749999993732,heldout_context_routing,internal_context_shuffle_ablation,CRA_internal,MockSimulator,43,decision,heldout_routing_repeat,72,reef,identity,True,False,1,0.01,0.01,0.01,1,True,1,True,628,internal_context_shuffle_ablation,internal_ablation,context_shuffle,0.01,True,reef,set_plus,False,32,32,9,0,9,0.01,0.1,0.2,8,8
629,1000.0,8,8,0,8,0,0,2.7405337050014023,2.7405337050014023,2.7405337050014023,-0.2480962402909708,-0.0,0.017289139121609686,1.0,-0.2480962402909708,False,0,0,0,0,0,0.0,0.0,0.0,0.0,0.0,0,0.0,0,0,disabled,disabled,True,keyed,1,0,False,raw,0,0.0018,0.0018,default,0,True,keyed,0,0,False,raw,0,0.0018,0.0018,default,0,True,context_shuffle,False,raw,0.0018,0.0018,route_context,heldout_routing_repeat,set_minus,,,reef,identity,False,32,32,0,9,0,9,0.0,0.0,0.7967919999600781,5.99008300002879,6.912875000011809,heldout_context_routing,internal_context_shuffle_ablation,CRA_internal,MockSimulator,43,route_context,heldout_routing_repeat,73,reef,identity,False,False,-1,0.0018,0.0,0.0,0,False,-1,False,-1,internal_context_shuffle_ablation,internal_ablation,context_shuffle,0.0018,False,reef,,False,32,32,9,0,9,0.0018,0.1,0.2,8,8
630,1000.0,8,8,0,8,0,0,2.7366290667885553,2.7366290667885553,2.7366290667885553,-0.6068008597723524,-0.0,0.01774094980185106,1.0,-0.6068008597723524,False,0,0,0,0,0,0.0,0.0,0.0,0.0,0.0,0,0.0,0,0,disabled,disabled,True,keyed,1,0,False,raw,0,0.005,0.005,default,0,True,keyed,0,0,False,raw,0,0.005,0.005,default,0,True,context_shuffle,False,raw,0.005,0.005,context_distractor,heldout_routing_repeat,set_minus,,,reef,identity,False,32,32,0,9,0,9,0.0,0.0,0.8022499999924548,6.218208000007053,7.145541999989291,heldout_context_routing,internal_context_shuffle_ablation,CRA_internal,MockSimulator,43,context_distractor,heldout_routing_repeat,73,reef,identity,False,False,-1,0.005,0.0,0.0,0,False,-1,False,-1,internal_context_shuffle_ablation,internal_ablation,context_shuffle,0.005,False,reef,,False,32,32,9,0,9,0.005,0.1,0.2,8,8
631,1000.0,8,8,0,8,0,0,2.7327436101251203,2.7327436101251203,2.7327436101251203,0.36886884763956956,0.0,0.018167772399234138,1.0,0.36886884763956956,False,0,0,0,0,0,0.0,0.0,0.0,0.0,0.0,0,0.0,0,0,disabled,disabled,True,keyed,1,0,False,raw,0,-0.0027500000000000003,-0.0027500000000000003,default,0,True,keyed,0,0,False,raw,0,-0.0027500000000000003,-0.0027500000000000003,default,0,True,context_shuffle,False,raw,-0.0027500000000000003,-0.0027500000000000003,skill_distractor,heldout_routing_repeat,set_minus,,,reef,identity,False,32,32,0,9,0,9,0.0,0.0,0.8188329999825328,6.084291999968627,7.035874999985481,heldout_context_routing,internal_context_shuffle_ablation,CRA_internal,MockSimulator,43,skill_distractor,heldout_routing_repeat,73,reef,identity,False,False,-1,-0.0027500000000000003,0.0,0.0,0,False,1,False,-1,internal_context_shuffle_ablation,internal_ablation,context_shuffle,-0.0027500000000000003,False,reef,,False,32,32,9,0,9,-0.0027500000000000003,0.1,0.2,8,8
632,1000.0,8,8,0,8,0,0,2.7288772393515073,2.7288772393515073,2.7288772393515073,-0.6068008597723524,-0.0,0.01857042571280115,1.0,-0.6068008597723524,False,0,0,0,0,0,0.0,0.0,0.0,0.0,0.0,0,0.0,0,0,disabled,disabled,True,keyed,1,0,False,raw,0,0.005,0.005,default,0,True,keyed,0,0,False,raw,0,0.005,0.005,default,0,True,context_shuffle,False,raw,0.005,0.005,context_distractor,heldout_routing_repeat,set_minus,,,reef,identity,False,32,32,0,9,0,9,0.0,0.0,0.8067499999810934,6.155125000020689,7.088167000006251,heldout_context_routing,internal_context_shuffle_ablation,CRA_internal,MockSimulator,43,context_distractor,heldout_routing_repeat,73,reef,identity,False,False,-1,0.005,0.0,0.0,0,False,-1,False,-1,internal_context_shuffle_ablation,internal_ablation,context_shuffle,0.005,False,reef,,False,32,32,9,0,9,0.005,0.1,0.2,8,8
633,1000.0,8,8,0,8,0,0,2.725029859285231,2.725029859285231,2.725029859285231,0.1398459243196287,0.0,0.018949705784865788,1.0,0.1398459243196287,False,0,0,0,0,0,0.0,0.0,0.0,0.0,0.0,0,0.0,0,0,disabled,disabled,True,keyed,1,0,False,raw,0,-0.001,-0.001,default,0,True,keyed,0,0,False,raw,0,-0.001,-0.001,default,0,True,context_shuffle,False,raw,-0.001,-0.001,skill_distractor,heldout_routing_repeat,set_minus,,,reef,identity,False,32,32,0,9,0,9,0.0,0.0,0.8118330000002061,6.1562920000142185,7.09783399997832,heldout_context_routing,internal_context_shuffle_ablation,CRA_internal,MockSimulator,43,skill_distractor,heldout_routing_repeat,73,reef,identity,False,False,-1,-0.001,0.0,0.0,0,False,1,False,-1,internal_context_shuffle_ablation,internal_ablation,context_shuffle,-0.001,False,reef,,False,32,32,9,0,9,-0.001,0.1,0.2,8,8
634,1000.0,8,8,0,8,0,0,2.7212013752185307,2.7212013752185307,2.7212013752185307,-0.4451318324831548,-0.0,0.01930638648376272,1.0,-0.4451318324831548,False,0,0,0,0,0,0.0,0.0,0.0,0.0,0.0,0,0.0,0,0,disabled,disabled,True,keyed,1,0,False,raw,0,0.0034000000000000002,0.0034000000000000002,default,0,True,keyed,0,0,False,raw,0,0.0034000000000000002,0.0034000000000000002,default,0,True,context_shuffle,False,raw,0.0034000000000000002,0.0034000000000000002,context_distractor,heldout_routing_repeat,set_minus,,,reef,identity,False,32,32,0,9,0,9,0.0,0.0,0.7946249999690735,6.238625000037246,7.159707999960574,heldout_context_routing,internal_context_shuffle_ablation,CRA_internal,MockSimulator,43,context_distractor,heldout_routing_repeat,73,reef,identity,False,False,-1,0.0034000000000000002,0.0,0.0,0,False,-1,False,-1,internal_context_shuffle_ablation,internal_ablation,context_shuffle,0.0034000000000000002,False,reef,,False,32,32,9,0,9,0.0034000000000000002,0.1,0.2,8,8
635,1000.0,8,8,0,8,0,0,2.717391692916002,2.717391692916002,2.717391692916002,0.36886884763956956,0.0,0.019641220072389828,1.0,0.36886884763956956,False,0,0,0,0,0,0.0,0.0,0.0,0.0,0.0,0,0.0,0,0,disabled,disabled,True,keyed,1,0,False,raw,0,-0.0027500000000000003,-0.0027500000000000003,default,0,True,keyed,0,0,False,raw,0,-0.0027500000000000003,-0.0027500000000000003,default,0,True,context_shuffle,False,raw,-0.0027500000000000003,-0.0027500000000000003,skill_distractor,heldout_routing_repeat,set_minus,,,reef,identity,False,32,32,0,9,0,9,0.0,0.0,0.8090000000038344,6.101541999953497,7.040750000044227,heldout_context_routing,internal_context_shuffle_ablation,CRA_internal,MockSimulator,43,skill_distractor,heldout_routing_repeat,73,reef,identity,False,False,-1,-0.0027500000000000003,0.0,0.0,0,False,1,False,-1,internal_context_shuffle_ablation,internal_ablation,context_shuffle,-0.0027500000000000003,False,reef,,False,32,32,9,0,9,-0.0027500000000000003,0.1,0.2,8,8
636,1000.0,8,8,0,8,0,0,2.7136007186122413,2.7136007186122413,2.7136007186122413,-0.4451318324831548,-0.0,0.019954937762878346,1.0,-0.4451318324831548,False,0,0,0,0,0,0.0,0.0,0.0,0.0,0.0,0,0.0,0,0,disabled,disabled,True,keyed,1,0,False,raw,0,0.0034000000000000002,0.0034000000000000002,default,0,True,keyed,0,0,False,raw,0,0.0034000000000000002,0.0034000000000000002,default,0,True,context_shuffle,False,raw,0.0034000000000000002,0.0034000000000000002,context_distractor,heldout_routing_repeat,set_minus,,,reef,identity,False,32,32,0,9,0,9,0.0,0.0,0.8035420000283011,6.051749999983258,6.980833000000075,heldout_context_routing,internal_context_shuffle_ablation,CRA_internal,MockSimulator,43,context_distractor,heldout_routing_repeat,73,reef,identity,False,False,-1,0.0034000000000000002,0.0,0.0,0,False,-1,False,-1,internal_context_shuffle_ablation,internal_ablation,context_shuffle,0.0034000000000000002,False,reef,,False,32,32,9,0,9,0.0034000000000000002,0.1,0.2,8,8
637,1000.0,8,8,0,8,0,0,2.709828359009501,2.709828359009501,2.709828359009501,-0.36886884763956956,-0.0,0.020248250257718366,1.0,-0.36886884763956956,False,0,0,0,0,0,0.0,0.0,0.0,0.0,0.0,0,0.0,0,0,disabled,disabled,True,keyed,1,0,False,raw,0,0.0027500000000000003,0.0027500000000000003,default,0,True,keyed,0,0,False,raw,0,0.0027500000000000003,0.0027500000000000003,default,0,True,context_shuffle,False,raw,0.0027500000000000003,0.0027500000000000003,skill_distractor,heldout_routing_repeat,set_minus,,,reef,identity,False,32,32,0,9,0,9,0.0,0.0,0.7988340000224525,6.2669159999586554,7.190792000017154,heldout_context_routing,internal_context_shuffle_ablation,CRA_internal,MockSimulator,43,skill_distractor,heldout_routing_repeat,73,reef,identity,False,False,-1,0.0027500000000000003,0.0,0.0,0,False,-1,False,-1,internal_context_shuffle_ablation,internal_ablation,context_shuffle,0.0027500000000000003,False,reef,,False,32,32,9,0,9,0.0027500000000000003,0.1,0.2,8,8
638,1000.0,8,8,0,8,0,0,2.706074521275359,2.706074521275359,2.706074521275359,-0.7301607501082887,-0.0,0.020521848277659637,1.0,-0.7301607501082887,False,0,0,0,0,0,0.0,0.0,0.0,0.0,0.0,0,0.0,0,0,disabled,disabled,True,keyed,1,0,False,raw,0,0.006600000000000001,0.006600000000000001,default,0,True,keyed,0,0,False,raw,0,0.006600000000000001,0.006600000000000001,default,0,True,context_shuffle,False,raw,0.006600000000000001,0.006600000000000001,context_distractor,heldout_routing_repeat,set_minus,,,reef,identity,False,32,32,0,9,0,9,0.0,0.0,0.8369999999899846,6.231958000000759,7.20254200001591,heldout_context_routing,internal_context_shuffle_ablation,CRA_internal,MockSimulator,43,context_distractor,heldout_routing_repeat,73,reef,identity,False,False,-1,0.006600000000000001,0.0,0.0,0,False,-1,False,-1,internal_context_shuffle_ablation,internal_ablation,context_shuffle,0.006600000000000001,False,reef,,False,32,32,9,0,9,0.006600000000000001,0.1,0.2,8,8
639,1000.0,8,8,0,8,0,0,2.7023391130403955,2.7023391130403955,2.7023391130403955,-0.36886884763956956,-0.0,0.02077640307670017,1.0,-0.36886884763956956,False,0,0,0,0,0,0.0,0.0,0.0,0.0,0.0,0,0.0,0,0,disabled,disabled,True,keyed,1,0,False,raw,0,0.0027500000000000003,0.0027500000000000003,default,0,True,keyed,0,0,False,raw,0,0.0027500000000000003,0.0027500000000000003,default,0,True,context_shuffle,False,raw,0.0027500000000000003,0.0027500000000000003,skill_distractor,heldout_routing_repeat,set_minus,,,reef,identity,False,32,32,0,9,0,9,0.0,0.0,0.7984160000091833,6.422791999966648,7.347334000030514,heldout_context_routing,internal_context_shuffle_ablation,CRA_internal,MockSimulator,43,skill_distractor,heldout_routing_repeat,73,reef,identity,False,False,-1,0.0027500000000000003,0.0,0.0,0,False,-1,False,-1,internal_context_shuffle_ablation,internal_ablation,context_shuffle,0.0027500000000000003,False,reef,,False,32,32,9,0,9,0.0027500000000000003,0.1,0.2,8,8
640,1000.0,8,8,0,8,0,0,2.6986220423958853,2.6986220423958853,2.6986220423958853,0.8870013588224341,0.0,0.021012566944468014,1.0,0.8870013588224341,False,0,0,0,0,0,0.0,0.0,0.0,0.0,0.0,0,0.0,0,0,disabled,disabled,True,keyed,1,0,False,raw,0,-0.01,-0.01,default,0,True,keyed,0,0,False,raw,0,-0.01,-0.01,default,0,True,context_shuffle,False,raw,-0.01,-0.01,input,heldout_routing_repeat,set_minus,,,reef,identity,False,32,32,0,9,0,9,0.0,0.0,0.8253749999767024,6.14020799997661,7.100665999985267,heldout_context_routing,internal_context_shuffle_ablation,CRA_internal,MockSimulator,43,input,heldout_routing_repeat,73,reef,identity,False,False,-1,-0.01,0.0,0.0,0,False,1,False,-1,internal_context_shuffle_ablation,internal_ablation,context_shuffle,-0.01,False,reef,,False,32,32,9,0,9,-0.01,0.1,0.2,8,8
641,1000.0,8,8,0,8,0,0,2.6949232178914997,2.6949232178914997,2.6949232178914997,0.6420149920119997,-0.9999946965622277,0.021230973696294467,1.0,0.6420149920119997,False,0,0,0,0,0,0.0,0.0,0.0,0.0,0.0,0,0.0,0,0,disabled,disabled,True,keyed,1,0,True,internal_keyed_context,-1,-0.01,-0.01,default,0,True,keyed,0,0,False,raw,0,-0.01,-0.01,default,0,True,context_shuffle,True,internal_context_shuffle_router,-0.01,0.01,decision,heldout_routing_repeat,set_minus,,set_plus,reef,identity,False,32,32,0,10,0,10,0.0,0.0,0.8032499999899301,6.3172920000056365,7.245957999998609,heldout_context_routing,internal_context_shuffle_ablation,CRA_internal,MockSimulator,43,decision,heldout_routing_repeat,73,reef,identity,True,False,-1,-0.01,-0.01,-0.01,-1,True,1,False,641,internal_context_shuffle_ablation,internal_ablation,context_shuffle,-0.01,True,reef,set_plus,False,32,32,10,0,10,0.01,0.1,0.2,8,8
642,1000.0,8,8,0,8,0,0,2.69124254853302,2.69124254853302,2.69124254853302,-0.6340368178405875,-0.0,0.021432239151270075,1.0,-0.6340368178405875,False,0,0,0,0,0,0.0,0.0,0.0,0.0,0.0,0,0.0,0,0,disabled,disabled,True,keyed,1,0,False,raw,0,0.005,0.005,default,0,True,keyed,0,0,False,raw,0,0.005,0.005,default,0,True,context_shuffle,False,raw,0.005,0.005,route_context,heldout_routing_repeat,set_minus,,,storm,set_plus,False,32,32,0,10,0,10,0.0,0.0,0.8089170000289414,6.144040999970457,7.0830409999871335,heldout_context_routing,internal_context_shuffle_ablation,CRA_internal,MockSimulator,43,route_context,heldout_routing_repeat,74,storm,set_plus,False,False,1,0.005,0.0,0.0,0,False,-1,False,-1,internal_context_shuffle_ablation,internal_ablation,context_shuffle,0.005,False,storm,,False,32,32,10,0,10,0.005,0.1,0.2,8,8
643,1000.0,8,8,0,8,0,0,2.687579943780062,2.687579943780062,2.687579943780062,-0.46895810134550087,-0.0,0.021616961598568143,1.0,-0.46895810134550087,False,0,0,0,0,0,0.0,0.0,0.0,0.0,0.0,0,0.0,0,0,disabled,disabled,True,keyed,1,0,False,raw,0,0.0034000000000000002,0.0034000000000000002,default,0,True,keyed,0,0,False,raw,0,0.0034000000000000002,0.0034000000000000002,default,0,True,context_shuffle,False,raw,0.0034000000000000002,0.0034000000000000002,context_distractor,heldout_routing_repeat,set_minus,,,storm,set_plus,False,32,32,0,10,0,10,0.0,0.0,0.8015419999765072,6.345500000008997,7.273375000011129,heldout_context_routing,internal_context_shuffle_ablation,CRA_internal,MockSimulator,43,context_distractor,heldout_routing_repeat,74,storm,set_plus,False,False,1,0.0034000000000000002,0.0,0.0,0,False,-1,False,-1,internal_context_shuffle_ablation,internal_ablation,context_shuffle,0.0034000000000000002,False,storm,,False,32,32,10,0,10,0.0034000000000000002,0.1,0.2,8,8
644,1000.0,8,8,0,8,0,0,2.6839353135438153,2.6839353135438153,2.6839353135438153,-0.14852087561955563,-0.0,0.021785722252313778,1.0,-0.14852087561955563,False,0,0,0,0,0,0.0,0.0,0.0,0.0,0.0,0,0.0,0,0,disabled,disabled,True,keyed,1,0,False,raw,0,0.001,0.001,default,0,True,keyed,0,0,False,raw,0,0.001,0.001,default,0,True,context_shuffle,False,raw,0.001,0.001,skill_distractor,heldout_routing_repeat,set_minus,,,storm,set_plus,False,32,32,0,10,0,10,0.0,0.0,0.8132499999646825,6.199333000040497,7.147625000015978,heldout_context_routing,internal_context_shuffle_ablation,CRA_internal,MockSimulator,43,skill_distractor,heldout_routing_repeat,74,storm,set_plus,False,False,1,0.001,0.0,0.0,0,False,-1,False,-1,internal_context_shuffle_ablation,internal_ablation,context_shuffle,0.001,False,storm,,False,32,32,10,0,10,0.001,0.1,0.2,8,8
645,1000.0,8,8,0,8,0,0,2.680308568184787,2.680308568184787,2.680308568184787,-0.7563123641672722,-0.0,0.02193908569527016,1.0,-0.7563123641672722,False,0,0,0,0,0,0.0,0.0,0.0,0.0,0.0,0,0.0,0,0,disabled,disabled,True,keyed,1,0,False,raw,0,0.006600000000000001,0.006600000000000001,default,0,True,keyed,0,0,False,raw,0,0.006600000000000001,0.006600000000000001,default,0,True,context_shuffle,False,raw,0.006600000000000001,0.006600000000000001,context_distractor,heldout_routing_repeat,set_minus,,,storm,set_plus,False,32,32,0,10,0,10,0.0,0.0,0.7983330000342903,6.20041700000229,7.124416999999994,heldout_context_routing,internal_context_shuffle_ablation,CRA_internal,MockSimulator,43,context_distractor,heldout_routing_repeat,74,storm,set_plus,False,False,1,0.006600000000000001,0.0,0.0,0,False,-1,False,-1,internal_context_shuffle_ablation,internal_ablation,context_shuffle,0.006600000000000001,False,storm,,False,32,32,10,0,10,0.006600000000000001,0.1,0.2,8,8
646,1000.0,8,8,0,8,0,0,2.676699618510564,2.676699618510564,2.676699618510564,-0.3897251489804754,-0.0,0.022077600311607364,1.0,-0.3897251489804754,False,0,0,0,0,0,0.0,0.0,0.0,0.0,0.0,0,0.0,0,0,disabled,disabled,True,keyed,1,0,False,raw,0,0.0027500000000000003,0.0027500000000000003,default,0,True,keyed,0,0,False,raw,0,0.0027500000000000003,0.0027500000000000003,default,0,True,context_shuffle,False,raw,0.0027500000000000003,0.0027500000000000003,skill_distractor,heldout_routing_repeat,set_minus,,,storm,set_plus,False,32,32,0,10,0,10,0.0,0.0,0.8085420000156773,6.481707999967057,7.4189999999703105,heldout_context_routing,internal_context_shuffle_ablation,CRA_internal,MockSimulator,43,skill_distractor,heldout_routing_repeat,74,storm,set_plus,False,False,1,0.0027500000000000003,0.0,0.0,0,False,-1,False,-1,internal_context_shuffle_ablation,internal_ablation,context_shuffle,0.0027500000000000003,False,storm,,False,32,32,10,0,10,0.0027500000000000003,0.1,0.2,8,8
647,1000.0,8,8,0,8,0,0,2.6731083757735807,2.6731083757735807,2.6731083757735807,-0.46895810134550087,-0.0,0.022201798709012968,1.0,-0.46895810134550087,False,0,0,0,0,0,0.0,0.0,0.0,0.0,0.0,0,0.0,0,0,disabled,disabled,True,keyed,1,0,False,raw,0,0.0034000000000000002,0.0034000000000000002,default,0,True,keyed,0,0,False,raw,0,0.0034000000000000002,0.0034000000000000002,default,0,True,context_shuffle,False,raw,0.0034000000000000002,0.0034000000000000002,context_distractor,heldout_routing_repeat,set_minus,,,storm,set_plus,False,32,32,0,10,0,10,0.0,0.0,0.8281670000087615,6.263624999974127,7.224374999964311,heldout_context_routing,internal_context_shuffle_ablation,CRA_internal,MockSimulator,43,context_distractor,heldout_routing_repeat,74,storm,set_plus,False,False,1,0.0034000000000000002,0.0,0.0,0,False,-1,False,-1,internal_context_shuffle_ablation,internal_ablation,context_shuffle,0.0034000000000000002,False,storm,,False,32,32,10,0,10,0.0034000000000000002,0.1,0.2,8,8
648,1000.0,8,8,0,8,0,0,2.6695347516689036,2.6695347516689036,2.6695347516689036,0.38972514898047533,0.0,0.02231219813039771,1.0,0.38972514898047533,False,0,0,0,0,0,0.0,0.0,0.0,0.0,0.0,0,0.0,0,0,disabled,disabled,True,keyed,1,0,False,raw,0,-0.0027500000000000003,-0.0027500000000000003,default,0,True,keyed,0,0,False,raw,0,-0.0027500000000000003,-0.0027500000000000003,default,0,True,context_shuffle,False,raw,-0.0027500000000000003,-0.0027500000000000003,skill_distractor,heldout_routing_repeat,set_minus,,,storm,set_plus,False,32,32,0,10,0,10,0.0,0.0,0.8059589999902528,6.554708000010123,7.491999999956533,heldout_context_routing,internal_context_shuffle_ablation,CRA_internal,MockSimulator,43,skill_distractor,heldout_routing_repeat,74,storm,set_plus,False,False,1,-0.0027500000000000003,0.0,0.0,0,False,1,False,-1,internal_context_shuffle_ablation,internal_ablation,context_shuffle,-0.0027500000000000003,False,storm,,False,32,32,10,0,10,-0.0027500000000000003,0.1,0.2,8,8
649,1000.0,8,8,0,8,0,0,2.6659786583320204,2.6659786583320204,2.6659786583320204,-0.26300100371801155,-0.0,0.022409300855443452,1.0,-0.26300100371801155,False,0,0,0,0,0,0.0,0.0,0.0,0.0,0.0,0,0.0,0,0,disabled,disabled,True,keyed,1,0,False,raw,0,0.0018,0.0018,default,0,True,keyed,0,0,False,raw,0,0.0018,0.0018,default,0,True,context_shuffle,False,raw,0.0018,0.0018,context_distractor,heldout_routing_repeat,set_minus,,,storm,set_plus,False,32,32,0,10,0,10,0.0,0.0,0.821666999968329,6.283125000038581,7.2396670000216545,heldout_context_routing,internal_context_shuffle_ablation,CRA_internal,MockSimulator,43,context_distractor,heldout_routing_repeat,74,storm,set_plus,False,False,1,0.0018,0.0,0.0,0,False,-1,False,-1,internal_context_shuffle_ablation,internal_ablation,context_shuffle,0.0018,False,storm,,False,32,32,10,0,10,0.0018,0.1,0.2,8,8
650,1000.0,8,8,0,8,0,0,2.6624400083366435,2.6624400083366435,2.6624400083366435,0.38972514898047533,0.0,0.022493594592235207,1.0,0.38972514898047533,False,0,0,0,0,0,0.0,0.0,0.0,0.0,0.0,0,0.0,0,0,disabled,disabled,True,keyed,1,0,False,raw,0,-0.0027500000000000003,-0.0027500000000000003,default,0,True,keyed,0,0,False,raw,0,-0.0027500000000000003,-0.0027500000000000003,default,0,True,context_shuffle,False,raw,-0.0027500000000000003,-0.0027500000000000003,skill_distractor,heldout_routing_repeat,set_minus,,,storm,set_plus,False,32,32,0,10,0,10,0.0,0.0,0.8055420000232516,6.417042000009587,7.351292000009835,heldout_context_routing,internal_context_shuffle_ablation,CRA_internal,MockSimulator,43,skill_distractor,heldout_routing_repeat,74,storm,set_plus,False,False,1,-0.0027500000000000003,0.0,0.0,0,False,1,False,-1,internal_context_shuffle_ablation,internal_ablation,context_shuffle,-0.0027500000000000003,False,storm,,False,32,32,10,0,10,-0.0027500000000000003,0.1,0.2,8,8
651,1000.0,8,8,0,8,0,0,2.6589187146925277,2.6589187146925277,2.6589187146925277,-0.46895810134550087,-0.0,0.022565552859213116,1.0,-0.46895810134550087,False,0,0,0,0,0,0.0,0.0,0.0,0.0,0.0,0,0.0,0,0,disabled,disabled,True,keyed,1,0,False,raw,0,0.0034000000000000002,0.0034000000000000002,default,0,True,keyed,0,0,False,raw,0,0.0034000000000000002,0.0034000000000000002,default,0,True,context_shuffle,False,raw,0.0034000000000000002,0.0034000000000000002,context_distractor,heldout_routing_repeat,set_minus,,,storm,set_plus,False,32,32,0,10,0,10,0.0,0.0,0.8112090000054195,6.240999999988617,7.1820410000214,heldout_context_routing,internal_context_shuffle_ablation,CRA_internal,MockSimulator,43,context_distractor,heldout_routing_repeat,74,storm,set_plus,False,False,1,0.0034000000000000002,0.0,0.0,0,False,-1,False,-1,internal_context_shuffle_ablation,internal_ablation,context_shuffle,0.0034000000000000002,False,storm,,False,32,32,10,0,10,0.0034000000000000002,0.1,0.2,8,8
652,1000.0,8,8,0,8,0,0,2.6554146908432914,2.6554146908432914,2.6554146908432914,-0.38972514898047533,-0.0,0.022625635357675013,1.0,-0.38972514898047533,False,0,0,0,0,0,0.0,0.0,0.0,0.0,0.0,0,0.0,0,0,disabled,disabled,True,keyed,1,0,False,raw,0,0.0027500000000000003,0.0027500000000000003,default,0,True,keyed,0,0,False,raw,0,0.0027500000000000003,0.0027500000000000003,default,0,True,context_shuffle,False,raw,0.0027500000000000003,0.0027500000000000003,skill_distractor,heldout_routing_repeat,set_minus,,,storm,set_plus,False,32,32,0,10,0,10,0.0,0.0,0.8045420000257764,6.34700000000521,7.279999999980191,heldout_context_routing,internal_context_shuffle_ablation,CRA_internal,MockSimulator,43,skill_distractor,heldout_routing_repeat,74,storm,set_plus,False,False,1,0.0027500000000000003,0.0,0.0,0,False,-1,False,-1,internal_context_shuffle_ablation,internal_ablation,context_shuffle,0.0027500000000000003,False,storm,,False,32,32,10,0,10,0.0027500000000000003,0.1,0.2,8,8
653,1000.0,8,8,0,8,0,0,2.6519278506642556,2.6519278506642556,2.6519278506642556,-0.9044730427426659,-0.0,0.02267428833505475,1.0,-0.9044730427426659,False,0,0,0,0,0,0.0,0.0,0.0,0.0,0.0,0,0.0,0,0,disabled,disabled,True,keyed,1,0,False,raw,0,0.01,0.01,default,0,True,keyed,0,0,False,raw,0,0.01,0.01,default,0,True,context_shuffle,False,raw,0.01,0.01,input,heldout_routing_repeat,set_minus,,,storm,set_plus,False,32,32,0,10,0,10,0.0,0.0,0.8087079999654634,6.332667000037873,7.273542000007183,heldout_context_routing,internal_context_shuffle_ablation,CRA_internal,MockSimulator,43,input,heldout_routing_repeat,74,storm,set_plus,False,False,1,0.01,0.0,0.0,0,False,-1,False,-1,internal_context_shuffle_ablation,internal_ablation,context_shuffle,0.01,False,storm,,False,32,32,10,0,10,0.01,0.1,0.2,8,8
654,1000.0,8,8,0,8,0,0,2.6484581084602894,2.6484581084602894,2.6484581084602894,-0.6420149920119997,-0.9999946965622277,0.022711944939196226,1.0,-0.6420149920119997,False,0,0,0,0,0,0.0,0.0,0.0,0.0,0.0,0,0.0,0,0,disabled,disabled,True,keyed,1,0,True,internal_keyed_context,1,0.01,0.01,default,0,True,keyed,0,0,False,raw,0,0.01,0.01,default,0,True,context_shuffle,True,internal_context_shuffle_router,0.01,-0.01,decision,heldout_routing_repeat,set_minus,,set_minus,storm,set_plus,False,32,32,0,11,0,11,0.0,0.0,0.809124999989308,6.326084000022547,7.260291000022789,heldout_context_routing,internal_context_shuffle_ablation,CRA_internal,MockSimulator,43,decision,heldout_routing_repeat,74,storm,set_plus,True,False,1,0.01,0.01,0.01,1,True,-1,False,654,internal_context_shuffle_ablation,internal_ablation,context_shuffle,0.01,True,storm,set_minus,False,32,32,11,0,11,-0.01,0.1,0.2,8,8
655,1000.0,8,8,0,8,0,0,2.645005378963668,2.645005378963668,2.645005378963668,-0.6597606435881425,-0.0,0.02273902556383802,1.0,-0.6597606435881425,False,0,0,0,0,0,0.0,0.0,0.0,0.0,0.0,0,0.0,0,0,disabled,disabled,True,keyed,1,0,False,raw,0,0.005,0.005,default,0,True,keyed,0,0,False,raw,0,0.005,0.005,default,0,True,context_shuffle,False,raw,0.005,0.005,route_context,heldout_routing_repeat,set_minus,,,storm,set_plus,False,32,32,0,11,0,11,0.0,0.0,0.7954170000061822,6.441832999996677,7.365375000006225,heldout_context_routing,internal_context_shuffle_ablation,CRA_internal,MockSimulator,43,route_context,heldout_routing_repeat,75,storm,set_plus,False,False,-1,0.005,0.0,0.0,0,False,-1,False,-1,internal_context_shuffle_ablation,internal_ablation,context_shuffle,0.005,False,storm,,False,32,32,11,0,11,0.005,0.1,0.2,8,8
656,1000.0,8,8,0,8,0,0,2.6415695773319396,2.6415695773319396,2.6415695773319396,-0.7802285133182205,-0.0,0.022755938185518465,1.0,-0.7802285133182205,False,0,0,0,0,0,0.0,0.0,0.0,0.0,0.0,0,0.0,0,0,disabled,disabled,True,keyed,1,0,False,raw,0,0.006600000000000001,0.006600000000000001,default,0,True,keyed,0,0,False,raw,0,0.006600000000000001,0.006600000000000001,default,0,True,context_shuffle,False,raw,0.006600000000000001,0.006600000000000001,context_distractor,heldout_routing_repeat,set_minus,,,storm,set_plus,False,32,32,0,11,0,11,0.0,0.0,0.8262499999887041,6.293708999976388,7.250792000036199,heldout_context_routing,internal_context_shuffle_ablation,CRA_internal,MockSimulator,43,context_distractor,heldout_routing_repeat,75,storm,set_plus,False,False,-1,0.006600000000000001,0.0,0.0,0,False,-1,False,-1,internal_context_shuffle_ablation,internal_ablation,context_shuffle,0.006600000000000001,False,storm,,False,32,32,11,0,11,0.006600000000000001,0.1,0.2,8,8
657,1000.0,8,8,0,8,0,0,2.6381506191458075,2.6381506191458075,2.6381506191458075,-0.1571643886223342,-0.0,0.022763078692106156,1.0,-0.1571643886223342,False,0,0,0,0,0,0.0,0.0,0.0,0.0,0.0,0,0.0,0,0,disabled,disabled,True,keyed,1,0,False,raw,0,0.001,0.001,default,0,True,keyed,0,0,False,raw,0,0.001,0.001,default,0,True,context_shuffle,False,raw,0.001,0.001,skill_distractor,heldout_routing_repeat,set_minus,,,storm,set_plus,False,32,32,0,11,0,11,0.0,0.0,0.8000409999908698,6.453709000027175,7.379916000047615,heldout_context_routing,internal_context_shuffle_ablation,CRA_internal,MockSimulator,43,skill_distractor,heldout_routing_repeat,75,storm,set_plus,False,False,-1,0.001,0.0,0.0,0,False,-1,False,-1,internal_context_shuffle_ablation,internal_ablation,context_shuffle,0.001,False,storm,,False,32,32,11,0,11,0.001,0.1,0.2,8,8
658,1000.0,8,8,0,8,0,0,2.634748420407017,2.634748420407017,2.634748420407017,-0.27776656389365517,-0.0,0.022760831203156133,1.0,-0.27776656389365517,False,0,0,0,0,0,0.0,0.0,0.0,0.0,0.0,0,0.0,0,0,disabled,disabled,True,keyed,1,0,False,raw,0,0.0018,0.0018,default,0,True,keyed,0,0,False,raw,0,0.0018,0.0018,default,0,True,context_shuffle,False,raw,0.0018,0.0018,context_distractor,heldout_routing_repeat,set_minus,,,storm,set_plus,False,32,32,0,11,0,11,0.0,0.0,0.8167080000021087,6.398375000003398,7.344666999983929,heldout_context_routing,internal_context_shuffle_ablation,CRA_internal,MockSimulator,43,context_distractor,heldout_routing_repeat,75,storm,set_plus,False,False,-1,0.0018,0.0,0.0,0,False,-1,False,-1,internal_context_shuffle_ablation,internal_ablation,context_shuffle,0.0018,False,storm,,False,32,32,11,0,11,0.0018,0.1,0.2,8,8
659,1000.0,8,8,0,8,0,0,2.6313628975362553,2.6313628975362553,2.6313628975362553,0.4101689365277189,0.0,0.02274956838228727,1.0,0.4101689365277189,False,0,0,0,0,0,0.0,0.0,0.0,0.0,0.0,0,0.0,0,0,disabled,disabled,True,keyed,1,0,False,raw,0,-0.0027500000000000003,-0.0027500000000000003,default,0,True,keyed,0,0,False,raw,0,-0.0027500000000000003,-0.0027500000000000003,default,0,True,context_shuffle,False,raw,-0.0027500000000000003,-0.0027500000000000003,skill_distractor,heldout_routing_repeat,set_minus,,,storm,set_plus,False,32,32,0,11,0,11,0.0,0.0,0.8123750000095242,6.477625000002263,7.417125000017677,heldout_context_routing,internal_context_shuffle_ablation,CRA_internal,MockSimulator,43,skill_distractor,heldout_routing_repeat,75,storm,set_plus,False,False,-1,-0.0027500000000000003,0.0,0.0,0,False,1,False,-1,internal_context_shuffle_ablation,internal_ablation,context_shuffle,-0.0027500000000000003,False,storm,,False,32,32,11,0,11,-0.0027500000000000003,0.1,0.2,8,8
660,1000.0,8,8,0,8,0,0,2.6279939673710646,2.6279939673710646,2.6279939673710646,-0.49209799681356137,-0.0,0.022729651741771897,1.0,-0.49209799681356137,False,0,0,0,0,0,0.0,0.0,0.0,0.0,0.0,0,0.0,0,0,disabled,disabled,True,keyed,1,0,False,raw,0,0.0034000000000000002,0.0034000000000000002,default,0,True,keyed,0,0,False,raw,0,0.0034000000000000002,0.0034000000000000002,default,0,True,context_shuffle,False,raw,0.0034000000000000002,0.0034000000000000002,context_distractor,heldout_routing_repeat,set_minus,,,storm,set_plus,False,32,32,0,11,0,11,0.0,0.0,0.8119579999856796,6.357332999982646,7.30045800003154,heldout_context_routing,internal_context_shuffle_ablation,CRA_internal,MockSimulator,43,context_distractor,heldout_routing_repeat,75,storm,set_plus,False,False,-1,0.0034000000000000002,0.0,0.0,0,False,-1,False,-1,internal_context_shuffle_ablation,internal_ablation,context_shuffle,0.0034000000000000002,False,storm,,False,32,32,11,0,11,0.0034000000000000002,0.1,0.2,8,8
661,1000.0,8,8,0,8,0,0,2.6246415471637596,2.6246415471637596,2.6246415471637596,-0.15716438862233417,-0.0,0.022701431939524223,1.0,-0.15716438862233417,False,0,0,0,0,0,0.0,0.0,0.0,0.0,0.0,0,0.0,0,0,disabled,disabled,True,keyed,1,0,False,raw,0,0.001,0.001,default,0,True,keyed,0,0,False,raw,0,0.001,0.001,default,0,True,context_shuffle,False,raw,0.001,0.001,skill_distractor,heldout_routing_repeat,set_minus,,,storm,set_plus,False,32,32,0,11,0,11,0.0,0.0,0.8016250000082437,6.507209000005787,7.4354589999643395,heldout_context_routing,internal_context_shuffle_ablation,CRA_internal,MockSimulator,43,skill_distractor,heldout_routing_repeat,75,storm,set_plus,False,False,-1,0.001,0.0,0.0,0,False,-1,False,-1,internal_context_shuffle_ablation,internal_ablation,context_shuffle,0.001,False,storm,,False,32,32,11,0,11,0.001,0.1,0.2,8,8
662,1000.0,8,8,0,8,0,0,2.621305554579362,2.621305554579362,2.621305554579362,-0.49209799681356137,-0.0,0.02266524906866975,1.0,-0.49209799681356137,False,0,0,0,0,0,0.0,0.0,0.0,0.0,0.0,0,0.0,0,0,disabled,disabled,True,keyed,1,0,False,raw,0,0.0034000000000000002,0.0034000000000000002,default,0,True,keyed,0,0,False,raw,0,0.0034000000000000002,0.0034000000000000002,default,0,True,context_shuffle,False,raw,0.0034000000000000002,0.0034000000000000002,context_distractor,heldout_routing_repeat,set_minus,,,storm,set_plus,False,32,32,0,11,0,11,0.0,0.0,0.8165830000166352,6.393583999965813,7.340125000041553,heldout_context_routing,internal_context_shuffle_ablation,CRA_internal,MockSimulator,43,context_distractor,heldout_routing_repeat,75,storm,set_plus,False,False,-1,0.0034000000000000002,0.0,0.0,0,False,-1,False,-1,internal_context_shuffle_ablation,internal_ablation,context_shuffle,0.0034000000000000002,False,storm,,False,32,32,11,0,11,0.0034000000000000002,0.1,0.2,8,8
663,1000.0,8,8,0,8,0,0,2.61798590769354,2.61798590769354,2.61798590769354,-0.1571643886223342,-0.0,0.022621432939873645,1.0,-0.1571643886223342,False,0,0,0,0,0,0.0,0.0,0.0,0.0,0.0,0,0.0,0,0,disabled,disabled,True,keyed,1,0,False,raw,0,0.001,0.001,default,0,True,keyed,0,0,False,raw,0,0.001,0.001,default,0,True,context_shuffle,False,raw,0.001,0.001,skill_distractor,heldout_routing_repeat,set_minus,,,storm,set_plus,False,32,32,0,11,0,11,0.0,0.0,0.8062910000035117,6.396250000022974,7.328167000025587,heldout_context_routing,internal_context_shuffle_ablation,CRA_internal,MockSimulator,43,skill_distractor,heldout_routing_repeat,75,storm,set_plus,False,False,-1,0.001,0.0,0.0,0,False,-1,False,-1,internal_context_shuffle_ablation,internal_ablation,context_shuffle,0.001,False,storm,,False,32,32,11,0,11,0.001,0.1,0.2,8,8
664,1000.0,8,8,0,8,0,0,2.6146825249905605,2.6146825249905605,2.6146825249905605,-0.27776656389365517,-0.0,0.022570303356601918,1.0,-0.27776656389365517,False,0,0,0,0,0,0.0,0.0,0.0,0.0,0.0,0,0.0,0,0,disabled,disabled,True,keyed,1,0,False,raw,0,0.0018,0.0018,default,0,True,keyed,0,0,False,raw,0,0.0018,0.0018,default,0,True,context_shuffle,False,raw,0.0018,0.0018,context_distractor,heldout_routing_repeat,set_minus,,,storm,set_plus,False,32,32,0,11,0,11,0.0,0.0,0.9187080000288006,6.40583400002015,7.4528330000021015,heldout_context_routing,internal_context_shuffle_ablation,CRA_internal,MockSimulator,43,context_distractor,heldout_routing_repeat,75,storm,set_plus,False,False,-1,0.0018,0.0,0.0,0,False,-1,False,-1,internal_context_shuffle_ablation,internal_ablation,context_shuffle,0.0018,False,storm,,False,32,32,11,0,11,0.0018,0.1,0.2,8,8
665,1000.0,8,8,0,8,0,0,2.611395325361252,2.611395325361252,2.611395325361252,0.4101689365277189,0.0,0.02251217038348511,1.0,0.4101689365277189,False,0,0,0,0,0,0.0,0.0,0.0,0.0,0.0,0,0.0,0,0,disabled,disabled,True,keyed,1,0,False,raw,0,-0.0027500000000000003,-0.0027500000000000003,default,0,True,keyed,0,0,False,raw,0,-0.0027500000000000003,-0.0027500000000000003,default,0,True,context_shuffle,False,raw,-0.0027500000000000003,-0.0027500000000000003,skill_distractor,heldout_routing_repeat,set_minus,,,storm,set_plus,False,32,32,0,11,0,11,0.0,0.0,0.8556669999961741,6.376875000000837,7.361124999988533,heldout_context_routing,internal_context_shuffle_ablation,CRA_internal,MockSimulator,43,skill_distractor,heldout_routing_repeat,75,storm,set_plus,False,False,-1,-0.0027500000000000003,0.0,0.0,0,False,1,False,-1,internal_context_shuffle_ablation,internal_ablation,context_shuffle,-0.0027500000000000003,False,storm,,False,32,32,11,0,11,-0.0027500000000000003,0.1,0.2,8,8
666,1000.0,8,8,0,8,0,0,2.608124228100977,2.608124228100977,2.608124228100977,0.9193450139238247,0.0,0.022447334607950332,1.0,0.9193450139238247,False,0,0,0,0,0,0.0,0.0,0.0,0.0,0.0,0,0.0,0,0,disabled,disabled,True,keyed,1,0,False,raw,0,-0.01,-0.01,default,0,True,keyed,0,0,False,raw,0,-0.01,-0.01,default,0,True,context_shuffle,False,raw,-0.01,-0.01,input,heldout_routing_repeat,set_minus,,,storm,set_plus,False,32,32,0,11,0,11,0.0,0.0,0.8006670000213489,6.548000000009324,7.475125000041771,heldout_context_routing,internal_context_shuffle_ablation,CRA_internal,MockSimulator,43,input,heldout_routing_repeat,75,storm,set_plus,False,False,-1,-0.01,0.0,0.0,0,False,1,False,-1,internal_context_shuffle_ablation,internal_ablation,context_shuffle,-0.01,False,storm,,False,32,32,11,0,11,-0.01,0.1,0.2,8,8
667,1000.0,8,8,0,8,0,0,2.6048691529076122,2.6048691529076122,2.6048691529076122,-0.6420149920119997,-0.9999946965622277,0.022376087395283552,1.0,-0.6420149920119997,False,0,0,0,0,0,0.0,0.0,0.0,0.0,0.0,0,0.0,0,0,disabled,disabled,True,keyed,1,0,True,internal_keyed_context,-1,-0.01,-0.01,default,0,True,keyed,0,0,False,raw,0,-0.01,-0.01,default,0,True,context_shuffle,True,internal_context_shuffle_router,-0.01,-0.01,decision,heldout_routing_repeat,set_minus,,set_minus,storm,set_plus,False,32,32,0,12,0,12,0.0,0.0,0.8318330000065544,6.518541999980698,7.485250000001997,heldout_context_routing,internal_context_shuffle_ablation,CRA_internal,MockSimulator,43,decision,heldout_routing_repeat,75,storm,set_plus,True,False,-1,-0.01,0.01,0.01,1,True,-1,False,667,internal_context_shuffle_ablation,internal_ablation,context_shuffle,-0.01,True,storm,set_minus,False,32,32,12,0,12,-0.01,0.1,0.2,8,8
668,1000.0,8,8,0,8,0,0,2.601630019879544,2.601630019879544,2.601630019879544,-0.5145406680924153,-0.0,0.022298711137280262,1.0,-0.5145406680924153,False,0,0,0,0,0,0.0,0.0,0.0,0.0,0.0,0,0.0,0,0,disabled,disabled,True,keyed,1,0,False,raw,0,0.0034000000000000002,0.0034000000000000002,default,0,True,keyed,0,0,False,raw,0,0.0034000000000000002,0.0034000000000000002,default,0,True,context_shuffle,False,raw,0.0034000000000000002,0.0034000000000000002,route_context,heldout_routing_repeat,set_minus,,,lagoon,invert,False,32,32,0,12,0,12,0.0,0.0,0.8099169999695732,6.7233330000249225,7.660250000014912,heldout_context_routing,internal_context_shuffle_ablation,CRA_internal,MockSimulator,43,route_context,heldout_routing_repeat,76,lagoon,invert,False,False,1,0.0034000000000000002,0.0,0.0,0,False,-1,False,-1,internal_context_shuffle_ablation,internal_ablation,context_shuffle,0.0034000000000000002,False,lagoon,,False,32,32,12,0,12,0.0034000000000000002,0.1,0.2,8,8
669,1000.0,8,8,0,8,0,0,2.5984067495136687,2.5984067495136687,2.5984067495136687,-0.802041162859727,-0.0,0.022215479494638993,1.0,-0.802041162859727,False,0,0,0,0,0,0.0,0.0,0.0,0.0,0.0,0,0.0,0,0,disabled,disabled,True,keyed,1,0,False,raw,0,0.006600000000000001,0.006600000000000001,default,0,True,keyed,0,0,False,raw,0,0.006600000000000001,0.006600000000000001,default,0,True,context_shuffle,False,raw,0.006600000000000001,0.006600000000000001,context_distractor,heldout_routing_repeat,set_minus,,,lagoon,invert,False,32,32,0,12,0,12,0.0,0.0,0.8264170000416016,6.454332999965118,7.415457999968567,heldout_context_routing,internal_context_shuffle_ablation,CRA_internal,MockSimulator,43,context_distractor,heldout_routing_repeat,76,lagoon,invert,False,False,1,0.006600000000000001,0.0,0.0,0,False,-1,False,-1,internal_context_shuffle_ablation,internal_ablation,context_shuffle,0.006600000000000001,False,lagoon,,False,32,32,12,0,12,0.006600000000000001,0.1,0.2,8,8
670,1000.0,8,8,0,8,0,0,2.5951992627034057,2.5951992627034057,2.5951992627034057,0.16577528306839134,0.0,0.022126657633248458,1.0,0.16577528306839134,False,0,0,0,0,0,0.0,0.0,0.0,0.0,0.0,0,0.0,0,0,disabled,disabled,True,keyed,1,0,False,raw,0,-0.001,-0.001,default,0,True,keyed,0,0,False,raw,0,-0.001,-0.001,default,0,True,context_shuffle,False,raw,-0.001,-0.001,skill_distractor,heldout_routing_repeat,set_minus,,,lagoon,invert,False,32,32,0,12,0,12,0.0,0.0,0.8122080000134702,6.591416999981448,7.529958999953124,heldout_context_routing,internal_context_shuffle_ablation,CRA_internal,MockSimulator,43,skill_distractor,heldout_routing_repeat,76,lagoon,invert,False,False,1,-0.001,0.0,0.0,0,False,1,False,-1,internal_context_shuffle_ablation,internal_ablation,context_shuffle,-0.001,False,lagoon,,False,32,32,12,0,12,-0.001,0.1,0.2,8,8
671,1000.0,8,8,0,8,0,0,2.592007480736721,2.592007480736721,2.592007480736721,-0.802041162859727,-0.0,0.02203250245451569,1.0,-0.802041162859727,False,0,0,0,0,0,0.0,0.0,0.0,0.0,0.0,0,0.0,0,0,disabled,disabled,True,keyed,1,0,False,raw,0,0.006600000000000001,0.006600000000000001,default,0,True,keyed,0,0,False,raw,0,0.006600000000000001,0.006600000000000001,default,0,True,context_shuffle,False,raw,0.006600000000000001,0.006600000000000001,context_distractor,heldout_routing_repeat,set_minus,,,lagoon,invert,False,32,32,0,12,0,12,0.0,0.0,0.807457999997041,6.472833000032097,7.410165999999663,heldout_context_routing,internal_context_shuffle_ablation,CRA_internal,MockSimulator,43,context_distractor,heldout_routing_repeat,76,lagoon,invert,False,False,1,0.006600000000000001,0.0,0.0,0,False,-1,False,-1,internal_context_shuffle_ablation,internal_ablation,context_shuffle,0.006600000000000001,False,lagoon,,False,32,32,12,0,12,0.006600000000000001,0.1,0.2,8,8
672,1000.0,8,8,0,8,0,0,2.588831325294157,2.588831325294157,2.588831325294157,0.16577528306839134,0.0,0.021933262819878934,1.0,0.16577528306839134,False,0,0,0,0,0,0.0,0.0,0.0,0.0,0.0,0,0.0,0,0,disabled,disabled,True,keyed,1,0,False,raw,0,-0.001,-0.001,default,0,True,keyed,0,0,False,raw,0,-0.001,-0.001,default,0,True,context_shuffle,False,raw,-0.001,-0.001,skill_distractor,heldout_routing_repeat,set_minus,,,lagoon,invert,False,32,32,0,12,0,12,0.0,0.0,0.8105410000212032,6.647583999949802,7.584334000000581,heldout_context_routing,internal_context_shuffle_ablation,CRA_internal,MockSimulator,43,skill_distractor,heldout_routing_repeat,76,lagoon,invert,False,False,1,-0.001,0.0,0.0,0,False,1,False,-1,internal_context_shuffle_ablation,internal_ablation,context_shuffle,-0.001,False,lagoon,,False,32,32,12,0,12,-0.001,0.1,0.2,8,8
673,1000.0,8,8,0,8,0,0,2.5856707184468752,2.5856707184468752,2.5856707184468752,-0.2923874673816783,-0.0,0.021829179769645844,1.0,-0.2923874673816783,False,0,0,0,0,0,0.0,0.0,0.0,0.0,0.0,0,0.0,0,0,disabled,disabled,True,keyed,1,0,False,raw,0,0.0018,0.0018,default,0,True,keyed,0,0,False,raw,0,0.0018,0.0018,default,0,True,context_shuffle,False,raw,0.0018,0.0018,context_distractor,heldout_routing_repeat,set_minus,,,lagoon,invert,False,32,32,0,12,0,12,0.0,0.0,0.8159579999755806,6.527209000012135,7.475790999990295,heldout_context_routing,internal_context_shuffle_ablation,CRA_internal,MockSimulator,43,context_distractor,heldout_routing_repeat,76,lagoon,invert,False,False,1,0.0018,0.0,0.0,0,False,-1,False,-1,internal_context_shuffle_ablation,internal_ablation,context_shuffle,0.0018,False,lagoon,,False,32,32,12,0,12,0.0018,0.1,0.2,8,8
674,1000.0,8,8,0,8,0,0,2.582525582654711,2.582525582654711,2.582525582654711,0.4301888288354085,0.0,0.021720486736294127,1.0,0.4301888288354085,False,0,0,0,0,0,0.0,0.0,0.0,0.0,0.0,0,0.0,0,0,disabled,disabled,True,keyed,1,0,False,raw,0,-0.0027500000000000003,-0.0027500000000000003,default,0,True,keyed,0,0,False,raw,0,-0.0027500000000000003,-0.0027500000000000003,default,0,True,context_shuffle,False,raw,-0.0027500000000000003,-0.0027500000000000003,skill_distractor,heldout_routing_repeat,set_minus,,,lagoon,invert,False,32,32,0,12,0,12,0.0,0.0,0.8055000000126711,6.684957999993912,7.615541999996367,heldout_context_routing,internal_context_shuffle_ablation,CRA_internal,MockSimulator,43,skill_distractor,heldout_routing_repeat,76,lagoon,invert,False,False,1,-0.0027500000000000003,0.0,0.0,0,False,1,False,-1,internal_context_shuffle_ablation,internal_ablation,context_shuffle,-0.0027500000000000003,False,lagoon,,False,32,32,12,0,12,-0.0027500000000000003,0.1,0.2,8,8
675,1000.0,8,8,0,8,0,0,2.5793958407642306,2.5793958407642306,2.5793958407642306,-0.802041162859727,-0.0,0.021607409752368616,1.0,-0.802041162859727,False,0,0,0,0,0,0.0,0.0,0.0,0.0,0.0,0,0.0,0,0,disabled,disabled,True,keyed,1,0,False,raw,0,0.006600000000000001,0.006600000000000001,default,0,True,keyed,0,0,False,raw,0,0.006600000000000001,0.006600000000000001,default,0,True,context_shuffle,False,raw,0.006600000000000001,0.006600000000000001,context_distractor,heldout_routing_repeat,set_minus,,,lagoon,invert,False,32,32,0,12,0,12,0.0,0.0,0.8615410000061274,6.5766249999796855,7.594750000009753,heldout_context_routing,internal_context_shuffle_ablation,CRA_internal,MockSimulator,43,context_distractor,heldout_routing_repeat,76,lagoon,invert,False,False,1,0.006600000000000001,0.0,0.0,0,False,-1,False,-1,internal_context_shuffle_ablation,internal_ablation,context_shuffle,0.006600000000000001,False,lagoon,,False,32,32,12,0,12,0.006600000000000001,0.1,0.2,8,8
676,1000.0,8,8,0,8,0,0,2.576281416006805,2.576281416006805,2.576281416006805,-0.4301888288354085,-0.0,0.02149016765310561,1.0,-0.4301888288354085,False,0,0,0,0,0,0.0,0.0,0.0,0.0,0.0,0,0.0,0,0,disabled,disabled,True,keyed,1,0,False,raw,0,0.0027500000000000003,0.0027500000000000003,default,0,True,keyed,0,0,False,raw,0,0.0027500000000000003,0.0027500000000000003,default,0,True,context_shuffle,False,raw,0.0027500000000000003,0.0027500000000000003,skill_distractor,heldout_routing_repeat,set_minus,,,lagoon,invert,False,32,32,0,12,0,12,0.0,0.0,0.8024169999885089,6.48166600001332,7.411166999986563,heldout_context_routing,internal_context_shuffle_ablation,CRA_internal,MockSimulator,43,skill_distractor,heldout_routing_repeat,76,lagoon,invert,False,False,1,0.0027500000000000003,0.0,0.0,0,False,-1,False,-1,internal_context_shuffle_ablation,internal_ablation,context_shuffle,0.0027500000000000003,False,lagoon,,False,32,32,12,0,12,0.0027500000000000003,0.1,0.2,8,8
677,1000.0,8,8,0,8,0,0,2.5731822319966895,2.5731822319966895,2.5731822319966895,-0.2923874673816783,-0.0,0.021368972273912174,1.0,-0.2923874673816783,False,0,0,0,0,0,0.0,0.0,0.0,0.0,0.0,0,0.0,0,0,disabled,disabled,True,keyed,1,0,False,raw,0,0.0018,0.0018,default,0,True,keyed,0,0,False,raw,0,0.0018,0.0018,default,0,True,context_shuffle,False,raw,0.0018,0.0018,context_distractor,heldout_routing_repeat,set_minus,,,lagoon,invert,False,32,32,0,12,0,12,0.0,0.0,0.9105829999498383,6.715167000038491,7.751292000023113,heldout_context_routing,internal_context_shuffle_ablation,CRA_internal,MockSimulator,43,context_distractor,heldout_routing_repeat,76,lagoon,invert,False,False,1,0.0018,0.0,0.0,0,False,-1,False,-1,internal_context_shuffle_ablation,internal_ablation,context_shuffle,0.0018,False,lagoon,,False,32,32,12,0,12,0.0018,0.1,0.2,8,8
678,1000.0,8,8,0,8,0,0,2.5700982127291154,2.5700982127291154,2.5700982127291154,-0.16577528306839134,-0.0,0.021244028642825236,1.0,-0.16577528306839134,False,0,0,0,0,0,0.0,0.0,0.0,0.0,0.0,0,0.0,0,0,disabled,disabled,True,keyed,1,0,False,raw,0,0.001,0.001,default,0,True,keyed,0,0,False,raw,0,0.001,0.001,default,0,True,context_shuffle,False,raw,0.001,0.001,skill_distractor,heldout_routing_repeat,set_minus,,,lagoon,invert,False,32,32,0,12,0,12,0.0,0.0,0.8103339999934178,6.5725830000360475,7.513209000023835,heldout_context_routing,internal_context_shuffle_ablation,CRA_internal,MockSimulator,43,skill_distractor,heldout_routing_repeat,76,lagoon,invert,False,False,1,0.001,0.0,0.0,0,False,-1,False,-1,internal_context_shuffle_ablation,internal_ablation,context_shuffle,0.001,False,lagoon,,False,32,32,12,0,12,0.001,0.1,0.2,8,8
679,1000.0,8,8,0,8,0,0,2.567029282578389,2.567029282578389,2.567029282578389,-0.9319727223190492,-0.0,0.02111553516807221,1.0,-0.9319727223190492,False,0,0,0,0,0,0.0,0.0,0.0,0.0,0.0,0,0.0,0,0,disabled,disabled,True,keyed,1,0,False,raw,0,0.01,0.01,default,0,True,keyed,0,0,False,raw,0,0.01,0.01,default,0,True,context_shuffle,False,raw,0.01,0.01,input,heldout_routing_repeat,set_minus,,,lagoon,invert,False,32,32,0,12,0,12,0.0,0.0,0.7993329999749221,6.829125000024305,7.754125000019485,heldout_context_routing,internal_context_shuffle_ablation,CRA_internal,MockSimulator,43,input,heldout_routing_repeat,76,lagoon,invert,False,False,1,0.01,0.0,0.0,0,False,-1,False,-1,internal_context_shuffle_ablation,internal_ablation,context_shuffle,0.01,False,lagoon,,False,32,32,12,0,12,0.01,0.1,0.2,8,8
680,1000.0,8,8,0,8,0,0,2.5639753662960003,2.5639753662960003,2.5639753662960003,0.6420149920119997,-0.9999946965622277,0.020983683820852177,1.0,0.6420149920119997,False,0,0,0,0,0,0.0,0.0,0.0,0.0,0.0,0,0.0,0,0,disabled,disabled,True,keyed,1,0,True,internal_keyed_context,1,0.01,0.01,default,0,True,keyed,0,0,False,raw,0,0.01,0.01,default,0,True,context_shuffle,True,internal_context_shuffle_router,0.01,0.01,decision,heldout_routing_repeat,set_minus,,identity,lagoon,invert,False,32,32,0,13,0,13,0.0,0.0,0.8139999999912106,6.57362499998726,7.521208000014212,heldout_context_routing,internal_context_shuffle_ablation,CRA_internal,MockSimulator,43,decision,heldout_routing_repeat,76,lagoon,invert,True,False,1,0.01,-0.01,-0.01,-1,True,1,False,680,internal_context_shuffle_ablation,internal_ablation,context_shuffle,0.01,True,lagoon,identity,False,32,32,13,0,13,0.01,0.1,0.2,8,8
681,1000.0,8,8,0,8,0,0,2.5609363890087438,2.5609363890087438,2.5609363890087438,-0.5362784328022121,-0.0,0.020848660313453716,1.0,-0.5362784328022121,False,0,0,0,0,0,0.0,0.0,0.0,0.0,0.0,0,0.0,0,0,disabled,disabled,True,keyed,1,0,False,raw,0,0.0034000000000000002,0.0034000000000000002,default,0,True,keyed,0,0,False,raw,0,0.0034000000000000002,0.0034000000000000002,default,0,True,context_shuffle,False,raw,0.0034000000000000002,0.0034000000000000002,route_context,heldout_routing_repeat,set_minus,,,lagoon,invert,False,32,32,0,13,0,13,0.0,0.0,0.8090000000038344,6.6766249999545835,7.611959000030311,heldout_context_routing,internal_context_shuffle_ablation,CRA_internal,MockSimulator,43,route_context,heldout_routing_repeat,77,lagoon,invert,False,False,-1,0.0034000000000000002,0.0,0.0,0,False,-1,False,-1,internal_context_shuffle_ablation,internal_ablation,context_shuffle,0.0034000000000000002,False,lagoon,,False,32,32,13,0,13,0.0034000000000000002,0.1,0.2,8,8
682,1000.0,8,8,0,8,0,0,2.5579122762168445,2.5579122762168445,2.5579122762168445,-0.8218865202093044,-0.0,0.02071064427282285,1.0,-0.8218865202093044,False,0,0,0,0,0,0.0,0.0,0.0,0.0,0.0,0,0.0,0,0,disabled,disabled,True,keyed,1,0,False,raw,0,0.006600000000000001,0.006600000000000001,default,0,True,keyed,0,0,False,raw,0,0.006600000000000001,0.006600000000000001,default,0,True,context_shuffle,False,raw,0.006600000000000001,0.006600000000000001,context_distractor,heldout_routing_repeat,set_minus,,,lagoon,invert,False,32,32,0,13,0,13,0.0,0.0,0.8099579999907291,6.604084000002786,7.545624999977463,heldout_context_routing,internal_context_shuffle_ablation,CRA_internal,MockSimulator,43,context_distractor,heldout_routing_repeat,77,lagoon,invert,False,False,-1,0.006600000000000001,0.0,0.0,0,False,-1,False,-1,internal_context_shuffle_ablation,internal_ablation,context_shuffle,0.006600000000000001,False,lagoon,,False,32,32,13,0,13,0.006600000000000001,0.1,0.2,8,8
683,1000.0,8,8,0,8,0,0,2.5549029537920966,2.5549029537920966,2.5549029537920966,-0.4497749404326694,-0.0,0.020569809409691837,1.0,-0.4497749404326694,False,0,0,0,0,0,0.0,0.0,0.0,0.0,0.0,0,0.0,0,0,disabled,disabled,True,keyed,1,0,False,raw,0,0.0027500000000000003,0.0027500000000000003,default,0,True,keyed,0,0,False,raw,0,0.0027500000000000003,0.0027500000000000003,default,0,True,context_shuffle,False,raw,0.0027500000000000003,0.0027500000000000003,skill_distractor,heldout_routing_repeat,set_minus,,,lagoon,invert,False,32,32,0,13,0,13,0.0,0.0,0.8072080000260939,6.801166999991892,7.73445800001582,heldout_context_routing,internal_context_shuffle_ablation,CRA_internal,MockSimulator,43,skill_distractor,heldout_routing_repeat,77,lagoon,invert,False,False,-1,0.0027500000000000003,0.0,0.0,0,False,-1,False,-1,internal_context_shuffle_ablation,internal_ablation,context_shuffle,0.0027500000000000003,False,lagoon,,False,32,32,13,0,13,0.0027500000000000003,0.1,0.2,8,8
684,1000.0,8,8,0,8,0,0,2.55190834797601,2.55190834797601,2.55190834797601,-0.8218865202093044,-0.0,0.020426323683376938,1.0,-0.8218865202093044,False,0,0,0,0,0,0.0,0.0,0.0,0.0,0.0,0,0.0,0,0,disabled,disabled,True,keyed,1,0,False,raw,0,0.006600000000000001,0.006600000000000001,default,0,True,keyed,0,0,False,raw,0,0.006600000000000001,0.006600000000000001,default,0,True,context_shuffle,False,raw,0.006600000000000001,0.006600000000000001,context_distractor,heldout_routing_repeat,set_minus,,,lagoon,invert,False,32,32,0,13,0,13,0.0,0.0,0.8138339999845812,6.5621250000162945,7.506250000005821,heldout_context_routing,internal_context_shuffle_ablation,CRA_internal,MockSimulator,43,context_distractor,heldout_routing_repeat,77,lagoon,invert,False,False,-1,0.006600000000000001,0.0,0.0,0,False,-1,False,-1,internal_context_shuffle_ablation,internal_ablation,context_shuffle,0.006600000000000001,False,lagoon,,False,32,32,13,0,13,0.006600000000000001,0.1,0.2,8,8
685,1000.0,8,8,0,8,0,0,2.5489283853779656,2.5489283853779656,2.5489283853779656,-0.1743524004818794,-0.0,0.020280349462350758,1.0,-0.1743524004818794,False,0,0,0,0,0,0.0,0.0,0.0,0.0,0.0,0,0.0,0,0,disabled,disabled,True,keyed,1,0,False,raw,0,0.001,0.001,default,0,True,keyed,0,0,False,raw,0,0.001,0.001,default,0,True,context_shuffle,False,raw,0.001,0.001,skill_distractor,heldout_routing_repeat,set_minus,,,lagoon,invert,False,32,32,0,13,0,13,0.0,0.0,0.7984169999986079,6.757666999988032,7.6827500000149485,heldout_context_routing,internal_context_shuffle_ablation,CRA_internal,MockSimulator,43,skill_distractor,heldout_routing_repeat,77,lagoon,invert,False,False,-1,0.001,0.0,0.0,0,False,-1,False,-1,internal_context_shuffle_ablation,internal_ablation,context_shuffle,0.001,False,lagoon,,False,32,32,13,0,13,0.001,0.1,0.2,8,8
686,1000.0,8,8,0,8,0,0,2.545962992973382,2.545962992973382,2.545962992973382,-0.8218865202093045,-0.0,0.020132043680692272,1.0,-0.8218865202093045,False,0,0,0,0,0,0.0,0.0,0.0,0.0,0.0,0,0.0,0,0,disabled,disabled,True,keyed,1,0,False,raw,0,0.006600000000000001,0.006600000000000001,default,0,True,keyed,0,0,False,raw,0,0.006600000000000001,0.006600000000000001,default,0,True,context_shuffle,False,raw,0.006600000000000001,0.006600000000000001,context_distractor,heldout_routing_repeat,set_minus,,,lagoon,invert,False,32,32,0,13,0,13,0.0,0.0,0.8142080000084206,6.620249999969019,7.56674999996676,heldout_context_routing,internal_context_shuffle_ablation,CRA_internal,MockSimulator,43,context_distractor,heldout_routing_repeat,77,lagoon,invert,False,False,-1,0.006600000000000001,0.0,0.0,0,False,-1,False,-1,internal_context_shuffle_ablation,internal_ablation,context_shuffle,0.006600000000000001,False,lagoon,,False,32,32,13,0,13,0.006600000000000001,0.1,0.2,8,8
687,1000.0,8,8,0,8,0,0,2.5430120981018898,2.5430120981018898,2.5430120981018898,0.1743524004818794,0.0,0.019981557990515184,1.0,0.1743524004818794,False,0,0,0,0,0,0.0,0.0,0.0,0.0,0.0,0,0.0,0,0,disabled,disabled,True,keyed,1,0,False,raw,0,-0.001,-0.001,default,0,True,keyed,0,0,False,raw,0,-0.001,-0.001,default,0,True,context_shuffle,False,raw,-0.001,-0.001,skill_distractor,heldout_routing_repeat,set_minus,,,lagoon,invert,False,32,32,0,13,0,13,0.0,0.0,0.8004160000041338,6.73695900002258,7.663333000039074,heldout_context_routing,internal_context_shuffle_ablation,CRA_internal,MockSimulator,43,skill_distractor,heldout_routing_repeat,77,lagoon,invert,False,False,-1,-0.001,0.0,0.0,0,False,1,False,-1,internal_context_shuffle_ablation,internal_ablation,context_shuffle,-0.001,False,lagoon,,False,32,32,13,0,13,-0.001,0.1,0.2,8,8
688,1000.0,8,8,0,8,0,0,2.5400756284655133,2.5400756284655133,2.5400756284655133,-0.7067999528758,-0.0,0.019829038910472906,1.0,-0.7067999528758,False,0,0,0,0,0,0.0,0.0,0.0,0.0,0.0,0,0.0,0,0,disabled,disabled,True,keyed,1,0,False,raw,0,0.005,0.005,default,0,True,keyed,0,0,False,raw,0,0.005,0.005,default,0,True,context_shuffle,False,raw,0.005,0.005,context_distractor,heldout_routing_repeat,set_minus,,,lagoon,invert,False,32,32,0,13,0,13,0.0,0.0,0.8081670000024133,6.68012500000259,7.617750000008527,heldout_context_routing,internal_context_shuffle_ablation,CRA_internal,MockSimulator,43,context_distractor,heldout_routing_repeat,77,lagoon,invert,False,False,-1,0.005,0.0,0.0,0,False,-1,False,-1,internal_context_shuffle_ablation,internal_ablation,context_shuffle,0.005,False,lagoon,,False,32,32,13,0,13,0.005,0.1,0.2,8,8
689,1000.0,8,8,0,8,0,0,2.537153512126865,2.537153512126865,2.537153512126865,-0.1743524004818794,-0.0,0.01967462797043611,1.0,-0.1743524004818794,False,0,0,0,0,0,0.0,0.0,0.0,0.0,0.0,0,0.0,0,0,disabled,disabled,True,keyed,1,0,False,raw,0,0.001,0.001,default,0,True,keyed,0,0,False,raw,0,0.001,0.001,default,0,True,context_shuffle,False,raw,0.001,0.001,skill_distractor,heldout_routing_repeat,set_minus,,,lagoon,invert,False,32,32,0,13,0,13,0.0,0.0,0.801125000009506,6.731290999994144,7.658665999997538,heldout_context_routing,internal_context_shuffle_ablation,CRA_internal,MockSimulator,43,skill_distractor,heldout_routing_repeat,77,lagoon,invert,False,False,-1,0.001,0.0,0.0,0,False,-1,False,-1,internal_context_shuffle_ablation,internal_ablation,context_shuffle,0.001,False,lagoon,,False,32,32,13,0,13,0.001,0.1,0.2,8,8
690,1000.0,8,8,0,8,0,0,2.5342456775073456,2.5342456775073456,2.5342456775073456,-0.30685852715453366,-0.0,0.019518461852436598,1.0,-0.30685852715453366,False,0,0,0,0,0,0.0,0.0,0.0,0.0,0.0,0,0.0,0,0,disabled,disabled,True,keyed,1,0,False,raw,0,0.0018,0.0018,default,0,True,keyed,0,0,False,raw,0,0.0018,0.0018,default,0,True,context_shuffle,False,raw,0.0018,0.0018,context_distractor,heldout_routing_repeat,set_minus,,,lagoon,invert,False,32,32,0,13,0,13,0.0,0.0,0.8102090000079443,6.687915999975758,7.635957999980292,heldout_context_routing,internal_context_shuffle_ablation,CRA_internal,MockSimulator,43,context_distractor,heldout_routing_repeat,77,lagoon,invert,False,False,-1,0.0018,0.0,0.0,0,False,-1,False,-1,internal_context_shuffle_ablation,internal_ablation,context_shuffle,0.0018,False,lagoon,,False,32,32,13,0,13,0.0018,0.1,0.2,8,8
691,1000.0,8,8,0,8,0,0,2.531352053385356,2.531352053385356,2.531352053385356,-0.4497749404326694,-0.0,0.019360672527968893,1.0,-0.4497749404326694,False,0,0,0,0,0,0.0,0.0,0.0,0.0,0.0,0,0.0,0,0,disabled,disabled,True,keyed,1,0,False,raw,0,0.0027500000000000003,0.0027500000000000003,default,0,True,keyed,0,0,False,raw,0,0.0027500000000000003,0.0027500000000000003,default,0,True,context_shuffle,False,raw,0.0027500000000000003,0.0027500000000000003,skill_distractor,heldout_routing_repeat,set_minus,,,lagoon,invert,False,32,32,0,13,0,13,0.0,0.0,0.8012080000412425,6.574416999967525,7.501750000017182,heldout_context_routing,internal_context_shuffle_ablation,CRA_internal,MockSimulator,43,skill_distractor,heldout_routing_repeat,77,lagoon,invert,False,False,-1,0.0027500000000000003,0.0,0.0,0,False,-1,False,-1,internal_context_shuffle_ablation,internal_ablation,context_shuffle,0.0027500000000000003,False,lagoon,,False,32,32,13,0,13,0.0027500000000000003,0.1,0.2,8,8
692,1000.0,8,8,0,8,0,0,2.5284725688945158,2.5284725688945158,2.5284725688945158,0.9426725748023732,0.0,0.01920138739173892,1.0,0.9426725748023732,False,0,0,0,0,0,0.0,0.0,0.0,0.0,0.0,0,0.0,0,0,disabled,disabled,True,keyed,1,0,False,raw,0,-0.01,-0.01,default,0,True,keyed,0,0,False,raw,0,-0.01,-0.01,default,0,True,context_shuffle,False,raw,-0.01,-0.01,input,heldout_routing_repeat,set_minus,,,lagoon,invert,False,32,32,0,13,0,13,0.0,0.0,0.8430000000316795,6.7585829999643465,7.7268750000030195,heldout_context_routing,internal_context_shuffle_ablation,CRA_internal,MockSimulator,43,input,heldout_routing_repeat,77,lagoon,invert,False,False,-1,-0.01,0.0,0.0,0,False,1,False,-1,internal_context_shuffle_ablation,internal_ablation,context_shuffle,-0.01,False,lagoon,,False,32,32,13,0,13,-0.01,0.1,0.2,8,8
693,1000.0,8,8,0,8,0,0,2.525607153521891,2.525607153521891,2.525607153521891,-0.6420149920119997,-0.9999946965622277,0.01904072939194696,1.0,-0.6420149920119997,False,0,0,0,0,0,0.0,0.0,0.0,0.0,0.0,0,0.0,0,0,disabled,disabled,True,keyed,1,0,True,internal_keyed_context,-1,-0.01,-0.01,default,0,True,keyed,0,0,False,raw,0,-0.01,-0.01,default,0,True,context_shuffle,True,internal_context_shuffle_router,-0.01,-0.01,decision,heldout_routing_repeat,set_minus,,identity,lagoon,invert,False,32,32,0,14,0,14,0.0,0.0,0.8055829999875641,6.843666999998277,7.778167000026315,heldout_context_routing,internal_context_shuffle_ablation,CRA_internal,MockSimulator,43,decision,heldout_routing_repeat,77,lagoon,invert,True,False,-1,-0.01,0.01,0.01,1,True,-1,False,693,internal_context_shuffle_ablation,internal_ablation,context_shuffle,-0.01,True,lagoon,identity,False,32,32,14,0,14,-0.01,0.1,0.2,8,8
694,1000.0,8,8,0,8,0,0,2.522755737106234,2.522755737106234,2.522755737106234,-0.8399019442047029,-0.0,0.018878817157189982,1.0,-0.8399019442047029,False,0,0,0,0,0,0.0,0.0,0.0,0.0,0.0,0,0.0,0,0,disabled,disabled,True,keyed,1,0,False,raw,0,0.006600000000000001,0.006600000000000001,default,0,True,keyed,0,0,False,raw,0,0.006600000000000001,0.006600000000000001,default,0,True,context_shuffle,False,raw,0.006600000000000001,0.006600000000000001,route_context,heldout_routing_repeat,set_minus,,,deep,set_minus,False,32,32,0,14,0,14,0.0,0.0,0.9087500000077853,6.693333999976403,7.732958000019607,heldout_context_routing,internal_context_shuffle_ablation,CRA_internal,MockSimulator,43,route_context,heldout_routing_repeat,78,deep,set_minus,False,False,1,0.006600000000000001,0.0,0.0,0,False,-1,False,-1,internal_context_shuffle_ablation,internal_ablation,context_shuffle,0.006600000000000001,False,deep,,False,32,32,14,0,14,0.006600000000000001,0.1,0.2,8,8
695,1000.0,8,8,0,8,0,0,2.519918249836226,2.519918249836226,2.519918249836226,-0.3211748266984116,-0.0,0.018715765120066508,1.0,-0.3211748266984116,False,0,0,0,0,0,0.0,0.0,0.0,0.0,0.0,0,0.0,0,0,disabled,disabled,True,keyed,1,0,False,raw,0,0.0018,0.0018,default,0,True,keyed,0,0,False,raw,0,0.0018,0.0018,default,0,True,context_shuffle,False,raw,0.0018,0.0018,context_distractor,heldout_routing_repeat,set_minus,,,deep,set_minus,False,32,32,0,14,0,14,0.0,0.0,0.8025000000202454,6.642416999966372,7.584624999992684,heldout_context_routing,internal_context_shuffle_ablation,CRA_internal,MockSimulator,43,context_distractor,heldout_routing_repeat,78,deep,set_minus,False,False,1,0.0018,0.0,0.0,0,False,-1,False,-1,internal_context_shuffle_ablation,internal_ablation,context_shuffle,0.0018,False,deep,,False,32,32,14,0,14,0.0018,0.1,0.2,8,8
696,1000.0,8,8,0,8,0,0,2.517094622248734,2.517094622248734,2.517094622248734,-0.4689188573460425,-0.0,0.018551683637565094,1.0,-0.4689188573460425,False,0,0,0,0,0,0.0,0.0,0.0,0.0,0.0,0,0.0,0,0,disabled,disabled,True,keyed,1,0,False,raw,0,0.0027500000000000003,0.0027500000000000003,default,0,True,keyed,0,0,False,raw,0,0.0027500000000000003,0.0027500000000000003,default,0,True,context_shuffle,False,raw,0.0027500000000000003,0.0027500000000000003,skill_distractor,heldout_routing_repeat,set_minus,,,deep,set_minus,False,32,32,0,14,0,14,0.0,0.0,0.8201669999721162,6.826291000038509,7.772083000020302,heldout_context_routing,internal_context_shuffle_ablation,CRA_internal,MockSimulator,43,skill_distractor,heldout_routing_repeat,78,deep,set_minus,False,False,1,0.0027500000000000003,0.0,0.0,0,False,-1,False,-1,internal_context_shuffle_ablation,internal_ablation,context_shuffle,0.0027500000000000003,False,deep,,False,32,32,14,0,14,0.0027500000000000003,0.1,0.2,8,8
697,1000.0,8,8,0,8,0,0,2.5142847852270735,2.5142847852270735,2.5142847852270735,-0.728197466664679,-0.0,0.01838667910831571,1.0,-0.728197466664679,False,0,0,0,0,0,0.0,0.0,0.0,0.0,0.0,0,0.0,0,0,disabled,disabled,True,keyed,1,0,False,raw,0,0.005,0.005,default,0,True,keyed,0,0,False,raw,0,0.005,0.005,default,0,True,context_shuffle,False,raw,0.005,0.005,context_distractor,heldout_routing_repeat,set_minus,,,deep,set_minus,False,32,32,0,14,0,14,0.0,0.0,0.8070409999731964,6.755875000010292,7.692916999985755,heldout_context_routing,internal_context_shuffle_ablation,CRA_internal,MockSimulator,43,context_distractor,heldout_routing_repeat,78,deep,set_minus,False,False,1,0.005,0.0,0.0,0,False,-1,False,-1,internal_context_shuffle_ablation,internal_ablation,context_shuffle,0.005,False,deep,,False,32,32,14,0,14,0.005,0.1,0.2,8,8
698,1000.0,8,8,0,8,0,0,2.51148866999928,2.51148866999928,2.51148866999928,-0.1828946046736922,-0.0,0.018220854086781275,1.0,-0.1828946046736922,False,0,0,0,0,0,0.0,0.0,0.0,0.0,0.0,0,0.0,0,0,disabled,disabled,True,keyed,1,0,False,raw,0,0.001,0.001,default,0,True,keyed,0,0,False,raw,0,0.001,0.001,default,0,True,context_shuffle,False,raw,0.001,0.001,skill_distractor,heldout_routing_repeat,set_minus,,,deep,set_minus,False,32,32,0,14,0,14,0.0,0.0,0.7951249999678112,7.182999999997719,8.103833000006944,heldout_context_routing,internal_context_shuffle_ablation,CRA_internal,MockSimulator,43,skill_distractor,heldout_routing_repeat,78,deep,set_minus,False,False,1,0.001,0.0,0.0,0,False,-1,False,-1,internal_context_shuffle_ablation,internal_ablation,context_shuffle,0.001,False,deep,,False,32,32,14,0,14,0.001,0.1,0.2,8,8
699,1000.0,8,8,0,8,0,0,2.5087062081363913,2.5087062081363913,2.5087062081363913,-0.5573066242309821,-0.0,0.01805430739446489,1.0,-0.5573066242309821,False,0,0,0,0,0,0.0,0.0,0.0,0.0,0.0,0,0.0,0,0,disabled,disabled,True,keyed,1,0,False,raw,0,0.0034000000000000002,0.0034000000000000002,default,0,True,keyed,0,0,False,raw,0,0.0034000000000000002,0.0034000000000000002,default,0,True,context_shuffle,False,raw,0.0034000000000000002,0.0034000000000000002,context_distractor,heldout_routing_repeat,set_minus,,,deep,set_minus,False,32,32,0,14,0,14,0.0,0.0,0.8166249999703723,6.778542000006382,7.725999999991018,heldout_context_routing,internal_context_shuffle_ablation,CRA_internal,MockSimulator,43,context_distractor,heldout_routing_repeat,78,deep,set_minus,False,False,1,0.0034000000000000002,0.0,0.0,0,False,-1,False,-1,internal_context_shuffle_ablation,internal_ablation,context_shuffle,0.0034000000000000002,False,deep,,False,32,32,14,0,14,0.0034000000000000002,0.1,0.2,8,8
700,1000.0,8,8,0,8,0,0,2.505937331550735,2.505937331550735,2.505937331550735,0.1828946046736922,0.0,0.01788713422820645,1.0,0.1828946046736922,False,0,0,0,0,0,0.0,0.0,0.0,0.0,0.0,0,0.0,0,0,disabled,disabled,True,keyed,1,0,False,raw,0,-0.001,-0.001,default,0,True,keyed,0,0,False,raw,0,-0.001,-0.001,default,0,True,context_shuffle,False,raw,-0.001,-0.001,skill_distractor,heldout_routing_repeat,set_minus,,,deep,set_minus,False,32,32,0,14,0,14,0.0,0.0,0.8002089999763484,6.959541000014724,7.88958300000786,heldout_context_routing,internal_context_shuffle_ablation,CRA_internal,MockSimulator,43,skill_distractor,heldout_routing_repeat,78,deep,set_minus,False,False,1,-0.001,0.0,0.0,0,False,1,False,-1,internal_context_shuffle_ablation,internal_ablation,context_shuffle,-0.001,False,deep,,False,32,32,14,0,14,-0.001,0.1,0.2,8,8
701,1000.0,8,8,0,8,0,0,2.5031819724942284,2.5031819724942284,2.5031819724942284,-0.7281974666646789,-0.0,0.01771942626564056,1.0,-0.7281974666646789,False,0,0,0,0,0,0.0,0.0,0.0,0.0,0.0,0,0.0,0,0,disabled,disabled,True,keyed,1,0,False,raw,0,0.005,0.005,default,0,True,keyed,0,0,False,raw,0,0.005,0.005,default,0,True,context_shuffle,False,raw,0.005,0.005,context_distractor,heldout_routing_repeat,set_minus,,,deep,set_minus,False,32,32,0,14,0,14,0.0,0.0,0.8116249999829961,6.752917000028447,7.696167000005971,heldout_context_routing,internal_context_shuffle_ablation,CRA_internal,MockSimulator,43,context_distractor,heldout_routing_repeat,78,deep,set_minus,False,False,1,0.005,0.0,0.0,0,False,-1,False,-1,internal_context_shuffle_ablation,internal_ablation,context_shuffle,0.005,False,deep,,False,32,32,14,0,14,0.005,0.1,0.2,8,8
702,1000.0,8,8,0,8,0,0,2.500440063556681,2.500440063556681,2.500440063556681,-0.46891885734604244,-0.0,0.017551271767886026,1.0,-0.46891885734604244,False,0,0,0,0,0,0.0,0.0,0.0,0.0,0.0,0,0.0,0,0,disabled,disabled,True,keyed,1,0,False,raw,0,0.0027500000000000003,0.0027500000000000003,default,0,True,keyed,0,0,False,raw,0,0.0027500000000000003,0.0027500000000000003,default,0,True,context_shuffle,False,raw,0.0027500000000000003,0.0027500000000000003,skill_distractor,heldout_routing_repeat,set_minus,,,deep,set_minus,False,32,32,0,14,0,14,0.0,0.0,0.7995830000027127,6.902249999996002,7.829041000036341,heldout_context_routing,internal_context_shuffle_ablation,CRA_internal,MockSimulator,43,skill_distractor,heldout_routing_repeat,78,deep,set_minus,False,False,1,0.0027500000000000003,0.0,0.0,0,False,-1,False,-1,internal_context_shuffle_ablation,internal_ablation,context_shuffle,0.0027500000000000003,False,deep,,False,32,32,14,0,14,0.0027500000000000003,0.1,0.2,8,8
703,1000.0,8,8,0,8,0,0,2.497711537664115,2.497711537664115,2.497711537664115,-0.3211748266984115,-0.0,0.017382755679535417,1.0,-0.3211748266984115,False,0,0,0,0,0,0.0,0.0,0.0,0.0,0.0,0,0.0,0,0,disabled,disabled,True,keyed,1,0,False,raw,0,0.0018,0.0018,default,0,True,keyed,0,0,False,raw,0,0.0018,0.0018,default,0,True,context_shuffle,False,raw,0.0018,0.0018,context_distractor,heldout_routing_repeat,set_minus,,,deep,set_minus,False,32,32,0,14,0,14,0.0,0.0,0.8130000000505788,6.890957999985403,7.833666999999878,heldout_context_routing,internal_context_shuffle_ablation,CRA_internal,MockSimulator,43,context_distractor,heldout_routing_repeat,78,deep,set_minus,False,False,1,0.0018,0.0,0.0,0,False,-1,False,-1,internal_context_shuffle_ablation,internal_ablation,context_shuffle,0.0018,False,deep,,False,32,32,14,0,14,0.0018,0.1,0.2,8,8
704,1000.0,8,8,0,8,0,0,2.4949963280770824,2.4949963280770824,2.4949963280770824,0.46891885734604244,0.0,0.017213959726011675,1.0,0.46891885734604244,False,0,0,0,0,0,0.0,0.0,0.0,0.0,0.0,0,0.0,0,0,disabled,disabled,True,keyed,1,0,False,raw,0,-0.0027500000000000003,-0.0027500000000000003,default,0,True,keyed,0,0,False,raw,0,-0.0027500000000000003,-0.0027500000000000003,default,0,True,context_shuffle,False,raw,-0.0027500000000000003,-0.0027500000000000003,skill_distractor,heldout_routing_repeat,set_minus,,,deep,set_minus,False,32,32,0,14,0,14,0.0,0.0,0.8087499999760439,6.957666999994672,7.8918749999843385,heldout_context_routing,internal_context_shuffle_ablation,CRA_internal,MockSimulator,43,skill_distractor,heldout_routing_repeat,78,deep,set_minus,False,False,1,-0.0027500000000000003,0.0,0.0,0,False,1,False,-1,internal_context_shuffle_ablation,internal_ablation,context_shuffle,-0.0027500000000000003,False,deep,,False,32,32,14,0,14,-0.0027500000000000003,0.1,0.2,8,8
705,1000.0,8,8,0,8,0,0,2.4922943683890013,2.4922943683890013,2.4922943683890013,-0.9517231976864218,-0.0,0.017044962508357072,1.0,-0.9517231976864218,False,0,0,0,0,0,0.0,0.0,0.0,0.0,0.0,0,0.0,0,0,disabled,disabled,True,keyed,1,0,False,raw,0,0.01,0.01,default,0,True,keyed,0,0,False,raw,0,0.01,0.01,default,0,True,context_shuffle,False,raw,0.01,0.01,input,heldout_routing_repeat,set_minus,,,deep,set_minus,False,32,32,0,14,0,14,0.0,0.0,0.8085829999799898,6.834707999985312,7.772416000022986,heldout_context_routing,internal_context_shuffle_ablation,CRA_internal,MockSimulator,43,input,heldout_routing_repeat,78,deep,set_minus,False,False,1,0.01,0.0,0.0,0,False,-1,False,-1,internal_context_shuffle_ablation,internal_ablation,context_shuffle,0.01,False,deep,,False,32,32,14,0,14,0.01,0.1,0.2,8,8
706,1000.0,8,8,0,8,0,0,2.4896055925244926,2.4896055925244926,2.4896055925244926,-0.6420149920119997,0.9999946965622277,0.016875839595518246,1.0,-0.6420149920119997,True,0,0,0,0,0,0.0,0.0,0.0,0.0,0.0,0,0.0,0,0,disabled,disabled,True,keyed,1,0,True,internal_keyed_context,1,0.01,0.01,default,0,True,keyed,0,0,False,raw,0,0.01,0.01,default,0,True,context_shuffle,True,internal_context_shuffle_router,0.01,-0.01,decision,heldout_routing_repeat,set_minus,,invert,deep,set_minus,False,32,32,0,15,0,15,0.0,0.0,0.7970830000090245,6.999707999966631,7.9240829999776,heldout_context_routing,internal_context_shuffle_ablation,CRA_internal,MockSimulator,43,decision,heldout_routing_repeat,78,deep,set_minus,True,False,1,0.01,-0.01,-0.01,-1,True,-1,True,706,internal_context_shuffle_ablation,internal_ablation,context_shuffle,0.01,True,deep,invert,False,32,32,15,0,15,-0.01,0.1,0.2,8,8
707,1000.0,8,8,0,8,0,0,2.4869299347377294,2.4869299347377294,2.4869299347377294,-0.8335996357812108,-0.0,0.017106663614189627,1.0,-0.8335996357812108,False,0,0,0,0,0,0.0,0.0,0.0,0.0,0.0,0,0.0,0,0,disabled,disabled,True,keyed,1,0,False,raw,0,0.006600000000000001,0.006600000000000001,default,0,True,keyed,0,0,False,raw,0,0.006600000000000001,0.006600000000000001,default,0,True,context_shuffle,False,raw,0.006600000000000001,0.006600000000000001,route_context,heldout_routing_repeat,set_minus,,,deep,set_minus,False,32,32,0,15,0,15,0.0,0.0,0.8192500000063774,6.910416000039277,7.8628329999901325,heldout_context_routing,internal_context_shuffle_ablation,CRA_internal,MockSimulator,43,route_context,heldout_routing_repeat,79,deep,set_minus,False,False,-1,0.006600000000000001,0.0,0.0,0,False,-1,False,-1,internal_context_shuffle_ablation,internal_ablation,context_shuffle,0.006600000000000001,False,deep,,False,32,32,15,0,15,0.006600000000000001,0.1,0.2,8,8
708,1000.0,8,8,0,8,0,0,2.484267329610794,2.484267329610794,2.484267329610794,-0.549796071965659,-0.0,0.017321504336275946,1.0,-0.549796071965659,False,0,0,0,0,0,0.0,0.0,0.0,0.0,0.0,0,0.0,0,0,disabled,disabled,True,keyed,1,0,False,raw,0,0.0034000000000000002,0.0034000000000000002,default,0,True,keyed,0,0,False,raw,0,0.0034000000000000002,0.0034000000000000002,default,0,True,context_shuffle,False,raw,0.0034000000000000002,0.0034000000000000002,context_distractor,heldout_routing_repeat,set_minus,,,deep,set_minus,False,32,32,0,15,0,15,0.0,0.0,0.8004590000041389,7.095374999948945,8.022084000003815,heldout_context_routing,internal_context_shuffle_ablation,CRA_internal,MockSimulator,43,context_distractor,heldout_routing_repeat,79,deep,set_minus,False,False,-1,0.0034000000000000002,0.0,0.0,0,False,-1,False,-1,internal_context_shuffle_ablation,internal_ablation,context_shuffle,0.0034000000000000002,False,deep,,False,32,32,15,0,15,0.0034000000000000002,0.1,0.2,8,8
709,1000.0,8,8,0,8,0,0,2.481617712052041,2.481617712052041,2.481617712052041,0.1798143992026409,0.0,0.017520908764033137,1.0,0.1798143992026409,False,0,0,0,0,0,0.0,0.0,0.0,0.0,0.0,0,0.0,0,0,disabled,disabled,True,keyed,1,0,False,raw,0,-0.001,-0.001,default,0,True,keyed,0,0,False,raw,0,-0.001,-0.001,default,0,True,context_shuffle,False,raw,-0.001,-0.001,skill_distractor,heldout_routing_repeat,set_minus,,,deep,set_minus,False,32,32,0,15,0,15,0.0,0.0,0.817792000020745,6.796374999964883,7.743874999960099,heldout_context_routing,internal_context_shuffle_ablation,CRA_internal,MockSimulator,43,skill_distractor,heldout_routing_repeat,79,deep,set_minus,False,False,-1,-0.001,0.0,0.0,0,False,1,False,-1,internal_context_shuffle_ablation,internal_ablation,context_shuffle,-0.001,False,deep,,False,32,32,15,0,15,-0.001,0.1,0.2,8,8
710,1000.0,8,8,0,8,0,0,2.4789810172944704,2.4789810172944704,2.4789810172944704,-0.720630019774708,-0.0,0.01770540841294553,1.0,-0.720630019774708,False,0,0,0,0,0,0.0,0.0,0.0,0.0,0.0,0,0.0,0,0,disabled,disabled,True,keyed,1,0,False,raw,0,0.005,0.005,default,0,True,keyed,0,0,False,raw,0,0.005,0.005,default,0,True,context_shuffle,False,raw,0.005,0.005,context_distractor,heldout_routing_repeat,set_minus,,,deep,set_minus,False,32,32,0,15,0,15,0.0,0.0,0.8022499999924548,6.975667000006069,7.903499999997621,heldout_context_routing,internal_context_shuffle_ablation,CRA_internal,MockSimulator,43,context_distractor,heldout_routing_repeat,79,deep,set_minus,False,False,-1,0.005,0.0,0.0,0,False,-1,False,-1,internal_context_shuffle_ablation,internal_ablation,context_shuffle,0.005,False,deep,,False,32,32,15,0,15,0.005,0.1,0.2,8,8
711,1000.0,8,8,0,8,0,0,2.476357180894109,2.476357180894109,2.476357180894109,-0.4620581078446996,-0.0,0.017875519712395815,1.0,-0.4620581078446996,False,0,0,0,0,0,0.0,0.0,0.0,0.0,0.0,0,0.0,0,0,disabled,disabled,True,keyed,1,0,False,raw,0,0.0027500000000000003,0.0027500000000000003,default,0,True,keyed,0,0,False,raw,0,0.0027500000000000003,0.0027500000000000003,default,0,True,context_shuffle,False,raw,0.0027500000000000003,0.0027500000000000003,skill_distractor,heldout_routing_repeat,set_minus,,,deep,set_minus,False,32,32,0,15,0,15,0.0,0.0,0.8082499999773063,6.8507080000017595,7.788624999989224,heldout_context_routing,internal_context_shuffle_ablation,CRA_internal,MockSimulator,43,skill_distractor,heldout_routing_repeat,79,deep,set_minus,False,False,-1,0.0027500000000000003,0.0,0.0,0,False,-1,False,-1,internal_context_shuffle_ablation,internal_ablation,context_shuffle,0.0027500000000000003,False,deep,,False,32,32,15,0,15,0.0027500000000000003,0.1,0.2,8,8
712,1000.0,8,8,0,8,0,0,2.4737461387283997,2.4737461387283997,2.4737461387283997,-0.7206300197747082,-0.0,0.01803174439650291,1.0,-0.7206300197747082,False,0,0,0,0,0,0.0,0.0,0.0,0.0,0.0,0,0.0,0,0,disabled,disabled,True,keyed,1,0,False,raw,0,0.005,0.005,default,0,True,keyed,0,0,False,raw,0,0.005,0.005,default,0,True,context_shuffle,False,raw,0.005,0.005,context_distractor,heldout_routing_repeat,set_minus,,,deep,set_minus,False,32,32,0,15,0,15,0.0,0.0,0.7997089999776108,6.85612500001298,7.782249999991109,heldout_context_routing,internal_context_shuffle_ablation,CRA_internal,MockSimulator,43,context_distractor,heldout_routing_repeat,79,deep,set_minus,False,False,-1,0.005,0.0,0.0,0,False,-1,False,-1,internal_context_shuffle_ablation,internal_ablation,context_shuffle,0.005,False,deep,,False,32,32,15,0,15,0.005,0.1,0.2,8,8
713,1000.0,8,8,0,8,0,0,2.4711478269945966,2.4711478269945966,2.4711478269945966,0.4620581078446995,0.0,0.018174569885360765,1.0,0.4620581078446995,False,0,0,0,0,0,0.0,0.0,0.0,0.0,0.0,0,0.0,0,0,disabled,disabled,True,keyed,1,0,False,raw,0,-0.0027500000000000003,-0.0027500000000000003,default,0,True,keyed,0,0,False,raw,0,-0.0027500000000000003,-0.0027500000000000003,default,0,True,context_shuffle,False,raw,-0.0027500000000000003,-0.0027500000000000003,skill_distractor,heldout_routing_repeat,set_minus,,,deep,set_minus,False,32,32,0,15,0,15,0.0,0.0,0.9187919999931182,7.05812500001457,8.112417000006644,heldout_context_routing,internal_context_shuffle_ablation,CRA_internal,MockSimulator,43,skill_distractor,heldout_routing_repeat,79,deep,set_minus,False,False,-1,-0.0027500000000000003,0.0,0.0,0,False,1,False,-1,internal_context_shuffle_ablation,internal_ablation,context_shuffle,-0.0027500000000000003,False,deep,,False,32,32,15,0,15,-0.0027500000000000003,0.1,0.2,8,8
714,1000.0,8,8,0,8,0,0,2.4685621822081716,2.4685621822081716,2.4685621822081716,-0.7206300197747082,-0.0,0.018304469656905704,1.0,-0.7206300197747082,False,0,0,0,0,0,0.0,0.0,0.0,0.0,0.0,0,0.0,0,0,disabled,disabled,True,keyed,1,0,False,raw,0,0.005,0.005,default,0,True,keyed,0,0,False,raw,0,0.005,0.005,default,0,True,context_shuffle,False,raw,0.005,0.005,context_distractor,heldout_routing_repeat,set_minus,,,deep,set_minus,False,32,32,0,15,0,15,0.0,0.0,0.8109999999987849,6.870332999994844,7.8105000000050495,heldout_context_routing,internal_context_shuffle_ablation,CRA_internal,MockSimulator,43,context_distractor,heldout_routing_repeat,79,deep,set_minus,False,False,-1,0.005,0.0,0.0,0,False,-1,False,-1,internal_context_shuffle_ablation,internal_ablation,context_shuffle,0.005,False,deep,,False,32,32,15,0,15,0.005,0.1,0.2,8,8
715,1000.0,8,8,0,8,0,0,2.4659891412012263,2.4659891412012263,2.4659891412012263,0.4620581078446995,0.0,0.0184219036096347,1.0,0.4620581078446995,False,0,0,0,0,0,0.0,0.0,0.0,0.0,0.0,0,0.0,0,0,disabled,disabled,True,keyed,1,0,False,raw,0,-0.0027500000000000003,-0.0027500000000000003,default,0,True,keyed,0,0,False,raw,0,-0.0027500000000000003,-0.0027500000000000003,default,0,True,context_shuffle,False,raw,-0.0027500000000000003,-0.0027500000000000003,skill_distractor,heldout_routing_repeat,set_minus,,,deep,set_minus,False,32,32,0,15,0,15,0.0,0.0,0.8837909999783733,6.964208999988841,7.97495799997705,heldout_context_routing,internal_context_shuffle_ablation,CRA_internal,MockSimulator,43,skill_distractor,heldout_routing_repeat,79,deep,set_minus,False,False,-1,-0.0027500000000000003,0.0,0.0,0,False,1,False,-1,internal_context_shuffle_ablation,internal_ablation,context_shuffle,-0.0027500000000000003,False,deep,,False,32,32,15,0,15,-0.0027500000000000003,0.1,0.2,8,8
716,1000.0,8,8,0,8,0,0,2.463428641120914,2.463428641120914,2.463428641120914,-0.31602384114393534,-0.0,0.018527318416391773,1.0,-0.31602384114393534,False,0,0,0,0,0,0.0,0.0,0.0,0.0,0.0,0,0.0,0,0,disabled,disabled,True,keyed,1,0,False,raw,0,0.0018,0.0018,default,0,True,keyed,0,0,False,raw,0,0.0018,0.0018,default,0,True,context_shuffle,False,raw,0.0018,0.0018,context_distractor,heldout_routing_repeat,set_minus,,,deep,set_minus,False,32,32,0,15,0,15,0.0,0.0,0.806874999966567,6.881958000008126,7.820083000012801,heldout_context_routing,internal_context_shuffle_ablation,CRA_internal,MockSimulator,43,context_distractor,heldout_routing_repeat,79,deep,set_minus,False,False,-1,0.0018,0.0,0.0,0,False,-1,False,-1,internal_context_shuffle_ablation,internal_ablation,context_shuffle,0.0018,False,deep,,False,32,32,15,0,15,0.0018,0.1,0.2,8,8
717,1000.0,8,8,0,8,0,0,2.4608806194278676,2.4608806194278676,2.4608806194278676,-0.4620581078446995,-0.0,0.01862114786943471,1.0,-0.4620581078446995,False,0,0,0,0,0,0.0,0.0,0.0,0.0,0.0,0,0.0,0,0,disabled,disabled,True,keyed,1,0,False,raw,0,0.0027500000000000003,0.0027500000000000003,default,0,True,keyed,0,0,False,raw,0,0.0027500000000000003,0.0027500000000000003,default,0,True,context_shuffle,False,raw,0.0027500000000000003,0.0027500000000000003,skill_distractor,heldout_routing_repeat,set_minus,,,deep,set_minus,False,32,32,0,15,0,15,0.0,0.0,0.826000000017757,7.0440000000076,7.99562499997819,heldout_context_routing,internal_context_shuffle_ablation,CRA_internal,MockSimulator,43,skill_distractor,heldout_routing_repeat,79,deep,set_minus,False,False,-1,0.0027500000000000003,0.0,0.0,0,False,-1,False,-1,internal_context_shuffle_ablation,internal_ablation,context_shuffle,0.0027500000000000003,False,deep,,False,32,32,15,0,15,0.0027500000000000003,0.1,0.2,8,8
718,1000.0,8,8,0,8,0,0,2.4583450138946352,2.4583450138946352,2.4583450138946352,0.9486295042911363,0.0,0.018703813216989374,1.0,0.9486295042911363,False,0,0,0,0,0,0.0,0.0,0.0,0.0,0.0,0,0.0,0,0,disabled,disabled,True,keyed,1,0,False,raw,0,-0.01,-0.01,default,0,True,keyed,0,0,False,raw,0,-0.01,-0.01,default,0,True,context_shuffle,False,raw,-0.01,-0.01,input,heldout_routing_repeat,set_minus,,,deep,set_minus,False,32,32,0,15,0,15,0.0,0.0,0.811166999994839,7.0179580000058195,7.958667000025343,heldout_context_routing,internal_context_shuffle_ablation,CRA_internal,MockSimulator,43,input,heldout_routing_repeat,79,deep,set_minus,False,False,-1,-0.01,0.0,0.0,0,False,1,False,-1,internal_context_shuffle_ablation,internal_ablation,context_shuffle,-0.01,False,deep,,False,32,32,15,0,15,-0.01,0.1,0.2,8,8
719,1000.0,8,8,0,8,0,0,2.4558217626041263,2.4558217626041263,2.4558217626041263,0.6420149920119997,-0.9999946965622277,0.01877572349149408,1.0,0.6420149920119997,False,0,0,0,0,0,0.0,0.0,0.0,0.0,0.0,0,0.0,0,0,disabled,disabled,True,keyed,1,0,True,internal_keyed_context,-1,-0.01,-0.01,default,0,True,keyed,0,0,False,raw,0,-0.01,-0.01,default,0,True,context_shuffle,True,internal_context_shuffle_router,-0.01,0.01,decision,heldout_routing_repeat,set_minus,,invert,deep,set_minus,False,32,32,0,16,0,16,0.0,0.0,0.7951669999783917,7.104667000021436,8.025792000012189,heldout_context_routing,internal_context_shuffle_ablation,CRA_internal,MockSimulator,43,decision,heldout_routing_repeat,79,deep,set_minus,True,False,-1,-0.01,-0.01,-0.01,-1,True,1,False,719,internal_context_shuffle_ablation,internal_ablation,context_shuffle,-0.01,True,deep,invert,False,32,32,16,0,16,0.01,0.1,0.2,8,8
720,1000.0,8,8,0,8,0,0,2.453310803948062,2.453310803948062,2.453310803948062,-0.33023881092477914,-0.0,0.0188372758297318,1.0,-0.33023881092477914,False,0,0,0,0,0,0.0,0.0,0.0,0.0,0.0,0,0.0,0,0,disabled,disabled,True,keyed,1,0,False,raw,0,0.0018,0.0018,default,0,True,keyed,0,0,False,raw,0,0.0018,0.0018,default,0,True,context_shuffle,False,raw,0.0018,0.0018,route_context,heldout_routing_repeat,set_minus,,,reef,identity,False,32,32,0,16,0,16,0.0,0.0,0.817499999982374,6.936499999994794,7.887500000038017,heldout_context_routing,internal_context_shuffle_ablation,CRA_internal,MockSimulator,43,route_context,heldout_routing_repeat,80,reef,identity,False,False,-1,0.0018,0.0,0.0,0,False,-1,False,-1,internal_context_shuffle_ablation,internal_ablation,context_shuffle,0.0018,False,reef,,False,32,32,16,0,16,0.0018,0.1,0.2,8,8
721,1000.0,8,8,0,8,0,0,2.4508120766254367,2.4508120766254367,2.4508120766254367,-0.74115857658685,-0.0,0.018888855785043415,1.0,-0.74115857658685,False,0,0,0,0,0,0.0,0.0,0.0,0.0,0.0,0,0.0,0,0,disabled,disabled,True,keyed,1,0,False,raw,0,0.005,0.005,default,0,True,keyed,0,0,False,raw,0,0.005,0.005,default,0,True,context_shuffle,False,raw,0.005,0.005,context_distractor,heldout_routing_repeat,set_minus,,,reef,identity,False,32,32,0,16,0,16,0.0,0.0,0.8007079999856614,7.1413340000390235,8.068874999992204,heldout_context_routing,internal_context_shuffle_ablation,CRA_internal,MockSimulator,43,context_distractor,heldout_routing_repeat,80,reef,identity,False,False,-1,0.005,0.0,0.0,0,False,-1,False,-1,internal_context_shuffle_ablation,internal_ablation,context_shuffle,0.005,False,reef,,False,32,32,16,0,16,0.005,0.1,0.2,8,8
722,1000.0,8,8,0,8,0,0,2.448325519640984,2.448325519640984,2.448325519640984,-0.4809157505435834,-0.0,0.018930837631810672,1.0,-0.4809157505435834,False,0,0,0,0,0,0.0,0.0,0.0,0.0,0.0,0,0.0,0,0,disabled,disabled,True,keyed,1,0,False,raw,0,0.0027500000000000003,0.0027500000000000003,default,0,True,keyed,0,0,False,raw,0,0.0027500000000000003,0.0027500000000000003,default,0,True,context_shuffle,False,raw,0.0027500000000000003,0.0027500000000000003,skill_distractor,heldout_routing_repeat,set_minus,,,reef,identity,False,32,32,0,16,0,16,0.0,0.0,0.8180410000022675,7.003750000023956,7.955165999987912,heldout_context_routing,internal_context_shuffle_ablation,CRA_internal,MockSimulator,43,skill_distractor,heldout_routing_repeat,80,reef,identity,False,False,-1,0.0027500000000000003,0.0,0.0,0,False,-1,False,-1,internal_context_shuffle_ablation,internal_ablation,context_shuffle,0.0027500000000000003,False,reef,,False,32,32,16,0,16,0.0027500000000000003,0.1,0.2,8,8
723,1000.0,8,8,0,8,0,0,2.445851072303653,2.445851072303653,2.445851072303653,-0.5703697680801711,-0.0,0.018963584662393222,1.0,-0.5703697680801711,False,0,0,0,0,0,0.0,0.0,0.0,0.0,0.0,0,0.0,0,0,disabled,disabled,True,keyed,1,0,False,raw,0,0.0034000000000000002,0.0034000000000000002,default,0,True,keyed,0,0,False,raw,0,0.0034000000000000002,0.0034000000000000002,default,0,True,context_shuffle,False,raw,0.0034000000000000002,0.0034000000000000002,context_distractor,heldout_routing_repeat,set_minus,,,reef,identity,False,32,32,0,16,0,16,0.0,0.0,0.8015000000227701,7.203957999990962,8.13124999996262,heldout_context_routing,internal_context_shuffle_ablation,CRA_internal,MockSimulator,43,context_distractor,heldout_routing_repeat,80,reef,identity,False,False,-1,0.0034000000000000002,0.0,0.0,0,False,-1,False,-1,internal_context_shuffle_ablation,internal_ablation,context_shuffle,0.0034000000000000002,False,reef,,False,32,32,16,0,16,0.0034000000000000002,0.1,0.2,8,8
724,1000.0,8,8,0,8,0,0,2.443388674225089,2.443388674225089,2.443388674225089,-0.4809157505435834,-0.0,0.018987449476699742,1.0,-0.4809157505435834,False,0,0,0,0,0,0.0,0.0,0.0,0.0,0.0,0,0.0,0,0,disabled,disabled,True,keyed,1,0,False,raw,0,0.0027500000000000003,0.0027500000000000003,default,0,True,keyed,0,0,False,raw,0,0.0027500000000000003,0.0027500000000000003,default,0,True,context_shuffle,False,raw,0.0027500000000000003,0.0027500000000000003,skill_distractor,heldout_routing_repeat,set_minus,,,reef,identity,False,32,32,0,16,0,16,0.0,0.0,0.8289170000352897,6.986499999982243,7.947542000010799,heldout_context_routing,internal_context_shuffle_ablation,CRA_internal,MockSimulator,43,skill_distractor,heldout_routing_repeat,80,reef,identity,False,False,-1,0.0027500000000000003,0.0,0.0,0,False,-1,False,-1,internal_context_shuffle_ablation,internal_ablation,context_shuffle,0.0027500000000000003,False,reef,,False,32,32,16,0,16,0.0027500000000000003,0.1,0.2,8,8
725,1000.0,8,8,0,8,0,0,2.440938265318127,2.440938265318127,2.440938265318127,-0.7411585765868502,-0.0,0.019002774264569044,1.0,-0.7411585765868502,False,0,0,0,0,0,0.0,0.0,0.0,0.0,0.0,0,0.0,0,0,disabled,disabled,True,keyed,1,0,False,raw,0,0.005,0.005,default,0,True,keyed,0,0,False,raw,0,0.005,0.005,default,0,True,context_shuffle,False,raw,0.005,0.005,context_distractor,heldout_routing_repeat,set_minus,,,reef,identity,False,32,32,0,16,0,16,0.0,0.0,0.8040409999807707,7.189917000005153,8.128666999994039,heldout_context_routing,internal_context_shuffle_ablation,CRA_internal,MockSimulator,43,context_distractor,heldout_routing_repeat,80,reef,identity,False,False,-1,0.005,0.0,0.0,0,False,-1,False,-1,internal_context_shuffle_ablation,internal_ablation,context_shuffle,0.005,False,reef,,False,32,32,16,0,16,0.005,0.1,0.2,8,8
726,1000.0,8,8,0,8,0,0,2.4384997857952864,2.4384997857952864,2.4384997857952864,-0.4809157505435834,-0.0,0.019009891081132897,1.0,-0.4809157505435834,False,0,0,0,0,0,0.0,0.0,0.0,0.0,0.0,0,0.0,0,0,disabled,disabled,True,keyed,1,0,False,raw,0,0.0027500000000000003,0.0027500000000000003,default,0,True,keyed,0,0,False,raw,0,0.0027500000000000003,0.0027500000000000003,default,0,True,context_shuffle,False,raw,0.0027500000000000003,0.0027500000000000003,skill_distractor,heldout_routing_repeat,set_minus,,,reef,identity,False,32,32,0,16,0,16,0.0,0.0,0.8168749999981628,7.026666000001569,7.972208000012415,heldout_context_routing,internal_context_shuffle_ablation,CRA_internal,MockSimulator,43,skill_distractor,heldout_routing_repeat,80,reef,identity,False,False,-1,0.0027500000000000003,0.0,0.0,0,False,-1,False,-1,internal_context_shuffle_ablation,internal_ablation,context_shuffle,0.0027500000000000003,False,reef,,False,32,32,16,0,16,0.0027500000000000003,0.1,0.2,8,8
727,1000.0,8,8,0,8,0,0,2.4360731761672785,2.4360731761672785,2.4360731761672785,-0.74115857658685,-0.0,0.019009122115328368,1.0,-0.74115857658685,False,0,0,0,0,0,0.0,0.0,0.0,0.0,0.0,0,0.0,0,0,disabled,disabled,True,keyed,1,0,False,raw,0,0.005,0.005,default,0,True,keyed,0,0,False,raw,0,0.005,0.005,default,0,True,context_shuffle,False,raw,0.005,0.005,context_distractor,heldout_routing_repeat,set_minus,,,reef,identity,False,32,32,0,16,0,16,0.0,0.0,0.8019580000109272,7.227708000016264,8.155500000043503,heldout_context_routing,internal_context_shuffle_ablation,CRA_internal,MockSimulator,43,context_distractor,heldout_routing_repeat,80,reef,identity,False,False,-1,0.005,0.0,0.0,0,False,-1,False,-1,internal_context_shuffle_ablation,internal_ablation,context_shuffle,0.005,False,reef,,False,32,32,16,0,16,0.005,0.1,0.2,8,8
728,1000.0,8,8,0,8,0,0,2.4336583772415175,2.4336583772415175,2.4336583772415175,-0.18833371173885308,-0.0,0.019000779951723567,1.0,-0.18833371173885308,False,0,0,0,0,0,0.0,0.0,0.0,0.0,0.0,0,0.0,0,0,disabled,disabled,True,keyed,1,0,False,raw,0,0.001,0.001,default,0,True,keyed,0,0,False,raw,0,0.001,0.001,default,0,True,context_shuffle,False,raw,0.001,0.001,skill_distractor,heldout_routing_repeat,set_minus,,,reef,identity,False,32,32,0,16,0,16,0.0,0.0,0.8163749999994252,7.094375000008313,8.04058400001395,heldout_context_routing,internal_context_shuffle_ablation,CRA_internal,MockSimulator,43,skill_distractor,heldout_routing_repeat,80,reef,identity,False,False,-1,0.001,0.0,0.0,0,False,-1,False,-1,internal_context_shuffle_ablation,internal_ablation,context_shuffle,0.001,False,reef,,False,32,32,16,0,16,0.001,0.1,0.2,8,8
729,1000.0,8,8,0,8,0,0,2.4312553301206425,2.4312553301206425,2.4312553301206425,-0.5703697680801711,-0.0,0.018985167825816825,1.0,-0.5703697680801711,False,0,0,0,0,0,0.0,0.0,0.0,0.0,0.0,0,0.0,0,0,disabled,disabled,True,keyed,1,0,False,raw,0,0.0034000000000000002,0.0034000000000000002,default,0,True,keyed,0,0,False,raw,0,0.0034000000000000002,0.0034000000000000002,default,0,True,context_shuffle,False,raw,0.0034000000000000002,0.0034000000000000002,context_distractor,heldout_routing_repeat,set_minus,,,reef,identity,False,32,32,0,16,0,16,0.0,0.0,0.7997499999987667,7.220041999971727,8.145499999955064,heldout_context_routing,internal_context_shuffle_ablation,CRA_internal,MockSimulator,43,context_distractor,heldout_routing_repeat,80,reef,identity,False,False,-1,0.0034000000000000002,0.0,0.0,0,False,-1,False,-1,internal_context_shuffle_ablation,internal_ablation,context_shuffle,0.0034000000000000002,False,reef,,False,32,32,16,0,16,0.0034000000000000002,0.1,0.2,8,8
730,1000.0,8,8,0,8,0,0,2.4288639762010433,2.4288639762010433,2.4288639762010433,-0.1883337117388531,-0.0,0.018962579872965665,1.0,-0.1883337117388531,False,0,0,0,0,0,0.0,0.0,0.0,0.0,0.0,0,0.0,0,0,disabled,disabled,True,keyed,1,0,False,raw,0,0.001,0.001,default,0,True,keyed,0,0,False,raw,0,0.001,0.001,default,0,True,context_shuffle,False,raw,0.001,0.001,skill_distractor,heldout_routing_repeat,set_minus,,,reef,identity,False,32,32,0,16,0,16,0.0,0.0,0.8217500000000655,7.025917000021309,7.979000000034375,heldout_context_routing,internal_context_shuffle_ablation,CRA_internal,MockSimulator,43,skill_distractor,heldout_routing_repeat,80,reef,identity,False,False,-1,0.001,0.0,0.0,0,False,-1,False,-1,internal_context_shuffle_ablation,internal_ablation,context_shuffle,0.001,False,reef,,False,32,32,16,0,16,0.001,0.1,0.2,8,8
731,1000.0,8,8,0,8,0,0,2.426484257171397,2.426484257171397,2.426484257171397,0.9567558322944016,0.0,0.01893330137109822,1.0,0.9567558322944016,False,0,0,0,0,0,0.0,0.0,0.0,0.0,0.0,0,0.0,0,0,disabled,disabled,True,keyed,1,0,False,raw,0,-0.01,-0.01,default,0,True,keyed,0,0,False,raw,0,-0.01,-0.01,default,0,True,context_shuffle,False,raw,-0.01,-0.01,input,heldout_routing_repeat,set_minus,,,reef,identity,False,32,32,0,16,0,16,0.0,0.0,0.8027499999911925,7.140583000023071,8.069500000033258,heldout_context_routing,internal_context_shuffle_ablation,CRA_internal,MockSimulator,43,input,heldout_routing_repeat,80,reef,identity,False,False,-1,-0.01,0.0,0.0,0,False,1,False,-1,internal_context_shuffle_ablation,internal_ablation,context_shuffle,-0.01,False,reef,,False,32,32,16,0,16,-0.01,0.1,0.2,8,8
732,1000.0,8,8,0,8,0,0,2.4241161150112087,2.4241161150112087,2.4241161150112087,0.6420149920119997,-0.9999946965622277,0.018897608977356293,1.0,0.6420149920119997,False,0,0,0,0,0,0.0,0.0,0.0,0.0,0.0,0,0.0,0,0,disabled,disabled,True,keyed,1,0,True,internal_keyed_context,-1,-0.01,-0.01,default,0,True,keyed,0,0,False,raw,0,-0.01,-0.01,default,0,True,context_shuffle,True,internal_context_shuffle_router,-0.01,0.01,decision,heldout_routing_repeat,set_minus,,set_plus,reef,identity,False,32,32,0,17,0,17,0.0,0.0,0.8031250000044565,7.122000000038042,8.054000000015549,heldout_context_routing,internal_context_shuffle_ablation,CRA_internal,MockSimulator,43,decision,heldout_routing_repeat,80,reef,identity,True,False,-1,-0.01,-0.01,-0.01,-1,True,1,False,732,internal_context_shuffle_ablation,internal_ablation,context_shuffle,-0.01,True,reef,set_plus,False,32,32,17,0,17,0.01,0.1,0.2,8,8
733,1000.0,8,8,0,8,0,0,2.4217594919893624,2.4217594919893624,2.4217594919893624,-0.34429155560168084,-0.0,0.0188557709588156,1.0,-0.34429155560168084,False,0,0,0,0,0,0.0,0.0,0.0,0.0,0.0,0,0.0,0,0,disabled,disabled,True,keyed,1,0,False,raw,0,0.0018,0.0018,default,0,True,keyed,0,0,False,raw,0,0.0018,0.0018,default,0,True,context_shuffle,False,raw,0.0018,0.0018,route_context,heldout_routing_repeat,set_minus,,,reef,identity,False,32,32,0,17,0,17,0.0,0.0,0.7972909999693911,7.283875000041462,8.207499999969059,heldout_context_routing,internal_context_shuffle_ablation,CRA_internal,MockSimulator,43,route_context,heldout_routing_repeat,81,reef,identity,False,False,1,0.0018,0.0,0.0,0,False,-1,False,-1,internal_context_shuffle_ablation,internal_ablation,context_shuffle,0.0018,False,reef,,False,32,32,17,0,17,0.0018,0.1,0.2,8,8
734,1000.0,8,8,0,8,0,0,2.4194143306626765,2.4194143306626765,2.4194143306626765,-0.5902323134404321,-0.0,0.018808047417425592,1.0,-0.5902323134404321,False,0,0,0,0,0,0.0,0.0,0.0,0.0,0.0,0,0.0,0,0,disabled,disabled,True,keyed,1,0,False,raw,0,0.0034000000000000002,0.0034000000000000002,default,0,True,keyed,0,0,False,raw,0,0.0034000000000000002,0.0034000000000000002,default,0,True,context_shuffle,False,raw,0.0034000000000000002,0.0034000000000000002,context_distractor,heldout_routing_repeat,set_minus,,,reef,identity,False,32,32,0,17,0,17,0.0,0.0,0.8225839999909113,7.129125000005843,8.081000000004224,heldout_context_routing,internal_context_shuffle_ablation,CRA_internal,MockSimulator,43,context_distractor,heldout_routing_repeat,81,reef,identity,False,False,1,0.0034000000000000002,0.0,0.0,0,False,-1,False,-1,internal_context_shuffle_ablation,internal_ablation,context_shuffle,0.0034000000000000002,False,reef,,False,32,32,17,0,17,0.0034000000000000002,0.1,0.2,8,8
735,1000.0,8,8,0,8,0,0,2.417080573874468,2.417080573874468,2.417080573874468,-0.49932050170573594,-0.0,0.01875469050930766,1.0,-0.49932050170573594,False,0,0,0,0,0,0.0,0.0,0.0,0.0,0.0,0,0.0,0,0,disabled,disabled,True,keyed,1,0,False,raw,0,0.0027500000000000003,0.0027500000000000003,default,0,True,keyed,0,0,False,raw,0,0.0027500000000000003,0.0027500000000000003,default,0,True,context_shuffle,False,raw,0.0027500000000000003,0.0027500000000000003,skill_distractor,heldout_routing_repeat,set_minus,,,reef,identity,False,32,32,0,17,0,17,0.0,0.0,0.8015829999976631,7.184292000033565,8.112333000042327,heldout_context_routing,internal_context_shuffle_ablation,CRA_internal,MockSimulator,43,skill_distractor,heldout_routing_repeat,81,reef,identity,False,False,1,0.0027500000000000003,0.0,0.0,0,False,-1,False,-1,internal_context_shuffle_ablation,internal_ablation,context_shuffle,0.0027500000000000003,False,reef,,False,32,32,17,0,17,0.0027500000000000003,0.1,0.2,8,8
736,1000.0,8,8,0,8,0,0,2.414758164753124,2.414758164753124,2.414758164753124,-0.7603701299307619,-0.0,0.018695944658547473,1.0,-0.7603701299307619,False,0,0,0,0,0,0.0,0.0,0.0,0.0,0.0,0,0.0,0,0,disabled,disabled,True,keyed,1,0,False,raw,0,0.005,0.005,default,0,True,keyed,0,0,False,raw,0,0.005,0.005,default,0,True,context_shuffle,False,raw,0.005,0.005,context_distractor,heldout_routing_repeat,set_minus,,,reef,identity,False,32,32,0,17,0,17,0.0,0.0,0.8077080000248316,7.139209000001756,8.076583999979903,heldout_context_routing,internal_context_shuffle_ablation,CRA_internal,MockSimulator,43,context_distractor,heldout_routing_repeat,81,reef,identity,False,False,1,0.005,0.0,0.0,0,False,-1,False,-1,internal_context_shuffle_ablation,internal_ablation,context_shuffle,0.005,False,reef,,False,32,32,17,0,17,0.005,0.1,0.2,8,8
737,1000.0,8,8,0,8,0,0,2.4124470467106796,2.4124470467106796,2.4124470467106796,-0.19681629834505499,-0.0,0.01863204676561397,1.0,-0.19681629834505499,False,0,0,0,0,0,0.0,0.0,0.0,0.0,0.0,0,0.0,0,0,disabled,disabled,True,keyed,1,0,False,raw,0,0.001,0.001,default,0,True,keyed,0,0,False,raw,0,0.001,0.001,default,0,True,context_shuffle,False,raw,0.001,0.001,skill_distractor,heldout_routing_repeat,set_minus,,,reef,identity,False,32,32,0,17,0,17,0.0,0.0,0.8013750000372966,7.6159579999739435,8.555250000028991,heldout_context_routing,internal_context_shuffle_ablation,CRA_internal,MockSimulator,43,skill_distractor,heldout_routing_repeat,81,reef,identity,False,False,1,0.001,0.0,0.0,0,False,-1,False,-1,internal_context_shuffle_ablation,internal_ablation,context_shuffle,0.001,False,reef,,False,32,32,17,0,17,0.001,0.1,0.2,8,8
738,1000.0,8,8,0,8,0,0,2.410147163441404,2.410147163441404,2.410147163441404,-0.8658261260797739,-0.0,0.01856322641053439,1.0,-0.8658261260797739,False,0,0,0,0,0,0.0,0.0,0.0,0.0,0.0,0,0.0,0,0,disabled,disabled,True,keyed,1,0,False,raw,0,0.006600000000000001,0.006600000000000001,default,0,True,keyed,0,0,False,raw,0,0.006600000000000001,0.006600000000000001,default,0,True,context_shuffle,False,raw,0.006600000000000001,0.006600000000000001,context_distractor,heldout_routing_repeat,set_minus,,,reef,identity,False,32,32,0,17,0,17,0.0,0.0,0.8215419999828555,7.3005000000421205,8.254750000048716,heldout_context_routing,internal_context_shuffle_ablation,CRA_internal,MockSimulator,43,context_distractor,heldout_routing_repeat,81,reef,identity,False,False,1,0.006600000000000001,0.0,0.0,0,False,-1,False,-1,internal_context_shuffle_ablation,internal_ablation,context_shuffle,0.006600000000000001,False,reef,,False,32,32,17,0,17,0.006600000000000001,0.1,0.2,8,8
739,1000.0,8,8,0,8,0,0,2.4078584589203906,2.4078584589203906,2.4078584589203906,0.19681629834505496,0.0,0.018489706050951748,1.0,0.19681629834505496,False,0,0,0,0,0,0.0,0.0,0.0,0.0,0.0,0,0.0,0,0,disabled,disabled,True,keyed,1,0,False,raw,0,-0.001,-0.001,default,0,True,keyed,0,0,False,raw,0,-0.001,-0.001,default,0,True,context_shuffle,False,raw,-0.001,-0.001,skill_distractor,heldout_routing_repeat,set_minus,,,reef,identity,False,32,32,0,17,0,17,0.0,0.0,0.8124579999844173,7.514000000014676,8.452583000007508,heldout_context_routing,internal_context_shuffle_ablation,CRA_internal,MockSimulator,43,skill_distractor,heldout_routing_repeat,81,reef,identity,False,False,1,-0.001,0.0,0.0,0,False,1,False,-1,internal_context_shuffle_ablation,internal_ablation,context_shuffle,-0.001,False,reef,,False,32,32,17,0,17,-0.001,0.1,0.2,8,8
740,1000.0,8,8,0,8,0,0,2.40558087740216,2.40558087740216,2.40558087740216,-0.7603701299307619,-0.0,0.018411701215188196,1.0,-0.7603701299307619,False,0,0,0,0,0,0.0,0.0,0.0,0.0,0.0,0,0.0,0,0,disabled,disabled,True,keyed,1,0,False,raw,0,0.005,0.005,default,0,True,keyed,0,0,False,raw,0,0.005,0.005,default,0,True,context_shuffle,False,raw,0.005,0.005,context_distractor,heldout_routing_repeat,set_minus,,,reef,identity,False,32,32,0,17,0,17,0.0,0.0,0.8441249999577849,7.143708999990395,8.126207999964663,heldout_context_routing,internal_context_shuffle_ablation,CRA_internal,MockSimulator,43,context_distractor,heldout_routing_repeat,81,reef,identity,False,False,1,0.005,0.0,0.0,0,False,-1,False,-1,internal_context_shuffle_ablation,internal_ablation,context_shuffle,0.005,False,reef,,False,32,32,17,0,17,0.005,0.1,0.2,8,8
741,1000.0,8,8,0,8,0,0,2.403314363419262,2.403314363419262,2.403314363419262,0.49932050170573594,0.0,0.018329420690434806,1.0,0.49932050170573594,False,0,0,0,0,0,0.0,0.0,0.0,0.0,0.0,0,0.0,0,0,disabled,disabled,True,keyed,1,0,False,raw,0,-0.0027500000000000003,-0.0027500000000000003,default,0,True,keyed,0,0,False,raw,0,-0.0027500000000000003,-0.0027500000000000003,default,0,True,context_shuffle,False,raw,-0.0027500000000000003,-0.0027500000000000003,skill_distractor,heldout_routing_repeat,set_minus,,,reef,identity,False,32,32,0,17,0,17,0.0,0.0,0.8425420000435224,7.525957999973798,8.494084000005842,heldout_context_routing,internal_context_shuffle_ablation,CRA_internal,MockSimulator,43,skill_distractor,heldout_routing_repeat,81,reef,identity,False,False,1,-0.0027500000000000003,0.0,0.0,0,False,1,False,-1,internal_context_shuffle_ablation,internal_ablation,context_shuffle,-0.0027500000000000003,False,reef,,False,32,32,17,0,17,-0.0027500000000000003,0.1,0.2,8,8
742,1000.0,8,8,0,8,0,0,2.4010588617808932,2.4010588617808932,2.4010588617808932,-0.7603701299307619,-0.0,0.018243066706185477,1.0,-0.7603701299307619,False,0,0,0,0,0,0.0,0.0,0.0,0.0,0.0,0,0.0,0,0,disabled,disabled,True,keyed,1,0,False,raw,0,0.005,0.005,default,0,True,keyed,0,0,False,raw,0,0.005,0.005,default,0,True,context_shuffle,False,raw,0.005,0.005,context_distractor,heldout_routing_repeat,set_minus,,,reef,identity,False,32,32,0,17,0,17,0.0,0.0,0.8340420000081394,7.224624999992102,8.196499999996831,heldout_context_routing,internal_context_shuffle_ablation,CRA_internal,MockSimulator,43,context_distractor,heldout_routing_repeat,81,reef,identity,False,False,1,0.005,0.0,0.0,0,False,-1,False,-1,internal_context_shuffle_ablation,internal_ablation,context_shuffle,0.005,False,reef,,False,32,32,17,0,17,0.005,0.1,0.2,8,8
743,1000.0,8,8,0,8,0,0,2.398814317571514,2.398814317571514,2.398814317571514,0.49932050170573594,0.0,0.01815283511302995,1.0,0.49932050170573594,False,0,0,0,0,0,0.0,0.0,0.0,0.0,0.0,0,0.0,0,0,disabled,disabled,True,keyed,1,0,False,raw,0,-0.0027500000000000003,-0.0027500000000000003,default,0,True,keyed,0,0,False,raw,0,-0.0027500000000000003,-0.0027500000000000003,default,0,True,context_shuffle,False,raw,-0.0027500000000000003,-0.0027500000000000003,skill_distractor,heldout_routing_repeat,set_minus,,,reef,identity,False,32,32,0,17,0,17,0.0,0.0,0.8095419999563092,7.728208000003178,8.66433299995606,heldout_context_routing,internal_context_shuffle_ablation,CRA_internal,MockSimulator,43,skill_distractor,heldout_routing_repeat,81,reef,identity,False,False,1,-0.0027500000000000003,0.0,0.0,0,False,1,False,-1,internal_context_shuffle_ablation,internal_ablation,context_shuffle,-0.0027500000000000003,False,reef,,False,32,32,17,0,17,-0.0027500000000000003,0.1,0.2,8,8
744,1000.0,8,8,0,8,0,0,2.3965806761494775,2.3965806761494775,2.3965806761494775,-0.9636143514389073,-0.0,0.018058915556918166,1.0,-0.9636143514389073,False,0,0,0,0,0,0.0,0.0,0.0,0.0,0.0,0,0.0,0,0,disabled,disabled,True,keyed,1,0,False,raw,0,0.01,0.01,default,0,True,keyed,0,0,False,raw,0,0.01,0.01,default,0,True,context_shuffle,False,raw,0.01,0.01,input,heldout_routing_repeat,set_minus,,,reef,identity,False,32,32,0,17,0,17,0.0,0.0,9.742291000009118,10.522084000001541,20.401416000026984,heldout_context_routing,internal_context_shuffle_ablation,CRA_internal,MockSimulator,43,input,heldout_routing_repeat,81,reef,identity,False,False,1,0.01,0.0,0.0,0,False,-1,False,-1,internal_context_shuffle_ablation,internal_ablation,context_shuffle,0.01,False,reef,,False,32,32,17,0,17,0.01,0.1,0.2,8,8
745,1000.0,8,8,0,8,0,0,2.3943578831456622,2.3943578831456622,2.3943578831456622,0.6420149920119997,0.9999946965622277,0.01796149164900564,1.0,0.6420149920119997,True,0,0,0,0,0,0.0,0.0,0.0,0.0,0.0,0,0.0,0,0,disabled,disabled,True,keyed,1,0,True,internal_keyed_context,1,0.01,0.01,default,0,True,keyed,0,0,False,raw,0,0.01,0.01,default,0,True,context_shuffle,True,internal_context_shuffle_router,0.01,0.01,decision,heldout_routing_repeat,set_minus,,set_plus,reef,identity,False,32,32,0,18,0,18,0.0,0.0,0.8909580000135975,9.39433299998882,10.436249999997926,heldout_context_routing,internal_context_shuffle_ablation,CRA_internal,MockSimulator,43,decision,heldout_routing_repeat,81,reef,identity,True,False,1,0.01,0.01,0.01,1,True,1,True,745,internal_context_shuffle_ablation,internal_ablation,context_shuffle,0.01,True,reef,set_plus,False,32,32,18,0,18,0.01,0.1,0.2,8,8
746,1000.0,8,8,0,8,0,0,2.3921458844621144,2.3921458844621144,2.3921458844621144,-0.5830984264542605,-0.0,0.01826074113118685,1.0,-0.5830984264542605,False,0,0,0,0,0,0.0,0.0,0.0,0.0,0.0,0,0.0,0,0,disabled,disabled,True,keyed,1,0,False,raw,0,0.0034000000000000002,0.0034000000000000002,default,0,True,keyed,0,0,False,raw,0,0.0034000000000000002,0.0034000000000000002,default,0,True,context_shuffle,False,raw,0.0034000000000000002,0.0034000000000000002,route_context,heldout_routing_repeat,set_minus,,,lagoon,invert,False,32,32,0,18,0,18,0.0,0.0,0.9070830000155183,8.707041999969078,9.766458000001421,heldout_context_routing,internal_context_shuffle_ablation,CRA_internal,MockSimulator,43,route_context,heldout_routing_repeat,82,lagoon,invert,False,False,-1,0.0034000000000000002,0.0,0.0,0,False,-1,False,-1,internal_context_shuffle_ablation,internal_ablation,context_shuffle,0.0034000000000000002,False,lagoon,,False,32,32,18,0,18,0.0034000000000000002,0.1,0.2,8,8
747,1000.0,8,8,0,8,0,0,2.3899446262706943,2.3899446262706943,2.3899446262706943,-0.7535394911278435,-0.0,0.01854083603742121,1.0,-0.7535394911278435,False,0,0,0,0,0,0.0,0.0,0.0,0.0,0.0,0,0.0,0,0,disabled,disabled,True,keyed,1,0,False,raw,0,0.005,0.005,default,0,True,keyed,0,0,False,raw,0,0.005,0.005,default,0,True,context_shuffle,False,raw,0.005,0.005,context_distractor,heldout_routing_repeat,set_minus,,,lagoon,invert,False,32,32,0,18,0,18,0.0,0.0,0.8243749999792271,7.898624999995718,8.859583000003113,heldout_context_routing,internal_context_shuffle_ablation,CRA_internal,MockSimulator,43,context_distractor,heldout_routing_repeat,82,lagoon,invert,False,False,-1,0.005,0.0,0.0,0,False,-1,False,-1,internal_context_shuffle_ablation,internal_ablation,context_shuffle,0.005,False,lagoon,,False,32,32,18,0,18,0.005,0.1,0.2,8,8
748,1000.0,8,8,0,8,0,0,2.3877540550117304,2.3877540550117304,2.3877540550117304,0.4926867876384815,0.0,0.01880242285095372,1.0,0.4926867876384815,False,0,0,0,0,0,0.0,0.0,0.0,0.0,0.0,0,0.0,0,0,disabled,disabled,True,keyed,1,0,False,raw,0,-0.0027500000000000003,-0.0027500000000000003,default,0,True,keyed,0,0,False,raw,0,-0.0027500000000000003,-0.0027500000000000003,default,0,True,context_shuffle,False,raw,-0.0027500000000000003,-0.0027500000000000003,skill_distractor,heldout_routing_repeat,set_minus,,,lagoon,invert,False,32,32,0,18,0,18,0.0,0.0,0.8636669999759761,8.875458000034087,9.878334000006816,heldout_context_routing,internal_context_shuffle_ablation,CRA_internal,MockSimulator,43,skill_distractor,heldout_routing_repeat,82,lagoon,invert,False,False,-1,-0.0027500000000000003,0.0,0.0,0,False,1,False,-1,internal_context_shuffle_ablation,internal_ablation,context_shuffle,-0.0027500000000000003,False,lagoon,,False,32,32,18,0,18,-0.0027500000000000003,0.1,0.2,8,8
749,1000.0,8,8,0,8,0,0,2.3855741173926823,2.3855741173926823,2.3855741173926823,-0.7535394911278434,-0.0,0.01904612985752996,1.0,-0.7535394911278434,False,0,0,0,0,0,0.0,0.0,0.0,0.0,0.0,0,0.0,0,0,disabled,disabled,True,keyed,1,0,False,raw,0,0.005,0.005,default,0,True,keyed,0,0,False,raw,0,0.005,0.005,default,0,True,context_shuffle,False,raw,0.005,0.005,context_distractor,heldout_routing_repeat,set_minus,,,lagoon,invert,False,32,32,0,18,0,18,0.0,0.0,0.9234579999883863,7.844541999986632,8.914333999996416,heldout_context_routing,internal_context_shuffle_ablation,CRA_internal,MockSimulator,43,context_distractor,heldout_routing_repeat,82,lagoon,invert,False,False,-1,0.005,0.0,0.0,0,False,-1,False,-1,internal_context_shuffle_ablation,internal_ablation,context_shuffle,0.005,False,lagoon,,False,32,32,18,0,18,0.005,0.1,0.2,8,8
750,1000.0,8,8,0,8,0,0,2.383404760386805,2.383404760386805,2.383404760386805,0.19373890270291036,0.0,0.01927256761470277,1.0,0.19373890270291036,False,0,0,0,0,0,0.0,0.0,0.0,0.0,0.0,0,0.0,0,0,disabled,disabled,True,keyed,1,0,False,raw,0,-0.001,-0.001,default,0,True,keyed,0,0,False,raw,0,-0.001,-0.001,default,0,True,context_shuffle,False,raw,-0.001,-0.001,skill_distractor,heldout_routing_repeat,set_minus,,,lagoon,invert,False,32,32,0,18,0,18,0.0,0.0,0.8465409999871554,7.606167000005826,8.599166999999852,heldout_context_routing,internal_context_shuffle_ablation,CRA_internal,MockSimulator,43,skill_distractor,heldout_routing_repeat,82,lagoon,invert,False,False,-1,-0.001,0.0,0.0,0,False,1,False,-1,internal_context_shuffle_ablation,internal_ablation,context_shuffle,-0.001,False,lagoon,,False,32,32,18,0,18,-0.001,0.1,0.2,8,8
751,1000.0,8,8,0,8,0,0,2.3812459312318275,2.3812459312318275,2.3812459312318275,-0.7535394911278435,-0.0,0.019482329409645654,1.0,-0.7535394911278435,False,0,0,0,0,0,0.0,0.0,0.0,0.0,0.0,0,0.0,0,0,disabled,disabled,True,keyed,1,0,False,raw,0,0.005,0.005,default,0,True,keyed,0,0,False,raw,0,0.005,0.005,default,0,True,context_shuffle,False,raw,0.005,0.005,context_distractor,heldout_routing_repeat,set_minus,,,lagoon,invert,False,32,32,0,18,0,18,0.0,0.0,0.8335829999737143,7.304542000042602,8.273333000033745,heldout_context_routing,internal_context_shuffle_ablation,CRA_internal,MockSimulator,43,context_distractor,heldout_routing_repeat,82,lagoon,invert,False,False,-1,0.005,0.0,0.0,0,False,-1,False,-1,internal_context_shuffle_ablation,internal_ablation,context_shuffle,0.005,False,lagoon,,False,32,32,18,0,18,0.005,0.1,0.2,8,8
752,1000.0,8,8,0,8,0,0,2.379097577428629,2.379097577428629,2.379097577428629,-0.19373890270291033,-0.0,0.019675991705744942,1.0,-0.19373890270291033,False,0,0,0,0,0,0.0,0.0,0.0,0.0,0.0,0,0.0,0,0,disabled,disabled,True,keyed,1,0,False,raw,0,0.001,0.001,default,0,True,keyed,0,0,False,raw,0,0.001,0.001,default,0,True,context_shuffle,False,raw,0.001,0.001,skill_distractor,heldout_routing_repeat,set_minus,,,lagoon,invert,False,32,32,0,18,0,18,0.0,0.0,0.8076249999930951,7.555833000026269,8.490375000008044,heldout_context_routing,internal_context_shuffle_ablation,CRA_internal,MockSimulator,43,skill_distractor,heldout_routing_repeat,82,lagoon,invert,False,False,-1,0.001,0.0,0.0,0,False,-1,False,-1,internal_context_shuffle_ablation,internal_ablation,context_shuffle,0.001,False,lagoon,,False,32,32,18,0,18,0.001,0.1,0.2,8,8
753,1000.0,8,8,0,8,0,0,2.3769596467399303,2.3769596467399303,2.3769596467399303,-0.33920524626071075,-0.0,0.0198541145782364,1.0,-0.33920524626071075,False,0,0,0,0,0,0.0,0.0,0.0,0.0,0.0,0,0.0,0,0,disabled,disabled,True,keyed,1,0,False,raw,0,0.0018,0.0018,default,0,True,keyed,0,0,False,raw,0,0.0018,0.0018,default,0,True,context_shuffle,False,raw,0.0018,0.0018,context_distractor,heldout_routing_repeat,set_minus,,,lagoon,invert,False,32,32,0,18,0,18,0.0,0.0,0.815333999980794,7.4534160000325755,8.401332999994793,heldout_context_routing,internal_context_shuffle_ablation,CRA_internal,MockSimulator,43,context_distractor,heldout_routing_repeat,82,lagoon,invert,False,False,-1,0.0018,0.0,0.0,0,False,-1,False,-1,internal_context_shuffle_ablation,internal_ablation,context_shuffle,0.0018,False,lagoon,,False,32,32,18,0,18,0.0018,0.1,0.2,8,8
754,1000.0,8,8,0,8,0,0,2.3748320871889868,2.3748320871889868,2.3748320871889868,-0.4926867876384815,-0.0,0.020017242139145904,1.0,-0.4926867876384815,False,0,0,0,0,0,0.0,0.0,0.0,0.0,0.0,0,0.0,0,0,disabled,disabled,True,keyed,1,0,False,raw,0,0.0027500000000000003,0.0027500000000000003,default,0,True,keyed,0,0,False,raw,0,0.0027500000000000003,0.0027500000000000003,default,0,True,context_shuffle,False,raw,0.0027500000000000003,0.0027500000000000003,skill_distractor,heldout_routing_repeat,set_minus,,,lagoon,invert,False,32,32,0,18,0,18,0.0,0.0,0.8006660000319243,7.5385000000096625,8.466417000022375,heldout_context_routing,internal_context_shuffle_ablation,CRA_internal,MockSimulator,43,skill_distractor,heldout_routing_repeat,82,lagoon,invert,False,False,-1,0.0027500000000000003,0.0,0.0,0,False,-1,False,-1,internal_context_shuffle_ablation,internal_ablation,context_shuffle,0.0027500000000000003,False,lagoon,,False,32,32,18,0,18,0.0027500000000000003,0.1,0.2,8,8
755,1000.0,8,8,0,8,0,0,2.372714847058288,2.372714847058288,2.372714847058288,-0.7535394911278435,-0.0,0.020165902951787735,1.0,-0.7535394911278435,False,0,0,0,0,0,0.0,0.0,0.0,0.0,0.0,0,0.0,0,0,disabled,disabled,True,keyed,1,0,False,raw,0,0.005,0.005,default,0,True,keyed,0,0,False,raw,0,0.005,0.005,default,0,True,context_shuffle,False,raw,0.005,0.005,context_distractor,heldout_routing_repeat,set_minus,,,lagoon,invert,False,32,32,0,18,0,18,0.0,0.0,0.8198330000368514,7.3374169999738115,8.29120899999225,heldout_context_routing,internal_context_shuffle_ablation,CRA_internal,MockSimulator,43,context_distractor,heldout_routing_repeat,82,lagoon,invert,False,False,-1,0.005,0.0,0.0,0,False,-1,False,-1,internal_context_shuffle_ablation,internal_ablation,context_shuffle,0.005,False,lagoon,,False,32,32,18,0,18,0.005,0.1,0.2,8,8
756,1000.0,8,8,0,8,0,0,2.370607874888266,2.370607874888266,2.370607874888266,0.4926867876384815,0.0,0.02030061043506823,1.0,0.4926867876384815,False,0,0,0,0,0,0.0,0.0,0.0,0.0,0.0,0,0.0,0,0,disabled,disabled,True,keyed,1,0,False,raw,0,-0.0027500000000000003,-0.0027500000000000003,default,0,True,keyed,0,0,False,raw,0,-0.0027500000000000003,-0.0027500000000000003,default,0,True,context_shuffle,False,raw,-0.0027500000000000003,-0.0027500000000000003,skill_distractor,heldout_routing_repeat,set_minus,,,lagoon,invert,False,32,32,0,18,0,18,0.0,0.0,0.8043749999728789,7.4655829999983325,8.396374999961154,heldout_context_routing,internal_context_shuffle_ablation,CRA_internal,MockSimulator,43,skill_distractor,heldout_routing_repeat,82,lagoon,invert,False,False,-1,-0.0027500000000000003,0.0,0.0,0,False,1,False,-1,internal_context_shuffle_ablation,internal_ablation,context_shuffle,-0.0027500000000000003,False,lagoon,,False,32,32,18,0,18,-0.0027500000000000003,0.1,0.2,8,8
757,1000.0,8,8,0,8,0,0,2.368511119476007,2.368511119476007,2.368511119476007,0.9612565766073775,0.0,0.020421863257836792,1.0,0.9612565766073775,False,0,0,0,0,0,0.0,0.0,0.0,0.0,0.0,0,0.0,0,0,disabled,disabled,True,keyed,1,0,False,raw,0,-0.01,-0.01,default,0,True,keyed,0,0,False,raw,0,-0.01,-0.01,default,0,True,context_shuffle,False,raw,-0.01,-0.01,input,heldout_routing_repeat,set_minus,,,lagoon,invert,False,32,32,0,18,0,18,0.0,0.0,0.8130830000254718,7.369666999977653,8.313790999977755,heldout_context_routing,internal_context_shuffle_ablation,CRA_internal,MockSimulator,43,input,heldout_routing_repeat,82,lagoon,invert,False,False,-1,-0.01,0.0,0.0,0,False,1,False,-1,internal_context_shuffle_ablation,internal_ablation,context_shuffle,-0.01,False,lagoon,,False,32,32,18,0,18,-0.01,0.1,0.2,8,8
758,1000.0,8,8,0,8,0,0,2.3664245298739743,2.3664245298739743,2.3664245298739743,-0.6420149920119997,-0.9999946965622277,0.020530145723520583,1.0,-0.6420149920119997,False,0,0,0,0,0,0.0,0.0,0.0,0.0,0.0,0,0.0,0,0,disabled,disabled,True,keyed,1,0,True,internal_keyed_context,-1,-0.01,-0.01,default,0,True,keyed,0,0,False,raw,0,-0.01,-0.01,default,0,True,context_shuffle,True,internal_context_shuffle_router,-0.01,-0.01,decision,heldout_routing_repeat,set_minus,,identity,lagoon,invert,False,32,32,0,19,0,19,0.0,0.0,0.7961669999758669,7.66270799999802,8.586333999971885,heldout_context_routing,internal_context_shuffle_ablation,CRA_internal,MockSimulator,43,decision,heldout_routing_repeat,82,lagoon,invert,True,False,-1,-0.01,0.01,0.01,1,True,-1,False,758,internal_context_shuffle_ablation,internal_ablation,context_shuffle,-0.01,True,lagoon,identity,False,32,32,19,0,19,-0.01,0.1,0.2,8,8
759,1000.0,8,8,0,8,0,0,2.3643480553887315,2.3643480553887315,2.3643480553887315,-0.6025093024130741,-0.0,0.02062592814527389,1.0,-0.6025093024130741,False,0,0,0,0,0,0.0,0.0,0.0,0.0,0.0,0,0.0,0,0,disabled,disabled,True,keyed,1,0,False,raw,0,0.0034000000000000002,0.0034000000000000002,default,0,True,keyed,0,0,False,raw,0,0.0034000000000000002,0.0034000000000000002,default,0,True,context_shuffle,False,raw,0.0034000000000000002,0.0034000000000000002,route_context,heldout_routing_repeat,set_minus,,,lagoon,invert,False,32,32,0,19,0,19,0.0,0.0,0.8216660000357479,7.335583999974915,8.291499999984353,heldout_context_routing,internal_context_shuffle_ablation,CRA_internal,MockSimulator,43,route_context,heldout_routing_repeat,83,lagoon,invert,False,False,1,0.0034000000000000002,0.0,0.0,0,False,-1,False,-1,internal_context_shuffle_ablation,internal_ablation,context_shuffle,0.0034000000000000002,False,lagoon,,False,32,32,19,0,19,0.0034000000000000002,0.1,0.2,8,8
760,1000.0,8,8,0,8,0,0,2.3622816455796767,2.3622816455796767,2.3622816455796767,-0.874794722221768,-0.0,0.020709667211867653,1.0,-0.874794722221768,False,0,0,0,0,0,0.0,0.0,0.0,0.0,0.0,0,0.0,0,0,disabled,disabled,True,keyed,1,0,False,raw,0,0.006600000000000001,0.006600000000000001,default,0,True,keyed,0,0,False,raw,0,0.006600000000000001,0.006600000000000001,default,0,True,context_shuffle,False,raw,0.006600000000000001,0.006600000000000001,context_distractor,heldout_routing_repeat,set_minus,,,lagoon,invert,False,32,32,0,19,0,19,0.0,0.0,0.7962500000076034,7.517124999992575,8.439874999965014,heldout_context_routing,internal_context_shuffle_ablation,CRA_internal,MockSimulator,43,context_distractor,heldout_routing_repeat,83,lagoon,invert,False,False,1,0.006600000000000001,0.0,0.0,0,False,-1,False,-1,internal_context_shuffle_ablation,internal_ablation,context_shuffle,0.006600000000000001,False,lagoon,,False,32,32,19,0,19,0.006600000000000001,0.1,0.2,8,8
761,1000.0,8,8,0,8,0,0,2.3602252502577814,2.3602252502577814,2.3602252502577814,0.2021975441473588,0.0,0.020781806344539556,1.0,0.2021975441473588,False,0,0,0,0,0,0.0,0.0,0.0,0.0,0.0,0,0.0,0,0,disabled,disabled,True,keyed,1,0,False,raw,0,-0.001,-0.001,default,0,True,keyed,0,0,False,raw,0,-0.001,-0.001,default,0,True,context_shuffle,False,raw,-0.001,-0.001,skill_distractor,heldout_routing_repeat,set_minus,,,lagoon,invert,False,32,32,0,19,0,19,0.0,0.0,0.8680420000359845,7.363707999957114,8.363958000018101,heldout_context_routing,internal_context_shuffle_ablation,CRA_internal,MockSimulator,43,skill_distractor,heldout_routing_repeat,83,lagoon,invert,False,False,1,-0.001,0.0,0.0,0,False,1,False,-1,internal_context_shuffle_ablation,internal_ablation,context_shuffle,-0.001,False,lagoon,,False,32,32,19,0,19,-0.001,0.1,0.2,8,8
762,1000.0,8,8,0,8,0,0,2.358178819484336,2.358178819484336,2.358178819484336,-0.3531525014287572,-0.0,0.02084277604501984,1.0,-0.3531525014287572,False,0,0,0,0,0,0.0,0.0,0.0,0.0,0.0,0,0.0,0,0,disabled,disabled,True,keyed,1,0,False,raw,0,0.0018,0.0018,default,0,True,keyed,0,0,False,raw,0,0.0018,0.0018,default,0,True,context_shuffle,False,raw,0.0018,0.0018,context_distractor,heldout_routing_repeat,set_minus,,,lagoon,invert,False,32,32,0,19,0,19,0.0,0.0,0.8161669999822152,7.810082999981205,8.752541000035308,heldout_context_routing,internal_context_shuffle_ablation,CRA_internal,MockSimulator,43,context_distractor,heldout_routing_repeat,83,lagoon,invert,False,False,1,0.0018,0.0,0.0,0,False,-1,False,-1,internal_context_shuffle_ablation,internal_ablation,context_shuffle,0.0018,False,lagoon,,False,32,32,19,0,19,0.0018,0.1,0.2,8,8
763,1000.0,8,8,0,8,0,0,2.3561423035697007,2.3561423035697007,2.3561423035697007,0.2021975441473588,0.0,0.020892994234943094,1.0,0.2021975441473588,False,0,0,0,0,0,0.0,0.0,0.0,0.0,0.0,0,0.0,0,0,disabled,disabled,True,keyed,1,0,False,raw,0,-0.001,-0.001,default,0,True,keyed,0,0,False,raw,0,-0.001,-0.001,default,0,True,context_shuffle,False,raw,-0.001,-0.001,skill_distractor,heldout_routing_repeat,set_minus,,,lagoon,invert,False,32,32,0,19,0,19,0.0,0.0,0.8290419999639198,7.521208000014212,8.487166999998408,heldout_context_routing,internal_context_shuffle_ablation,CRA_internal,MockSimulator,43,skill_distractor,heldout_routing_repeat,83,lagoon,invert,False,False,1,-0.001,0.0,0.0,0,False,1,False,-1,internal_context_shuffle_ablation,internal_ablation,context_shuffle,-0.001,False,lagoon,,False,32,32,19,0,19,-0.001,0.1,0.2,8,8
764,1000.0,8,8,0,8,0,0,2.3541156530720633,2.3541156530720633,2.3541156530720633,-0.7719411379604909,-0.0,0.02093286658685141,1.0,-0.7719411379604909,False,0,0,0,0,0,0.0,0.0,0.0,0.0,0.0,0,0.0,0,0,disabled,disabled,True,keyed,1,0,False,raw,0,0.005,0.005,default,0,True,keyed,0,0,False,raw,0,0.005,0.005,default,0,True,context_shuffle,False,raw,0.005,0.005,context_distractor,heldout_routing_repeat,set_minus,,,lagoon,invert,False,32,32,0,19,0,19,0.0,0.0,0.8098330000052556,7.56837500000529,8.508667000000969,heldout_context_routing,internal_context_shuffle_ablation,CRA_internal,MockSimulator,43,context_distractor,heldout_routing_repeat,83,lagoon,invert,False,False,1,0.005,0.0,0.0,0,False,-1,False,-1,internal_context_shuffle_ablation,internal_ablation,context_shuffle,0.005,False,lagoon,,False,32,32,19,0,19,0.005,0.1,0.2,8,8
765,1000.0,8,8,0,8,0,0,2.3520988187962044,2.3520988187962044,2.3520988187962044,0.5108006450828859,0.0,0.020962786846989413,1.0,0.5108006450828859,False,0,0,0,0,0,0.0,0.0,0.0,0.0,0.0,0,0.0,0,0,disabled,disabled,True,keyed,1,0,False,raw,0,-0.0027500000000000003,-0.0027500000000000003,default,0,True,keyed,0,0,False,raw,0,-0.0027500000000000003,-0.0027500000000000003,default,0,True,context_shuffle,False,raw,-0.0027500000000000003,-0.0027500000000000003,skill_distractor,heldout_routing_repeat,set_minus,,,lagoon,invert,False,32,32,0,19,0,19,0.0,0.0,0.8181669999771657,7.399708000036753,8.351458999982242,heldout_context_routing,internal_context_shuffle_ablation,CRA_internal,MockSimulator,43,skill_distractor,heldout_routing_repeat,83,lagoon,invert,False,False,1,-0.0027500000000000003,0.0,0.0,0,False,1,False,-1,internal_context_shuffle_ablation,internal_ablation,context_shuffle,-0.0027500000000000003,False,lagoon,,False,32,32,19,0,19,-0.0027500000000000003,0.1,0.2,8,8
766,1000.0,8,8,0,8,0,0,2.3500917517922653,2.3500917517922653,2.3500917517922653,-0.7719411379604907,-0.0,0.02098313715008716,1.0,-0.7719411379604907,False,0,0,0,0,0,0.0,0.0,0.0,0.0,0.0,0,0.0,0,0,disabled,disabled,True,keyed,1,0,False,raw,0,0.005,0.005,default,0,True,keyed,0,0,False,raw,0,0.005,0.005,default,0,True,context_shuffle,False,raw,0.005,0.005,context_distractor,heldout_routing_repeat,set_minus,,,lagoon,invert,False,32,32,0,19,0,19,0.0,0.0,0.8022080000387177,7.561124999995172,8.493959000020368,heldout_context_routing,internal_context_shuffle_ablation,CRA_internal,MockSimulator,43,context_distractor,heldout_routing_repeat,83,lagoon,invert,False,False,1,0.005,0.0,0.0,0,False,-1,False,-1,internal_context_shuffle_ablation,internal_ablation,context_shuffle,0.005,False,lagoon,,False,32,32,19,0,19,0.005,0.1,0.2,8,8
767,1000.0,8,8,0,8,0,0,2.3480944033545263,2.3480944033545263,2.3480944033545263,0.2021975441473588,0.0,0.0209942883263222,1.0,0.2021975441473588,False,0,0,0,0,0,0.0,0.0,0.0,0.0,0.0,0,0.0,0,0,disabled,disabled,True,keyed,1,0,False,raw,0,-0.001,-0.001,default,0,True,keyed,0,0,False,raw,0,-0.001,-0.001,default,0,True,context_shuffle,False,raw,-0.001,-0.001,skill_distractor,heldout_routing_repeat,set_minus,,,lagoon,invert,False,32,32,0,19,0,19,0.0,0.0,0.8169580000298993,7.44129200000998,8.3869590000063,heldout_context_routing,internal_context_shuffle_ablation,CRA_internal,MockSimulator,43,skill_distractor,heldout_routing_repeat,83,lagoon,invert,False,False,1,-0.001,0.0,0.0,0,False,1,False,-1,internal_context_shuffle_ablation,internal_ablation,context_shuffle,-0.001,False,lagoon,,False,32,32,19,0,19,-0.001,0.1,0.2,8,8
768,1000.0,8,8,0,8,0,0,2.3461067250201877,2.3461067250201877,2.3461067250201877,-0.3531525014287572,-0.0,0.0209966002006478,1.0,-0.3531525014287572,False,0,0,0,0,0,0.0,0.0,0.0,0.0,0.0,0,0.0,0,0,disabled,disabled,True,keyed,1,0,False,raw,0,0.0018,0.0018,default,0,True,keyed,0,0,False,raw,0,0.0018,0.0018,default,0,True,context_shuffle,False,raw,0.0018,0.0018,context_distractor,heldout_routing_repeat,set_minus,,,lagoon,invert,False,32,32,0,19,0,19,0.0,0.0,0.7973749999905522,7.602374999976291,8.525541999972575,heldout_context_routing,internal_context_shuffle_ablation,CRA_internal,MockSimulator,43,context_distractor,heldout_routing_repeat,83,lagoon,invert,False,False,1,0.0018,0.0,0.0,0,False,-1,False,-1,internal_context_shuffle_ablation,internal_ablation,context_shuffle,0.0018,False,lagoon,,False,32,32,19,0,19,0.0018,0.1,0.2,8,8
769,1000.0,8,8,0,8,0,0,2.344128668568159,2.344128668568159,2.344128668568159,-0.5108006450828859,-0.0,0.02099042188466985,1.0,-0.5108006450828859,False,0,0,0,0,0,0.0,0.0,0.0,0.0,0.0,0,0.0,0,0,disabled,disabled,True,keyed,1,0,False,raw,0,0.0027500000000000003,0.0027500000000000003,default,0,True,keyed,0,0,False,raw,0,0.0027500000000000003,0.0027500000000000003,default,0,True,context_shuffle,False,raw,0.0027500000000000003,0.0027500000000000003,skill_distractor,heldout_routing_repeat,set_minus,,,lagoon,invert,False,32,32,0,19,0,19,0.0,0.0,0.8380419999980404,7.507083000007242,8.475166999971862,heldout_context_routing,internal_context_shuffle_ablation,CRA_internal,MockSimulator,43,skill_distractor,heldout_routing_repeat,83,lagoon,invert,False,False,1,0.0027500000000000003,0.0,0.0,0,False,-1,False,-1,internal_context_shuffle_ablation,internal_ablation,context_shuffle,0.0027500000000000003,False,lagoon,,False,32,32,19,0,19,0.0027500000000000003,0.1,0.2,8,8
770,1000.0,8,8,0,8,0,0,2.3421601860178534,2.3421601860178534,2.3421601860178534,-0.9674095690447921,-0.0,0.02097609206125076,1.0,-0.9674095690447921,False,0,0,0,0,0,0.0,0.0,0.0,0.0,0.0,0,0.0,0,0,disabled,disabled,True,keyed,1,0,False,raw,0,0.01,0.01,default,0,True,keyed,0,0,False,raw,0,0.01,0.01,default,0,True,context_shuffle,False,raw,0.01,0.01,input,heldout_routing_repeat,set_minus,,,lagoon,invert,False,32,32,0,19,0,19,0.0,0.0,0.8036250000031941,7.783625000001848,8.715166999991197,heldout_context_routing,internal_context_shuffle_ablation,CRA_internal,MockSimulator,43,input,heldout_routing_repeat,83,lagoon,invert,False,False,1,0.01,0.0,0.0,0,False,-1,False,-1,internal_context_shuffle_ablation,internal_ablation,context_shuffle,0.01,False,lagoon,,False,32,32,19,0,19,0.01,0.1,0.2,8,8
771,1000.0,8,8,0,8,0,0,2.3402012296279877,2.3402012296279877,2.3402012296279877,0.6420149920119997,-0.9999946965622277,0.020953939262014564,1.0,0.6420149920119997,False,0,0,0,0,0,0.0,0.0,0.0,0.0,0.0,0,0.0,0,0,disabled,disabled,True,keyed,1,0,True,internal_keyed_context,1,0.01,0.01,default,0,True,keyed,0,0,False,raw,0,0.01,0.01,default,0,True,context_shuffle,True,internal_context_shuffle_router,0.01,0.01,decision,heldout_routing_repeat,set_minus,,identity,lagoon,invert,False,32,32,0,20,0,20,0.0,0.0,0.8204169999999067,7.57058300001745,8.52816700000858,heldout_context_routing,internal_context_shuffle_ablation,CRA_internal,MockSimulator,43,decision,heldout_routing_repeat,83,lagoon,invert,True,False,1,0.01,-0.01,-0.01,-1,True,1,False,771,internal_context_shuffle_ablation,internal_ablation,context_shuffle,0.01,True,lagoon,identity,False,32,32,20,0,20,0.01,0.1,0.2,8,8
772,1000.0,8,8,0,8,0,0,2.3382517518953887,2.3382517518953887,2.3382517518953887,-0.8877479352742395,-0.0,0.020924282137923318,1.0,-0.8877479352742395,False,0,0,0,0,0,0.0,0.0,0.0,0.0,0.0,0,0.0,0,0,disabled,disabled,True,keyed,1,0,False,raw,0,0.006600000000000001,0.006600000000000001,default,0,True,keyed,0,0,False,raw,0,0.006600000000000001,0.006600000000000001,default,0,True,context_shuffle,False,raw,0.006600000000000001,0.006600000000000001,route_context,heldout_routing_repeat,set_minus,,,deep,set_minus,False,32,32,0,20,0,20,0.0,0.0,0.8248329999673842,7.663542000045709,8.617458000003353,heldout_context_routing,internal_context_shuffle_ablation,CRA_internal,MockSimulator,43,route_context,heldout_routing_repeat,84,deep,set_minus,False,False,-1,0.006600000000000001,0.0,0.0,0,False,-1,False,-1,internal_context_shuffle_ablation,internal_ablation,context_shuffle,0.006600000000000001,False,deep,,False,32,32,20,0,20,0.006600000000000001,0.1,0.2,8,8
773,1000.0,8,8,0,8,0,0,2.3363117055538067,2.3363117055538067,2.3363117055538067,-0.789117460695123,-0.0,0.020887429723090913,1.0,-0.789117460695123,False,0,0,0,0,0,0.0,0.0,0.0,0.0,0.0,0,0.0,0,0,disabled,disabled,True,keyed,1,0,False,raw,0,0.005,0.005,default,0,True,keyed,0,0,False,raw,0,0.005,0.005,default,0,True,context_shuffle,False,raw,0.005,0.005,context_distractor,heldout_routing_repeat,set_minus,,,deep,set_minus,False,32,32,0,20,0,20,0.0,0.0,0.8168330000444257,7.61704199999258,8.564167000031375,heldout_context_routing,internal_context_shuffle_ablation,CRA_internal,MockSimulator,43,context_distractor,heldout_routing_repeat,84,deep,set_minus,False,False,-1,0.005,0.0,0.0,0,False,-1,False,-1,internal_context_shuffle_ablation,internal_ablation,context_shuffle,0.005,False,deep,,False,32,32,20,0,20,0.005,0.1,0.2,8,8
774,1000.0,8,8,0,8,0,0,2.3343810435727326,2.3343810435727326,2.3343810435727326,-0.21061771235137677,-0.0,0.020843681691996636,1.0,-0.21061771235137677,False,0,0,0,0,0,0.0,0.0,0.0,0.0,0.0,0,0.0,0,0,disabled,disabled,True,keyed,1,0,False,raw,0,0.001,0.001,default,0,True,keyed,0,0,False,raw,0,0.001,0.001,default,0,True,context_shuffle,False,raw,0.001,0.001,skill_distractor,heldout_routing_repeat,set_minus,,,deep,set_minus,False,32,32,0,20,0,20,0.0,0.0,0.9537079999972775,7.519375000015316,8.59962499998801,heldout_context_routing,internal_context_shuffle_ablation,CRA_internal,MockSimulator,43,skill_distractor,heldout_routing_repeat,84,deep,set_minus,False,False,-1,0.001,0.0,0.0,0,False,-1,False,-1,internal_context_shuffle_ablation,internal_ablation,context_shuffle,0.001,False,deep,,False,32,32,20,0,20,0.001,0.1,0.2,8,8
775,1000.0,8,8,0,8,0,0,2.332459719156223,2.332459719156223,2.332459719156223,-0.789117460695123,-0.0,0.020793328610256893,1.0,-0.789117460695123,False,0,0,0,0,0,0.0,0.0,0.0,0.0,0.0,0,0.0,0,0,disabled,disabled,True,keyed,1,0,False,raw,0,0.005,0.005,default,0,True,keyed,0,0,False,raw,0,0.005,0.005,default,0,True,context_shuffle,False,raw,0.005,0.005,context_distractor,heldout_routing_repeat,set_minus,,,deep,set_minus,False,32,32,0,20,0,20,0.0,0.0,0.8040000000164582,7.679624999980206,8.613708999973824,heldout_context_routing,internal_context_shuffle_ablation,CRA_internal,MockSimulator,43,context_distractor,heldout_routing_repeat,84,deep,set_minus,False,False,-1,0.005,0.0,0.0,0,False,-1,False,-1,internal_context_shuffle_ablation,internal_ablation,context_shuffle,0.005,False,deep,,False,32,32,20,0,20,0.005,0.1,0.2,8,8
776,1000.0,8,8,0,8,0,0,2.33054768574173,2.33054768574173,2.33054768574173,0.5284545973025773,0.0,0.020736652179109943,1.0,0.5284545973025773,False,0,0,0,0,0,0.0,0.0,0.0,0.0,0.0,0,0.0,0,0,disabled,disabled,True,keyed,1,0,False,raw,0,-0.0027500000000000003,-0.0027500000000000003,default,0,True,keyed,0,0,False,raw,0,-0.0027500000000000003,-0.0027500000000000003,default,0,True,context_shuffle,False,raw,-0.0027500000000000003,-0.0027500000000000003,skill_distractor,heldout_routing_repeat,set_minus,,,deep,set_minus,False,32,32,0,20,0,20,0.0,0.0,0.8087499999760439,7.55308300000479,8.497916000010264,heldout_context_routing,internal_context_shuffle_ablation,CRA_internal,MockSimulator,43,skill_distractor,heldout_routing_repeat,84,deep,set_minus,False,False,-1,-0.0027500000000000003,0.0,0.0,0,False,1,False,-1,internal_context_shuffle_ablation,internal_ablation,context_shuffle,-0.0027500000000000003,False,deep,,False,32,32,20,0,20,-0.0027500000000000003,0.1,0.2,8,8
777,1000.0,8,8,0,8,0,0,2.3286448969989375,2.3286448969989375,2.3286448969989375,-0.36693081891574053,-0.0,0.020673925473764766,1.0,-0.36693081891574053,False,0,0,0,0,0,0.0,0.0,0.0,0.0,0.0,0,0.0,0,0,disabled,disabled,True,keyed,1,0,False,raw,0,0.0018,0.0018,default,0,True,keyed,0,0,False,raw,0,0.0018,0.0018,default,0,True,context_shuffle,False,raw,0.0018,0.0018,context_distractor,heldout_routing_repeat,set_minus,,,deep,set_minus,False,32,32,0,20,0,20,0.0,0.0,0.8029159999978219,7.941458999994211,8.869915999980549,heldout_context_routing,internal_context_shuffle_ablation,CRA_internal,MockSimulator,43,context_distractor,heldout_routing_repeat,84,deep,set_minus,False,False,-1,0.0018,0.0,0.0,0,False,-1,False,-1,internal_context_shuffle_ablation,internal_ablation,context_shuffle,0.0018,False,deep,,False,32,32,20,0,20,0.0018,0.1,0.2,8,8
778,1000.0,8,8,0,8,0,0,2.3267513068286014,2.3267513068286014,2.3267513068286014,-0.21061771235137675,-0.0,0.020605413175761752,1.0,-0.21061771235137675,False,0,0,0,0,0,0.0,0.0,0.0,0.0,0.0,0,0.0,0,0,disabled,disabled,True,keyed,1,0,False,raw,0,0.001,0.001,default,0,True,keyed,0,0,False,raw,0,0.001,0.001,default,0,True,context_shuffle,False,raw,0.001,0.001,skill_distractor,heldout_routing_repeat,set_minus,,,deep,set_minus,False,32,32,0,20,0,20,0.0,0.0,0.8102090000079443,7.566250000024866,8.506291999992754,heldout_context_routing,internal_context_shuffle_ablation,CRA_internal,MockSimulator,43,skill_distractor,heldout_routing_repeat,84,deep,set_minus,False,False,-1,0.001,0.0,0.0,0,False,-1,False,-1,internal_context_shuffle_ablation,internal_ablation,context_shuffle,0.001,False,deep,,False,32,32,20,0,20,0.001,0.1,0.2,8,8
779,1000.0,8,8,0,8,0,0,2.3248668693613994,2.3248668693613994,2.3248668693613994,-0.6212142624252763,-0.0,0.020531371799489356,1.0,-0.6212142624252763,False,0,0,0,0,0,0.0,0.0,0.0,0.0,0.0,0,0.0,0,0,disabled,disabled,True,keyed,1,0,False,raw,0,0.0034000000000000002,0.0034000000000000002,default,0,True,keyed,0,0,False,raw,0,0.0034000000000000002,0.0034000000000000002,default,0,True,context_shuffle,False,raw,0.0034000000000000002,0.0034000000000000002,context_distractor,heldout_routing_repeat,set_minus,,,deep,set_minus,False,32,32,0,20,0,20,0.0,0.0,0.8083750000196233,7.641165999984878,8.57587500001955,heldout_context_routing,internal_context_shuffle_ablation,CRA_internal,MockSimulator,43,context_distractor,heldout_routing_repeat,84,deep,set_minus,False,False,-1,0.0034000000000000002,0.0,0.0,0,False,-1,False,-1,internal_context_shuffle_ablation,internal_ablation,context_shuffle,0.0034000000000000002,False,deep,,False,32,32,20,0,20,0.0034000000000000002,0.1,0.2,8,8
780,1000.0,8,8,0,8,0,0,2.3229915389567823,2.3229915389567823,2.3229915389567823,-0.21061771235137677,-0.0,0.020452049912997552,1.0,-0.21061771235137677,False,0,0,0,0,0,0.0,0.0,0.0,0.0,0.0,0,0.0,0,0,disabled,disabled,True,keyed,1,0,False,raw,0,0.001,0.001,default,0,True,keyed,0,0,False,raw,0,0.001,0.001,default,0,True,context_shuffle,False,raw,0.001,0.001,skill_distractor,heldout_routing_repeat,set_minus,,,deep,set_minus,False,32,32,0,20,0,20,0.0,0.0,0.815958000032424,7.510916999990513,8.455875000038304,heldout_context_routing,internal_context_shuffle_ablation,CRA_internal,MockSimulator,43,skill_distractor,heldout_routing_repeat,84,deep,set_minus,False,False,-1,0.001,0.0,0.0,0,False,-1,False,-1,internal_context_shuffle_ablation,internal_ablation,context_shuffle,0.001,False,deep,,False,32,32,20,0,20,0.001,0.1,0.2,8,8
781,1000.0,8,8,0,8,0,0,2.3211252702018346,2.3211252702018346,2.3211252702018346,-0.6212142624252763,-0.0,0.020367688353245626,1.0,-0.6212142624252763,False,0,0,0,0,0,0.0,0.0,0.0,0.0,0.0,0,0.0,0,0,disabled,disabled,True,keyed,1,0,False,raw,0,0.0034000000000000002,0.0034000000000000002,default,0,True,keyed,0,0,False,raw,0,0.0034000000000000002,0.0034000000000000002,default,0,True,context_shuffle,False,raw,0.0034000000000000002,0.0034000000000000002,context_distractor,heldout_routing_repeat,set_minus,,,deep,set_minus,False,32,32,0,20,0,20,0.0,0.0,0.7971250000196051,7.688999999970747,8.613084000046456,heldout_context_routing,internal_context_shuffle_ablation,CRA_internal,MockSimulator,43,context_distractor,heldout_routing_repeat,84,deep,set_minus,False,False,-1,0.0034000000000000002,0.0,0.0,0,False,-1,False,-1,internal_context_shuffle_ablation,internal_ablation,context_shuffle,0.0034000000000000002,False,deep,,False,32,32,20,0,20,0.0034000000000000002,0.1,0.2,8,8
782,1000.0,8,8,0,8,0,0,2.3192680179101375,2.3192680179101375,2.3192680179101375,0.5284545973025773,0.0,0.020278520435918573,1.0,0.5284545973025773,False,0,0,0,0,0,0.0,0.0,0.0,0.0,0.0,0,0.0,0,0,disabled,disabled,True,keyed,1,0,False,raw,0,-0.0027500000000000003,-0.0027500000000000003,default,0,True,keyed,0,0,False,raw,0,-0.0027500000000000003,-0.0027500000000000003,default,0,True,context_shuffle,False,raw,-0.0027500000000000003,-0.0027500000000000003,skill_distractor,heldout_routing_repeat,set_minus,,,deep,set_minus,False,32,32,0,20,0,20,0.0,0.0,0.8085410000262527,7.5527919999558435,8.494750000011209,heldout_context_routing,internal_context_shuffle_ablation,CRA_internal,MockSimulator,43,skill_distractor,heldout_routing_repeat,84,deep,set_minus,False,False,-1,-0.0027500000000000003,0.0,0.0,0,False,1,False,-1,internal_context_shuffle_ablation,internal_ablation,context_shuffle,-0.0027500000000000003,False,deep,,False,32,32,20,0,20,-0.0027500000000000003,0.1,0.2,8,8
783,1000.0,8,8,0,8,0,0,2.317419737120641,2.317419737120641,2.317419737120641,0.9725942744206483,0.0,0.020184772159943305,1.0,0.9725942744206483,False,0,0,0,0,0,0.0,0.0,0.0,0.0,0.0,0,0.0,0,0,disabled,disabled,True,keyed,1,0,False,raw,0,-0.01,-0.01,default,0,True,keyed,0,0,False,raw,0,-0.01,-0.01,default,0,True,context_shuffle,False,raw,-0.01,-0.01,input,heldout_routing_repeat,set_minus,,,deep,set_minus,False,32,32,0,20,0,20,0.0,0.0,0.8126249999804713,7.772791999968831,8.711000000005242,heldout_context_routing,internal_context_shuffle_ablation,CRA_internal,MockSimulator,43,input,heldout_routing_repeat,84,deep,set_minus,False,False,-1,-0.01,0.0,0.0,0,False,1,False,-1,internal_context_shuffle_ablation,internal_ablation,context_shuffle,-0.01,False,deep,,False,32,32,20,0,20,-0.01,0.1,0.2,8,8
784,1000.0,8,8,0,8,0,0,2.3155803830965387,2.3155803830965387,2.3155803830965387,0.6420149920119997,-0.9999946965622277,0.02008666240683268,1.0,0.6420149920119997,False,0,0,0,0,0,0.0,0.0,0.0,0.0,0.0,0,0.0,0,0,disabled,disabled,True,keyed,1,0,True,internal_keyed_context,-1,-0.01,-0.01,default,0,True,keyed,0,0,False,raw,0,-0.01,-0.01,default,0,True,context_shuffle,True,internal_context_shuffle_router,-0.01,0.01,decision,heldout_routing_repeat,set_minus,,invert,deep,set_minus,False,32,32,0,21,0,21,0.0,0.0,0.8136659999991025,7.604709000020193,8.551583999974355,heldout_context_routing,internal_context_shuffle_ablation,CRA_internal,MockSimulator,43,decision,heldout_routing_repeat,84,deep,set_minus,True,False,-1,-0.01,-0.01,-0.01,-1,True,1,False,784,internal_context_shuffle_ablation,internal_ablation,context_shuffle,-0.01,True,deep,invert,False,32,32,21,0,21,0.01,0.1,0.2,8,8
785,1000.0,8,8,0,8,0,0,2.3137499113241495,2.3137499113241495,2.3137499113241495,-0.8994218589225722,-0.0,0.019984403134982502,1.0,-0.8994218589225722,False,0,0,0,0,0,0.0,0.0,0.0,0.0,0.0,0,0.0,0,0,disabled,disabled,True,keyed,1,0,False,raw,0,0.006600000000000001,0.006600000000000001,default,0,True,keyed,0,0,False,raw,0,0.006600000000000001,0.006600000000000001,default,0,True,context_shuffle,False,raw,0.006600000000000001,0.006600000000000001,route_context,heldout_routing_repeat,set_minus,,,deep,set_minus,False,32,32,0,21,0,21,0.0,0.0,0.8190830000103233,7.706958000028408,8.66262499999948,heldout_context_routing,internal_context_shuffle_ablation,CRA_internal,MockSimulator,43,route_context,heldout_routing_repeat,85,deep,set_minus,False,False,1,0.006600000000000001,0.0,0.0,0,False,-1,False,-1,internal_context_shuffle_ablation,internal_ablation,context_shuffle,0.006600000000000001,False,deep,,False,32,32,21,0,21,0.006600000000000001,0.1,0.2,8,8
786,1000.0,8,8,0,8,0,0,2.311928277511805,2.311928277511805,2.311928277511805,-0.38053646377357375,-0.0,0.0198781995690436,1.0,-0.38053646377357375,False,0,0,0,0,0,0.0,0.0,0.0,0.0,0.0,0,0.0,0,0,disabled,disabled,True,keyed,1,0,False,raw,0,0.0018,0.0018,default,0,True,keyed,0,0,False,raw,0,0.0018,0.0018,default,0,True,context_shuffle,False,raw,0.0018,0.0018,context_distractor,heldout_routing_repeat,set_minus,,,deep,set_minus,False,32,32,0,21,0,21,0.0,0.0,0.8070830000406204,7.590582999966955,8.52870799997163,heldout_context_routing,internal_context_shuffle_ablation,CRA_internal,MockSimulator,43,context_distractor,heldout_routing_repeat,85,deep,set_minus,False,False,1,0.0018,0.0,0.0,0,False,-1,False,-1,internal_context_shuffle_ablation,internal_ablation,context_shuffle,0.0018,False,deep,,False,32,32,21,0,21,0.0018,0.1,0.2,8,8
787,1000.0,8,8,0,8,0,0,2.3101154375887427,2.3101154375887427,2.3101154375887427,0.2189983714281618,0.0,0.01976825038448826,1.0,0.2189983714281618,False,0,0,0,0,0,0.0,0.0,0.0,0.0,0.0,0,0.0,0,0,disabled,disabled,True,keyed,1,0,False,raw,0,-0.001,-0.001,default,0,True,keyed,0,0,False,raw,0,-0.001,-0.001,default,0,True,context_shuffle,False,raw,-0.001,-0.001,skill_distractor,heldout_routing_repeat,set_minus,,,deep,set_minus,False,32,32,0,21,0,21,0.0,0.0,0.8007910000173979,7.807291999995414,8.73416700000007,heldout_context_routing,internal_context_shuffle_ablation,CRA_internal,MockSimulator,43,skill_distractor,heldout_routing_repeat,85,deep,set_minus,False,False,1,-0.001,0.0,0.0,0,False,1,False,-1,internal_context_shuffle_ablation,internal_ablation,context_shuffle,-0.001,False,deep,,False,32,32,21,0,21,-0.001,0.1,0.2,8,8
788,1000.0,8,8,0,8,0,0,2.308311347704003,2.308311347704003,2.308311347704003,-0.8051269345709604,-0.0,0.019654747887487514,1.0,-0.8051269345709604,False,0,0,0,0,0,0.0,0.0,0.0,0.0,0.0,0,0.0,0,0,disabled,disabled,True,keyed,1,0,False,raw,0,0.005,0.005,default,0,True,keyed,0,0,False,raw,0,0.005,0.005,default,0,True,context_shuffle,False,raw,0.005,0.005,context_distractor,heldout_routing_repeat,set_minus,,,deep,set_minus,False,32,32,0,21,0,21,0.0,0.0,0.8120830000279966,7.679416999962996,8.621459000039522,heldout_context_routing,internal_context_shuffle_ablation,CRA_internal,MockSimulator,43,context_distractor,heldout_routing_repeat,85,deep,set_minus,False,False,1,0.005,0.0,0.0,0,False,-1,False,-1,internal_context_shuffle_ablation,internal_ablation,context_shuffle,0.005,False,deep,,False,32,32,21,0,21,0.005,0.1,0.2,8,8
789,1000.0,8,8,0,8,0,0,2.306515964225334,2.306515964225334,2.306515964225334,0.5456460669283123,0.0,0.019537878190213003,1.0,0.5456460669283123,False,0,0,0,0,0,0.0,0.0,0.0,0.0,0.0,0,0.0,0,0,disabled,disabled,True,keyed,1,0,False,raw,0,-0.0027500000000000003,-0.0027500000000000003,default,0,True,keyed,0,0,False,raw,0,-0.0027500000000000003,-0.0027500000000000003,default,0,True,context_shuffle,False,raw,-0.0027500000000000003,-0.0027500000000000003,skill_distractor,heldout_routing_repeat,set_minus,,,deep,set_minus,False,32,32,0,21,0,21,0.0,0.0,0.8204590000104872,7.864165999990291,8.811999999977616,heldout_context_routing,internal_context_shuffle_ablation,CRA_internal,MockSimulator,43,skill_distractor,heldout_routing_repeat,85,deep,set_minus,False,False,1,-0.0027500000000000003,0.0,0.0,0,False,1,False,-1,internal_context_shuffle_ablation,internal_ablation,context_shuffle,-0.0027500000000000003,False,deep,,False,32,32,21,0,21,-0.0027500000000000003,0.1,0.2,8,8
790,1000.0,8,8,0,8,0,0,2.3047292437381,2.3047292437381,2.3047292437381,-0.8051269345709604,-0.0,0.019417821381674482,1.0,-0.8051269345709604,False,0,0,0,0,0,0.0,0.0,0.0,0.0,0.0,0,0.0,0,0,disabled,disabled,True,keyed,1,0,False,raw,0,0.005,0.005,default,0,True,keyed,0,0,False,raw,0,0.005,0.005,default,0,True,context_shuffle,False,raw,0.005,0.005,context_distractor,heldout_routing_repeat,set_minus,,,deep,set_minus,False,32,32,0,21,0,21,0.0,0.0,0.817707999999584,7.652624999991531,8.601375000012013,heldout_context_routing,internal_context_shuffle_ablation,CRA_internal,MockSimulator,43,context_distractor,heldout_routing_repeat,85,deep,set_minus,False,False,1,0.005,0.0,0.0,0,False,-1,False,-1,internal_context_shuffle_ablation,internal_ablation,context_shuffle,0.005,False,deep,,False,32,32,21,0,21,0.005,0.1,0.2,8,8
791,1000.0,8,8,0,8,0,0,2.3029511430441967,2.3029511430441967,2.3029511430441967,0.5456460669283123,0.0,0.019294751694201414,1.0,0.5456460669283123,False,0,0,0,0,0,0.0,0.0,0.0,0.0,0.0,0,0.0,0,0,disabled,disabled,True,keyed,1,0,False,raw,0,-0.0027500000000000003,-0.0027500000000000003,default,0,True,keyed,0,0,False,raw,0,-0.0027500000000000003,-0.0027500000000000003,default,0,True,context_shuffle,False,raw,-0.0027500000000000003,-0.0027500000000000003,skill_distractor,heldout_routing_repeat,set_minus,,,deep,set_minus,False,32,32,0,21,0,21,0.0,0.0,0.8026250000057189,7.76558299997987,8.695124999974269,heldout_context_routing,internal_context_shuffle_ablation,CRA_internal,MockSimulator,43,skill_distractor,heldout_routing_repeat,85,deep,set_minus,False,False,1,-0.0027500000000000003,0.0,0.0,0,False,1,False,-1,internal_context_shuffle_ablation,internal_ablation,context_shuffle,-0.0027500000000000003,False,deep,,False,32,32,21,0,21,-0.0027500000000000003,0.1,0.2,8,8
792,1000.0,8,8,0,8,0,0,2.3011816191609706,2.3011816191609706,2.3011816191609706,-0.6392194839938641,-0.0,0.0191688376656746,1.0,-0.6392194839938641,False,0,0,0,0,0,0.0,0.0,0.0,0.0,0.0,0,0.0,0,0,disabled,disabled,True,keyed,1,0,False,raw,0,0.0034000000000000002,0.0034000000000000002,default,0,True,keyed,0,0,False,raw,0,0.0034000000000000002,0.0034000000000000002,default,0,True,context_shuffle,False,raw,0.0034000000000000002,0.0034000000000000002,context_distractor,heldout_routing_repeat,set_minus,,,deep,set_minus,False,32,32,0,21,0,21,0.0,0.0,0.8224580000160131,7.733707999989292,8.687582999982624,heldout_context_routing,internal_context_shuffle_ablation,CRA_internal,MockSimulator,43,context_distractor,heldout_routing_repeat,85,deep,set_minus,False,False,1,0.0034000000000000002,0.0,0.0,0,False,-1,False,-1,internal_context_shuffle_ablation,internal_ablation,context_shuffle,0.0034000000000000002,False,deep,,False,32,32,21,0,21,0.0034000000000000002,0.1,0.2,8,8
793,1000.0,8,8,0,8,0,0,2.299420629320146,2.299420629320146,2.299420629320146,0.5456460669283123,0.0,0.019040242297611178,1.0,0.5456460669283123,False,0,0,0,0,0,0.0,0.0,0.0,0.0,0.0,0,0.0,0,0,disabled,disabled,True,keyed,1,0,False,raw,0,-0.0027500000000000003,-0.0027500000000000003,default,0,True,keyed,0,0,False,raw,0,-0.0027500000000000003,-0.0027500000000000003,default,0,True,context_shuffle,False,raw,-0.0027500000000000003,-0.0027500000000000003,skill_distractor,heldout_routing_repeat,set_minus,,,deep,set_minus,False,32,32,0,21,0,21,0.0,0.0,1.045958000020164,7.935292000013305,9.141999999997097,heldout_context_routing,internal_context_shuffle_ablation,CRA_internal,MockSimulator,43,skill_distractor,heldout_routing_repeat,85,deep,set_minus,False,False,1,-0.0027500000000000003,0.0,0.0,0,False,1,False,-1,internal_context_shuffle_ablation,internal_ablation,context_shuffle,-0.0027500000000000003,False,deep,,False,32,32,21,0,21,-0.0027500000000000003,0.1,0.2,8,8
794,1000.0,8,8,0,8,0,0,2.2976681309667524,2.2976681309667524,2.2976681309667524,-0.6392194839938641,-0.0,0.018909123209204022,1.0,-0.6392194839938641,False,0,0,0,0,0,0.0,0.0,0.0,0.0,0.0,0,0.0,0,0,disabled,disabled,True,keyed,1,0,False,raw,0,0.0034000000000000002,0.0034000000000000002,default,0,True,keyed,0,0,False,raw,0,0.0034000000000000002,0.0034000000000000002,default,0,True,context_shuffle,False,raw,0.0034000000000000002,0.0034000000000000002,context_distractor,heldout_routing_repeat,set_minus,,,deep,set_minus,False,32,32,0,21,0,21,0.0,0.0,0.8091669999998885,8.031458000004932,8.97191600000724,heldout_context_routing,internal_context_shuffle_ablation,CRA_internal,MockSimulator,43,context_distractor,heldout_routing_repeat,85,deep,set_minus,False,False,1,0.0034000000000000002,0.0,0.0,0,False,-1,False,-1,internal_context_shuffle_ablation,internal_ablation,context_shuffle,0.0034000000000000002,False,deep,,False,32,32,21,0,21,0.0034000000000000002,0.1,0.2,8,8
795,1000.0,8,8,0,8,0,0,2.295924081758065,2.295924081758065,2.295924081758065,0.2189983714281618,0.0,0.018775632787414107,1.0,0.2189983714281618,False,0,0,0,0,0,0.0,0.0,0.0,0.0,0.0,0,0.0,0,0,disabled,disabled,True,keyed,1,0,False,raw,0,-0.001,-0.001,default,0,True,keyed,0,0,False,raw,0,-0.001,-0.001,default,0,True,context_shuffle,False,raw,-0.001,-0.001,skill_distractor,heldout_routing_repeat,set_minus,,,deep,set_minus,False,32,32,0,21,0,21,0.0,0.0,0.8182500000089021,7.733416999997189,8.684416999983569,heldout_context_routing,internal_context_shuffle_ablation,CRA_internal,MockSimulator,43,skill_distractor,heldout_routing_repeat,85,deep,set_minus,False,False,1,-0.001,0.0,0.0,0,False,1,False,-1,internal_context_shuffle_ablation,internal_ablation,context_shuffle,-0.001,False,deep,,False,32,32,21,0,21,-0.001,0.1,0.2,8,8
796,1000.0,8,8,0,8,0,0,2.294188439562543,2.294188439562543,2.294188439562543,-0.9769598139235134,-0.0,0.018639918333212106,1.0,-0.9769598139235134,False,0,0,0,0,0,0.0,0.0,0.0,0.0,0.0,0,0.0,0,0,disabled,disabled,True,keyed,1,0,False,raw,0,0.01,0.01,default,0,True,keyed,0,0,False,raw,0,0.01,0.01,default,0,True,context_shuffle,False,raw,0.01,0.01,input,heldout_routing_repeat,set_minus,,,deep,set_minus,False,32,32,0,21,0,21,0.0,0.0,0.7987910000224474,8.067666999977519,8.9935419999847,heldout_context_routing,internal_context_shuffle_ablation,CRA_internal,MockSimulator,43,input,heldout_routing_repeat,85,deep,set_minus,False,False,1,0.01,0.0,0.0,0,False,-1,False,-1,internal_context_shuffle_ablation,internal_ablation,context_shuffle,0.01,False,deep,,False,32,32,21,0,21,0.01,0.1,0.2,8,8
797,1000.0,8,8,0,8,0,0,2.292461162458777,2.292461162458777,2.292461162458777,-0.6420149920119997,0.9999946965622277,0.01850212220406322,1.0,-0.6420149920119997,True,0,0,0,0,0,0.0,0.0,0.0,0.0,0.0,0,0.0,0,0,disabled,disabled,True,keyed,1,0,True,internal_keyed_context,1,0.01,0.01,default,0,True,keyed,0,0,False,raw,0,0.01,0.01,default,0,True,context_shuffle,True,internal_context_shuffle_router,0.01,-0.01,decision,heldout_routing_repeat,set_minus,,invert,deep,set_minus,False,32,32,0,22,0,22,0.0,0.0,0.8202920000144331,7.810000000006312,8.764666999979909,heldout_context_routing,internal_context_shuffle_ablation,CRA_internal,MockSimulator,43,decision,heldout_routing_repeat,85,deep,set_minus,True,False,1,0.01,-0.01,-0.01,-1,True,-1,True,797,internal_context_shuffle_ablation,internal_ablation,context_shuffle,0.01,True,deep,invert,False,32,32,22,0,22,-0.01,0.1,0.2,8,8
798,1000.0,8,8,0,8,0,0,2.2907422087344416,2.2907422087344416,2.2907422087344416,-0.799384881407492,-0.0,0.018762381952747004,1.0,-0.799384881407492,False,0,0,0,0,0,0.0,0.0,0.0,0.0,0.0,0,0.0,0,0,disabled,disabled,True,keyed,1,0,False,raw,0,0.005,0.005,default,0,True,keyed,0,0,False,raw,0,0.005,0.005,default,0,True,context_shuffle,False,raw,0.005,0.005,route_context,heldout_routing_repeat,set_minus,,,storm,set_plus,False,32,32,0,22,0,22,0.0,0.0,0.7992919999537662,8.114791000025434,9.04070900003262,heldout_context_routing,internal_context_shuffle_ablation,CRA_internal,MockSimulator,43,route_context,heldout_routing_repeat,86,storm,set_plus,False,False,-1,0.005,0.0,0.0,0,False,-1,False,-1,internal_context_shuffle_ablation,internal_ablation,context_shuffle,0.005,False,storm,,False,32,32,22,0,22,0.005,0.1,0.2,8,8
799,1000.0,8,8,0,8,0,0,2.2890315368852527,2.2890315368852527,2.2890315368852527,-0.8952799983531318,-0.0,0.019004830462601815,1.0,-0.8952799983531318,False,0,0,0,0,0,0.0,0.0,0.0,0.0,0.0,0,0.0,0,0,disabled,disabled,True,keyed,1,0,False,raw,0,0.006600000000000001,0.006600000000000001,default,0,True,keyed,0,0,False,raw,0,0.006600000000000001,0.006600000000000001,default,0,True,context_shuffle,False,raw,0.006600000000000001,0.006600000000000001,context_distractor,heldout_routing_repeat,set_minus,,,storm,set_plus,False,32,32,0,22,0,22,0.0,0.0,0.8225419999803307,7.795417000011184,8.755874999962998,heldout_context_routing,internal_context_shuffle_ablation,CRA_internal,MockSimulator,43,context_distractor,heldout_routing_repeat,86,storm,set_plus,False,False,-1,0.006600000000000001,0.0,0.0,0,False,-1,False,-1,internal_context_shuffle_ablation,internal_ablation,context_shuffle,0.006600000000000001,False,storm,,False,32,32,22,0,22,0.006600000000000001,0.1,0.2,8,8
800,1000.0,8,8,0,8,0,0,2.2873291056139284,2.2873291056139284,2.2873291056139284,0.5393923885581429,0.0,0.01923007607928133,1.0,0.5393923885581429,False,0,0,0,0,0,0.0,0.0,0.0,0.0,0.0,0,0.0,0,0,disabled,disabled,True,keyed,1,0,False,raw,0,-0.0027500000000000003,-0.0027500000000000003,default,0,True,keyed,0,0,False,raw,0,-0.0027500000000000003,-0.0027500000000000003,default,0,True,context_shuffle,False,raw,-0.0027500000000000003,-0.0027500000000000003,skill_distractor,heldout_routing_repeat,set_minus,,,storm,set_plus,False,32,32,0,22,0,22,0.0,0.0,0.8162080000033711,7.993583000029503,8.943541999997251,heldout_context_routing,internal_context_shuffle_ablation,CRA_internal,MockSimulator,43,skill_distractor,heldout_routing_repeat,86,storm,set_plus,False,False,-1,-0.0027500000000000003,0.0,0.0,0,False,1,False,-1,internal_context_shuffle_ablation,internal_ablation,context_shuffle,-0.0027500000000000003,False,storm,,False,32,32,22,0,22,-0.0027500000000000003,0.1,0.2,8,8
801,1000.0,8,8,0,8,0,0,2.2856348738291588,2.2856348738291588,2.2856348738291588,-0.37556486896999564,-0.0,0.019438709939108626,1.0,-0.37556486896999564,False,0,0,0,0,0,0.0,0.0,0.0,0.0,0.0,0,0.0,0,0,disabled,disabled,True,keyed,1,0,False,raw,0,0.0018,0.0018,default,0,True,keyed,0,0,False,raw,0,0.0018,0.0018,default,0,True,context_shuffle,False,raw,0.0018,0.0018,context_distractor,heldout_routing_repeat,set_minus,,,storm,set_plus,False,32,32,0,22,0,22,0.0,0.0,0.8270000000152322,7.823208999980125,8.786832999987837,heldout_context_routing,internal_context_shuffle_ablation,CRA_internal,MockSimulator,43,context_distractor,heldout_routing_repeat,86,storm,set_plus,False,False,-1,0.0018,0.0,0.0,0,False,-1,False,-1,internal_context_shuffle_ablation,internal_ablation,context_shuffle,0.0018,False,storm,,False,32,32,22,0,22,0.0018,0.1,0.2,8,8
802,1000.0,8,8,0,8,0,0,2.283948800644576,2.283948800644576,2.283948800644576,0.5393923885581428,0.0,0.019631306414111118,1.0,0.5393923885581428,False,0,0,0,0,0,0.0,0.0,0.0,0.0,0.0,0,0.0,0,0,disabled,disabled,True,keyed,1,0,False,raw,0,-0.0027500000000000003,-0.0027500000000000003,default,0,True,keyed,0,0,False,raw,0,-0.0027500000000000003,-0.0027500000000000003,default,0,True,context_shuffle,False,raw,-0.0027500000000000003,-0.0027500000000000003,skill_distractor,heldout_routing_repeat,set_minus,,,storm,set_plus,False,32,32,0,22,0,22,0.0,0.0,0.8035419999714577,7.980750000001535,8.912249999980304,heldout_context_routing,internal_context_shuffle_ablation,CRA_internal,MockSimulator,43,skill_distractor,heldout_routing_repeat,86,storm,set_plus,False,False,-1,-0.0027500000000000003,0.0,0.0,0,False,1,False,-1,internal_context_shuffle_ablation,internal_ablation,context_shuffle,-0.0027500000000000003,False,storm,,False,32,32,22,0,22,-0.0027500000000000003,0.1,0.2,8,8
803,1000.0,8,8,0,8,0,0,2.2822708453777354,2.2822708453777354,2.2822708453777354,-0.6326942095884031,-0.0,0.019808423546137866,1.0,-0.6326942095884031,False,0,0,0,0,0,0.0,0.0,0.0,0.0,0.0,0,0.0,0,0,disabled,disabled,True,keyed,1,0,False,raw,0,0.0034000000000000002,0.0034000000000000002,default,0,True,keyed,0,0,False,raw,0,0.0034000000000000002,0.0034000000000000002,default,0,True,context_shuffle,False,raw,0.0034000000000000002,0.0034000000000000002,context_distractor,heldout_routing_repeat,set_minus,,,storm,set_plus,False,32,32,0,22,0,22,0.0,0.0,0.8162080000033711,7.847166999965793,8.79487499997822,heldout_context_routing,internal_context_shuffle_ablation,CRA_internal,MockSimulator,43,context_distractor,heldout_routing_repeat,86,storm,set_plus,False,False,-1,0.0034000000000000002,0.0,0.0,0,False,-1,False,-1,internal_context_shuffle_ablation,internal_ablation,context_shuffle,0.0034000000000000002,False,storm,,False,32,32,22,0,22,0.0034000000000000002,0.1,0.2,8,8
804,1000.0,8,8,0,8,0,0,2.2806009675490944,2.2806009675490944,2.2806009675490944,0.5393923885581426,0.0,0.0199706034703179,1.0,0.5393923885581426,False,0,0,0,0,0,0.0,0.0,0.0,0.0,0.0,0,0.0,0,0,disabled,disabled,True,keyed,1,0,False,raw,0,-0.0027500000000000003,-0.0027500000000000003,default,0,True,keyed,0,0,False,raw,0,-0.0027500000000000003,-0.0027500000000000003,default,0,True,context_shuffle,False,raw,-0.0027500000000000003,-0.0027500000000000003,skill_distractor,heldout_routing_repeat,set_minus,,,storm,set_plus,False,32,32,0,22,0,22,0.0,0.0,0.9032500000216714,7.809874999963995,8.839958000010029,heldout_context_routing,internal_context_shuffle_ablation,CRA_internal,MockSimulator,43,skill_distractor,heldout_routing_repeat,86,storm,set_plus,False,False,-1,-0.0027500000000000003,0.0,0.0,0,False,1,False,-1,internal_context_shuffle_ablation,internal_ablation,context_shuffle,-0.0027500000000000003,False,storm,,False,32,32,22,0,22,-0.0027500000000000003,0.1,0.2,8,8
805,1000.0,8,8,0,8,0,0,2.2789391268810046,2.2789391268810046,2.2789391268810046,-0.3755648689699957,-0.0,0.02011837282811228,1.0,-0.3755648689699957,False,0,0,0,0,0,0.0,0.0,0.0,0.0,0.0,0,0.0,0,0,disabled,disabled,True,keyed,1,0,False,raw,0,0.0018,0.0018,default,0,True,keyed,0,0,False,raw,0,0.0018,0.0018,default,0,True,context_shuffle,False,raw,0.0018,0.0018,context_distractor,heldout_routing_repeat,set_minus,,,storm,set_plus,False,32,32,0,22,0,22,0.0,0.0,0.8065000000101463,7.90324999996983,8.842749999985244,heldout_context_routing,internal_context_shuffle_ablation,CRA_internal,MockSimulator,43,context_distractor,heldout_routing_repeat,86,storm,set_plus,False,False,-1,0.0018,0.0,0.0,0,False,-1,False,-1,internal_context_shuffle_ablation,internal_ablation,context_shuffle,0.0018,False,storm,,False,32,32,22,0,22,0.0018,0.1,0.2,8,8
806,1000.0,8,8,0,8,0,0,2.277285283296702,2.277285283296702,2.277285283296702,-0.5393923885581429,-0.0,0.020252243170206755,1.0,-0.5393923885581429,False,0,0,0,0,0,0.0,0.0,0.0,0.0,0.0,0,0.0,0,0,disabled,disabled,True,keyed,1,0,False,raw,0,0.0027500000000000003,0.0027500000000000003,default,0,True,keyed,0,0,False,raw,0,0.0027500000000000003,0.0027500000000000003,default,0,True,context_shuffle,False,raw,0.0027500000000000003,0.0027500000000000003,skill_distractor,heldout_routing_repeat,set_minus,,,storm,set_plus,False,32,32,0,22,0,22,0.0,0.0,0.8494589999941127,7.820290999973167,8.802542000012181,heldout_context_routing,internal_context_shuffle_ablation,CRA_internal,MockSimulator,43,skill_distractor,heldout_routing_repeat,86,storm,set_plus,False,False,-1,0.0027500000000000003,0.0,0.0,0,False,-1,False,-1,internal_context_shuffle_ablation,internal_ablation,context_shuffle,0.0027500000000000003,False,storm,,False,32,32,22,0,22,0.0027500000000000003,0.1,0.2,8,8
807,1000.0,8,8,0,8,0,0,2.2756393969193067,2.2756393969193067,2.2756393969193067,-0.6326942095884032,-0.0,0.020372711349486206,1.0,-0.6326942095884032,False,0,0,0,0,0,0.0,0.0,0.0,0.0,0.0,0,0.0,0,0,disabled,disabled,True,keyed,1,0,False,raw,0,0.0034000000000000002,0.0034000000000000002,default,0,True,keyed,0,0,False,raw,0,0.0034000000000000002,0.0034000000000000002,default,0,True,context_shuffle,False,raw,0.0034000000000000002,0.0034000000000000002,context_distractor,heldout_routing_repeat,set_minus,,,storm,set_plus,False,32,32,0,22,0,22,0.0,0.0,0.7977920000143968,8.021665999990546,8.94541599996046,heldout_context_routing,internal_context_shuffle_ablation,CRA_internal,MockSimulator,43,context_distractor,heldout_routing_repeat,86,storm,set_plus,False,False,-1,0.0034000000000000002,0.0,0.0,0,False,-1,False,-1,internal_context_shuffle_ablation,internal_ablation,context_shuffle,0.0034000000000000002,False,storm,,False,32,32,22,0,22,0.0034000000000000002,0.1,0.2,8,8
808,1000.0,8,8,0,8,0,0,2.2740014280708243,2.2740014280708243,2.2740014280708243,0.21592818366647076,0.0,0.020480259904326396,1.0,0.21592818366647076,False,0,0,0,0,0,0.0,0.0,0.0,0.0,0.0,0,0.0,0,0,disabled,disabled,True,keyed,1,0,False,raw,0,-0.001,-0.001,default,0,True,keyed,0,0,False,raw,0,-0.001,-0.001,default,0,True,context_shuffle,False,raw,-0.001,-0.001,skill_distractor,heldout_routing_repeat,set_minus,,,storm,set_plus,False,32,32,0,22,0,22,0.0,0.0,0.8076659999574076,7.882834000042749,8.820500000012998,heldout_context_routing,internal_context_shuffle_ablation,CRA_internal,MockSimulator,43,skill_distractor,heldout_routing_repeat,86,storm,set_plus,False,False,-1,-0.001,0.0,0.0,0,False,1,False,-1,internal_context_shuffle_ablation,internal_ablation,context_shuffle,-0.001,False,storm,,False,32,32,22,0,22,-0.001,0.1,0.2,8,8
809,1000.0,8,8,0,8,0,0,2.2723713372711556,2.2723713372711556,2.2723713372711556,0.9754447661424858,0.0,0.020575357432433185,1.0,0.9754447661424858,False,0,0,0,0,0,0.0,0.0,0.0,0.0,0.0,0,0.0,0,0,disabled,disabled,True,keyed,1,0,False,raw,0,-0.01,-0.01,default,0,True,keyed,0,0,False,raw,0,-0.01,-0.01,default,0,True,context_shuffle,False,raw,-0.01,-0.01,input,heldout_routing_repeat,set_minus,,,storm,set_plus,False,32,32,0,22,0,22,0.0,0.0,0.8631249999666579,8.019167000043126,9.008790999985195,heldout_context_routing,internal_context_shuffle_ablation,CRA_internal,MockSimulator,43,input,heldout_routing_repeat,86,storm,set_plus,False,False,-1,-0.01,0.0,0.0,0,False,1,False,-1,internal_context_shuffle_ablation,internal_ablation,context_shuffle,-0.01,False,storm,,False,32,32,22,0,22,-0.01,0.1,0.2,8,8
810,1000.0,8,8,0,8,0,0,2.2707490852371084,2.2707490852371084,2.2707490852371084,-0.6420149920119997,-0.9999946965622277,0.02065845895545397,1.0,-0.6420149920119997,False,0,0,0,0,0,0.0,0.0,0.0,0.0,0.0,0,0.0,0,0,disabled,disabled,True,keyed,1,0,True,internal_keyed_context,-1,-0.01,-0.01,default,0,True,keyed,0,0,False,raw,0,-0.01,-0.01,default,0,True,context_shuffle,True,internal_context_shuffle_router,-0.01,-0.01,decision,heldout_routing_repeat,set_minus,,set_minus,storm,set_plus,False,32,32,0,23,0,23,0.0,0.0,0.8032920000005106,7.975041000008787,8.914708000020255,heldout_context_routing,internal_context_shuffle_ablation,CRA_internal,MockSimulator,43,decision,heldout_routing_repeat,86,storm,set_plus,True,False,-1,-0.01,0.01,0.01,1,True,-1,False,810,internal_context_shuffle_ablation,internal_ablation,context_shuffle,-0.01,True,storm,set_minus,False,32,32,23,0,23,-0.01,0.1,0.2,8,8
811,1000.0,8,8,0,8,0,0,2.2691346328814173,2.2691346328814173,2.2691346328814173,-0.8146862654600766,-0.0,0.020730006274580954,1.0,-0.8146862654600766,False,0,0,0,0,0,0.0,0.0,0.0,0.0,0.0,0,0.0,0,0,disabled,disabled,True,keyed,1,0,False,raw,0,0.005,0.005,default,0,True,keyed,0,0,False,raw,0,0.005,0.005,default,0,True,context_shuffle,False,raw,0.005,0.005,route_context,heldout_routing_repeat,set_minus,,,storm,set_plus,False,32,32,0,23,0,23,0.0,0.0,0.8374170000138292,8.023625000021184,8.988167000040903,heldout_context_routing,internal_context_shuffle_ablation,CRA_internal,MockSimulator,43,route_context,heldout_routing_repeat,87,storm,set_plus,False,False,1,0.005,0.0,0.0,0,False,-1,False,-1,internal_context_shuffle_ablation,internal_ablation,context_shuffle,0.005,False,storm,,False,32,32,23,0,23,0.005,0.1,0.2,8,8
812,1000.0,8,8,0,8,0,0,2.267527941311764,2.267527941311764,2.267527941311764,-0.6502605412255935,-0.0,0.020790428317360676,1.0,-0.6502605412255935,False,0,0,0,0,0,0.0,0.0,0.0,0.0,0.0,0,0.0,0,0,disabled,disabled,True,keyed,1,0,False,raw,0,0.0034000000000000002,0.0034000000000000002,default,0,True,keyed,0,0,False,raw,0,0.0034000000000000002,0.0034000000000000002,default,0,True,context_shuffle,False,raw,0.0034000000000000002,0.0034000000000000002,context_distractor,heldout_routing_repeat,set_minus,,,storm,set_plus,False,32,32,0,23,0,23,0.0,0.0,0.8041250000019318,7.9522089999954915,8.883999999966363,heldout_context_routing,internal_context_shuffle_ablation,CRA_internal,MockSimulator,43,context_distractor,heldout_routing_repeat,87,storm,set_plus,False,False,1,0.0034000000000000002,0.0,0.0,0,False,-1,False,-1,internal_context_shuffle_ablation,internal_ablation,context_shuffle,0.0034000000000000002,False,storm,,False,32,32,23,0,23,0.0034000000000000002,0.1,0.2,8,8
813,1000.0,8,8,0,8,0,0,2.265928971829806,2.265928971829806,2.265928971829806,0.5562902853570925,0.0,0.020840141475919376,1.0,0.5562902853570925,False,0,0,0,0,0,0.0,0.0,0.0,0.0,0.0,0,0.0,0,0,disabled,disabled,True,keyed,1,0,False,raw,0,-0.0027500000000000003,-0.0027500000000000003,default,0,True,keyed,0,0,False,raw,0,-0.0027500000000000003,-0.0027500000000000003,default,0,True,context_shuffle,False,raw,-0.0027500000000000003,-0.0027500000000000003,skill_distractor,heldout_routing_repeat,set_minus,,,storm,set_plus,False,32,32,0,23,0,23,0.0,0.0,0.8000830000014503,8.14187500003527,9.068542000022717,heldout_context_routing,internal_context_shuffle_ablation,CRA_internal,MockSimulator,43,skill_distractor,heldout_routing_repeat,87,storm,set_plus,False,False,1,-0.0027500000000000003,0.0,0.0,0,False,1,False,-1,internal_context_shuffle_ablation,internal_ablation,context_shuffle,-0.0027500000000000003,False,storm,,False,32,32,23,0,23,-0.0027500000000000003,0.1,0.2,8,8
814,1000.0,8,8,0,8,0,0,2.2643376859302107,2.2643376859302107,2.2643376859302107,-0.9062029599613375,-0.0,0.020879549936808784,1.0,-0.9062029599613375,False,0,0,0,0,0,0.0,0.0,0.0,0.0,0.0,0,0.0,0,0,disabled,disabled,True,keyed,1,0,False,raw,0,0.006600000000000001,0.006600000000000001,default,0,True,keyed,0,0,False,raw,0,0.006600000000000001,0.006600000000000001,default,0,True,context_shuffle,False,raw,0.006600000000000001,0.006600000000000001,context_distractor,heldout_routing_repeat,set_minus,,,storm,set_plus,False,32,32,0,23,0,23,0.0,0.0,0.8311249999906067,7.9235830000357055,8.886833000019578,heldout_context_routing,internal_context_shuffle_ablation,CRA_internal,MockSimulator,43,context_distractor,heldout_routing_repeat,87,storm,set_plus,False,False,1,0.006600000000000001,0.0,0.0,0,False,-1,False,-1,internal_context_shuffle_ablation,internal_ablation,context_shuffle,0.006600000000000001,False,storm,,False,32,32,23,0,23,0.006600000000000001,0.1,0.2,8,8
815,1000.0,8,8,0,8,0,0,2.26275404529969,2.26275404529969,2.26275404529969,-0.5562902853570925,-0.0,0.02090904600267225,1.0,-0.5562902853570925,False,0,0,0,0,0,0.0,0.0,0.0,0.0,0.0,0,0.0,0,0,disabled,disabled,True,keyed,1,0,False,raw,0,0.0027500000000000003,0.0027500000000000003,default,0,True,keyed,0,0,False,raw,0,0.0027500000000000003,0.0027500000000000003,default,0,True,context_shuffle,False,raw,0.0027500000000000003,0.0027500000000000003,skill_distractor,heldout_routing_repeat,set_minus,,,storm,set_plus,False,32,32,0,23,0,23,0.0,0.0,0.8443749999855754,8.083208000016384,9.053999999991902,heldout_context_routing,internal_context_shuffle_ablation,CRA_internal,MockSimulator,43,skill_distractor,heldout_routing_repeat,87,storm,set_plus,False,False,1,0.0027500000000000003,0.0,0.0,0,False,-1,False,-1,internal_context_shuffle_ablation,internal_ablation,context_shuffle,0.0027500000000000003,False,storm,,False,32,32,23,0,23,0.0027500000000000003,0.1,0.2,8,8
816,1000.0,8,8,0,8,0,0,2.2611780118160447,2.2611780118160447,2.2611780118160447,-0.9062029599613375,-0.0,0.02092901040592645,1.0,-0.9062029599613375,False,0,0,0,0,0,0.0,0.0,0.0,0.0,0.0,0,0.0,0,0,disabled,disabled,True,keyed,1,0,False,raw,0,0.006600000000000001,0.006600000000000001,default,0,True,keyed,0,0,False,raw,0,0.006600000000000001,0.006600000000000001,default,0,True,context_shuffle,False,raw,0.006600000000000001,0.006600000000000001,context_distractor,heldout_routing_repeat,set_minus,,,storm,set_plus,False,32,32,0,23,0,23,0.0,0.0,0.8206670000276972,8.08120799996459,9.034708000001501,heldout_context_routing,internal_context_shuffle_ablation,CRA_internal,MockSimulator,43,context_distractor,heldout_routing_repeat,87,storm,set_plus,False,False,1,0.006600000000000001,0.0,0.0,0,False,-1,False,-1,internal_context_shuffle_ablation,internal_ablation,context_shuffle,0.006600000000000001,False,storm,,False,32,32,23,0,23,0.006600000000000001,0.1,0.2,8,8
817,1000.0,8,8,0,8,0,0,2.25960954754721,2.25960954754721,2.25960954754721,-0.5562902853570924,-0.0,0.020939812614649413,1.0,-0.5562902853570924,False,0,0,0,0,0,0.0,0.0,0.0,0.0,0.0,0,0.0,0,0,disabled,disabled,True,keyed,1,0,False,raw,0,0.0027500000000000003,0.0027500000000000003,default,0,True,keyed,0,0,False,raw,0,0.0027500000000000003,0.0027500000000000003,default,0,True,context_shuffle,False,raw,0.0027500000000000003,0.0027500000000000003,skill_distractor,heldout_routing_repeat,set_minus,,,storm,set_plus,False,32,32,0,23,0,23,0.0,0.0,0.8076670000036756,7.949582999970062,8.887250000043423,heldout_context_routing,internal_context_shuffle_ablation,CRA_internal,MockSimulator,43,skill_distractor,heldout_routing_repeat,87,storm,set_plus,False,False,1,0.0027500000000000003,0.0,0.0,0,False,-1,False,-1,internal_context_shuffle_ablation,internal_ablation,context_shuffle,0.0027500000000000003,False,storm,,False,32,32,23,0,23,0.0027500000000000003,0.1,0.2,8,8
818,1000.0,8,8,0,8,0,0,2.2580486147503085,2.2580486147503085,2.2580486147503085,-0.9062029599613375,-0.0,0.02094181113086109,1.0,-0.9062029599613375,False,0,0,0,0,0,0.0,0.0,0.0,0.0,0.0,0,0.0,0,0,disabled,disabled,True,keyed,1,0,False,raw,0,0.006600000000000001,0.006600000000000001,default,0,True,keyed,0,0,False,raw,0,0.006600000000000001,0.006600000000000001,default,0,True,context_shuffle,False,raw,0.006600000000000001,0.006600000000000001,context_distractor,heldout_routing_repeat,set_minus,,,storm,set_plus,False,32,32,0,23,0,23,0.0,0.0,0.7986250000158179,8.152374999951917,9.078375000001415,heldout_context_routing,internal_context_shuffle_ablation,CRA_internal,MockSimulator,43,context_distractor,heldout_routing_repeat,87,storm,set_plus,False,False,1,0.006600000000000001,0.0,0.0,0,False,-1,False,-1,internal_context_shuffle_ablation,internal_ablation,context_shuffle,0.006600000000000001,False,storm,,False,32,32,23,0,23,0.006600000000000001,0.1,0.2,8,8
819,1000.0,8,8,0,8,0,0,2.2564951758707052,2.2564951758707052,2.2564951758707052,-0.5562902853570925,-0.0,0.020935353781378438,1.0,-0.5562902853570925,False,0,0,0,0,0,0.0,0.0,0.0,0.0,0.0,0,0.0,0,0,disabled,disabled,True,keyed,1,0,False,raw,0,0.0027500000000000003,0.0027500000000000003,default,0,True,keyed,0,0,False,raw,0,0.0027500000000000003,0.0027500000000000003,default,0,True,context_shuffle,False,raw,0.0027500000000000003,0.0027500000000000003,skill_distractor,heldout_routing_repeat,set_minus,,,storm,set_plus,False,32,32,0,23,0,23,0.0,0.0,0.8278750000272339,7.912083999997321,8.869457999992392,heldout_context_routing,internal_context_shuffle_ablation,CRA_internal,MockSimulator,43,skill_distractor,heldout_routing_repeat,87,storm,set_plus,False,False,1,0.0027500000000000003,0.0,0.0,0,False,-1,False,-1,internal_context_shuffle_ablation,internal_ablation,context_shuffle,0.0027500000000000003,False,storm,,False,32,32,23,0,23,0.0027500000000000003,0.1,0.2,8,8
820,1000.0,8,8,0,8,0,0,2.2549491935410697,2.2549491935410697,2.2549491935410697,-0.3890593894121181,-0.0,0.02092077800142275,1.0,-0.3890593894121181,False,0,0,0,0,0,0.0,0.0,0.0,0.0,0.0,0,0.0,0,0,disabled,disabled,True,keyed,1,0,False,raw,0,0.0018,0.0018,default,0,True,keyed,0,0,False,raw,0,0.0018,0.0018,default,0,True,context_shuffle,False,raw,0.0018,0.0018,context_distractor,heldout_routing_repeat,set_minus,,,storm,set_plus,False,32,32,0,23,0,23,0.0,0.0,0.8025420000308259,8.147915999984434,9.076999999990676,heldout_context_routing,internal_context_shuffle_ablation,CRA_internal,MockSimulator,43,context_distractor,heldout_routing_repeat,87,storm,set_plus,False,False,1,0.0018,0.0,0.0,0,False,-1,False,-1,internal_context_shuffle_ablation,internal_ablation,context_shuffle,0.0018,False,storm,,False,32,32,23,0,23,0.0018,0.1,0.2,8,8
821,1000.0,8,8,0,8,0,0,2.2534106305804418,2.2534106305804418,2.2534106305804418,-0.5562902853570924,-0.0,0.020898411111152735,1.0,-0.5562902853570924,False,0,0,0,0,0,0.0,0.0,0.0,0.0,0.0,0,0.0,0,0,disabled,disabled,True,keyed,1,0,False,raw,0,0.0027500000000000003,0.0027500000000000003,default,0,True,keyed,0,0,False,raw,0,0.0027500000000000003,0.0027500000000000003,default,0,True,context_shuffle,False,raw,0.0027500000000000003,0.0027500000000000003,skill_distractor,heldout_routing_repeat,set_minus,,,storm,set_plus,False,32,32,0,23,0,23,0.0,0.0,0.8076249999930951,7.9760000000419495,8.912957999996252,heldout_context_routing,internal_context_shuffle_ablation,CRA_internal,MockSimulator,43,skill_distractor,heldout_routing_repeat,87,storm,set_plus,False,False,1,0.0027500000000000003,0.0,0.0,0,False,-1,False,-1,internal_context_shuffle_ablation,internal_ablation,context_shuffle,0.0027500000000000003,False,storm,,False,32,32,23,0,23,0.0027500000000000003,0.1,0.2,8,8
822,1000.0,8,8,0,8,0,0,2.251879449993301,2.251879449993301,2.251879449993301,-0.9793587202056397,-0.0,0.020868570585292952,1.0,-0.9793587202056397,False,0,0,0,0,0,0.0,0.0,0.0,0.0,0.0,0,0.0,0,0,disabled,disabled,True,keyed,1,0,False,raw,0,0.01,0.01,default,0,True,keyed,0,0,False,raw,0,0.01,0.01,default,0,True,context_shuffle,False,raw,0.01,0.01,input,heldout_routing_repeat,set_minus,,,storm,set_plus,False,32,32,0,23,0,23,0.0,0.0,0.8075000000076216,8.10804200000348,9.041334000016832,heldout_context_routing,internal_context_shuffle_ablation,CRA_internal,MockSimulator,43,input,heldout_routing_repeat,87,storm,set_plus,False,False,1,0.01,0.0,0.0,0,False,-1,False,-1,internal_context_shuffle_ablation,internal_ablation,context_shuffle,0.01,False,storm,,False,32,32,23,0,23,0.01,0.1,0.2,8,8
823,1000.0,8,8,0,8,0,0,2.2503556149686443,2.2503556149686443,2.2503556149686443,-0.6420149920119997,-0.9999946965622277,0.0208315643160231,1.0,-0.6420149920119997,False,0,0,0,0,0,0.0,0.0,0.0,0.0,0.0,0,0.0,0,0,disabled,disabled,True,keyed,1,0,True,internal_keyed_context,1,0.01,0.01,default,0,True,keyed,0,0,False,raw,0,0.01,0.01,default,0,True,context_shuffle,True,internal_context_shuffle_router,0.01,-0.01,decision,heldout_routing_repeat,set_minus,,set_minus,storm,set_plus,False,32,32,0,24,0,24,0.0,0.0,0.8160000000430045,8.102416999975048,9.047458999987157,heldout_context_routing,internal_context_shuffle_ablation,CRA_internal,MockSimulator,43,decision,heldout_routing_repeat,87,storm,set_plus,True,False,1,0.01,0.01,0.01,1,True,-1,False,823,internal_context_shuffle_ablation,internal_ablation,context_shuffle,0.01,True,storm,set_minus,False,32,32,24,0,24,-0.01,0.1,0.2,8,8
824,1000.0,8,8,0,8,0,0,2.248839088879062,2.248839088879062,2.248839088879062,-0.9160277374479315,-0.0,0.020787690869289926,1.0,-0.9160277374479315,False,0,0,0,0,0,0.0,0.0,0.0,0.0,0.0,0,0.0,0,0,disabled,disabled,True,keyed,1,0,False,raw,0,0.006600000000000001,0.006600000000000001,default,0,True,keyed,0,0,False,raw,0,0.006600000000000001,0.006600000000000001,default,0,True,context_shuffle,False,raw,0.006600000000000001,0.006600000000000001,route_context,heldout_routing_repeat,set_minus,,,deep,set_minus,False,32,32,0,24,0,24,0.0,0.0,0.7978749999892898,8.106375000011212,9.032292000028974,heldout_context_routing,internal_context_shuffle_ablation,CRA_internal,MockSimulator,43,route_context,heldout_routing_repeat,88,deep,set_minus,False,False,1,0.006600000000000001,0.0,0.0,0,False,-1,False,-1,internal_context_shuffle_ablation,internal_ablation,context_shuffle,0.006600000000000001,False,deep,,False,32,32,24,0,24,0.006600000000000001,0.1,0.2,8,8
825,1000.0,8,8,0,8,0,0,2.2473298352798254,2.2473298352798254,2.2473298352798254,-0.8289177948670212,-0.0,0.020737239734699667,1.0,-0.8289177948670212,False,0,0,0,0,0,0.0,0.0,0.0,0.0,0.0,0,0.0,0,0,disabled,disabled,True,keyed,1,0,False,raw,0,0.005,0.005,default,0,True,keyed,0,0,False,raw,0,0.005,0.005,default,0,True,context_shuffle,False,raw,0.005,0.005,context_distractor,heldout_routing_repeat,set_minus,,,deep,set_minus,False,32,32,0,24,0,24,0.0,0.0,0.8143329999938942,7.977000000039425,8.925583000007009,heldout_context_routing,internal_context_shuffle_ablation,CRA_internal,MockSimulator,43,context_distractor,heldout_routing_repeat,88,deep,set_minus,False,False,1,0.005,0.0,0.0,0,False,-1,False,-1,internal_context_shuffle_ablation,internal_ablation,context_shuffle,0.005,False,deep,,False,32,32,24,0,24,0.005,0.1,0.2,8,8
826,1000.0,8,8,0,8,0,0,2.2458278179079745,2.2458278179079745,2.2458278179079745,0.23259727824000836,0.0,0.020680491569145306,1.0,0.23259727824000836,False,0,0,0,0,0,0.0,0.0,0.0,0.0,0.0,0,0.0,0,0,disabled,disabled,True,keyed,1,0,False,raw,0,-0.001,-0.001,default,0,True,keyed,0,0,False,raw,0,-0.001,-0.001,default,0,True,context_shuffle,False,raw,-0.001,-0.001,skill_distractor,heldout_routing_repeat,set_minus,,,deep,set_minus,False,32,32,0,24,0,24,0.0,0.0,0.8367919999727746,8.078457999999955,9.051040999963789,heldout_context_routing,internal_context_shuffle_ablation,CRA_internal,MockSimulator,43,skill_distractor,heldout_routing_repeat,88,deep,set_minus,False,False,1,-0.001,0.0,0.0,0,False,1,False,-1,internal_context_shuffle_ablation,internal_ablation,context_shuffle,-0.001,False,deep,,False,32,32,24,0,24,-0.001,0.1,0.2,8,8
827,1000.0,8,8,0,8,0,0,2.24433300068141,2.24433300068141,2.24433300068141,-0.4023757335842993,-0.0,0.020617718434319237,1.0,-0.4023757335842993,False,0,0,0,0,0,0.0,0.0,0.0,0.0,0.0,0,0.0,0,0,disabled,disabled,True,keyed,1,0,False,raw,0,0.0018,0.0018,default,0,True,keyed,0,0,False,raw,0,0.0018,0.0018,default,0,True,context_shuffle,False,raw,0.0018,0.0018,context_distractor,heldout_routing_repeat,set_minus,,,deep,set_minus,False,32,32,0,24,0,24,0.0,0.0,0.8022920000030354,8.233207999978731,9.164750000024924,heldout_context_routing,internal_context_shuffle_ablation,CRA_internal,MockSimulator,43,context_distractor,heldout_routing_repeat,88,deep,set_minus,False,False,1,0.0018,0.0,0.0,0,False,-1,False,-1,internal_context_shuffle_ablation,internal_ablation,context_shuffle,0.0018,False,deep,,False,32,32,24,0,24,0.0018,0.1,0.2,8,8
828,1000.0,8,8,0,8,0,0,2.242845347697994,2.242845347697994,2.242845347697994,-0.23259727824000834,-0.0,0.020549184028258553,1.0,-0.23259727824000834,False,0,0,0,0,0,0.0,0.0,0.0,0.0,0.0,0,0.0,0,0,disabled,disabled,True,keyed,1,0,False,raw,0,0.001,0.001,default,0,True,keyed,0,0,False,raw,0,0.001,0.001,default,0,True,context_shuffle,False,raw,0.001,0.001,skill_distractor,heldout_routing_repeat,set_minus,,,deep,set_minus,False,32,32,0,24,0,24,0.0,0.0,0.8086249999905704,8.045458000026429,8.983542000009948,heldout_context_routing,internal_context_shuffle_ablation,CRA_internal,MockSimulator,43,skill_distractor,heldout_routing_repeat,88,deep,set_minus,False,False,1,0.001,0.0,0.0,0,False,-1,False,-1,internal_context_shuffle_ablation,internal_ablation,context_shuffle,0.001,False,deep,,False,32,32,24,0,24,0.001,0.1,0.2,8,8
829,1000.0,8,8,0,8,0,0,2.24136482323465,2.24136482323465,2.24136482323465,-0.6671414646095613,-0.0,0.02047514391106657,1.0,-0.6671414646095613,False,0,0,0,0,0,0.0,0.0,0.0,0.0,0.0,0,0.0,0,0,disabled,disabled,True,keyed,1,0,False,raw,0,0.0034000000000000002,0.0034000000000000002,default,0,True,keyed,0,0,False,raw,0,0.0034000000000000002,0.0034000000000000002,default,0,True,context_shuffle,False,raw,0.0034000000000000002,0.0034000000000000002,context_distractor,heldout_routing_repeat,set_minus,,,deep,set_minus,False,32,32,0,24,0,24,0.0,0.0,0.8000000000265572,8.126875000016298,9.052832999998373,heldout_context_routing,internal_context_shuffle_ablation,CRA_internal,MockSimulator,43,context_distractor,heldout_routing_repeat,88,deep,set_minus,False,False,1,0.0034000000000000002,0.0,0.0,0,False,-1,False,-1,internal_context_shuffle_ablation,internal_ablation,context_shuffle,0.0034000000000000002,False,deep,,False,32,32,24,0,24,0.0034000000000000002,0.1,0.2,8,8
830,1000.0,8,8,0,8,0,0,2.239891391746472,2.239891391746472,2.239891391746472,-0.2325972782400083,-0.0,0.020395845724950963,1.0,-0.2325972782400083,False,0,0,0,0,0,0.0,0.0,0.0,0.0,0.0,0,0.0,0,0,disabled,disabled,True,keyed,1,0,False,raw,0,0.001,0.001,default,0,True,keyed,0,0,False,raw,0,0.001,0.001,default,0,True,context_shuffle,False,raw,0.001,0.001,skill_distractor,heldout_routing_repeat,set_minus,,,deep,set_minus,False,32,32,0,24,0,24,0.0,0.0,0.8273330000179158,8.100624999997308,9.057750000010856,heldout_context_routing,internal_context_shuffle_ablation,CRA_internal,MockSimulator,43,skill_distractor,heldout_routing_repeat,88,deep,set_minus,False,False,1,0.001,0.0,0.0,0,False,-1,False,-1,internal_context_shuffle_ablation,internal_ablation,context_shuffle,0.001,False,deep,,False,32,32,24,0,24,0.001,0.1,0.2,8,8
831,1000.0,8,8,0,8,0,0,2.2384250178658323,2.2384250178658323,2.2384250178658323,-0.6671414646095613,-0.0,0.020311529408715553,1.0,-0.6671414646095613,False,0,0,0,0,0,0.0,0.0,0.0,0.0,0.0,0,0.0,0,0,disabled,disabled,True,keyed,1,0,False,raw,0,0.0034000000000000002,0.0034000000000000002,default,0,True,keyed,0,0,False,raw,0,0.0034000000000000002,0.0034000000000000002,default,0,True,context_shuffle,False,raw,0.0034000000000000002,0.0034000000000000002,context_distractor,heldout_routing_repeat,set_minus,,,deep,set_minus,False,32,32,0,24,0,24,0.0,0.0,0.8032909999542426,8.293334000029517,9.22374999998965,heldout_context_routing,internal_context_shuffle_ablation,CRA_internal,MockSimulator,43,context_distractor,heldout_routing_repeat,88,deep,set_minus,False,False,1,0.0034000000000000002,0.0,0.0,0,False,-1,False,-1,internal_context_shuffle_ablation,internal_ablation,context_shuffle,0.0034000000000000002,False,deep,,False,32,32,24,0,24,0.0034000000000000002,0.1,0.2,8,8
832,1000.0,8,8,0,8,0,0,2.2369656664015025,2.2369656664015025,2.2369656664015025,-0.23259727824000836,-0.0,0.020222427406839577,1.0,-0.23259727824000836,False,0,0,0,0,0,0.0,0.0,0.0,0.0,0.0,0,0.0,0,0,disabled,disabled,True,keyed,1,0,False,raw,0,0.001,0.001,default,0,True,keyed,0,0,False,raw,0,0.001,0.001,default,0,True,context_shuffle,False,raw,0.001,0.001,skill_distractor,heldout_routing_repeat,set_minus,,,deep,set_minus,False,32,32,0,24,0,24,0.0,0.0,0.8307920000447666,8.127290999993875,9.091833000013594,heldout_context_routing,internal_context_shuffle_ablation,CRA_internal,MockSimulator,43,skill_distractor,heldout_routing_repeat,88,deep,set_minus,False,False,1,0.001,0.0,0.0,0,False,-1,False,-1,internal_context_shuffle_ablation,internal_ablation,context_shuffle,0.001,False,deep,,False,32,32,24,0,24,0.001,0.1,0.2,8,8
833,1000.0,8,8,0,8,0,0,2.2355133023377696,2.2355133023377696,2.2355133023377696,-0.8289177948670212,-0.0,0.020128764873275157,1.0,-0.8289177948670212,False,0,0,0,0,0,0.0,0.0,0.0,0.0,0.0,0,0.0,0,0,disabled,disabled,True,keyed,1,0,False,raw,0,0.005,0.005,default,0,True,keyed,0,0,False,raw,0,0.005,0.005,default,0,True,context_shuffle,False,raw,0.005,0.005,context_distractor,heldout_routing_repeat,set_minus,,,deep,set_minus,False,32,32,0,24,0,24,0.0,0.0,0.8012499999949796,8.309417000020858,9.23787499999662,heldout_context_routing,internal_context_shuffle_ablation,CRA_internal,MockSimulator,43,context_distractor,heldout_routing_repeat,88,deep,set_minus,False,False,1,0.005,0.0,0.0,0,False,-1,False,-1,internal_context_shuffle_ablation,internal_ablation,context_shuffle,0.005,False,deep,,False,32,32,24,0,24,0.005,0.1,0.2,8,8
834,1000.0,8,8,0,8,0,0,2.234067890833562,2.234067890833562,2.234067890833562,-0.5727240970204909,-0.0,0.020030759870090578,1.0,-0.5727240970204909,False,0,0,0,0,0,0.0,0.0,0.0,0.0,0.0,0,0.0,0,0,disabled,disabled,True,keyed,1,0,False,raw,0,0.0027500000000000003,0.0027500000000000003,default,0,True,keyed,0,0,False,raw,0,0.0027500000000000003,0.0027500000000000003,default,0,True,context_shuffle,False,raw,0.0027500000000000003,0.0027500000000000003,skill_distractor,heldout_routing_repeat,set_minus,,,deep,set_minus,False,32,32,0,24,0,24,0.0,0.0,0.8140830000229471,8.037749999971311,8.984792000035213,heldout_context_routing,internal_context_shuffle_ablation,CRA_internal,MockSimulator,43,skill_distractor,heldout_routing_repeat,88,deep,set_minus,False,False,1,0.0027500000000000003,0.0,0.0,0,False,-1,False,-1,internal_context_shuffle_ablation,internal_ablation,context_shuffle,0.0027500000000000003,False,deep,,False,32,32,24,0,24,0.0027500000000000003,0.1,0.2,8,8
835,1000.0,8,8,0,8,0,0,2.232629397221579,2.232629397221579,2.232629397221579,-0.9826512718929376,-0.0,0.019928623561084068,1.0,-0.9826512718929376,False,0,0,0,0,0,0.0,0.0,0.0,0.0,0.0,0,0.0,0,0,disabled,disabled,True,keyed,1,0,False,raw,0,0.01,0.01,default,0,True,keyed,0,0,False,raw,0,0.01,0.01,default,0,True,context_shuffle,False,raw,0.01,0.01,input,heldout_routing_repeat,set_minus,,,deep,set_minus,False,32,32,0,24,0,24,0.0,0.0,0.8645839999985583,8.12991600002988,9.153165999975954,heldout_context_routing,internal_context_shuffle_ablation,CRA_internal,MockSimulator,43,input,heldout_routing_repeat,88,deep,set_minus,False,False,1,0.01,0.0,0.0,0,False,-1,False,-1,internal_context_shuffle_ablation,internal_ablation,context_shuffle,0.01,False,deep,,False,32,32,24,0,24,0.01,0.1,0.2,8,8
836,1000.0,8,8,0,8,0,0,2.2311977870074227,2.2311977870074227,2.2311977870074227,-0.6420149920119997,0.9999946965622277,0.019822560400489783,1.0,-0.6420149920119997,True,0,0,0,0,0,0.0,0.0,0.0,0.0,0.0,0,0.0,0,0,disabled,disabled,True,keyed,1,0,True,internal_keyed_context,1,0.01,0.01,default,0,True,keyed,0,0,False,raw,0,0.01,0.01,default,0,True,context_shuffle,True,internal_context_shuffle_router,0.01,-0.01,decision,heldout_routing_repeat,set_minus,,invert,deep,set_minus,False,32,32,0,25,0,25,0.0,0.0,0.8087090000117314,8.279625000000124,9.219291999954748,heldout_context_routing,internal_context_shuffle_ablation,CRA_internal,MockSimulator,43,decision,heldout_routing_repeat,88,deep,set_minus,True,False,1,0.01,-0.01,-0.01,-1,True,-1,True,836,internal_context_shuffle_ablation,internal_ablation,context_shuffle,0.01,True,deep,invert,False,32,32,25,0,25,-0.01,0.1,0.2,8,8
837,1000.0,8,8,0,8,0,0,2.2297730258687367,2.2297730258687367,2.2297730258687367,-0.9125224057076409,-0.0,0.020112768316894836,1.0,-0.9125224057076409,False,0,0,0,0,0,0.0,0.0,0.0,0.0,0.0,0,0.0,0,0,disabled,disabled,True,keyed,1,0,False,raw,0,0.006600000000000001,0.006600000000000001,default,0,True,keyed,0,0,False,raw,0,0.006600000000000001,0.006600000000000001,default,0,True,context_shuffle,False,raw,0.006600000000000001,0.006600000000000001,route_context,heldout_routing_repeat,set_minus,,,deep,set_minus,False,32,32,0,25,0,25,0.0,0.0,0.8146659999965777,8.165292000001045,9.108500000024833,heldout_context_routing,internal_context_shuffle_ablation,CRA_internal,MockSimulator,43,route_context,heldout_routing_repeat,89,deep,set_minus,False,False,-1,0.006600000000000001,0.0,0.0,0,False,-1,False,-1,internal_context_shuffle_ablation,internal_ablation,context_shuffle,0.006600000000000001,False,deep,,False,32,32,25,0,25,0.006600000000000001,0.1,0.2,8,8
838,1000.0,8,8,0,8,0,0,2.2283550796543476,2.2283550796543476,2.2283550796543476,-0.39748120120384783,-0.0,0.02038343889248349,1.0,-0.39748120120384783,False,0,0,0,0,0,0.0,0.0,0.0,0.0,0.0,0,0.0,0,0,disabled,disabled,True,keyed,1,0,False,raw,0,0.0018,0.0018,default,0,True,keyed,0,0,False,raw,0,0.0018,0.0018,default,0,True,context_shuffle,False,raw,0.0018,0.0018,context_distractor,heldout_routing_repeat,set_minus,,,deep,set_minus,False,32,32,0,25,0,25,0.0,0.0,0.7979999999747633,8.41541700003745,9.340291000000889,heldout_context_routing,internal_context_shuffle_ablation,CRA_internal,MockSimulator,43,context_distractor,heldout_routing_repeat,89,deep,set_minus,False,False,-1,0.0018,0.0,0.0,0,False,-1,False,-1,internal_context_shuffle_ablation,internal_ablation,context_shuffle,0.0018,False,deep,,False,32,32,25,0,25,0.0018,0.1,0.2,8,8
839,1000.0,8,8,0,8,0,0,2.226943914383412,2.226943914383412,2.226943914383412,-0.5667118958598392,-0.0,0.020635237537721843,1.0,-0.5667118958598392,False,0,0,0,0,0,0.0,0.0,0.0,0.0,0.0,0,0.0,0,0,disabled,disabled,True,keyed,1,0,False,raw,0,0.0027500000000000003,0.0027500000000000003,default,0,True,keyed,0,0,False,raw,0,0.0027500000000000003,0.0027500000000000003,default,0,True,context_shuffle,False,raw,0.0027500000000000003,0.0027500000000000003,skill_distractor,heldout_routing_repeat,set_minus,,,deep,set_minus,False,32,32,0,25,0,25,0.0,0.0,0.8092089999536256,8.087458000034076,9.028124999986176,heldout_context_routing,internal_context_shuffle_ablation,CRA_internal,MockSimulator,43,skill_distractor,heldout_routing_repeat,89,deep,set_minus,False,False,-1,0.0027500000000000003,0.0,0.0,0,False,-1,False,-1,internal_context_shuffle_ablation,internal_ablation,context_shuffle,0.0027500000000000003,False,deep,,False,32,32,25,0,25,0.0027500000000000003,0.1,0.2,8,8
840,1000.0,8,8,0,8,0,0,2.2255394962445663,2.2255394962445663,2.2255394962445663,-0.39748120120384783,-0.0,0.020868810861593666,1.0,-0.39748120120384783,False,0,0,0,0,0,0.0,0.0,0.0,0.0,0.0,0,0.0,0,0,disabled,disabled,True,keyed,1,0,False,raw,0,0.0018,0.0018,default,0,True,keyed,0,0,False,raw,0,0.0018,0.0018,default,0,True,context_shuffle,False,raw,0.0018,0.0018,context_distractor,heldout_routing_repeat,set_minus,,,deep,set_minus,False,32,32,0,25,0,25,0.0,0.0,0.815541999998004,8.405999999979485,9.348041999999168,heldout_context_routing,internal_context_shuffle_ablation,CRA_internal,MockSimulator,43,context_distractor,heldout_routing_repeat,89,deep,set_minus,False,False,-1,0.0018,0.0,0.0,0,False,-1,False,-1,internal_context_shuffle_ablation,internal_ablation,context_shuffle,0.0018,False,deep,,False,32,32,25,0,25,0.0018,0.1,0.2,8,8
841,1000.0,8,8,0,8,0,0,2.224141791595081,2.224141791595081,2.224141791595081,0.22953318642947695,0.0,0.021084787157495528,1.0,0.22953318642947695,False,0,0,0,0,0,0.0,0.0,0.0,0.0,0.0,0,0.0,0,0,disabled,disabled,True,keyed,1,0,False,raw,0,-0.001,-0.001,default,0,True,keyed,0,0,False,raw,0,-0.001,-0.001,default,0,True,context_shuffle,False,raw,-0.001,-0.001,skill_distractor,heldout_routing_repeat,set_minus,,,deep,set_minus,False,32,32,0,25,0,25,0.0,0.0,0.8232499999962783,8.2479170000056,9.202790999950139,heldout_context_routing,internal_context_shuffle_ablation,CRA_internal,MockSimulator,43,skill_distractor,heldout_routing_repeat,89,deep,set_minus,False,False,-1,-0.001,0.0,0.0,0,False,1,False,-1,internal_context_shuffle_ablation,internal_ablation,context_shuffle,-0.001,False,deep,,False,32,32,25,0,25,-0.001,0.1,0.2,8,8
842,1000.0,8,8,0,8,0,0,2.2227507669600204,2.2227507669600204,2.2227507669600204,-0.6609893344939173,-0.0,0.02128377687721668,1.0,-0.6609893344939173,False,0,0,0,0,0,0.0,0.0,0.0,0.0,0.0,0,0.0,0,0,disabled,disabled,True,keyed,1,0,False,raw,0,0.0034000000000000002,0.0034000000000000002,default,0,True,keyed,0,0,False,raw,0,0.0034000000000000002,0.0034000000000000002,default,0,True,context_shuffle,False,raw,0.0034000000000000002,0.0034000000000000002,context_distractor,heldout_routing_repeat,set_minus,,,deep,set_minus,False,32,32,0,25,0,25,0.0,0.0,0.8234580000134883,8.303667000006953,9.25354100002096,heldout_context_routing,internal_context_shuffle_ablation,CRA_internal,MockSimulator,43,context_distractor,heldout_routing_repeat,89,deep,set_minus,False,False,-1,0.0034000000000000002,0.0,0.0,0,False,-1,False,-1,internal_context_shuffle_ablation,internal_ablation,context_shuffle,0.0034000000000000002,False,deep,,False,32,32,25,0,25,0.0034000000000000002,0.1,0.2,8,8
843,1000.0,8,8,0,8,0,0,2.221366389031406,2.221366389031406,2.221366389031406,0.5667118958598392,0.0,0.021466373093285987,1.0,0.5667118958598392,False,0,0,0,0,0,0.0,0.0,0.0,0.0,0.0,0,0.0,0,0,disabled,disabled,True,keyed,1,0,False,raw,0,-0.0027500000000000003,-0.0027500000000000003,default,0,True,keyed,0,0,False,raw,0,-0.0027500000000000003,-0.0027500000000000003,default,0,True,context_shuffle,False,raw,-0.0027500000000000003,-0.0027500000000000003,skill_distractor,heldout_routing_repeat,set_minus,,,deep,set_minus,False,32,32,0,25,0,25,0.0,0.0,0.8122079999566267,8.437667000009696,9.379874999979165,heldout_context_routing,internal_context_shuffle_ablation,CRA_internal,MockSimulator,43,skill_distractor,heldout_routing_repeat,89,deep,set_minus,False,False,-1,-0.0027500000000000003,0.0,0.0,0,False,1,False,-1,internal_context_shuffle_ablation,internal_ablation,context_shuffle,-0.0027500000000000003,False,deep,,False,32,32,25,0,25,-0.0027500000000000003,0.1,0.2,8,8
844,1000.0,8,8,0,8,0,0,2.2199886246673826,2.2199886246673826,2.2199886246673826,-0.3974812012038478,-0.0,0.021633151949961633,1.0,-0.3974812012038478,False,0,0,0,0,0,0.0,0.0,0.0,0.0,0.0,0,0.0,0,0,disabled,disabled,True,keyed,1,0,False,raw,0,0.0018,0.0018,default,0,True,keyed,0,0,False,raw,0,0.0018,0.0018,default,0,True,context_shuffle,False,raw,0.0018,0.0018,context_distractor,heldout_routing_repeat,set_minus,,,deep,set_minus,False,32,32,0,25,0,25,0.0,0.0,0.8117090000041571,8.159957999964718,9.103292000020247,heldout_context_routing,internal_context_shuffle_ablation,CRA_internal,MockSimulator,43,context_distractor,heldout_routing_repeat,89,deep,set_minus,False,False,-1,0.0018,0.0,0.0,0,False,-1,False,-1,internal_context_shuffle_ablation,internal_ablation,context_shuffle,0.0018,False,deep,,False,32,32,25,0,25,0.0018,0.1,0.2,8,8
845,1000.0,8,8,0,8,0,0,2.218617440891391,2.218617440891391,2.218617440891391,-0.5667118958598392,-0.0,0.02178467310313294,1.0,-0.5667118958598392,False,0,0,0,0,0,0.0,0.0,0.0,0.0,0.0,0,0.0,0,0,disabled,disabled,True,keyed,1,0,False,raw,0,0.0027500000000000003,0.0027500000000000003,default,0,True,keyed,0,0,False,raw,0,0.0027500000000000003,0.0027500000000000003,default,0,True,context_shuffle,False,raw,0.0027500000000000003,0.0027500000000000003,skill_distractor,heldout_routing_repeat,set_minus,,,deep,set_minus,False,32,32,0,25,0,25,0.0,0.0,0.7977079999932357,8.41879200004314,9.343042000011792,heldout_context_routing,internal_context_shuffle_ablation,CRA_internal,MockSimulator,43,skill_distractor,heldout_routing_repeat,89,deep,set_minus,False,False,-1,0.0027500000000000003,0.0,0.0,0,False,-1,False,-1,internal_context_shuffle_ablation,internal_ablation,context_shuffle,0.0027500000000000003,False,deep,,False,32,32,25,0,25,0.0027500000000000003,0.1,0.2,8,8
846,1000.0,8,8,0,8,0,0,2.2172528048913422,2.2172528048913422,2.2172528048913422,-0.39748120120384783,-0.0,0.02192148014939741,1.0,-0.39748120120384783,False,0,0,0,0,0,0.0,0.0,0.0,0.0,0.0,0,0.0,0,0,disabled,disabled,True,keyed,1,0,False,raw,0,0.0018,0.0018,default,0,True,keyed,0,0,False,raw,0,0.0018,0.0018,default,0,True,context_shuffle,False,raw,0.0018,0.0018,context_distractor,heldout_routing_repeat,set_minus,,,deep,set_minus,False,32,32,0,25,0,25,0.0,0.0,0.8122499999672073,8.243665999998484,9.186540999962745,heldout_context_routing,internal_context_shuffle_ablation,CRA_internal,MockSimulator,43,context_distractor,heldout_routing_repeat,89,deep,set_minus,False,False,-1,0.0018,0.0,0.0,0,False,-1,False,-1,internal_context_shuffle_ablation,internal_ablation,context_shuffle,0.0018,False,deep,,False,32,32,25,0,25,0.0018,0.1,0.2,8,8
847,1000.0,8,8,0,8,0,0,2.2158946840187985,2.2158946840187985,2.2158946840187985,-0.5667118958598392,-0.0,0.02204410104457005,1.0,-0.5667118958598392,False,0,0,0,0,0,0.0,0.0,0.0,0.0,0.0,0,0.0,0,0,disabled,disabled,True,keyed,1,0,False,raw,0,0.0027500000000000003,0.0027500000000000003,default,0,True,keyed,0,0,False,raw,0,0.0027500000000000003,0.0027500000000000003,default,0,True,context_shuffle,False,raw,0.0027500000000000003,0.0027500000000000003,skill_distractor,heldout_routing_repeat,set_minus,,,deep,set_minus,False,32,32,0,25,0,25,0.0,0.0,0.8199170000011691,8.86008300000185,9.808540999983961,heldout_context_routing,internal_context_shuffle_ablation,CRA_internal,MockSimulator,43,skill_distractor,heldout_routing_repeat,89,deep,set_minus,False,False,-1,0.0027500000000000003,0.0,0.0,0,False,-1,False,-1,internal_context_shuffle_ablation,internal_ablation,context_shuffle,0.0027500000000000003,False,deep,,False,32,32,25,0,25,0.0027500000000000003,0.1,0.2,8,8
848,1000.0,8,8,0,8,0,0,2.2145430457881563,2.2145430457881563,2.2145430457881563,0.9815017232938186,0.0,0.022153048511876026,1.0,0.9815017232938186,False,0,0,0,0,0,0.0,0.0,0.0,0.0,0.0,0,0.0,0,0,disabled,disabled,True,keyed,1,0,False,raw,0,-0.01,-0.01,default,0,True,keyed,0,0,False,raw,0,-0.01,-0.01,default,0,True,context_shuffle,False,raw,-0.01,-0.01,input,heldout_routing_repeat,set_minus,,,deep,set_minus,False,32,32,0,25,0,25,0.0,0.0,0.8321660000092379,8.362834000024577,9.329750000006243,heldout_context_routing,internal_context_shuffle_ablation,CRA_internal,MockSimulator,43,input,heldout_routing_repeat,89,deep,set_minus,False,False,-1,-0.01,0.0,0.0,0,False,1,False,-1,internal_context_shuffle_ablation,internal_ablation,context_shuffle,-0.01,False,deep,,False,32,32,25,0,25,-0.01,0.1,0.2,8,8
849,1000.0,8,8,0,8,0,0,2.2131978578758353,2.2131978578758353,2.2131978578758353,0.6420149920119997,-0.9999946965622277,0.022248820440071933,1.0,0.6420149920119997,False,0,0,0,0,0,0.0,0.0,0.0,0.0,0.0,0,0.0,0,0,disabled,disabled,True,keyed,1,0,True,internal_keyed_context,-1,-0.01,-0.01,default,0,True,keyed,0,0,False,raw,0,-0.01,-0.01,default,0,True,context_shuffle,True,internal_context_shuffle_router,-0.01,0.01,decision,heldout_routing_repeat,set_minus,,invert,deep,set_minus,False,32,32,0,26,0,26,0.0,0.0,0.820040999997218,8.606874999998126,9.553832999984024,heldout_context_routing,internal_context_shuffle_ablation,CRA_internal,MockSimulator,43,decision,heldout_routing_repeat,89,deep,set_minus,True,False,-1,-0.01,-0.01,-0.01,-1,True,1,False,849,internal_context_shuffle_ablation,internal_ablation,context_shuffle,-0.01,True,deep,invert,False,32,32,26,0,26,0.01,0.1,0.2,8,8
850,1000.0,8,8,0,8,0,0,2.2118590881194686,2.2118590881194686,2.2118590881194686,-0.6774434420230997,-0.0,0.02233190027173525,1.0,-0.6774434420230997,False,0,0,0,0,0,0.0,0.0,0.0,0.0,0.0,0,0.0,0,0,disabled,disabled,True,keyed,1,0,False,raw,0,0.0034000000000000002,0.0034000000000000002,default,0,True,keyed,0,0,False,raw,0,0.0034000000000000002,0.0034000000000000002,default,0,True,context_shuffle,False,raw,0.0034000000000000002,0.0034000000000000002,route_context,heldout_routing_repeat,set_minus,,,lagoon,invert,False,32,32,0,26,0,26,0.0,0.0,0.826000000017757,8.676583000010396,9.638124999980846,heldout_context_routing,internal_context_shuffle_ablation,CRA_internal,MockSimulator,43,route_context,heldout_routing_repeat,90,lagoon,invert,False,False,1,0.0034000000000000002,0.0,0.0,0,False,-1,False,-1,internal_context_shuffle_ablation,internal_ablation,context_shuffle,0.0034000000000000002,False,lagoon,,False,32,32,26,0,26,0.0034000000000000002,0.1,0.2,8,8
851,1000.0,8,8,0,8,0,0,2.2105267045171,2.2105267045171,2.2105267045171,-0.9217069418316164,-0.0,0.02240275738195601,1.0,-0.9217069418316164,False,0,0,0,0,0,0.0,0.0,0.0,0.0,0.0,0,0.0,0,0,disabled,disabled,True,keyed,1,0,False,raw,0,0.006600000000000001,0.006600000000000001,default,0,True,keyed,0,0,False,raw,0,0.006600000000000001,0.006600000000000001,default,0,True,context_shuffle,False,raw,0.006600000000000001,0.006600000000000001,context_distractor,heldout_routing_repeat,set_minus,,,lagoon,invert,False,32,32,0,26,0,26,0.0,0.0,0.8211659999801668,8.374000000003434,9.345375000009426,heldout_context_routing,internal_context_shuffle_ablation,CRA_internal,MockSimulator,43,context_distractor,heldout_routing_repeat,90,lagoon,invert,False,False,1,0.006600000000000001,0.0,0.0,0,False,-1,False,-1,internal_context_shuffle_ablation,internal_ablation,context_shuffle,0.006600000000000001,False,lagoon,,False,32,32,26,0,26,0.006600000000000001,0.1,0.2,8,8
852,1000.0,8,8,0,8,0,0,2.2092006752263824,2.2092006752263824,2.2092006752263824,0.2378206996639658,0.0,0.022461847447659247,1.0,0.2378206996639658,False,0,0,0,0,0,0.0,0.0,0.0,0.0,0.0,0,0.0,0,0,disabled,disabled,True,keyed,1,0,False,raw,0,-0.001,-0.001,default,0,True,keyed,0,0,False,raw,0,-0.001,-0.001,default,0,True,context_shuffle,False,raw,-0.001,-0.001,skill_distractor,heldout_routing_repeat,set_minus,,,lagoon,invert,False,32,32,0,26,0,26,0.0,0.0,0.7989169999973456,8.544874999984131,9.470666999959576,heldout_context_routing,internal_context_shuffle_ablation,CRA_internal,MockSimulator,43,skill_distractor,heldout_routing_repeat,90,lagoon,invert,False,False,1,-0.001,0.0,0.0,0,False,1,False,-1,internal_context_shuffle_ablation,internal_ablation,context_shuffle,-0.001,False,lagoon,,False,32,32,26,0,26,-0.001,0.1,0.2,8,8
853,1000.0,8,8,0,8,0,0,2.207880968563784,2.207880968563784,2.207880968563784,-0.8373724070282882,-0.0,0.02250961280778157,1.0,-0.8373724070282882,False,0,0,0,0,0,0.0,0.0,0.0,0.0,0.0,0,0.0,0,0,disabled,disabled,True,keyed,1,0,False,raw,0,0.005,0.005,default,0,True,keyed,0,0,False,raw,0,0.005,0.005,default,0,True,context_shuffle,False,raw,0.005,0.005,context_distractor,heldout_routing_repeat,set_minus,,,lagoon,invert,False,32,32,0,26,0,26,0.0,0.0,0.8096669999986261,8.38254100000313,9.322082999972281,heldout_context_routing,internal_context_shuffle_ablation,CRA_internal,MockSimulator,43,context_distractor,heldout_routing_repeat,90,lagoon,invert,False,False,1,0.005,0.0,0.0,0,False,-1,False,-1,internal_context_shuffle_ablation,internal_ablation,context_shuffle,0.005,False,lagoon,,False,32,32,26,0,26,0.005,0.1,0.2,8,8
854,1000.0,8,8,0,8,0,0,2.206567553003795,2.206567553003795,2.206567553003795,0.5828531266997612,0.0,0.022546482814519934,1.0,0.5828531266997612,False,0,0,0,0,0,0.0,0.0,0.0,0.0,0.0,0,0.0,0,0,disabled,disabled,True,keyed,1,0,False,raw,0,-0.0027500000000000003,-0.0027500000000000003,default,0,True,keyed,0,0,False,raw,0,-0.0027500000000000003,-0.0027500000000000003,default,0,True,context_shuffle,False,raw,-0.0027500000000000003,-0.0027500000000000003,skill_distractor,heldout_routing_repeat,set_minus,,,lagoon,invert,False,32,32,0,26,0,26,0.0,0.0,0.8183749999943757,8.380249999959233,9.33504200003199,heldout_context_routing,internal_context_shuffle_ablation,CRA_internal,MockSimulator,43,skill_distractor,heldout_routing_repeat,90,lagoon,invert,False,False,1,-0.0027500000000000003,0.0,0.0,0,False,1,False,-1,internal_context_shuffle_ablation,internal_ablation,context_shuffle,-0.0027500000000000003,False,lagoon,,False,32,32,26,0,26,-0.0027500000000000003,0.1,0.2,8,8
855,1000.0,8,8,0,8,0,0,2.2052603971781384,2.2052603971781384,2.2052603971781384,-0.837372407028288,-0.0,0.02257287417586565,1.0,-0.837372407028288,False,0,0,0,0,0,0.0,0.0,0.0,0.0,0.0,0,0.0,0,0,disabled,disabled,True,keyed,1,0,False,raw,0,0.005,0.005,default,0,True,keyed,0,0,False,raw,0,0.005,0.005,default,0,True,context_shuffle,False,raw,0.005,0.005,context_distractor,heldout_routing_repeat,set_minus,,,lagoon,invert,False,32,32,0,26,0,26,0.0,0.0,0.82391699999107,8.3075000000008,9.259791000033601,heldout_context_routing,internal_context_shuffle_ablation,CRA_internal,MockSimulator,43,context_distractor,heldout_routing_repeat,90,lagoon,invert,False,False,1,0.005,0.0,0.0,0,False,-1,False,-1,internal_context_shuffle_ablation,internal_ablation,context_shuffle,0.005,False,lagoon,,False,32,32,26,0,26,0.005,0.1,0.2,8,8
856,1000.0,8,8,0,8,0,0,2.203959469874988,2.203959469874988,2.203959469874988,-0.5828531266997611,-0.0,0.022589191289631733,1.0,-0.5828531266997611,False,0,0,0,0,0,0.0,0.0,0.0,0.0,0.0,0,0.0,0,0,disabled,disabled,True,keyed,1,0,False,raw,0,0.0027500000000000003,0.0027500000000000003,default,0,True,keyed,0,0,False,raw,0,0.0027500000000000003,0.0027500000000000003,default,0,True,context_shuffle,False,raw,0.0027500000000000003,0.0027500000000000003,skill_distractor,heldout_routing_repeat,set_minus,,,lagoon,invert,False,32,32,0,26,0,26,0.0,0.0,0.8276249999994434,8.522749999997359,9.479457999987062,heldout_context_routing,internal_context_shuffle_ablation,CRA_internal,MockSimulator,43,skill_distractor,heldout_routing_repeat,90,lagoon,invert,False,False,1,0.0027500000000000003,0.0,0.0,0,False,-1,False,-1,internal_context_shuffle_ablation,internal_ablation,context_shuffle,0.0027500000000000003,False,lagoon,,False,32,32,26,0,26,0.0027500000000000003,0.1,0.2,8,8
857,1000.0,8,8,0,8,0,0,2.2026647400381867,2.2026647400381867,2.2026647400381867,-0.41068357497450625,-0.0,0.022595826569176823,1.0,-0.41068357497450625,False,0,0,0,0,0,0.0,0.0,0.0,0.0,0.0,0,0.0,0,0,disabled,disabled,True,keyed,1,0,False,raw,0,0.0018,0.0018,default,0,True,keyed,0,0,False,raw,0,0.0018,0.0018,default,0,True,context_shuffle,False,raw,0.0018,0.0018,context_distractor,heldout_routing_repeat,set_minus,,,lagoon,invert,False,32,32,0,26,0,26,0.0,0.0,0.8970000000090295,8.5321249999879,9.561041999972986,heldout_context_routing,internal_context_shuffle_ablation,CRA_internal,MockSimulator,43,context_distractor,heldout_routing_repeat,90,lagoon,invert,False,False,1,0.0018,0.0,0.0,0,False,-1,False,-1,internal_context_shuffle_ablation,internal_ablation,context_shuffle,0.0018,False,lagoon,,False,32,32,26,0,26,0.0018,0.1,0.2,8,8
858,1000.0,8,8,0,8,0,0,2.2013761767664697,2.2013761767664697,2.2013761767664697,-0.582853126699761,-0.0,0.02259316076102426,1.0,-0.582853126699761,False,0,0,0,0,0,0.0,0.0,0.0,0.0,0.0,0,0.0,0,0,disabled,disabled,True,keyed,1,0,False,raw,0,0.0027500000000000003,0.0027500000000000003,default,0,True,keyed,0,0,False,raw,0,0.0027500000000000003,0.0027500000000000003,default,0,True,context_shuffle,False,raw,0.0027500000000000003,0.0027500000000000003,skill_distractor,heldout_routing_repeat,set_minus,,,lagoon,invert,False,32,32,0,26,0,26,0.0,0.0,0.8169170000087433,8.413041999972393,9.359874999972817,heldout_context_routing,internal_context_shuffle_ablation,CRA_internal,MockSimulator,43,skill_distractor,heldout_routing_repeat,90,lagoon,invert,False,False,1,0.0027500000000000003,0.0,0.0,0,False,-1,False,-1,internal_context_shuffle_ablation,internal_ablation,context_shuffle,0.0027500000000000003,False,lagoon,,False,32,32,26,0,26,0.0027500000000000003,0.1,0.2,8,8
859,1000.0,8,8,0,8,0,0,2.200093749312694,2.200093749312694,2.200093749312694,-0.4106835749745062,-0.0,0.022581563254570128,1.0,-0.4106835749745062,False,0,0,0,0,0,0.0,0.0,0.0,0.0,0.0,0,0.0,0,0,disabled,disabled,True,keyed,1,0,False,raw,0,0.0018,0.0018,default,0,True,keyed,0,0,False,raw,0,0.0018,0.0018,default,0,True,context_shuffle,False,raw,0.0018,0.0018,context_distractor,heldout_routing_repeat,set_minus,,,lagoon,invert,False,32,32,0,26,0,26,0.0,0.0,0.8019169999897713,8.530582999981107,9.45937500000582,heldout_context_routing,internal_context_shuffle_ablation,CRA_internal,MockSimulator,43,context_distractor,heldout_routing_repeat,90,lagoon,invert,False,False,1,0.0018,0.0,0.0,0,False,-1,False,-1,internal_context_shuffle_ablation,internal_ablation,context_shuffle,0.0018,False,lagoon,,False,32,32,26,0,26,0.0018,0.1,0.2,8,8
860,1000.0,8,8,0,8,0,0,2.1988174270830663,2.1988174270830663,2.1988174270830663,-0.23782069966396574,-0.0,0.022561392384069748,1.0,-0.23782069966396574,False,0,0,0,0,0,0.0,0.0,0.0,0.0,0.0,0,0.0,0,0,disabled,disabled,True,keyed,1,0,False,raw,0,0.001,0.001,default,0,True,keyed,0,0,False,raw,0,0.001,0.001,default,0,True,context_shuffle,False,raw,0.001,0.001,skill_distractor,heldout_routing_repeat,set_minus,,,lagoon,invert,False,32,32,0,26,0,26,0.0,0.0,0.8183749999943757,8.379666999985602,9.329167000032612,heldout_context_routing,internal_context_shuffle_ablation,CRA_internal,MockSimulator,43,skill_distractor,heldout_routing_repeat,90,lagoon,invert,False,False,1,0.001,0.0,0.0,0,False,-1,False,-1,internal_context_shuffle_ablation,internal_ablation,context_shuffle,0.001,False,lagoon,,False,32,32,26,0,26,0.001,0.1,0.2,8,8
861,1000.0,8,8,0,8,0,0,2.197547179636382,2.197547179636382,2.197547179636382,-0.9844534153255889,-0.0,0.02253299572308756,1.0,-0.9844534153255889,False,0,0,0,0,0,0.0,0.0,0.0,0.0,0.0,0,0.0,0,0,disabled,disabled,True,keyed,1,0,False,raw,0,0.01,0.01,default,0,True,keyed,0,0,False,raw,0,0.01,0.01,default,0,True,context_shuffle,False,raw,0.01,0.01,input,heldout_routing_repeat,set_minus,,,lagoon,invert,False,32,32,0,26,0,26,0.0,0.0,0.7997079999881862,8.509250000031443,9.438500000044314,heldout_context_routing,internal_context_shuffle_ablation,CRA_internal,MockSimulator,43,input,heldout_routing_repeat,90,lagoon,invert,False,False,1,0.01,0.0,0.0,0,False,-1,False,-1,internal_context_shuffle_ablation,internal_ablation,context_shuffle,0.01,False,lagoon,,False,32,32,26,0,26,0.01,0.1,0.2,8,8
862,1000.0,8,8,0,8,0,0,2.1962829766832623,2.1962829766832623,2.1962829766832623,0.6420149920119997,-0.9999946965622277,0.02249671037159103,1.0,0.6420149920119997,False,0,0,0,0,0,0.0,0.0,0.0,0.0,0.0,0,0.0,0,0,disabled,disabled,True,keyed,1,0,True,internal_keyed_context,1,0.01,0.01,default,0,True,keyed,0,0,False,raw,0,0.01,0.01,default,0,True,context_shuffle,True,internal_context_shuffle_router,0.01,0.01,decision,heldout_routing_repeat,set_minus,,identity,lagoon,invert,False,32,32,0,27,0,27,0.0,0.0,0.815459000023111,8.496791000027315,9.441833000039423,heldout_context_routing,internal_context_shuffle_ablation,CRA_internal,MockSimulator,43,decision,heldout_routing_repeat,90,lagoon,invert,True,False,1,0.01,-0.01,-0.01,-1,True,1,False,862,internal_context_shuffle_ablation,internal_ablation,context_shuffle,0.01,True,lagoon,identity,False,32,32,27,0,27,0.01,0.1,0.2,8,8
863,1000.0,8,8,0,8,0,0,2.1950247880853957,2.1950247880853957,2.1950247880853957,-0.6932309455477059,-0.0,0.022452863235865126,1.0,-0.6932309455477059,False,0,0,0,0,0,0.0,0.0,0.0,0.0,0.0,0,0.0,0,0,disabled,disabled,True,keyed,1,0,False,raw,0,0.0034000000000000002,0.0034000000000000002,default,0,True,keyed,0,0,False,raw,0,0.0034000000000000002,0.0034000000000000002,default,0,True,context_shuffle,False,raw,0.0034000000000000002,0.0034000000000000002,route_context,heldout_routing_repeat,set_minus,,,lagoon,invert,False,32,32,0,27,0,27,0.0,0.0,0.9045000000469372,8.484457999998085,9.516000000019176,heldout_context_routing,internal_context_shuffle_ablation,CRA_internal,MockSimulator,43,route_context,heldout_routing_repeat,91,lagoon,invert,False,False,-1,0.0034000000000000002,0.0,0.0,0,False,-1,False,-1,internal_context_shuffle_ablation,internal_ablation,context_shuffle,0.0034000000000000002,False,lagoon,,False,32,32,27,0,27,0.0034000000000000002,0.1,0.2,8,8
864,1000.0,8,8,0,8,0,0,2.1937725838547872,2.1937725838547872,2.1937725838547872,-0.8499858717165327,-0.0,0.022401771301419623,1.0,-0.8499858717165327,False,0,0,0,0,0,0.0,0.0,0.0,0.0,0.0,0,0.0,0,0,disabled,disabled,True,keyed,1,0,False,raw,0,0.005,0.005,default,0,True,keyed,0,0,False,raw,0,0.005,0.005,default,0,True,context_shuffle,False,raw,0.005,0.005,context_distractor,heldout_routing_repeat,set_minus,,,lagoon,invert,False,32,32,0,27,0,27,0.0,0.0,0.8066249999956199,8.509917000026235,9.448082999995222,heldout_context_routing,internal_context_shuffle_ablation,CRA_internal,MockSimulator,43,context_distractor,heldout_routing_repeat,91,lagoon,invert,False,False,-1,0.005,0.0,0.0,0,False,-1,False,-1,internal_context_shuffle_ablation,internal_ablation,context_shuffle,0.005,False,lagoon,,False,32,32,27,0,27,0.005,0.1,0.2,8,8
865,1000.0,8,8,0,8,0,0,2.1925263341530066,2.1925263341530066,2.1925263341530066,0.5985316578222227,0.0,0.022343741899057593,1.0,0.5985316578222227,False,0,0,0,0,0,0.0,0.0,0.0,0.0,0.0,0,0.0,0,0,disabled,disabled,True,keyed,1,0,False,raw,0,-0.0027500000000000003,-0.0027500000000000003,default,0,True,keyed,0,0,False,raw,0,-0.0027500000000000003,-0.0027500000000000003,default,0,True,context_shuffle,False,raw,-0.0027500000000000003,-0.0027500000000000003,skill_distractor,heldout_routing_repeat,set_minus,,,lagoon,invert,False,32,32,0,27,0,27,0.0,0.0,0.8125420000055783,8.422666999990724,9.36841700001878,heldout_context_routing,internal_context_shuffle_ablation,CRA_internal,MockSimulator,43,skill_distractor,heldout_routing_repeat,91,lagoon,invert,False,False,-1,-0.0027500000000000003,0.0,0.0,0,False,1,False,-1,internal_context_shuffle_ablation,internal_ablation,context_shuffle,-0.0027500000000000003,False,lagoon,,False,32,32,27,0,27,-0.0027500000000000003,0.1,0.2,8,8
866,1000.0,8,8,0,8,0,0,2.191286009290444,2.191286009290444,2.191286009290444,-0.9299546584530048,-0.0,0.022279072964269474,1.0,-0.9299546584530048,False,0,0,0,0,0,0.0,0.0,0.0,0.0,0.0,0,0.0,0,0,disabled,disabled,True,keyed,1,0,False,raw,0,0.006600000000000001,0.006600000000000001,default,0,True,keyed,0,0,False,raw,0,0.006600000000000001,0.006600000000000001,default,0,True,context_shuffle,False,raw,0.006600000000000001,0.006600000000000001,context_distractor,heldout_routing_repeat,set_minus,,,lagoon,invert,False,32,32,0,27,0,27,0.0,0.0,0.8015839999870877,8.627125000032265,9.555833000035818,heldout_context_routing,internal_context_shuffle_ablation,CRA_internal,MockSimulator,43,context_distractor,heldout_routing_repeat,91,lagoon,invert,False,False,-1,0.006600000000000001,0.0,0.0,0,False,-1,False,-1,internal_context_shuffle_ablation,internal_ablation,context_shuffle,0.006600000000000001,False,lagoon,,False,32,32,27,0,27,0.006600000000000001,0.1,0.2,8,8
867,1000.0,8,8,0,8,0,0,2.1900515797255653,2.1900515797255653,2.1900515797255653,-0.5985316578222228,-0.0,0.022208053290113258,1.0,-0.5985316578222228,False,0,0,0,0,0,0.0,0.0,0.0,0.0,0.0,0,0.0,0,0,disabled,disabled,True,keyed,1,0,False,raw,0,0.0027500000000000003,0.0027500000000000003,default,0,True,keyed,0,0,False,raw,0,0.0027500000000000003,0.0027500000000000003,default,0,True,context_shuffle,False,raw,0.0027500000000000003,0.0027500000000000003,skill_distractor,heldout_routing_repeat,set_minus,,,lagoon,invert,False,32,32,0,27,0,27,0.0,0.0,0.8092499999747815,8.51650000004156,9.455249999973603,heldout_context_routing,internal_context_shuffle_ablation,CRA_internal,MockSimulator,43,skill_distractor,heldout_routing_repeat,91,lagoon,invert,False,False,-1,0.0027500000000000003,0.0,0.0,0,False,-1,False,-1,internal_context_shuffle_ablation,internal_ablation,context_shuffle,0.0027500000000000003,False,lagoon,,False,32,32,27,0,27,0.0027500000000000003,0.1,0.2,8,8
868,1000.0,8,8,0,8,0,0,2.188823016064177,2.188823016064177,2.188823016064177,-0.42370300781657894,-0.0,0.022130962773737585,1.0,-0.42370300781657894,False,0,0,0,0,0,0.0,0.0,0.0,0.0,0.0,0,0.0,0,0,disabled,disabled,True,keyed,1,0,False,raw,0,0.0018,0.0018,default,0,True,keyed,0,0,False,raw,0,0.0018,0.0018,default,0,True,context_shuffle,False,raw,0.0018,0.0018,context_distractor,heldout_routing_repeat,set_minus,,,lagoon,invert,False,32,32,0,27,0,27,0.0,0.0,0.8160000000430045,8.690207999961785,9.632208000027731,heldout_context_routing,internal_context_shuffle_ablation,CRA_internal,MockSimulator,43,context_distractor,heldout_routing_repeat,91,lagoon,invert,False,False,-1,0.0018,0.0,0.0,0,False,-1,False,-1,internal_context_shuffle_ablation,internal_ablation,context_shuffle,0.0018,False,lagoon,,False,32,32,27,0,27,0.0018,0.1,0.2,8,8
869,1000.0,8,8,0,8,0,0,2.1876002890586874,2.1876002890586874,2.1876002890586874,0.5985316578222227,0.0,0.022048072656700893,1.0,0.5985316578222227,False,0,0,0,0,0,0.0,0.0,0.0,0.0,0.0,0,0.0,0,0,disabled,disabled,True,keyed,1,0,False,raw,0,-0.0027500000000000003,-0.0027500000000000003,default,0,True,keyed,0,0,False,raw,0,-0.0027500000000000003,-0.0027500000000000003,default,0,True,context_shuffle,False,raw,-0.0027500000000000003,-0.0027500000000000003,skill_distractor,heldout_routing_repeat,set_minus,,,lagoon,invert,False,32,32,0,27,0,27,0.0,0.0,0.8155000000442669,8.516166999982033,9.463541000002351,heldout_context_routing,internal_context_shuffle_ablation,CRA_internal,MockSimulator,43,skill_distractor,heldout_routing_repeat,91,lagoon,invert,False,False,-1,-0.0027500000000000003,0.0,0.0,0,False,1,False,-1,internal_context_shuffle_ablation,internal_ablation,context_shuffle,-0.0027500000000000003,False,lagoon,,False,32,32,27,0,27,-0.0027500000000000003,0.1,0.2,8,8
870,1000.0,8,8,0,8,0,0,2.1863833696073796,2.1863833696073796,2.1863833696073796,-0.8499858717165325,-0.0,0.021959645759236174,1.0,-0.8499858717165325,False,0,0,0,0,0,0.0,0.0,0.0,0.0,0.0,0,0.0,0,0,disabled,disabled,True,keyed,1,0,False,raw,0,0.005,0.005,default,0,True,keyed,0,0,False,raw,0,0.005,0.005,default,0,True,context_shuffle,False,raw,0.005,0.005,context_distractor,heldout_routing_repeat,set_minus,,,lagoon,invert,False,32,32,0,27,0,27,0.0,0.0,0.8599169999570222,8.456833000025199,9.448792000000594,heldout_context_routing,internal_context_shuffle_ablation,CRA_internal,MockSimulator,43,context_distractor,heldout_routing_repeat,91,lagoon,invert,False,False,-1,0.005,0.0,0.0,0,False,-1,False,-1,internal_context_shuffle_ablation,internal_ablation,context_shuffle,0.005,False,lagoon,,False,32,32,27,0,27,0.005,0.1,0.2,8,8
871,1000.0,8,8,0,8,0,0,2.185172228753681,2.185172228753681,2.185172228753681,0.24606549464849375,0.0,0.021865936708607363,1.0,0.24606549464849375,False,0,0,0,0,0,0.0,0.0,0.0,0.0,0.0,0,0.0,0,0,disabled,disabled,True,keyed,1,0,False,raw,0,-0.001,-0.001,default,0,True,keyed,0,0,False,raw,0,-0.001,-0.001,default,0,True,context_shuffle,False,raw,-0.001,-0.001,skill_distractor,heldout_routing_repeat,set_minus,,,lagoon,invert,False,32,32,0,27,0,27,0.0,0.0,0.8022920000030354,8.847000000002936,9.777665999990859,heldout_context_routing,internal_context_shuffle_ablation,CRA_internal,MockSimulator,43,skill_distractor,heldout_routing_repeat,91,lagoon,invert,False,False,-1,-0.001,0.0,0.0,0,False,1,False,-1,internal_context_shuffle_ablation,internal_ablation,context_shuffle,-0.001,False,lagoon,,False,32,32,27,0,27,-0.001,0.1,0.2,8,8
872,1000.0,8,8,0,8,0,0,2.18396683768544,2.18396683768544,2.18396683768544,-0.929954658453005,-0.0,0.02176719216170001,1.0,-0.929954658453005,False,0,0,0,0,0,0.0,0.0,0.0,0.0,0.0,0,0.0,0,0,disabled,disabled,True,keyed,1,0,False,raw,0,0.006600000000000001,0.006600000000000001,default,0,True,keyed,0,0,False,raw,0,0.006600000000000001,0.006600000000000001,default,0,True,context_shuffle,False,raw,0.006600000000000001,0.006600000000000001,context_distractor,heldout_routing_repeat,set_minus,,,lagoon,invert,False,32,32,0,27,0,27,0.0,0.0,0.828124999998181,8.61429099995803,9.577583000009326,heldout_context_routing,internal_context_shuffle_ablation,CRA_internal,MockSimulator,43,context_distractor,heldout_routing_repeat,91,lagoon,invert,False,False,-1,0.006600000000000001,0.0,0.0,0,False,-1,False,-1,internal_context_shuffle_ablation,internal_ablation,context_shuffle,0.006600000000000001,False,lagoon,,False,32,32,27,0,27,0.006600000000000001,0.1,0.2,8,8
873,1000.0,8,8,0,8,0,0,2.182767167734206,2.182767167734206,2.182767167734206,0.24606549464849375,0.0,0.021663651021985506,1.0,0.24606549464849375,False,0,0,0,0,0,0.0,0.0,0.0,0.0,0.0,0,0.0,0,0,disabled,disabled,True,keyed,1,0,False,raw,0,-0.001,-0.001,default,0,True,keyed,0,0,False,raw,0,-0.001,-0.001,default,0,True,context_shuffle,False,raw,-0.001,-0.001,skill_distractor,heldout_routing_repeat,set_minus,,,lagoon,invert,False,32,32,0,27,0,27,0.0,0.0,0.7992500000000291,8.663750000039272,9.590625000043929,heldout_context_routing,internal_context_shuffle_ablation,CRA_internal,MockSimulator,43,skill_distractor,heldout_routing_repeat,91,lagoon,invert,False,False,-1,-0.001,0.0,0.0,0,False,1,False,-1,internal_context_shuffle_ablation,internal_ablation,context_shuffle,-0.001,False,lagoon,,False,32,32,27,0,27,-0.001,0.1,0.2,8,8
874,1000.0,8,8,0,8,0,0,2.1815731903745132,2.1815731903745132,2.1815731903745132,0.9869349477622437,0.0,0.021555544650994903,1.0,0.9869349477622437,False,0,0,0,0,0,0.0,0.0,0.0,0.0,0.0,0,0.0,0,0,disabled,disabled,True,keyed,1,0,False,raw,0,-0.01,-0.01,default,0,True,keyed,0,0,False,raw,0,-0.01,-0.01,default,0,True,context_shuffle,False,raw,-0.01,-0.01,input,heldout_routing_repeat,set_minus,,,lagoon,invert,False,32,32,0,27,0,27,0.0,0.0,0.8159159999650001,8.469125000033273,9.417666999979701,heldout_context_routing,internal_context_shuffle_ablation,CRA_internal,MockSimulator,43,input,heldout_routing_repeat,91,lagoon,invert,False,False,-1,-0.01,0.0,0.0,0,False,1,False,-1,internal_context_shuffle_ablation,internal_ablation,context_shuffle,-0.01,False,lagoon,,False,32,32,27,0,27,-0.01,0.1,0.2,8,8
875,1000.0,8,8,0,8,0,0,2.180384877223166,2.180384877223166,2.180384877223166,-0.6420149920119997,-0.9999946965622277,0.02144309707443513,1.0,-0.6420149920119997,False,0,0,0,0,0,0.0,0.0,0.0,0.0,0.0,0,0.0,0,0,disabled,disabled,True,keyed,1,0,True,internal_keyed_context,-1,-0.01,-0.01,default,0,True,keyed,0,0,False,raw,0,-0.01,-0.01,default,0,True,context_shuffle,True,internal_context_shuffle_router,-0.01,-0.01,decision,heldout_routing_repeat,set_minus,,identity,lagoon,invert,False,32,32,0,28,0,28,0.0,0.0,0.8253750000335458,8.567249999998694,9.521583000037026,heldout_context_routing,internal_context_shuffle_ablation,CRA_internal,MockSimulator,43,decision,heldout_routing_repeat,91,lagoon,invert,True,False,-1,-0.01,0.01,0.01,1,True,-1,False,875,internal_context_shuffle_ablation,internal_ablation,context_shuffle,-0.01,True,lagoon,identity,False,32,32,28,0,28,-0.01,0.1,0.2,8,8
876,1000.0,8,8,0,8,0,0,2.179202200038531,2.179202200038531,2.179202200038531,-0.8616833962710713,-0.0,0.02132652518307735,1.0,-0.8616833962710713,False,0,0,0,0,0,0.0,0.0,0.0,0.0,0.0,0,0.0,0,0,disabled,disabled,True,keyed,1,0,False,raw,0,0.005,0.005,default,0,True,keyed,0,0,False,raw,0,0.005,0.005,default,0,True,context_shuffle,False,raw,0.005,0.005,route_context,heldout_routing_repeat,set_minus,,,storm,set_plus,False,32,32,0,28,0,28,0.0,0.0,0.8122079999566267,8.66383400000359,9.606082999994214,heldout_context_routing,internal_context_shuffle_ablation,CRA_internal,MockSimulator,43,route_context,heldout_routing_repeat,92,storm,set_plus,False,False,1,0.005,0.0,0.0,0,False,-1,False,-1,internal_context_shuffle_ablation,internal_ablation,context_shuffle,0.005,False,storm,,False,32,32,28,0,28,0.005,0.1,0.2,8,8
877,1000.0,8,8,0,8,0,0,2.17802513071983,2.17802513071983,2.17802513071983,-0.9373548319546057,-0.0,0.021206038928544106,1.0,-0.9373548319546057,False,0,0,0,0,0,0.0,0.0,0.0,0.0,0.0,0,0.0,0,0,disabled,disabled,True,keyed,1,0,False,raw,0,0.006600000000000001,0.006600000000000001,default,0,True,keyed,0,0,False,raw,0,0.006600000000000001,0.006600000000000001,default,0,True,context_shuffle,False,raw,0.006600000000000001,0.006600000000000001,context_distractor,heldout_routing_repeat,set_minus,,,storm,set_plus,False,32,32,0,28,0,28,0.0,0.0,0.8092080000210444,8.680916999992405,9.624958000017614,heldout_context_routing,internal_context_shuffle_ablation,CRA_internal,MockSimulator,43,context_distractor,heldout_routing_repeat,92,storm,set_plus,False,False,1,0.006600000000000001,0.0,0.0,0,False,-1,False,-1,internal_context_shuffle_ablation,internal_ablation,context_shuffle,0.006600000000000001,False,storm,,False,32,32,28,0,28,0.006600000000000001,0.1,0.2,8,8
878,1000.0,8,8,0,8,0,0,2.1768536413064377,2.1768536413064377,2.1768536413064377,-0.6137496892928416,-0.0,0.021081841514118963,1.0,-0.6137496892928416,False,0,0,0,0,0,0.0,0.0,0.0,0.0,0.0,0,0.0,0,0,disabled,disabled,True,keyed,1,0,False,raw,0,0.0027500000000000003,0.0027500000000000003,default,0,True,keyed,0,0,False,raw,0,0.0027500000000000003,0.0027500000000000003,default,0,True,context_shuffle,False,raw,0.0027500000000000003,0.0027500000000000003,skill_distractor,heldout_routing_repeat,set_minus,,,storm,set_plus,False,32,32,0,28,0,28,0.0,0.0,0.8211250000158543,8.887082999990525,9.83675000003359,heldout_context_routing,internal_context_shuffle_ablation,CRA_internal,MockSimulator,43,skill_distractor,heldout_routing_repeat,92,storm,set_plus,False,False,1,0.0027500000000000003,0.0,0.0,0,False,-1,False,-1,internal_context_shuffle_ablation,internal_ablation,context_shuffle,0.0027500000000000003,False,storm,,False,32,32,28,0,28,0.0027500000000000003,0.1,0.2,8,8
879,1000.0,8,8,0,8,0,0,2.1756877039771827,2.1756877039771827,2.1756877039771827,-0.7083652320307526,-0.0,0.020954129580699407,1.0,-0.7083652320307526,False,0,0,0,0,0,0.0,0.0,0.0,0.0,0.0,0,0.0,0,0,disabled,disabled,True,keyed,1,0,False,raw,0,0.0034000000000000002,0.0034000000000000002,default,0,True,keyed,0,0,False,raw,0,0.0034000000000000002,0.0034000000000000002,default,0,True,context_shuffle,False,raw,0.0034000000000000002,0.0034000000000000002,context_distractor,heldout_routing_repeat,set_minus,,,storm,set_plus,False,32,32,0,28,0,28,0.0,0.0,0.8252090000269163,8.507374999965123,9.468499999968572,heldout_context_routing,internal_context_shuffle_ablation,CRA_internal,MockSimulator,43,context_distractor,heldout_routing_repeat,92,storm,set_plus,False,False,1,0.0034000000000000002,0.0,0.0,0,False,-1,False,-1,internal_context_shuffle_ablation,internal_ablation,context_shuffle,0.0034000000000000002,False,storm,,False,32,32,28,0,28,0.0034000000000000002,0.1,0.2,8,8
880,1000.0,8,8,0,8,0,0,2.1745272910496527,2.1745272910496527,2.1745272910496527,0.6137496892928416,0.0,0.020823093388010985,1.0,0.6137496892928416,False,0,0,0,0,0,0.0,0.0,0.0,0.0,0.0,0,0.0,0,0,disabled,disabled,True,keyed,1,0,False,raw,0,-0.0027500000000000003,-0.0027500000000000003,default,0,True,keyed,0,0,False,raw,0,-0.0027500000000000003,-0.0027500000000000003,default,0,True,context_shuffle,False,raw,-0.0027500000000000003,-0.0027500000000000003,skill_distractor,heldout_routing_repeat,set_minus,,,storm,set_plus,False,32,32,0,28,0,28,0.0,0.0,0.8055839999769887,8.742374999997082,9.674125000003642,heldout_context_routing,internal_context_shuffle_ablation,CRA_internal,MockSimulator,43,skill_distractor,heldout_routing_repeat,92,storm,set_plus,False,False,1,-0.0027500000000000003,0.0,0.0,0,False,1,False,-1,internal_context_shuffle_ablation,internal_ablation,context_shuffle,-0.0027500000000000003,False,storm,,False,32,32,28,0,28,-0.0027500000000000003,0.1,0.2,8,8
881,1000.0,8,8,0,8,0,0,2.1733723749795004,2.1733723749795004,2.1733723749795004,-0.9373548319546054,-0.0,0.02068891699119782,1.0,-0.9373548319546054,False,0,0,0,0,0,0.0,0.0,0.0,0.0,0.0,0,0.0,0,0,disabled,disabled,True,keyed,1,0,False,raw,0,0.006600000000000001,0.006600000000000001,default,0,True,keyed,0,0,False,raw,0,0.006600000000000001,0.006600000000000001,default,0,True,context_shuffle,False,raw,0.006600000000000001,0.006600000000000001,context_distractor,heldout_routing_repeat,set_minus,,,storm,set_plus,False,32,32,0,28,0,28,0.0,0.0,0.8147500000177388,8.69958300000917,9.647416999996494,heldout_context_routing,internal_context_shuffle_ablation,CRA_internal,MockSimulator,43,context_distractor,heldout_routing_repeat,92,storm,set_plus,False,False,1,0.006600000000000001,0.0,0.0,0,False,-1,False,-1,internal_context_shuffle_ablation,internal_ablation,context_shuffle,0.006600000000000001,False,storm,,False,32,32,28,0,28,0.006600000000000001,0.1,0.2,8,8
882,1000.0,8,8,0,8,0,0,2.1722229283597576,2.1722229283597576,2.1722229283597576,0.2542666419783171,0.0,0.020551778412901976,1.0,0.2542666419783171,False,0,0,0,0,0,0.0,0.0,0.0,0.0,0.0,0,0.0,0,0,disabled,disabled,True,keyed,1,0,False,raw,0,-0.001,-0.001,default,0,True,keyed,0,0,False,raw,0,-0.001,-0.001,default,0,True,context_shuffle,False,raw,-0.001,-0.001,skill_distractor,heldout_routing_repeat,set_minus,,,storm,set_plus,False,32,32,0,28,0,28,0.0,0.0,0.8150829999635789,8.605750000015178,9.557707999988452,heldout_context_routing,internal_context_shuffle_ablation,CRA_internal,MockSimulator,43,skill_distractor,heldout_routing_repeat,92,storm,set_plus,False,False,1,-0.001,0.0,0.0,0,False,1,False,-1,internal_context_shuffle_ablation,internal_ablation,context_shuffle,-0.001,False,storm,,False,32,32,28,0,28,-0.001,0.1,0.2,8,8
883,1000.0,8,8,0,8,0,0,2.171078923920148,2.171078923920148,2.171078923920148,-0.7083652320307526,-0.0,0.02041184981094149,1.0,-0.7083652320307526,False,0,0,0,0,0,0.0,0.0,0.0,0.0,0.0,0,0.0,0,0,disabled,disabled,True,keyed,1,0,False,raw,0,0.0034000000000000002,0.0034000000000000002,default,0,True,keyed,0,0,False,raw,0,0.0034000000000000002,0.0034000000000000002,default,0,True,context_shuffle,False,raw,0.0034000000000000002,0.0034000000000000002,context_distractor,heldout_routing_repeat,set_minus,,,storm,set_plus,False,32,32,0,28,0,28,0.0,0.0,0.8019169999897713,8.827208000013798,9.756041999992249,heldout_context_routing,internal_context_shuffle_ablation,CRA_internal,MockSimulator,43,context_distractor,heldout_routing_repeat,92,storm,set_plus,False,False,1,0.0034000000000000002,0.0,0.0,0,False,-1,False,-1,internal_context_shuffle_ablation,internal_ablation,context_shuffle,0.0034000000000000002,False,storm,,False,32,32,28,0,28,0.0034000000000000002,0.1,0.2,8,8
884,1000.0,8,8,0,8,0,0,2.169940334526406,2.169940334526406,2.169940334526406,-0.6137496892928416,-0.0,0.020269297641694262,1.0,-0.6137496892928416,False,0,0,0,0,0,0.0,0.0,0.0,0.0,0.0,0,0.0,0,0,disabled,disabled,True,keyed,1,0,False,raw,0,0.0027500000000000003,0.0027500000000000003,default,0,True,keyed,0,0,False,raw,0,0.0027500000000000003,0.0027500000000000003,default,0,True,context_shuffle,False,raw,0.0027500000000000003,0.0027500000000000003,skill_distractor,heldout_routing_repeat,set_minus,,,storm,set_plus,False,32,32,0,28,0,28,0.0,0.0,0.8089579999932539,8.585374999995565,9.526083000025665,heldout_context_routing,internal_context_shuffle_ablation,CRA_internal,MockSimulator,43,skill_distractor,heldout_routing_repeat,92,storm,set_plus,False,False,1,0.0027500000000000003,0.0,0.0,0,False,-1,False,-1,internal_context_shuffle_ablation,internal_ablation,context_shuffle,0.0027500000000000003,False,storm,,False,32,32,28,0,28,0.0027500000000000003,0.1,0.2,8,8
885,1000.0,8,8,0,8,0,0,2.168807133179599,2.168807133179599,2.168807133179599,-0.43653693483652867,-0.0,0.020124282819292547,1.0,-0.43653693483652867,False,0,0,0,0,0,0.0,0.0,0.0,0.0,0.0,0,0.0,0,0,disabled,disabled,True,keyed,1,0,False,raw,0,0.0018,0.0018,default,0,True,keyed,0,0,False,raw,0,0.0018,0.0018,default,0,True,context_shuffle,False,raw,0.0018,0.0018,context_distractor,heldout_routing_repeat,set_minus,,,storm,set_plus,False,32,32,0,28,0,28,0.0,0.0,0.8006669999645055,8.868957999993654,9.797375000005104,heldout_context_routing,internal_context_shuffle_ablation,CRA_internal,MockSimulator,43,context_distractor,heldout_routing_repeat,92,storm,set_plus,False,False,1,0.0018,0.0,0.0,0,False,-1,False,-1,internal_context_shuffle_ablation,internal_ablation,context_shuffle,0.0018,False,storm,,False,32,32,28,0,28,0.0018,0.1,0.2,8,8
886,1000.0,8,8,0,8,0,0,2.1676792930154516,2.1676792930154516,2.1676792930154516,0.2542666419783171,0.0,0.01997696087073022,1.0,0.2542666419783171,False,0,0,0,0,0,0.0,0.0,0.0,0.0,0.0,0,0.0,0,0,disabled,disabled,True,keyed,1,0,False,raw,0,-0.001,-0.001,default,0,True,keyed,0,0,False,raw,0,-0.001,-0.001,default,0,True,context_shuffle,False,raw,-0.001,-0.001,skill_distractor,heldout_routing_repeat,set_minus,,,storm,set_plus,False,32,32,0,28,0,28,0.0,0.0,0.810958999977629,8.656165999980203,9.599166999976205,heldout_context_routing,internal_context_shuffle_ablation,CRA_internal,MockSimulator,43,skill_distractor,heldout_routing_repeat,92,storm,set_plus,False,False,1,-0.001,0.0,0.0,0,False,1,False,-1,internal_context_shuffle_ablation,internal_ablation,context_shuffle,-0.001,False,storm,,False,32,32,28,0,28,-0.001,0.1,0.2,8,8
887,1000.0,8,8,0,8,0,0,2.1665567873036737,2.1665567873036737,2.1665567873036737,-0.9890206589371734,-0.0,0.01982748208698267,1.0,-0.9890206589371734,False,0,0,0,0,0,0.0,0.0,0.0,0.0,0.0,0,0.0,0,0,disabled,disabled,True,keyed,1,0,False,raw,0,0.01,0.01,default,0,True,keyed,0,0,False,raw,0,0.01,0.01,default,0,True,context_shuffle,False,raw,0.01,0.01,input,heldout_routing_repeat,set_minus,,,storm,set_plus,False,32,32,0,28,0,28,0.0,0.0,0.8899160000055417,8.721750000006523,9.76245800001152,heldout_context_routing,internal_context_shuffle_ablation,CRA_internal,MockSimulator,43,input,heldout_routing_repeat,92,storm,set_plus,False,False,1,0.01,0.0,0.0,0,False,-1,False,-1,internal_context_shuffle_ablation,internal_ablation,context_shuffle,0.01,False,storm,,False,32,32,28,0,28,0.01,0.1,0.2,8,8
888,1000.0,8,8,0,8,0,0,2.165439589447294,2.165439589447294,2.165439589447294,-0.6420149920119997,-0.9999946965622277,0.01967599167023673,1.0,-0.6420149920119997,False,0,0,0,0,0,0.0,0.0,0.0,0.0,0.0,0,0.0,0,0,disabled,disabled,True,keyed,1,0,True,internal_keyed_context,1,0.01,0.01,default,0,True,keyed,0,0,False,raw,0,0.01,0.01,default,0,True,context_shuffle,True,internal_context_shuffle_router,0.01,-0.01,decision,heldout_routing_repeat,set_minus,,set_minus,storm,set_plus,False,32,32,0,29,0,29,0.0,0.0,0.7997080000450296,8.857957999964583,9.791165999956775,heldout_context_routing,internal_context_shuffle_ablation,CRA_internal,MockSimulator,43,decision,heldout_routing_repeat,92,storm,set_plus,True,False,1,0.01,0.01,0.01,1,True,-1,False,888,internal_context_shuffle_ablation,internal_ablation,context_shuffle,0.01,True,storm,set_minus,False,32,32,29,0,29,-0.01,0.1,0.2,8,8
889,1000.0,8,8,0,8,0,0,2.164327672981993,2.164327672981993,2.164327672981993,-0.8725211991103841,-0.0,0.019522629877325837,1.0,-0.8725211991103841,False,0,0,0,0,0,0.0,0.0,0.0,0.0,0.0,0,0.0,0,0,disabled,disabled,True,keyed,1,0,False,raw,0,0.005,0.005,default,0,True,keyed,0,0,False,raw,0,0.005,0.005,default,0,True,context_shuffle,False,raw,0.005,0.005,route_context,heldout_routing_repeat,set_minus,,,storm,set_plus,False,32,32,0,29,0,29,0.0,0.0,0.8158750000006876,8.636125000009542,9.586957999999868,heldout_context_routing,internal_context_shuffle_ablation,CRA_internal,MockSimulator,43,route_context,heldout_routing_repeat,93,storm,set_plus,False,False,-1,0.005,0.0,0.0,0,False,-1,False,-1,internal_context_shuffle_ablation,internal_ablation,context_shuffle,0.005,False,storm,,False,32,32,29,0,29,0.005,0.1,0.2,8,8
890,1000.0,8,8,0,8,0,0,2.163221011575442,2.163221011575442,2.163221011575442,-0.4491830580506949,-0.0,0.019367532159463283,1.0,-0.4491830580506949,False,0,0,0,0,0,0.0,0.0,0.0,0.0,0.0,0,0.0,0,0,disabled,disabled,True,keyed,1,0,False,raw,0,0.0018,0.0018,default,0,True,keyed,0,0,False,raw,0,0.0018,0.0018,default,0,True,context_shuffle,False,raw,0.0018,0.0018,context_distractor,heldout_routing_repeat,set_minus,,,storm,set_plus,False,32,32,0,29,0,29,0.0,0.0,0.7962079999970229,8.807875000002241,9.731583000018418,heldout_context_routing,internal_context_shuffle_ablation,CRA_internal,MockSimulator,43,context_distractor,heldout_routing_repeat,93,storm,set_plus,False,False,-1,0.0018,0.0,0.0,0,False,-1,False,-1,internal_context_shuffle_ablation,internal_ablation,context_shuffle,0.0018,False,storm,,False,32,32,29,0,29,0.0018,0.1,0.2,8,8
891,1000.0,8,8,0,8,0,0,2.162119579026646,2.162119579026646,2.162119579026646,0.6285103644769405,0.0,0.0192108292983643,1.0,0.6285103644769405,False,0,0,0,0,0,0.0,0.0,0.0,0.0,0.0,0,0.0,0,0,disabled,disabled,True,keyed,1,0,False,raw,0,-0.0027500000000000003,-0.0027500000000000003,default,0,True,keyed,0,0,False,raw,0,-0.0027500000000000003,-0.0027500000000000003,default,0,True,context_shuffle,False,raw,-0.0027500000000000003,-0.0027500000000000003,skill_distractor,heldout_routing_repeat,set_minus,,,storm,set_plus,False,32,32,0,29,0,29,0.0,0.0,0.8107920000384183,8.668249999971067,9.6122919999857,heldout_context_routing,internal_context_shuffle_ablation,CRA_internal,MockSimulator,43,skill_distractor,heldout_routing_repeat,93,storm,set_plus,False,False,-1,-0.0027500000000000003,0.0,0.0,0,False,1,False,-1,internal_context_shuffle_ablation,internal_ablation,context_shuffle,-0.0027500000000000003,False,storm,,False,32,32,29,0,29,-0.0027500000000000003,0.1,0.2,8,8
892,1000.0,8,8,0,8,0,0,2.161023349265287,2.161023349265287,2.161023349265287,-0.9439895897114712,-0.0,0.019052647538845495,1.0,-0.9439895897114712,False,0,0,0,0,0,0.0,0.0,0.0,0.0,0.0,0,0.0,0,0,disabled,disabled,True,keyed,1,0,False,raw,0,0.006600000000000001,0.006600000000000001,default,0,True,keyed,0,0,False,raw,0,0.006600000000000001,0.006600000000000001,default,0,True,context_shuffle,False,raw,0.006600000000000001,0.006600000000000001,context_distractor,heldout_routing_repeat,set_minus,,,storm,set_plus,False,32,32,0,29,0,29,0.0,0.0,0.8721250000007785,8.790791999956582,9.789249999982985,heldout_context_routing,internal_context_shuffle_ablation,CRA_internal,MockSimulator,43,context_distractor,heldout_routing_repeat,93,storm,set_plus,False,False,-1,0.006600000000000001,0.0,0.0,0,False,-1,False,-1,internal_context_shuffle_ablation,internal_ablation,context_shuffle,0.006600000000000001,False,storm,,False,32,32,29,0,29,0.006600000000000001,0.1,0.2,8,8
893,1000.0,8,8,0,8,0,0,2.159932296351074,2.159932296351074,2.159932296351074,-0.26242323791760813,-0.0,0.01889310871798809,1.0,-0.26242323791760813,False,0,0,0,0,0,0.0,0.0,0.0,0.0,0.0,0,0.0,0,0,disabled,disabled,True,keyed,1,0,False,raw,0,0.001,0.001,default,0,True,keyed,0,0,False,raw,0,0.001,0.001,default,0,True,context_shuffle,False,raw,0.001,0.001,skill_distractor,heldout_routing_repeat,set_minus,,,storm,set_plus,False,32,32,0,29,0,29,0.0,0.0,0.8099579999907291,8.918584000014107,9.859041000026991,heldout_context_routing,internal_context_shuffle_ablation,CRA_internal,MockSimulator,43,skill_distractor,heldout_routing_repeat,93,storm,set_plus,False,False,-1,0.001,0.0,0.0,0,False,-1,False,-1,internal_context_shuffle_ablation,internal_ablation,context_shuffle,0.001,False,storm,,False,32,32,29,0,29,0.001,0.1,0.2,8,8
894,1000.0,8,8,0,8,0,0,2.1588463944730925,2.1588463944730925,2.1588463944730925,-0.9439895897114712,-0.0,0.01873233039094945,1.0,-0.9439895897114712,False,0,0,0,0,0,0.0,0.0,0.0,0.0,0.0,0,0.0,0,0,disabled,disabled,True,keyed,1,0,False,raw,0,0.006600000000000001,0.006600000000000001,default,0,True,keyed,0,0,False,raw,0,0.006600000000000001,0.006600000000000001,default,0,True,context_shuffle,False,raw,0.006600000000000001,0.006600000000000001,context_distractor,heldout_routing_repeat,set_minus,,,storm,set_plus,False,32,32,0,29,0,29,0.0,0.0,0.809708000019782,8.640874999969128,9.580207999988488,heldout_context_routing,internal_context_shuffle_ablation,CRA_internal,MockSimulator,43,context_distractor,heldout_routing_repeat,93,storm,set_plus,False,False,-1,0.006600000000000001,0.0,0.0,0,False,-1,False,-1,internal_context_shuffle_ablation,internal_ablation,context_shuffle,0.006600000000000001,False,storm,,False,32,32,29,0,29,0.006600000000000001,0.1,0.2,8,8
895,1000.0,8,8,0,8,0,0,2.15776561794916,2.15776561794916,2.15776561794916,-0.26242323791760813,-0.0,0.018570425953505155,1.0,-0.26242323791760813,False,0,0,0,0,0,0.0,0.0,0.0,0.0,0.0,0,0.0,0,0,disabled,disabled,True,keyed,1,0,False,raw,0,0.001,0.001,default,0,True,keyed,0,0,False,raw,0,0.001,0.001,default,0,True,context_shuffle,False,raw,0.001,0.001,skill_distractor,heldout_routing_repeat,set_minus,,,storm,set_plus,False,32,32,0,29,0,29,0.0,0.0,0.8032090000256176,8.807041000011395,9.737292000011166,heldout_context_routing,internal_context_shuffle_ablation,CRA_internal,MockSimulator,43,skill_distractor,heldout_routing_repeat,93,storm,set_plus,False,False,-1,0.001,0.0,0.0,0,False,-1,False,-1,internal_context_shuffle_ablation,internal_ablation,context_shuffle,0.001,False,storm,,False,32,32,29,0,29,0.001,0.1,0.2,8,8
896,1000.0,8,8,0,8,0,0,2.1566899412251854,2.1566899412251854,2.1566899412251854,-0.7228608743397107,-0.0,0.018407504761402255,1.0,-0.7228608743397107,False,0,0,0,0,0,0.0,0.0,0.0,0.0,0.0,0,0.0,0,0,disabled,disabled,True,keyed,1,0,False,raw,0,0.0034000000000000002,0.0034000000000000002,default,0,True,keyed,0,0,False,raw,0,0.0034000000000000002,0.0034000000000000002,default,0,True,context_shuffle,False,raw,0.0034000000000000002,0.0034000000000000002,context_distractor,heldout_routing_repeat,set_minus,,,storm,set_plus,False,32,32,0,29,0,29,0.0,0.0,0.8040000000164582,8.745374999989508,9.678375000021333,heldout_context_routing,internal_context_shuffle_ablation,CRA_internal,MockSimulator,43,context_distractor,heldout_routing_repeat,93,storm,set_plus,False,False,-1,0.0034000000000000002,0.0,0.0,0,False,-1,False,-1,internal_context_shuffle_ablation,internal_ablation,context_shuffle,0.0034000000000000002,False,storm,,False,32,32,29,0,29,0.0034000000000000002,0.1,0.2,8,8
897,1000.0,8,8,0,8,0,0,2.1556193388745273,2.1556193388745273,2.1556193388745273,-0.6285103644769405,-0.0,0.018243672246602068,1.0,-0.6285103644769405,False,0,0,0,0,0,0.0,0.0,0.0,0.0,0.0,0,0.0,0,0,disabled,disabled,True,keyed,1,0,False,raw,0,0.0027500000000000003,0.0027500000000000003,default,0,True,keyed,0,0,False,raw,0,0.0027500000000000003,0.0027500000000000003,default,0,True,context_shuffle,False,raw,0.0027500000000000003,0.0027500000000000003,skill_distractor,heldout_routing_repeat,set_minus,,,storm,set_plus,False,32,32,0,29,0,29,0.0,0.0,0.8026249999488755,8.864125000002332,9.793500000000677,heldout_context_routing,internal_context_shuffle_ablation,CRA_internal,MockSimulator,43,skill_distractor,heldout_routing_repeat,93,storm,set_plus,False,False,-1,0.0027500000000000003,0.0,0.0,0,False,-1,False,-1,internal_context_shuffle_ablation,internal_ablation,context_shuffle,0.0027500000000000003,False,storm,,False,32,32,29,0,29,0.0027500000000000003,0.1,0.2,8,8
898,1000.0,8,8,0,8,0,0,2.1545537855973613,2.1545537855973613,2.1545537855973613,-0.7228608743397107,-0.0,0.01807903003048933,1.0,-0.7228608743397107,False,0,0,0,0,0,0.0,0.0,0.0,0.0,0.0,0,0.0,0,0,disabled,disabled,True,keyed,1,0,False,raw,0,0.0034000000000000002,0.0034000000000000002,default,0,True,keyed,0,0,False,raw,0,0.0034000000000000002,0.0034000000000000002,default,0,True,context_shuffle,False,raw,0.0034000000000000002,0.0034000000000000002,context_distractor,heldout_routing_repeat,set_minus,,,storm,set_plus,False,32,32,0,29,0,29,0.0,0.0,0.8163749999994252,9.197249999999713,10.147624999945037,heldout_context_routing,internal_context_shuffle_ablation,CRA_internal,MockSimulator,43,context_distractor,heldout_routing_repeat,93,storm,set_plus,False,False,-1,0.0034000000000000002,0.0,0.0,0,False,-1,False,-1,internal_context_shuffle_ablation,internal_ablation,context_shuffle,0.0034000000000000002,False,storm,,False,32,32,29,0,29,0.0034000000000000002,0.1,0.2,8,8
899,1000.0,8,8,0,8,0,0,2.153493256220046,2.153493256220046,2.153493256220046,-0.26242323791760813,-0.0,0.017913676034122458,1.0,-0.26242323791760813,False,0,0,0,0,0,0.0,0.0,0.0,0.0,0.0,0,0.0,0,0,disabled,disabled,True,keyed,1,0,False,raw,0,0.001,0.001,default,0,True,keyed,0,0,False,raw,0,0.001,0.001,default,0,True,context_shuffle,False,raw,0.001,0.001,skill_distractor,heldout_routing_repeat,set_minus,,,storm,set_plus,False,32,32,0,29,0,29,0.0,0.0,0.8289579999996022,8.750957999950515,9.71537499998476,heldout_context_routing,internal_context_shuffle_ablation,CRA_internal,MockSimulator,43,skill_distractor,heldout_routing_repeat,93,storm,set_plus,False,False,-1,0.001,0.0,0.0,0,False,-1,False,-1,internal_context_shuffle_ablation,internal_ablation,context_shuffle,0.001,False,storm,,False,32,32,29,0,29,0.001,0.1,0.2,8,8
900,1000.0,8,8,0,8,0,0,2.152437725694493,2.152437725694493,2.152437725694493,0.9907733452440182,0.0,0.017747704585598066,1.0,0.9907733452440182,False,0,0,0,0,0,0.0,0.0,0.0,0.0,0.0,0,0.0,0,0,disabled,disabled,True,keyed,1,0,False,raw,0,-0.01,-0.01,default,0,True,keyed,0,0,False,raw,0,-0.01,-0.01,default,0,True,context_shuffle,False,raw,-0.01,-0.01,input,heldout_routing_repeat,set_minus,,,storm,set_plus,False,32,32,0,29,0,29,0.0,0.0,0.803375000032247,9.051333999991584,9.981874999994034,heldout_context_routing,internal_context_shuffle_ablation,CRA_internal,MockSimulator,43,input,heldout_routing_repeat,93,storm,set_plus,False,False,-1,-0.01,0.0,0.0,0,False,1,False,-1,internal_context_shuffle_ablation,internal_ablation,context_shuffle,-0.01,False,storm,,False,32,32,29,0,29,-0.01,0.1,0.2,8,8
901,1000.0,8,8,0,8,0,0,2.151387169097542,2.151387169097542,2.151387169097542,-0.6420149920119997,-0.9999946965622277,0.017581206524601,1.0,-0.6420149920119997,False,0,0,0,0,0,0.0,0.0,0.0,0.0,0.0,0,0.0,0,0,disabled,disabled,True,keyed,1,0,True,internal_keyed_context,-1,-0.01,-0.01,default,0,True,keyed,0,0,False,raw,0,-0.01,-0.01,default,0,True,context_shuffle,True,internal_context_shuffle_router,-0.01,-0.01,decision,heldout_routing_repeat,set_minus,,set_minus,storm,set_plus,False,32,32,0,30,0,30,0.0,0.0,0.8199999999760621,8.843709000018407,9.800041999994846,heldout_context_routing,internal_context_shuffle_ablation,CRA_internal,MockSimulator,43,decision,heldout_routing_repeat,93,storm,set_plus,True,False,-1,-0.01,0.01,0.01,1,True,-1,False,901,internal_context_shuffle_ablation,internal_ablation,context_shuffle,-0.01,True,storm,set_minus,False,32,32,30,0,30,-0.01,0.1,0.2,8,8
902,1000.0,8,8,0,8,0,0,2.150341561630337,2.150341561630337,2.150341561630337,-0.46163934217941904,-0.0,0.017414269304209577,1.0,-0.46163934217941904,False,0,0,0,0,0,0.0,0.0,0.0,0.0,0.0,0,0.0,0,0,disabled,disabled,True,keyed,1,0,False,raw,0,0.0018,0.0018,default,0,True,keyed,0,0,False,raw,0,0.0018,0.0018,default,0,True,context_shuffle,False,raw,0.0018,0.0018,route_context,heldout_routing_repeat,set_minus,,,reef,identity,False,32,32,0,30,0,30,0.0,0.0,0.7997920000093472,9.159500000009757,10.08762500003968,heldout_context_routing,internal_context_shuffle_ablation,CRA_internal,MockSimulator,43,route_context,heldout_routing_repeat,94,reef,identity,False,False,1,0.0018,0.0,0.0,0,False,-1,False,-1,internal_context_shuffle_ablation,internal_ablation,context_shuffle,0.0018,False,reef,,False,32,32,30,0,30,0.0018,0.1,0.2,8,8
903,1000.0,8,8,0,8,0,0,2.1493008786177072,2.1493008786177072,2.1493008786177072,-0.7367334542691909,-0.0,0.01724697709002397,1.0,-0.7367334542691909,False,0,0,0,0,0,0.0,0.0,0.0,0.0,0.0,0,0.0,0,0,disabled,disabled,True,keyed,1,0,False,raw,0,0.0034000000000000002,0.0034000000000000002,default,0,True,keyed,0,0,False,raw,0,0.0034000000000000002,0.0034000000000000002,default,0,True,context_shuffle,False,raw,0.0034000000000000002,0.0034000000000000002,context_distractor,heldout_routing_repeat,set_minus,,,reef,identity,False,32,32,0,30,0,30,0.0,0.0,0.8150419999992664,9.137542000019039,10.087624999982836,heldout_context_routing,internal_context_shuffle_ablation,CRA_internal,MockSimulator,43,context_distractor,heldout_routing_repeat,94,reef,identity,False,False,1,0.0034000000000000002,0.0,0.0,0,False,-1,False,-1,internal_context_shuffle_ablation,internal_ablation,context_shuffle,0.0034000000000000002,False,reef,,False,32,32,30,0,30,0.0034000000000000002,0.1,0.2,8,8
904,1000.0,8,8,0,8,0,0,2.1482650955075484,2.1482650955075484,2.1482650955075484,-0.27053440460573297,-0.0,0.017079410856684105,1.0,-0.27053440460573297,False,0,0,0,0,0,0.0,0.0,0.0,0.0,0.0,0,0.0,0,0,disabled,disabled,True,keyed,1,0,False,raw,0,0.001,0.001,default,0,True,keyed,0,0,False,raw,0,0.001,0.001,default,0,True,context_shuffle,False,raw,0.001,0.001,skill_distractor,heldout_routing_repeat,set_minus,,,reef,identity,False,32,32,0,30,0,30,0.0,0.0,0.8258750000322834,8.84549999994988,9.805292000010013,heldout_context_routing,internal_context_shuffle_ablation,CRA_internal,MockSimulator,43,skill_distractor,heldout_routing_repeat,94,reef,identity,False,False,1,0.001,0.0,0.0,0,False,-1,False,-1,internal_context_shuffle_ablation,internal_ablation,context_shuffle,0.001,False,reef,,False,32,32,30,0,30,0.001,0.1,0.2,8,8
905,1000.0,8,8,0,8,0,0,2.147234187870211,2.147234187870211,2.147234187870211,-0.8825537119158686,-0.0,0.016911648481841825,1.0,-0.8825537119158686,False,0,0,0,0,0,0.0,0.0,0.0,0.0,0.0,0,0.0,0,0,disabled,disabled,True,keyed,1,0,False,raw,0,0.005,0.005,default,0,True,keyed,0,0,False,raw,0,0.005,0.005,default,0,True,context_shuffle,False,raw,0.005,0.005,context_distractor,heldout_routing_repeat,set_minus,,,reef,identity,False,32,32,0,30,0,30,0.0,0.0,0.8906250000109139,9.102832999985822,10.125542000025689,heldout_context_routing,internal_context_shuffle_ablation,CRA_internal,MockSimulator,43,context_distractor,heldout_routing_repeat,94,reef,identity,False,False,1,0.005,0.0,0.0,0,False,-1,False,-1,internal_context_shuffle_ablation,internal_ablation,context_shuffle,0.005,False,reef,,False,32,32,30,0,30,0.005,0.1,0.2,8,8
906,1000.0,8,8,0,8,0,0,2.1462081313978887,2.1462081313978887,2.1462081313978887,0.6428177003523943,0.0,0.01674376483765056,1.0,0.6428177003523943,False,0,0,0,0,0,0.0,0.0,0.0,0.0,0.0,0,0.0,0,0,disabled,disabled,True,keyed,1,0,False,raw,0,-0.0027500000000000003,-0.0027500000000000003,default,0,True,keyed,0,0,False,raw,0,-0.0027500000000000003,-0.0027500000000000003,default,0,True,context_shuffle,False,raw,-0.0027500000000000003,-0.0027500000000000003,skill_distractor,heldout_routing_repeat,set_minus,,,reef,identity,False,32,32,0,30,0,30,0.0,0.0,0.8243749999792271,8.945874999994885,9.902915999987272,heldout_context_routing,internal_context_shuffle_ablation,CRA_internal,MockSimulator,43,skill_distractor,heldout_routing_repeat,94,reef,identity,False,False,1,-0.0027500000000000003,0.0,0.0,0,False,1,False,-1,internal_context_shuffle_ablation,internal_ablation,context_shuffle,-0.0027500000000000003,False,reef,,False,32,32,30,0,30,-0.0027500000000000003,0.1,0.2,8,8
907,1000.0,8,8,0,8,0,0,2.14518690190401,2.14518690190401,2.14518690190401,-0.8825537119158686,-0.0,0.01657583187983421,1.0,-0.8825537119158686,False,0,0,0,0,0,0.0,0.0,0.0,0.0,0.0,0,0.0,0,0,disabled,disabled,True,keyed,1,0,False,raw,0,0.005,0.005,default,0,True,keyed,0,0,False,raw,0,0.005,0.005,default,0,True,context_shuffle,False,raw,0.005,0.005,context_distractor,heldout_routing_repeat,set_minus,,,reef,identity,False,32,32,0,30,0,30,0.0,0.0,0.9184170000366976,9.021207999978742,10.067499999991014,heldout_context_routing,internal_context_shuffle_ablation,CRA_internal,MockSimulator,43,context_distractor,heldout_routing_repeat,94,reef,identity,False,False,1,0.005,0.0,0.0,0,False,-1,False,-1,internal_context_shuffle_ablation,internal_ablation,context_shuffle,0.005,False,reef,,False,32,32,30,0,30,0.005,0.1,0.2,8,8
908,1000.0,8,8,0,8,0,0,2.1441704753226345,2.1441704753226345,2.1441704753226345,0.6428177003523943,0.0,0.016407918734395458,1.0,0.6428177003523943,False,0,0,0,0,0,0.0,0.0,0.0,0.0,0.0,0,0.0,0,0,disabled,disabled,True,keyed,1,0,False,raw,0,-0.0027500000000000003,-0.0027500000000000003,default,0,True,keyed,0,0,False,raw,0,-0.0027500000000000003,-0.0027500000000000003,default,0,True,context_shuffle,False,raw,-0.0027500000000000003,-0.0027500000000000003,skill_distractor,heldout_routing_repeat,set_minus,,,reef,identity,False,32,32,0,30,0,30,0.0,0.0,0.8284590000471326,9.088915999996061,10.05154200004199,heldout_context_routing,internal_context_shuffle_ablation,CRA_internal,MockSimulator,43,skill_distractor,heldout_routing_repeat,94,reef,identity,False,False,1,-0.0027500000000000003,0.0,0.0,0,False,1,False,-1,internal_context_shuffle_ablation,internal_ablation,context_shuffle,-0.0027500000000000003,False,reef,,False,32,32,30,0,30,-0.0027500000000000003,0.1,0.2,8,8
909,1000.0,8,8,0,8,0,0,2.143158827707851,2.143158827707851,2.143158827707851,-0.8825537119158686,-0.0,0.016240091782022317,1.0,-0.8825537119158686,False,0,0,0,0,0,0.0,0.0,0.0,0.0,0.0,0,0.0,0,0,disabled,disabled,True,keyed,1,0,False,raw,0,0.005,0.005,default,0,True,keyed,0,0,False,raw,0,0.005,0.005,default,0,True,context_shuffle,False,raw,0.005,0.005,context_distractor,heldout_routing_repeat,set_minus,,,reef,identity,False,32,32,0,30,0,30,0.0,0.0,0.8131250000360524,8.831166999982543,9.777874999997493,heldout_context_routing,internal_context_shuffle_ablation,CRA_internal,MockSimulator,43,context_distractor,heldout_routing_repeat,94,reef,identity,False,False,1,0.005,0.0,0.0,0,False,-1,False,-1,internal_context_shuffle_ablation,internal_ablation,context_shuffle,0.005,False,reef,,False,32,32,30,0,30,0.005,0.1,0.2,8,8
910,1000.0,8,8,0,8,0,0,2.142151935233178,2.142151935233178,2.142151935233178,-0.27053440460573297,-0.0,0.016072414740250347,1.0,-0.27053440460573297,False,0,0,0,0,0,0.0,0.0,0.0,0.0,0.0,0,0.0,0,0,disabled,disabled,True,keyed,1,0,False,raw,0,0.001,0.001,default,0,True,keyed,0,0,False,raw,0,0.001,0.001,default,0,True,context_shuffle,False,raw,0.001,0.001,skill_distractor,heldout_routing_repeat,set_minus,,,reef,identity,False,32,32,0,30,0,30,0.0,0.0,0.8032919999436672,9.013583000012204,9.945333000018763,heldout_context_routing,internal_context_shuffle_ablation,CRA_internal,MockSimulator,43,skill_distractor,heldout_routing_repeat,94,reef,identity,False,False,1,0.001,0.0,0.0,0,False,-1,False,-1,internal_context_shuffle_ablation,internal_ablation,context_shuffle,0.001,False,reef,,False,32,32,30,0,30,0.001,0.1,0.2,8,8
911,1000.0,8,8,0,8,0,0,2.1411497741909704,2.1411497741909704,2.1411497741909704,-0.9499341854150734,-0.0,0.015904948743436443,1.0,-0.9499341854150734,False,0,0,0,0,0,0.0,0.0,0.0,0.0,0.0,0,0.0,0,0,disabled,disabled,True,keyed,1,0,False,raw,0,0.006600000000000001,0.006600000000000001,default,0,True,keyed,0,0,False,raw,0,0.006600000000000001,0.006600000000000001,default,0,True,context_shuffle,False,raw,0.006600000000000001,0.006600000000000001,context_distractor,heldout_routing_repeat,set_minus,,,reef,identity,False,32,32,0,30,0,30,0.0,0.0,0.8184999999798492,8.932083999980023,9.889584000006835,heldout_context_routing,internal_context_shuffle_ablation,CRA_internal,MockSimulator,43,context_distractor,heldout_routing_repeat,94,reef,identity,False,False,1,0.006600000000000001,0.0,0.0,0,False,-1,False,-1,internal_context_shuffle_ablation,internal_ablation,context_shuffle,0.006600000000000001,False,reef,,False,32,32,30,0,30,0.006600000000000001,0.1,0.2,8,8
912,1000.0,8,8,0,8,0,0,2.140152320991824,2.140152320991824,2.140152320991824,-0.6428177003523942,-0.0,0.015737752420598997,1.0,-0.6428177003523942,False,0,0,0,0,0,0.0,0.0,0.0,0.0,0.0,0,0.0,0,0,disabled,disabled,True,keyed,1,0,False,raw,0,0.0027500000000000003,0.0027500000000000003,default,0,True,keyed,0,0,False,raw,0,0.0027500000000000003,0.0027500000000000003,default,0,True,context_shuffle,False,raw,0.0027500000000000003,0.0027500000000000003,skill_distractor,heldout_routing_repeat,set_minus,,,reef,identity,False,32,32,0,30,0,30,0.0,0.0,0.8864160000143784,9.056458999964434,10.082165999961035,heldout_context_routing,internal_context_shuffle_ablation,CRA_internal,MockSimulator,43,skill_distractor,heldout_routing_repeat,94,reef,identity,False,False,1,0.0027500000000000003,0.0,0.0,0,False,-1,False,-1,internal_context_shuffle_ablation,internal_ablation,context_shuffle,0.0027500000000000003,False,reef,,False,32,32,30,0,30,0.0027500000000000003,0.1,0.2,8,8
913,1000.0,8,8,0,8,0,0,2.139159552163987,2.139159552163987,2.139159552163987,-0.9922459821188506,-0.0,0.015570881971177675,1.0,-0.9922459821188506,False,0,0,0,0,0,0.0,0.0,0.0,0.0,0.0,0,0.0,0,0,disabled,disabled,True,keyed,1,0,False,raw,0,0.01,0.01,default,0,True,keyed,0,0,False,raw,0,0.01,0.01,default,0,True,context_shuffle,False,raw,0.01,0.01,input,heldout_routing_repeat,set_minus,,,reef,identity,False,32,32,0,30,0,30,0.0,0.0,0.8076249999930951,9.194583999999395,10.14362500001198,heldout_context_routing,internal_context_shuffle_ablation,CRA_internal,MockSimulator,43,input,heldout_routing_repeat,94,reef,identity,False,False,1,0.01,0.0,0.0,0,False,-1,False,-1,internal_context_shuffle_ablation,internal_ablation,context_shuffle,0.01,False,reef,,False,32,32,30,0,30,0.01,0.1,0.2,8,8
914,1000.0,8,8,0,8,0,0,2.1381714443527735,2.1381714443527735,2.1381714443527735,0.6420149920119997,0.9999946965622277,0.015404391238764966,1.0,0.6420149920119997,True,0,0,0,0,0,0.0,0.0,0.0,0.0,0.0,0,0.0,0,0,disabled,disabled,True,keyed,1,0,True,internal_keyed_context,1,0.01,0.01,default,0,True,keyed,0,0,False,raw,0,0.01,0.01,default,0,True,context_shuffle,True,internal_context_shuffle_router,0.01,0.01,decision,heldout_routing_repeat,set_minus,,set_plus,reef,identity,False,32,32,0,31,0,31,0.0,0.0,0.8076249999930951,8.989000000042324,9.927209000011317,heldout_context_routing,internal_context_shuffle_ablation,CRA_internal,MockSimulator,43,decision,heldout_routing_repeat,94,reef,identity,True,False,1,0.01,0.01,0.01,1,True,1,True,914,internal_context_shuffle_ablation,internal_ablation,context_shuffle,0.01,True,reef,set_plus,False,32,32,31,0,31,0.01,0.1,0.2,8,8
915,1000.0,8,8,0,8,0,0,2.1371879743199793,2.1371879743199793,2.1371879743199793,-0.45698457417310384,-0.0,0.015638331782860292,1.0,-0.45698457417310384,False,0,0,0,0,0,0.0,0.0,0.0,0.0,0.0,0,0.0,0,0,disabled,disabled,True,keyed,1,0,False,raw,0,0.0018,0.0018,default,0,True,keyed,0,0,False,raw,0,0.0018,0.0018,default,0,True,context_shuffle,False,raw,0.0018,0.0018,route_context,heldout_routing_repeat,set_minus,,,reef,identity,False,32,32,0,31,0,31,0.0,0.0,0.8113339999908931,9.061125000016546,9.999291999974957,heldout_context_routing,internal_context_shuffle_ablation,CRA_internal,MockSimulator,43,route_context,heldout_routing_repeat,95,reef,identity,False,False,-1,0.0018,0.0,0.0,0,False,-1,False,-1,internal_context_shuffle_ablation,internal_ablation,context_shuffle,0.0018,False,reef,,False,32,32,31,0,31,0.0018,0.1,0.2,8,8
916,1000.0,8,8,0,8,0,0,2.136209118943301,2.136209118943301,2.136209118943301,-0.9477784990848459,-0.0,0.0158567529486963,1.0,-0.9477784990848459,False,0,0,0,0,0,0.0,0.0,0.0,0.0,0.0,0,0.0,0,0,disabled,disabled,True,keyed,1,0,False,raw,0,0.006600000000000001,0.006600000000000001,default,0,True,keyed,0,0,False,raw,0,0.006600000000000001,0.006600000000000001,default,0,True,context_shuffle,False,raw,0.006600000000000001,0.006600000000000001,context_distractor,heldout_routing_repeat,set_minus,,,reef,identity,False,32,32,0,31,0,31,0.0,0.0,0.8150829999635789,9.070167000004403,10.017957999991722,heldout_context_routing,internal_context_shuffle_ablation,CRA_internal,MockSimulator,43,context_distractor,heldout_routing_repeat,95,reef,identity,False,False,-1,0.006600000000000001,0.0,0.0,0,False,-1,False,-1,internal_context_shuffle_ablation,internal_ablation,context_shuffle,0.006600000000000001,False,reef,,False,32,32,31,0,31,0.006600000000000001,0.1,0.2,8,8
917,1000.0,8,8,0,8,0,0,2.135234855215758,2.135234855215758,2.135234855215758,-0.26749416638844575,-0.0,0.016060181935185724,1.0,-0.26749416638844575,False,0,0,0,0,0,0.0,0.0,0.0,0.0,0.0,0,0.0,0,0,disabled,disabled,True,keyed,1,0,False,raw,0,0.001,0.001,default,0,True,keyed,0,0,False,raw,0,0.001,0.001,default,0,True,context_shuffle,False,raw,0.001,0.001,skill_distractor,heldout_routing_repeat,set_minus,,,reef,identity,False,32,32,0,31,0,31,0.0,0.0,0.8192909999706899,9.007125000039196,9.956750000014836,heldout_context_routing,internal_context_shuffle_ablation,CRA_internal,MockSimulator,43,skill_distractor,heldout_routing_repeat,95,reef,identity,False,False,-1,0.001,0.0,0.0,0,False,-1,False,-1,internal_context_shuffle_ablation,internal_ablation,context_shuffle,0.001,False,reef,,False,32,32,31,0,31,0.001,0.1,0.2,8,8
918,1000.0,8,8,0,8,0,0,2.1342651602451164,2.1342651602451164,2.1342651602451164,-0.7315965387382999,-0.0,0.016249131061036093,1.0,-0.7315965387382999,False,0,0,0,0,0,0.0,0.0,0.0,0.0,0.0,0,0.0,0,0,disabled,disabled,True,keyed,1,0,False,raw,0,0.0034000000000000002,0.0034000000000000002,default,0,True,keyed,0,0,False,raw,0,0.0034000000000000002,0.0034000000000000002,default,0,True,context_shuffle,False,raw,0.0034000000000000002,0.0034000000000000002,context_distractor,heldout_routing_repeat,set_minus,,,reef,identity,False,32,32,0,31,0,31,0.0,0.0,0.8013340000161406,9.274249999975837,10.201875000007021,heldout_context_routing,internal_context_shuffle_ablation,CRA_internal,MockSimulator,43,context_distractor,heldout_routing_repeat,95,reef,identity,False,False,-1,0.0034000000000000002,0.0,0.0,0,False,-1,False,-1,internal_context_shuffle_ablation,internal_ablation,context_shuffle,0.0034000000000000002,False,reef,,False,32,32,31,0,31,0.0034000000000000002,0.1,0.2,8,8
919,1000.0,8,8,0,8,0,0,2.133300011253319,2.133300011253319,2.133300011253319,-0.6374983777768548,-0.0,0.016424098149078373,1.0,-0.6374983777768548,False,0,0,0,0,0,0.0,0.0,0.0,0.0,0.0,0,0.0,0,0,disabled,disabled,True,keyed,1,0,False,raw,0,0.0027500000000000003,0.0027500000000000003,default,0,True,keyed,0,0,False,raw,0,0.0027500000000000003,0.0027500000000000003,default,0,True,context_shuffle,False,raw,0.0027500000000000003,0.0027500000000000003,skill_distractor,heldout_routing_repeat,set_minus,,,reef,identity,False,32,32,0,31,0,31,0.0,0.0,0.8212089999801719,9.01483300003747,9.96983300001375,heldout_context_routing,internal_context_shuffle_ablation,CRA_internal,MockSimulator,43,skill_distractor,heldout_routing_repeat,95,reef,identity,False,False,-1,0.0027500000000000003,0.0,0.0,0,False,-1,False,-1,internal_context_shuffle_ablation,internal_ablation,context_shuffle,0.0027500000000000003,False,reef,,False,32,32,31,0,31,0.0027500000000000003,0.1,0.2,8,8
920,1000.0,8,8,0,8,0,0,2.1323393855759134,2.1323393855759134,2.1323393855759134,-0.8788777011704167,-0.0,0.016585566901174548,1.0,-0.8788777011704167,False,0,0,0,0,0,0.0,0.0,0.0,0.0,0.0,0,0.0,0,0,disabled,disabled,True,keyed,1,0,False,raw,0,0.005,0.005,default,0,True,keyed,0,0,False,raw,0,0.005,0.005,default,0,True,context_shuffle,False,raw,0.005,0.005,context_distractor,heldout_routing_repeat,set_minus,,,reef,identity,False,32,32,0,31,0,31,0.0,0.0,0.8023329999673479,9.144834000039737,10.074666000036814,heldout_context_routing,internal_context_shuffle_ablation,CRA_internal,MockSimulator,43,context_distractor,heldout_routing_repeat,95,reef,identity,False,False,-1,0.005,0.0,0.0,0,False,-1,False,-1,internal_context_shuffle_ablation,internal_ablation,context_shuffle,0.005,False,reef,,False,32,32,31,0,31,0.005,0.1,0.2,8,8
921,1000.0,8,8,0,8,0,0,2.131383260661486,2.131383260661486,2.131383260661486,-0.26749416638844575,-0.0,0.016734007263927247,1.0,-0.26749416638844575,False,0,0,0,0,0,0.0,0.0,0.0,0.0,0.0,0,0.0,0,0,disabled,disabled,True,keyed,1,0,False,raw,0,0.001,0.001,default,0,True,keyed,0,0,False,raw,0,0.001,0.001,default,0,True,context_shuffle,False,raw,0.001,0.001,skill_distractor,heldout_routing_repeat,set_minus,,,reef,identity,False,32,32,0,31,0,31,0.0,0.0,0.8150830000204223,9.265708999976141,10.214041999972778,heldout_context_routing,internal_context_shuffle_ablation,CRA_internal,MockSimulator,43,skill_distractor,heldout_routing_repeat,95,reef,identity,False,False,-1,0.001,0.0,0.0,0,False,-1,False,-1,internal_context_shuffle_ablation,internal_ablation,context_shuffle,0.001,False,reef,,False,32,32,31,0,31,0.001,0.1,0.2,8,8
922,1000.0,8,8,0,8,0,0,2.1304316140711,2.1304316140711,2.1304316140711,-0.9477784990848459,-0.0,0.016869875785409365,1.0,-0.9477784990848459,False,0,0,0,0,0,0.0,0.0,0.0,0.0,0.0,0,0.0,0,0,disabled,disabled,True,keyed,1,0,False,raw,0,0.006600000000000001,0.006600000000000001,default,0,True,keyed,0,0,False,raw,0,0.006600000000000001,0.006600000000000001,default,0,True,context_shuffle,False,raw,0.006600000000000001,0.006600000000000001,context_distractor,heldout_routing_repeat,set_minus,,,reef,identity,False,32,32,0,31,0,31,0.0,0.0,0.815540999951736,9.079459000020051,10.032749999993484,heldout_context_routing,internal_context_shuffle_ablation,CRA_internal,MockSimulator,43,context_distractor,heldout_routing_repeat,95,reef,identity,False,False,-1,0.006600000000000001,0.0,0.0,0,False,-1,False,-1,internal_context_shuffle_ablation,internal_ablation,context_shuffle,0.006600000000000001,False,reef,,False,32,32,31,0,31,0.006600000000000001,0.1,0.2,8,8
923,1000.0,8,8,0,8,0,0,2.1294844234777317,2.1294844234777317,2.1294844234777317,0.2674941663884458,0.0,0.016993615963126627,1.0,0.2674941663884458,False,0,0,0,0,0,0.0,0.0,0.0,0.0,0.0,0,0.0,0,0,disabled,disabled,True,keyed,1,0,False,raw,0,-0.001,-0.001,default,0,True,keyed,0,0,False,raw,0,-0.001,-0.001,default,0,True,context_shuffle,False,raw,-0.001,-0.001,skill_distractor,heldout_routing_repeat,set_minus,,,reef,identity,False,32,32,0,31,0,31,0.0,0.0,0.81558300001916,9.292874999971446,10.235207999983231,heldout_context_routing,internal_context_shuffle_ablation,CRA_internal,MockSimulator,43,skill_distractor,heldout_routing_repeat,95,reef,identity,False,False,-1,-0.001,0.0,0.0,0,False,1,False,-1,internal_context_shuffle_ablation,internal_ablation,context_shuffle,-0.001,False,reef,,False,32,32,31,0,31,-0.001,0.1,0.2,8,8
924,1000.0,8,8,0,8,0,0,2.1285416666657135,2.1285416666657135,2.1285416666657135,-0.9477784990848459,-0.0,0.017105658583421033,1.0,-0.9477784990848459,False,0,0,0,0,0,0.0,0.0,0.0,0.0,0.0,0,0.0,0,0,disabled,disabled,True,keyed,1,0,False,raw,0,0.006600000000000001,0.006600000000000001,default,0,True,keyed,0,0,False,raw,0,0.006600000000000001,0.006600000000000001,default,0,True,context_shuffle,False,raw,0.006600000000000001,0.006600000000000001,context_distractor,heldout_routing_repeat,set_minus,,,reef,identity,False,32,32,0,31,0,31,0.0,0.0,0.8334589999776654,9.0118329999882,9.979832999988503,heldout_context_routing,internal_context_shuffle_ablation,CRA_internal,MockSimulator,43,context_distractor,heldout_routing_repeat,95,reef,identity,False,False,-1,0.006600000000000001,0.0,0.0,0,False,-1,False,-1,internal_context_shuffle_ablation,internal_ablation,context_shuffle,0.006600000000000001,False,reef,,False,32,32,31,0,31,0.006600000000000001,0.1,0.2,8,8
925,1000.0,8,8,0,8,0,0,2.12760332153018,2.12760332153018,2.12760332153018,0.26749416638844575,0.0,0.017206422052518416,1.0,0.26749416638844575,False,0,0,0,0,0,0.0,0.0,0.0,0.0,0.0,0,0.0,0,0,disabled,disabled,True,keyed,1,0,False,raw,0,-0.001,-0.001,default,0,True,keyed,0,0,False,raw,0,-0.001,-0.001,default,0,True,context_shuffle,False,raw,-0.001,-0.001,skill_distractor,heldout_routing_repeat,set_minus,,,reef,identity,False,32,32,0,31,0,31,0.0,0.0,0.8685830000558781,9.01274999995394,10.018458999979885,heldout_context_routing,internal_context_shuffle_ablation,CRA_internal,MockSimulator,43,skill_distractor,heldout_routing_repeat,95,reef,identity,False,False,-1,-0.001,0.0,0.0,0,False,1,False,-1,internal_context_shuffle_ablation,internal_ablation,context_shuffle,-0.001,False,reef,,False,32,32,31,0,31,-0.001,0.1,0.2,8,8
926,1000.0,8,8,0,8,0,0,2.126669366076513,2.126669366076513,2.126669366076513,0.991722863938425,0.0,0.017296312719418533,1.0,0.991722863938425,False,0,0,0,0,0,0.0,0.0,0.0,0.0,0.0,0,0.0,0,0,disabled,disabled,True,keyed,1,0,False,raw,0,-0.01,-0.01,default,0,True,keyed,0,0,False,raw,0,-0.01,-0.01,default,0,True,context_shuffle,False,raw,-0.01,-0.01,input,heldout_routing_repeat,set_minus,,,reef,identity,False,32,32,0,31,0,31,0.0,0.0,0.8102919999828373,9.282167000037589,10.231457999964277,heldout_context_routing,internal_context_shuffle_ablation,CRA_internal,MockSimulator,43,input,heldout_routing_repeat,95,reef,identity,False,False,-1,-0.01,0.0,0.0,0,False,1,False,-1,internal_context_shuffle_ablation,internal_ablation,context_shuffle,-0.01,False,reef,,False,32,32,31,0,31,-0.01,0.1,0.2,8,8
927,1000.0,8,8,0,8,0,0,2.1257397784197924,2.1257397784197924,2.1257397784197924,0.6420149920119997,-0.9999946965622277,0.017375725190821638,1.0,0.6420149920119997,False,0,0,0,0,0,0.0,0.0,0.0,0.0,0.0,0,0.0,0,0,disabled,disabled,True,keyed,1,0,True,internal_keyed_context,-1,-0.01,-0.01,default,0,True,keyed,0,0,False,raw,0,-0.01,-0.01,default,0,True,context_shuffle,True,internal_context_shuffle_router,-0.01,0.01,decision,heldout_routing_repeat,set_minus,,set_plus,reef,identity,False,32,32,0,32,0,32,0.0,0.0,0.8144999999899483,9.138208000024406,10.08604200001173,heldout_context_routing,internal_context_shuffle_ablation,CRA_internal,MockSimulator,43,decision,heldout_routing_repeat,95,reef,identity,True,False,-1,-0.01,-0.01,-0.01,-1,True,1,False,927,internal_context_shuffle_ablation,internal_ablation,context_shuffle,-0.01,True,reef,set_plus,False,32,32,32,0,32,0.01,0.1,0.2,8,8
928,1000.0,8,8,0,8,0,0,2.1248145367842506,2.1248145367842506,2.1248145367842506,-0.7450882908769181,-0.0,0.017445042638280853,1.0,-0.7450882908769181,False,0,0,0,0,0,0.0,0.0,0.0,0.0,0.0,0,0.0,0,0,disabled,disabled,True,keyed,1,0,False,raw,0,0.0034000000000000002,0.0034000000000000002,default,0,True,keyed,0,0,False,raw,0,0.0034000000000000002,0.0034000000000000002,default,0,True,context_shuffle,False,raw,0.0034000000000000002,0.0034000000000000002,route_context,heldout_routing_repeat,set_minus,,,lagoon,invert,False,32,32,0,32,0,32,0.0,0.0,0.8026250000057189,9.522749999973712,10.452374999999847,heldout_context_routing,internal_context_shuffle_ablation,CRA_internal,MockSimulator,43,route_context,heldout_routing_repeat,96,lagoon,invert,False,False,-1,0.0034000000000000002,0.0,0.0,0,False,-1,False,-1,internal_context_shuffle_ablation,internal_ablation,context_shuffle,0.0034000000000000002,False,lagoon,,False,32,32,32,0,32,0.0034000000000000002,0.1,0.2,8,8
929,1000.0,8,8,0,8,0,0,2.123893619502726,2.123893619502726,2.123893619502726,-0.8884340195134646,-0.0,0.01750463709776537,1.0,-0.8884340195134646,False,0,0,0,0,0,0.0,0.0,0.0,0.0,0.0,0,0.0,0,0,disabled,disabled,True,keyed,1,0,False,raw,0,0.005,0.005,default,0,True,keyed,0,0,False,raw,0,0.005,0.005,default,0,True,context_shuffle,False,raw,0.005,0.005,context_distractor,heldout_routing_repeat,set_minus,,,lagoon,invert,False,32,32,0,32,0,32,0.0,0.0,0.8199170000011691,9.554790999970919,10.511958999984472,heldout_context_routing,internal_context_shuffle_ablation,CRA_internal,MockSimulator,43,context_distractor,heldout_routing_repeat,96,lagoon,invert,False,False,-1,0.005,0.0,0.0,0,False,-1,False,-1,internal_context_shuffle_ablation,internal_ablation,context_shuffle,0.005,False,lagoon,,False,32,32,32,0,32,0.005,0.1,0.2,8,8
930,1000.0,8,8,0,8,0,0,2.1229770050161214,2.1229770050161214,2.1229770050161214,-0.651524993684798,-0.0,0.017554869761815195,1.0,-0.651524993684798,False,0,0,0,0,0,0.0,0.0,0.0,0.0,0.0,0,0.0,0,0,disabled,disabled,True,keyed,1,0,False,raw,0,0.0027500000000000003,0.0027500000000000003,default,0,True,keyed,0,0,False,raw,0,0.0027500000000000003,0.0027500000000000003,default,0,True,context_shuffle,False,raw,0.0027500000000000003,0.0027500000000000003,skill_distractor,heldout_routing_repeat,set_minus,,,lagoon,invert,False,32,32,0,32,0,32,0.0,0.0,0.82412500000828,9.124916000018857,10.084375000019463,heldout_context_routing,internal_context_shuffle_ablation,CRA_internal,MockSimulator,43,skill_distractor,heldout_routing_repeat,96,lagoon,invert,False,False,-1,0.0027500000000000003,0.0,0.0,0,False,-1,False,-1,internal_context_shuffle_ablation,internal_ablation,context_shuffle,0.0027500000000000003,False,lagoon,,False,32,32,32,0,32,0.0027500000000000003,0.1,0.2,8,8
931,1000.0,8,8,0,8,0,0,2.122064671872867,2.122064671872867,2.122064671872867,-0.8884340195134646,-0.0,0.01759609126446392,1.0,-0.8884340195134646,False,0,0,0,0,0,0.0,0.0,0.0,0.0,0.0,0,0.0,0,0,disabled,disabled,True,keyed,1,0,False,raw,0,0.005,0.005,default,0,True,keyed,0,0,False,raw,0,0.005,0.005,default,0,True,context_shuffle,False,raw,0.005,0.005,context_distractor,heldout_routing_repeat,set_minus,,,lagoon,invert,False,32,32,0,32,0,32,0.0,0.0,0.8193330000381138,9.531041999991885,10.478040999998939,heldout_context_routing,internal_context_shuffle_ablation,CRA_internal,MockSimulator,43,context_distractor,heldout_routing_repeat,96,lagoon,invert,False,False,-1,0.005,0.0,0.0,0,False,-1,False,-1,internal_context_shuffle_ablation,internal_ablation,context_shuffle,0.005,False,lagoon,,False,32,32,32,0,32,0.005,0.1,0.2,8,8
932,1000.0,8,8,0,8,0,0,2.1211565987283825,2.1211565987283825,2.1211565987283825,0.651524993684798,0.0,0.01762864195910197,1.0,0.651524993684798,False,0,0,0,0,0,0.0,0.0,0.0,0.0,0.0,0,0.0,0,0,disabled,disabled,True,keyed,1,0,False,raw,0,-0.0027500000000000003,-0.0027500000000000003,default,0,True,keyed,0,0,False,raw,0,-0.0027500000000000003,-0.0027500000000000003,default,0,True,context_shuffle,False,raw,-0.0027500000000000003,-0.0027500000000000003,skill_distractor,heldout_routing_repeat,set_minus,,,lagoon,invert,False,32,32,0,32,0,32,0.0,0.0,0.823958000012226,9.172083000009934,10.133166000002802,heldout_context_routing,internal_context_shuffle_ablation,CRA_internal,MockSimulator,43,skill_distractor,heldout_routing_repeat,96,lagoon,invert,False,False,-1,-0.0027500000000000003,0.0,0.0,0,False,1,False,-1,internal_context_shuffle_ablation,internal_ablation,context_shuffle,-0.0027500000000000003,False,lagoon,,False,32,32,32,0,32,-0.0027500000000000003,0.1,0.2,8,8
933,1000.0,8,8,0,8,0,0,2.120252764344544,2.120252764344544,2.120252764344544,-0.4693213831428169,-0.0,0.01765285218944871,1.0,-0.4693213831428169,False,0,0,0,0,0,0.0,0.0,0.0,0.0,0.0,0,0.0,0,0,disabled,disabled,True,keyed,1,0,False,raw,0,0.0018,0.0018,default,0,True,keyed,0,0,False,raw,0,0.0018,0.0018,default,0,True,context_shuffle,False,raw,0.0018,0.0018,context_distractor,heldout_routing_repeat,set_minus,,,lagoon,invert,False,32,32,0,32,0,32,0.0,0.0,1.0416250000275795,9.583458999998129,10.780624999995325,heldout_context_routing,internal_context_shuffle_ablation,CRA_internal,MockSimulator,43,context_distractor,heldout_routing_repeat,96,lagoon,invert,False,False,-1,0.0018,0.0,0.0,0,False,-1,False,-1,internal_context_shuffle_ablation,internal_ablation,context_shuffle,0.0018,False,lagoon,,False,32,32,32,0,32,0.0018,0.1,0.2,8,8
934,1000.0,8,8,0,8,0,0,2.1193531475891527,2.1193531475891527,2.1193531475891527,0.651524993684798,0.0,0.017669042553797944,1.0,0.651524993684798,False,0,0,0,0,0,0.0,0.0,0.0,0.0,0.0,0,0.0,0,0,disabled,disabled,True,keyed,1,0,False,raw,0,-0.0027500000000000003,-0.0027500000000000003,default,0,True,keyed,0,0,False,raw,0,-0.0027500000000000003,-0.0027500000000000003,default,0,True,context_shuffle,False,raw,-0.0027500000000000003,-0.0027500000000000003,skill_distractor,heldout_routing_repeat,set_minus,,,lagoon,invert,False,32,32,0,32,0,32,0.0,0.0,0.8220419999815931,9.771957999987535,10.730290999958925,heldout_context_routing,internal_context_shuffle_ablation,CRA_internal,MockSimulator,43,skill_distractor,heldout_routing_repeat,96,lagoon,invert,False,False,-1,-0.0027500000000000003,0.0,0.0,0,False,1,False,-1,internal_context_shuffle_ablation,internal_ablation,context_shuffle,-0.0027500000000000003,False,lagoon,,False,32,32,32,0,32,-0.0027500000000000003,0.1,0.2,8,8
935,1000.0,8,8,0,8,0,0,2.1184577274354064,2.1184577274354064,2.1184577274354064,-0.4693213831428168,-0.0,0.017677524162697425,1.0,-0.4693213831428168,False,0,0,0,0,0,0.0,0.0,0.0,0.0,0.0,0,0.0,0,0,disabled,disabled,True,keyed,1,0,False,raw,0,0.0018,0.0018,default,0,True,keyed,0,0,False,raw,0,0.0018,0.0018,default,0,True,context_shuffle,False,raw,0.0018,0.0018,context_distractor,heldout_routing_repeat,set_minus,,,lagoon,invert,False,32,32,0,32,0,32,0.0,0.0,0.8233340000174394,9.141875000011623,10.101457999951435,heldout_context_routing,internal_context_shuffle_ablation,CRA_internal,MockSimulator,43,context_distractor,heldout_routing_repeat,96,lagoon,invert,False,False,-1,0.0018,0.0,0.0,0,False,-1,False,-1,internal_context_shuffle_ablation,internal_ablation,context_shuffle,0.0018,False,lagoon,,False,32,32,32,0,32,0.0018,0.1,0.2,8,8
936,1000.0,8,8,0,8,0,0,2.1175664829613754,2.1175664829613754,2.1175664829613754,0.651524993684798,0.0,0.01767859889021941,1.0,0.651524993684798,False,0,0,0,0,0,0.0,0.0,0.0,0.0,0.0,0,0.0,0,0,disabled,disabled,True,keyed,1,0,False,raw,0,-0.0027500000000000003,-0.0027500000000000003,default,0,True,keyed,0,0,False,raw,0,-0.0027500000000000003,-0.0027500000000000003,default,0,True,context_shuffle,False,raw,-0.0027500000000000003,-0.0027500000000000003,skill_distractor,heldout_routing_repeat,set_minus,,,lagoon,invert,False,32,32,0,32,0,32,0.0,0.0,0.8015000000227701,9.570582999970156,10.499417000005451,heldout_context_routing,internal_context_shuffle_ablation,CRA_internal,MockSimulator,43,skill_distractor,heldout_routing_repeat,96,lagoon,invert,False,False,-1,-0.0027500000000000003,0.0,0.0,0,False,1,False,-1,internal_context_shuffle_ablation,internal_ablation,context_shuffle,-0.0027500000000000003,False,lagoon,,False,32,32,32,0,32,-0.0027500000000000003,0.1,0.2,8,8
937,1000.0,8,8,0,8,0,0,2.1166793933494774,2.1166793933494774,2.1166793933494774,-0.8884340195134646,-0.0,0.017672559618975434,1.0,-0.8884340195134646,False,0,0,0,0,0,0.0,0.0,0.0,0.0,0.0,0,0.0,0,0,disabled,disabled,True,keyed,1,0,False,raw,0,0.005,0.005,default,0,True,keyed,0,0,False,raw,0,0.005,0.005,default,0,True,context_shuffle,False,raw,0.005,0.005,context_distractor,heldout_routing_repeat,set_minus,,,lagoon,invert,False,32,32,0,32,0,32,0.0,0.0,0.8231250000108048,9.762334000015471,10.719916000027752,heldout_context_routing,internal_context_shuffle_ablation,CRA_internal,MockSimulator,43,context_distractor,heldout_routing_repeat,96,lagoon,invert,False,False,-1,0.005,0.0,0.0,0,False,-1,False,-1,internal_context_shuffle_ablation,internal_ablation,context_shuffle,0.005,False,lagoon,,False,32,32,32,0,32,0.005,0.1,0.2,8,8
938,1000.0,8,8,0,8,0,0,2.115796437885958,2.115796437885958,2.115796437885958,0.2755765280617528,0.0,0.01765969047902513,1.0,0.2755765280617528,False,0,0,0,0,0,0.0,0.0,0.0,0.0,0.0,0,0.0,0,0,disabled,disabled,True,keyed,1,0,False,raw,0,-0.001,-0.001,default,0,True,keyed,0,0,False,raw,0,-0.001,-0.001,default,0,True,context_shuffle,False,raw,-0.001,-0.001,skill_distractor,heldout_routing_repeat,set_minus,,,lagoon,invert,False,32,32,0,32,0,32,0.0,0.0,0.8382080000046699,9.254375000011805,10.233041999981651,heldout_context_routing,internal_context_shuffle_ablation,CRA_internal,MockSimulator,43,skill_distractor,heldout_routing_repeat,96,lagoon,invert,False,False,-1,-0.001,0.0,0.0,0,False,1,False,-1,internal_context_shuffle_ablation,internal_ablation,context_shuffle,-0.001,False,lagoon,,False,32,32,32,0,32,-0.001,0.1,0.2,8,8
939,1000.0,8,8,0,8,0,0,2.1149175959603737,2.1149175959603737,2.1149175959603737,0.9930437245800614,0.0,0.01764026708082525,1.0,0.9930437245800614,False,0,0,0,0,0,0.0,0.0,0.0,0.0,0.0,0,0.0,0,0,disabled,disabled,True,keyed,1,0,False,raw,0,-0.01,-0.01,default,0,True,keyed,0,0,False,raw,0,-0.01,-0.01,default,0,True,context_shuffle,False,raw,-0.01,-0.01,input,heldout_routing_repeat,set_minus,,,lagoon,invert,False,32,32,0,32,0,32,0.0,0.0,0.8015000000227701,9.654041999965557,10.583832999998322,heldout_context_routing,internal_context_shuffle_ablation,CRA_internal,MockSimulator,43,input,heldout_routing_repeat,96,lagoon,invert,False,False,-1,-0.01,0.0,0.0,0,False,1,False,-1,internal_context_shuffle_ablation,internal_ablation,context_shuffle,-0.01,False,lagoon,,False,32,32,32,0,32,-0.01,0.1,0.2,8,8
940,1000.0,8,8,0,8,0,0,2.114042847065074,2.114042847065074,2.114042847065074,-0.6420149920119997,-0.9999946965622277,0.017614556742361755,1.0,-0.6420149920119997,False,0,0,0,0,0,0.0,0.0,0.0,0.0,0.0,0,0.0,0,0,disabled,disabled,True,keyed,1,0,True,internal_keyed_context,-1,-0.01,-0.01,default,0,True,keyed,0,0,False,raw,0,-0.01,-0.01,default,0,True,context_shuffle,True,internal_context_shuffle_router,-0.01,-0.01,decision,heldout_routing_repeat,set_minus,,identity,lagoon,invert,False,32,32,0,33,0,33,0.0,0.0,0.8203329999787456,9.635917000025529,10.590916000012385,heldout_context_routing,internal_context_shuffle_ablation,CRA_internal,MockSimulator,43,decision,heldout_routing_repeat,96,lagoon,invert,True,False,-1,-0.01,0.01,0.01,1,True,-1,False,940,internal_context_shuffle_ablation,internal_ablation,context_shuffle,-0.01,True,lagoon,identity,False,32,32,33,0,33,-0.01,0.1,0.2,8,8
941,1000.0,8,8,0,8,0,0,2.1131721707946927,2.1131721707946927,2.1131721707946927,-0.7579840166661842,-0.0,0.01758281871060447,1.0,-0.7579840166661842,False,0,0,0,0,0,0.0,0.0,0.0,0.0,0.0,0,0.0,0,0,disabled,disabled,True,keyed,1,0,False,raw,0,0.0034000000000000002,0.0034000000000000002,default,0,True,keyed,0,0,False,raw,0,0.0034000000000000002,0.0034000000000000002,default,0,True,context_shuffle,False,raw,0.0034000000000000002,0.0034000000000000002,route_context,heldout_routing_repeat,set_minus,,,lagoon,invert,False,32,32,0,33,0,33,0.0,0.0,0.8423340000263124,9.27116599996225,10.259208000036324,heldout_context_routing,internal_context_shuffle_ablation,CRA_internal,MockSimulator,43,route_context,heldout_routing_repeat,97,lagoon,invert,False,False,1,0.0034000000000000002,0.0,0.0,0,False,-1,False,-1,internal_context_shuffle_ablation,internal_ablation,context_shuffle,0.0034000000000000002,False,lagoon,,False,32,32,33,0,33,0.0034000000000000002,0.1,0.2,8,8
942,1000.0,8,8,0,8,0,0,2.1123055468456333,2.1123055468456333,2.1123055468456333,-0.8972690807642185,-0.0,0.01754530437742053,1.0,-0.8972690807642185,False,0,0,0,0,0,0.0,0.0,0.0,0.0,0.0,0,0.0,0,0,disabled,disabled,True,keyed,1,0,False,raw,0,0.005,0.005,default,0,True,keyed,0,0,False,raw,0,0.005,0.005,default,0,True,context_shuffle,False,raw,0.005,0.005,context_distractor,heldout_routing_repeat,set_minus,,,lagoon,invert,False,32,32,0,33,0,33,0.0,0.0,0.8040000000164582,9.88062499999387,10.812333999979273,heldout_context_routing,internal_context_shuffle_ablation,CRA_internal,MockSimulator,43,context_distractor,heldout_routing_repeat,97,lagoon,invert,False,False,1,0.005,0.0,0.0,0,False,-1,False,-1,internal_context_shuffle_ablation,internal_ablation,context_shuffle,0.005,False,lagoon,,False,32,32,33,0,33,0.005,0.1,0.2,8,8
943,1000.0,8,8,0,8,0,0,2.1114429550155656,2.1114429550155656,2.1114429550155656,-0.6651064790939654,-0.0,0.017502257490079706,1.0,-0.6651064790939654,False,0,0,0,0,0,0.0,0.0,0.0,0.0,0.0,0,0.0,0,0,disabled,disabled,True,keyed,1,0,False,raw,0,0.0027500000000000003,0.0027500000000000003,default,0,True,keyed,0,0,False,raw,0,0.0027500000000000003,0.0027500000000000003,default,0,True,context_shuffle,False,raw,0.0027500000000000003,0.0027500000000000003,skill_distractor,heldout_routing_repeat,set_minus,,,lagoon,invert,False,32,32,0,33,0,33,0.0,0.0,0.8338339999909294,9.62937500003136,10.599625000054402,heldout_context_routing,internal_context_shuffle_ablation,CRA_internal,MockSimulator,43,skill_distractor,heldout_routing_repeat,97,lagoon,invert,False,False,1,0.0027500000000000003,0.0,0.0,0,False,-1,False,-1,internal_context_shuffle_ablation,internal_ablation,context_shuffle,0.0027500000000000003,False,lagoon,,False,32,32,33,0,33,0.0027500000000000003,0.1,0.2,8,8
944,1000.0,8,8,0,8,0,0,2.110584375202918,2.110584375202918,2.110584375202918,-0.9582944966790654,-0.0,0.017453914356481547,1.0,-0.9582944966790654,False,0,0,0,0,0,0.0,0.0,0.0,0.0,0.0,0,0.0,0,0,disabled,disabled,True,keyed,1,0,False,raw,0,0.006600000000000001,0.006600000000000001,default,0,True,keyed,0,0,False,raw,0,0.006600000000000001,0.006600000000000001,default,0,True,context_shuffle,False,raw,0.006600000000000001,0.006600000000000001,context_distractor,heldout_routing_repeat,set_minus,,,lagoon,invert,False,32,32,0,33,0,33,0.0,0.0,0.8892920000107551,9.376916000007895,10.423624999987169,heldout_context_routing,internal_context_shuffle_ablation,CRA_internal,MockSimulator,43,context_distractor,heldout_routing_repeat,97,lagoon,invert,False,False,1,0.006600000000000001,0.0,0.0,0,False,-1,False,-1,internal_context_shuffle_ablation,internal_ablation,context_shuffle,0.006600000000000001,False,lagoon,,False,32,32,33,0,33,0.006600000000000001,0.1,0.2,8,8
945,1000.0,8,8,0,8,0,0,2.1097297874063745,2.1097297874063745,2.1097297874063745,0.28361208999567267,0.0,0.01740050404523128,1.0,0.28361208999567267,False,0,0,0,0,0,0.0,0.0,0.0,0.0,0.0,0,0.0,0,0,disabled,disabled,True,keyed,1,0,False,raw,0,-0.001,-0.001,default,0,True,keyed,0,0,False,raw,0,-0.001,-0.001,default,0,True,context_shuffle,False,raw,-0.001,-0.001,skill_distractor,heldout_routing_repeat,set_minus,,,lagoon,invert,False,32,32,0,33,0,33,0.0,0.0,0.8075420000182021,9.678500000006807,10.639499999967938,heldout_context_routing,internal_context_shuffle_ablation,CRA_internal,MockSimulator,43,skill_distractor,heldout_routing_repeat,97,lagoon,invert,False,False,1,-0.001,0.0,0.0,0,False,1,False,-1,internal_context_shuffle_ablation,internal_ablation,context_shuffle,-0.001,False,lagoon,,False,32,32,33,0,33,-0.001,0.1,0.2,8,8
946,1000.0,8,8,0,8,0,0,2.1088791717243773,2.1088791717243773,2.1088791717243773,-0.8972690807642185,-0.0,0.017342248580688436,1.0,-0.8972690807642185,False,0,0,0,0,0,0.0,0.0,0.0,0.0,0.0,0,0.0,0,0,disabled,disabled,True,keyed,1,0,False,raw,0,0.005,0.005,default,0,True,keyed,0,0,False,raw,0,0.005,0.005,default,0,True,context_shuffle,False,raw,0.005,0.005,context_distractor,heldout_routing_repeat,set_minus,,,lagoon,invert,False,32,32,0,33,0,33,0.0,0.0,0.8385840000073586,9.294665999959761,10.275291999960245,heldout_context_routing,internal_context_shuffle_ablation,CRA_internal,MockSimulator,43,context_distractor,heldout_routing_repeat,97,lagoon,invert,False,False,1,0.005,0.0,0.0,0,False,-1,False,-1,internal_context_shuffle_ablation,internal_ablation,context_shuffle,0.005,False,lagoon,,False,32,32,33,0,33,0.005,0.1,0.2,8,8
947,1000.0,8,8,0,8,0,0,2.1080325083546274,2.1080325083546274,2.1080325083546274,0.6651064790939654,0.0,0.017279363133109214,1.0,0.6651064790939654,False,0,0,0,0,0,0.0,0.0,0.0,0.0,0.0,0,0.0,0,0,disabled,disabled,True,keyed,1,0,False,raw,0,-0.0027500000000000003,-0.0027500000000000003,default,0,True,keyed,0,0,False,raw,0,-0.0027500000000000003,-0.0027500000000000003,default,0,True,context_shuffle,False,raw,-0.0027500000000000003,-0.0027500000000000003,skill_distractor,heldout_routing_repeat,set_minus,,,lagoon,invert,False,32,32,0,33,0,33,0.0,0.0,1.037249999967571,9.767375000024003,10.932083000000148,heldout_context_routing,internal_context_shuffle_ablation,CRA_internal,MockSimulator,43,skill_distractor,heldout_routing_repeat,97,lagoon,invert,False,False,1,-0.0027500000000000003,0.0,0.0,0,False,1,False,-1,internal_context_shuffle_ablation,internal_ablation,context_shuffle,-0.0027500000000000003,False,lagoon,,False,32,32,33,0,33,-0.0027500000000000003,0.1,0.2,8,8
948,1000.0,8,8,0,8,0,0,2.107189777593589,2.107189777593589,2.107189777593589,-0.4814655941899044,-0.0,0.017212056204000882,1.0,-0.4814655941899044,False,0,0,0,0,0,0.0,0.0,0.0,0.0,0.0,0,0.0,0,0,disabled,disabled,True,keyed,1,0,False,raw,0,0.0018,0.0018,default,0,True,keyed,0,0,False,raw,0,0.0018,0.0018,default,0,True,context_shuffle,False,raw,0.0018,0.0018,context_distractor,heldout_routing_repeat,set_minus,,,lagoon,invert,False,32,32,0,33,0,33,0.0,0.0,0.8182079999983216,10.136792000025707,11.090749999993932,heldout_context_routing,internal_context_shuffle_ablation,CRA_internal,MockSimulator,43,context_distractor,heldout_routing_repeat,97,lagoon,invert,False,False,1,0.0018,0.0,0.0,0,False,-1,False,-1,internal_context_shuffle_ablation,internal_ablation,context_shuffle,0.0018,False,lagoon,,False,32,32,33,0,33,0.0018,0.1,0.2,8,8
949,1000.0,8,8,0,8,0,0,2.1063509598359995,2.1063509598359995,2.1063509598359995,-0.6651064790939653,-0.0,0.01714052980680364,1.0,-0.6651064790939653,False,0,0,0,0,0,0.0,0.0,0.0,0.0,0.0,0,0.0,0,0,disabled,disabled,True,keyed,1,0,False,raw,0,0.0027500000000000003,0.0027500000000000003,default,0,True,keyed,0,0,False,raw,0,0.0027500000000000003,0.0027500000000000003,default,0,True,context_shuffle,False,raw,0.0027500000000000003,0.0027500000000000003,skill_distractor,heldout_routing_repeat,set_minus,,,lagoon,invert,False,32,32,0,33,0,33,0.0,0.0,0.825583999983337,9.33500000002141,10.301707999985865,heldout_context_routing,internal_context_shuffle_ablation,CRA_internal,MockSimulator,43,skill_distractor,heldout_routing_repeat,97,lagoon,invert,False,False,1,0.0027500000000000003,0.0,0.0,0,False,-1,False,-1,internal_context_shuffle_ablation,internal_ablation,context_shuffle,0.0027500000000000003,False,lagoon,,False,32,32,33,0,33,0.0027500000000000003,0.1,0.2,8,8
950,1000.0,8,8,0,8,0,0,2.1055160355743765,2.1055160355743765,2.1055160355743765,-0.8972690807642184,-0.0,0.017064979643012686,1.0,-0.8972690807642184,False,0,0,0,0,0,0.0,0.0,0.0,0.0,0.0,0,0.0,0,0,disabled,disabled,True,keyed,1,0,False,raw,0,0.005,0.005,default,0,True,keyed,0,0,False,raw,0,0.005,0.005,default,0,True,context_shuffle,False,raw,0.005,0.005,context_distractor,heldout_routing_repeat,set_minus,,,lagoon,invert,False,32,32,0,33,0,33,0.0,0.0,0.8571660000029624,9.84545899996192,10.829957999987982,heldout_context_routing,internal_context_shuffle_ablation,CRA_internal,MockSimulator,43,context_distractor,heldout_routing_repeat,97,lagoon,invert,False,False,1,0.005,0.0,0.0,0,False,-1,False,-1,internal_context_shuffle_ablation,internal_ablation,context_shuffle,0.005,False,lagoon,,False,32,32,33,0,33,0.005,0.1,0.2,8,8
951,1000.0,8,8,0,8,0,0,2.1046849853985314,2.1046849853985314,2.1046849853985314,0.28361208999567267,0.0,0.01698559527385065,1.0,0.28361208999567267,False,0,0,0,0,0,0.0,0.0,0.0,0.0,0.0,0,0.0,0,0,disabled,disabled,True,keyed,1,0,False,raw,0,-0.001,-0.001,default,0,True,keyed,0,0,False,raw,0,-0.001,-0.001,default,0,True,context_shuffle,False,raw,-0.001,-0.001,skill_distractor,heldout_routing_repeat,set_minus,,,lagoon,invert,False,32,32,0,33,0,33,0.0,0.0,0.8207079999920097,9.989791999998943,10.946499999988646,heldout_context_routing,internal_context_shuffle_ablation,CRA_internal,MockSimulator,43,skill_distractor,heldout_routing_repeat,97,lagoon,invert,False,False,1,-0.001,0.0,0.0,0,False,1,False,-1,internal_context_shuffle_ablation,internal_ablation,context_shuffle,-0.001,False,lagoon,,False,32,32,33,0,33,-0.001,0.1,0.2,8,8
952,1000.0,8,8,0,8,0,0,2.1038577899950845,2.1038577899950845,2.1038577899950845,-0.9941534044153537,-0.0,0.01690256028759789,1.0,-0.9941534044153537,False,0,0,0,0,0,0.0,0.0,0.0,0.0,0.0,0,0.0,0,0,disabled,disabled,True,keyed,1,0,False,raw,0,0.01,0.01,default,0,True,keyed,0,0,False,raw,0,0.01,0.01,default,0,True,context_shuffle,False,raw,0.01,0.01,input,heldout_routing_repeat,set_minus,,,lagoon,invert,False,32,32,0,33,0,33,0.0,0.0,0.8231670000213853,9.435457999984465,10.399125000049025,heldout_context_routing,internal_context_shuffle_ablation,CRA_internal,MockSimulator,43,input,heldout_routing_repeat,97,lagoon,invert,False,False,1,0.01,0.0,0.0,0,False,-1,False,-1,internal_context_shuffle_ablation,internal_ablation,context_shuffle,0.01,False,lagoon,,False,32,32,33,0,33,0.01,0.1,0.2,8,8
953,1000.0,8,8,0,8,0,0,2.103034430146981,2.103034430146981,2.103034430146981,0.6420149920119997,-0.9999946965622277,0.0168160524626857,1.0,0.6420149920119997,False,0,0,0,0,0,0.0,0.0,0.0,0.0,0.0,0,0.0,0,0,disabled,disabled,True,keyed,1,0,True,internal_keyed_context,1,0.01,0.01,default,0,True,keyed,0,0,False,raw,0,0.01,0.01,default,0,True,context_shuffle,True,internal_context_shuffle_router,0.01,0.01,decision,heldout_routing_repeat,set_minus,,identity,lagoon,invert,False,32,32,0,34,0,34,0.0,0.0,0.8504160000484262,9.847916999945028,10.82512499999666,heldout_context_routing,internal_context_shuffle_ablation,CRA_internal,MockSimulator,43,decision,heldout_routing_repeat,97,lagoon,invert,True,False,1,0.01,-0.01,-0.01,-1,True,1,False,953,internal_context_shuffle_ablation,internal_ablation,context_shuffle,0.01,True,lagoon,identity,False,32,32,34,0,34,0.01,0.1,0.2,8,8
954,1000.0,8,8,0,8,0,0,2.102214886733013,2.102214886733013,2.102214886733013,0.0,0.0,0.01672624392665496,1.0,0.0,False,0,0,0,0,0,0.0,0.0,0.0,0.0,0.0,0,0.0,0,0,disabled,disabled,True,keyed,1,0,False,raw,0,0.0,0.0,default,0,True,keyed,0,0,False,raw,0,0.0,0.0,default,0,True,context_shuffle,False,raw,0.0,0.0,none,none,set_minus,,,,,False,32,32,0,34,0,34,0.0,0.0,0.8407919999626756,9.923875000026783,10.901291999971363,heldout_context_routing,internal_context_shuffle_ablation,CRA_internal,MockSimulator,43,none,none,-1,,,False,False,0,0.0,0.0,0.0,0,False,0,False,-1,internal_context_shuffle_ablation,internal_ablation,context_shuffle,0.0,False,,,False,32,32,34,0,34,0.0,0.1,0.2,8,8
955,1000.0,8,8,0,8,0,0,2.101399140727337,2.101399140727337,2.101399140727337,0.0,0.0,0.016633301311080373,1.0,0.0,False,0,0,0,0,0,0.0,0.0,0.0,0.0,0.0,0,0.0,0,0,disabled,disabled,True,keyed,1,0,False,raw,0,0.0,0.0,default,0,True,keyed,0,0,False,raw,0,0.0,0.0,default,0,True,context_shuffle,False,raw,0.0,0.0,none,none,set_minus,,,,,False,32,32,0,34,0,34,0.0,0.0,0.8499170000391132,9.37366599998768,10.371582999994189,heldout_context_routing,internal_context_shuffle_ablation,CRA_internal,MockSimulator,43,none,none,-1,,,False,False,0,0.0,0.0,0.0,0,False,0,False,-1,internal_context_shuffle_ablation,internal_ablation,context_shuffle,0.0,False,,,False,32,32,34,0,34,0.0,0.1,0.2,8,8
956,1000.0,8,8,0,8,0,0,2.1005871731990036,2.1005871731990036,2.1005871731990036,0.0,0.0,0.01653738590255811,1.0,0.0,False,0,0,0,0,0,0.0,0.0,0.0,0.0,0.0,0,0.0,0,0,disabled,disabled,True,keyed,1,0,False,raw,0,0.0,0.0,default,0,True,keyed,0,0,False,raw,0,0.0,0.0,default,0,True,context_shuffle,False,raw,0.0,0.0,none,none,set_minus,,,,,False,32,32,0,34,0,34,0.0,0.0,0.7983749999880274,9.818708000011611,10.746959000016432,heldout_context_routing,internal_context_shuffle_ablation,CRA_internal,MockSimulator,43,none,none,-1,,,False,False,0,0.0,0.0,0.0,0,False,0,False,-1,internal_context_shuffle_ablation,internal_ablation,context_shuffle,0.0,False,,,False,32,32,34,0,34,0.0,0.1,0.2,8,8
957,1000.0,8,8,0,8,0,0,2.0997789653114802,2.0997789653114802,2.0997789653114802,0.0,0.0,0.016438653789852303,1.0,0.0,False,0,0,0,0,0,0.0,0.0,0.0,0.0,0.0,0,0.0,0,0,disabled,disabled,True,keyed,1,0,False,raw,0,0.0,0.0,default,0,True,keyed,0,0,False,raw,0,0.0,0.0,default,0,True,context_shuffle,False,raw,0.0,0.0,none,none,set_minus,,,,,False,32,32,0,34,0,34,0.0,0.0,0.8272090000218668,9.949290999998084,10.912458000007064,heldout_context_routing,internal_context_shuffle_ablation,CRA_internal,MockSimulator,43,none,none,-1,,,False,False,0,0.0,0.0,0.0,0,False,0,False,-1,internal_context_shuffle_ablation,internal_ablation,context_shuffle,0.0,False,,,False,32,32,34,0,34,0.0,0.1,0.2,8,8
958,1000.0,8,8,0,8,0,0,2.0989744983221823,2.0989744983221823,2.0989744983221823,0.0,0.0,0.016337256007293705,1.0,0.0,False,0,0,0,0,0,0.0,0.0,0.0,0.0,0.0,0,0.0,0,0,disabled,disabled,True,keyed,1,0,False,raw,0,0.0,0.0,default,0,True,keyed,0,0,False,raw,0,0.0,0.0,default,0,True,context_shuffle,False,raw,0.0,0.0,none,none,set_minus,,,,,False,32,32,0,34,0,34,0.0,0.0,0.8560410000200136,9.580499999970016,10.586916000022484,heldout_context_routing,internal_context_shuffle_ablation,CRA_internal,MockSimulator,43,none,none,-1,,,False,False,0,0.0,0.0,0.0,0,False,0,False,-1,internal_context_shuffle_ablation,internal_ablation,context_shuffle,0.0,False,,,False,32,32,34,0,34,0.0,0.1,0.2,8,8
959,1000.0,8,8,0,8,0,0,2.0981737535820035,2.0981737535820035,2.0981737535820035,0.0,0.0,0.01623333867452151,1.0,0.0,False,0,0,0,0,0,0.0,0.0,0.0,0.0,0.0,0,0.0,0,0,disabled,disabled,True,keyed,1,0,False,raw,0,0.0,0.0,default,0,True,keyed,0,0,False,raw,0,0.0,0.0,default,0,True,context_shuffle,False,raw,0.0,0.0,none,none,set_minus,,,,,False,32,32,0,34,0,34,0.0,0.0,0.8002499999975043,9.794166999995468,10.722459000021445,heldout_context_routing,internal_context_shuffle_ablation,CRA_internal,MockSimulator,43,none,none,-1,,,False,False,0,0.0,0.0,0.0,0,False,0,False,-1,internal_context_shuffle_ablation,internal_ablation,context_shuffle,0.0,False,,,False,32,32,34,0,34,0.0,0.1,0.2,8,8
