step,dt_ms,n_polyps,n_alive,n_juvenile,n_adult,births_this_step,deaths_this_step,mean_trophic_health,min_trophic_health,max_trophic_health,colony_prediction,raw_dopamine,mean_directional_accuracy_ema,capital,position_size,direction_correct,n_edges,n_gap_junctions,n_ff,n_lat,n_fb,motif_message_total,ff_message_total,lat_message_total,fb_message_total,graph_context_mean_abs,graph_context_nonzero_count,macro_eligibility_trace_abs_sum,macro_eligibility_trace_nonzero_count,macro_eligibility_matured_updates,macro_eligibility_trace_mode,macro_eligibility_credit_mode,context_memory_enabled,context_memory_mode,context_memory_value,context_memory_updates,context_memory_feature_active,context_memory_feature_source,context_memory_visible_cue_sign,context_memory_raw_observation,context_memory_bound_observation,context_memory_key,context_memory_slot_count,predictive_context_enabled,predictive_context_mode,predictive_context_value,predictive_context_updates,predictive_context_feature_active,predictive_context_feature_source,predictive_context_visible_signal,predictive_context_raw_observation,predictive_context_bound_observation,predictive_context_key,predictive_context_slot_count,composition_routing_enabled,composition_routing_mode,composition_routing_feature_active,composition_routing_feature_source,composition_routing_raw_observation,composition_routing_bound_observation,composition_routing_event_type,composition_routing_phase,composition_routing_skill_a,composition_routing_skill_b,composition_routing_selected_skill,composition_routing_context,composition_routing_true_skill,composition_routing_router_correct,composition_routing_module_updates,composition_routing_router_updates,composition_routing_module_uses,composition_routing_router_uses,composition_routing_correct_route_uses,composition_routing_pre_feedback_select_steps,I_union_bits,changepoint_probability,spinnaker_wall_ms,host_compute_wall_ms,total_step_wall_ms,task,model,model_family,variant,variant_group,backend,seed,event_type,phase,trial_id,context_sign,decision_cue_sign,memory_runner,raw_sensory_return_1m,sensory_return_1m,target_return_1m,target_signal_horizon,target_signal_sign,target_signal_nonzero,prediction_sign,strict_direction_correct,feedback_due_step,configured_horizon_bars,configured_readout_lr,configured_delayed_readout_lr,configured_initial_population,configured_max_population,visible_cue_sign,feature_source,context_updates,feature_active
0,1000.0,8,8,8,0,0,0,19.910199708645575,19.910199708645575,19.910199708645575,0.04122661942889728,0.0,0.5,1.0,0.04122661942889728,False,0,0,0,0,0,0.0,0.0,0.0,0.0,0.0,0,0.0,0,0,disabled,disabled,True,wrong_key,1,1,False,raw,0,0.0055000000000000005,0.0055000000000000005,phase:A0,1,False,disabled,0,0,False,raw,0,0.0055000000000000005,0.0055000000000000005,,0,False,disabled,False,raw,0.0055000000000000005,0.0055000000000000005,,,,,,,,False,0,0,0,0,0,0,0.0,0.0,1.0214999999931251,0.41091599999276696,1.585375000004774,context_reentry_interference,wrong_key_ablation,CRA,wrong_key_ablation,memory_ablation,MockSimulator,42,context,A0_context,0,1,0,internal,0.0055000000000000005,0.0055000000000000005,0.0,0.0,0,False,1,False,-1,1,0.1,0.2,8,8,0,raw,1,False
1,1000.0,8,8,8,0,0,0,19.82084699960904,19.82084699960904,19.82084699960904,0.0,0.0,0.49979999999999997,1.0,0.0,False,0,0,0,0,0,0.0,0.0,0.0,0.0,0.0,0,0.0,0,0,disabled,disabled,True,wrong_key,1,1,False,raw,0,0.0,0.0,trial:-1,1,False,disabled,0,0,False,raw,0,0.0,0.0,,0,False,disabled,False,raw,0.0,0.0,,,,,,,,False,0,0,0,0,0,0,0.0,0.0,0.8067089999883592,0.3558750000109967,1.2872920000006616,context_reentry_interference,wrong_key_ablation,CRA,wrong_key_ablation,memory_ablation,MockSimulator,42,none,none,-1,0,0,internal,0.0,0.0,0.0,0.0,0,False,0,False,-1,1,0.1,0.2,8,8,0,raw,1,False
2,1000.0,8,8,8,0,0,0,19.731939640573223,19.731939640573223,19.731939640573223,0.0,0.0,0.49940799999999996,1.0,0.0,False,0,0,0,0,0,0.0,0.0,0.0,0.0,0.0,0,0.0,0,0,disabled,disabled,True,wrong_key,1,1,False,raw,0,0.0,0.0,trial:-1,1,False,disabled,0,0,False,raw,0,0.0,0.0,,0,False,disabled,False,raw,0.0,0.0,,,,,,,,False,0,0,0,0,0,0,0.0,0.0,0.8105000000000473,0.34895800000356303,1.2830840000077615,context_reentry_interference,wrong_key_ablation,CRA,wrong_key_ablation,memory_ablation,MockSimulator,42,none,none,-1,0,0,internal,0.0,0.0,0.0,0.0,0,False,0,False,-1,1,0.1,0.2,8,8,0,raw,1,False
3,1000.0,8,8,8,0,0,0,19.64347541035469,19.64347541035469,19.64347541035469,0.0,0.0,0.49883175999999996,1.0,0.0,False,0,0,0,0,0,0.0,0.0,0.0,0.0,0.0,0,0.0,0,0,disabled,disabled,True,wrong_key,1,1,False,raw,0,0.0,0.0,trial:-1,1,False,disabled,0,0,False,raw,0,0.0,0.0,,0,False,disabled,False,raw,0.0,0.0,,,,,,,,False,0,0,0,0,0,0,0.0,0.0,0.8185829999973748,0.3492090000065673,1.292540999997982,context_reentry_interference,wrong_key_ablation,CRA,wrong_key_ablation,memory_ablation,MockSimulator,42,none,none,-1,0,0,internal,0.0,0.0,0.0,0.0,0,False,0,False,-1,1,0.1,0.2,8,8,0,raw,1,False
4,1000.0,8,8,8,0,0,0,19.555452098848193,19.555452098848193,19.555452098848193,0.0,0.0,0.4980788063999999,1.0,0.0,False,0,0,0,0,0,0.0,0.0,0.0,0.0,0.0,0,0.0,0,0,disabled,disabled,True,wrong_key,1,1,False,raw,0,0.0,0.0,trial:-1,1,False,disabled,0,0,False,raw,0,0.0,0.0,,0,False,disabled,False,raw,0.0,0.0,,,,,,,,False,0,0,0,0,0,0,0.0,0.0,0.8142500000047903,0.3419999999891843,1.279957999997805,context_reentry_interference,wrong_key_ablation,CRA,wrong_key_ablation,memory_ablation,MockSimulator,42,none,none,-1,0,0,internal,0.0,0.0,0.0,0.0,0,False,0,False,-1,1,0.1,0.2,8,8,0,raw,1,False
5,1000.0,8,8,8,0,0,0,19.467867506971437,19.467867506971437,19.467867506971437,0.0,0.0,0.4971564382399999,1.0,0.0,False,0,0,0,0,0,0.0,0.0,0.0,0.0,0.0,0,0.0,0,0,disabled,disabled,True,wrong_key,1,1,False,raw,0,0.0,0.0,trial:-1,1,False,disabled,0,0,False,raw,0,0.0,0.0,,0,False,disabled,False,raw,0.0,0.0,,,,,,,,False,0,0,0,0,0,0,0.0,0.0,1.0594580000002907,0.566083999999023,1.7531250000075715,context_reentry_interference,wrong_key_ablation,CRA,wrong_key_ablation,memory_ablation,MockSimulator,42,none,none,-1,0,0,internal,0.0,0.0,0.0,0.0,0,False,0,False,-1,1,0.1,0.2,8,8,0,raw,1,False
6,1000.0,8,8,8,0,0,0,19.380719446610097,19.380719446610097,19.380719446610097,0.0,0.0,0.49607173328383986,1.0,0.0,False,0,0,0,0,0,0.0,0.0,0.0,0.0,0.0,0,0.0,0,0,disabled,disabled,True,wrong_key,1,1,False,raw,0,0.0,0.0,trial:-1,1,False,disabled,0,0,False,raw,0,0.0,0.0,,0,False,disabled,False,raw,0.0,0.0,,,,,,,,False,0,0,0,0,0,0,0.0,0.0,0.8658339999954023,0.42787499999974443,1.4382919999889054,context_reentry_interference,wrong_key_ablation,CRA,wrong_key_ablation,memory_ablation,MockSimulator,42,none,none,-1,0,0,internal,0.0,0.0,0.0,0.0,0,False,0,False,-1,1,0.1,0.2,8,8,0,raw,1,False
7,1000.0,8,8,8,0,0,0,19.29400574056311,19.29400574056311,19.29400574056311,0.0,0.0,0.4948315539506303,1.0,0.0,False,0,0,0,0,0,0.0,0.0,0.0,0.0,0.0,0,0.0,0,0,disabled,disabled,True,wrong_key,1,1,False,raw,0,0.0,0.0,trial:-1,1,False,disabled,0,0,False,raw,0,0.0,0.0,,0,False,disabled,False,raw,0.0,0.0,,,,,,,,False,0,0,0,0,0,0,0.0,0.0,0.8145410000111042,0.3508749999951988,1.296833999987257,context_reentry_interference,wrong_key_ablation,CRA,wrong_key_ablation,memory_ablation,MockSimulator,42,none,none,-1,0,0,internal,0.0,0.0,0.0,0.0,0,False,0,False,-1,1,0.1,0.2,8,8,0,raw,1,False
8,1000.0,8,8,8,0,0,0,19.207724222488253,19.207724222488253,19.207724222488253,0.0,0.0,0.4934425530974355,1.0,0.0,False,0,0,0,0,0,0.0,0.0,0.0,0.0,0.0,0,0.0,0,0,disabled,disabled,True,wrong_key,1,1,False,raw,0,0.0,0.0,trial:-1,1,False,disabled,0,0,False,raw,0,0.0,0.0,,0,False,disabled,False,raw,0.0,0.0,,,,,,,,False,0,0,0,0,0,0,0.0,0.0,0.8280420000090771,0.3461659999999256,1.2977920000025733,context_reentry_interference,wrong_key_ablation,CRA,wrong_key_ablation,memory_ablation,MockSimulator,42,none,none,-1,0,0,internal,0.0,0.0,0.0,0.0,0,False,0,False,-1,1,0.1,0.2,8,8,0,raw,1,False
9,1000.0,8,8,8,0,0,0,19.121872736847966,19.121872736847966,19.121872736847966,0.0,0.0,0.49191117965678827,1.0,0.0,False,0,0,0,0,0,0.0,0.0,0.0,0.0,0.0,0,0.0,0,0,disabled,disabled,True,wrong_key,1,1,False,raw,0,0.0,0.0,trial:-1,1,False,disabled,0,0,False,raw,0,0.0,0.0,,0,False,disabled,False,raw,0.0,0.0,,,,,,,,False,0,0,0,0,0,0,0.0,0.0,0.8067920000058848,0.5994579999963889,1.530542000011792,context_reentry_interference,wrong_key_ablation,CRA,wrong_key_ablation,memory_ablation,MockSimulator,42,none,none,-1,0,0,internal,0.0,0.0,0.0,0.0,0,False,0,False,-1,1,0.1,0.2,8,8,0,raw,1,False
10,1000.0,8,8,8,0,0,0,19.036449138855495,19.036449138855495,19.036449138855495,0.0,0.0,0.49024368413252795,1.0,0.0,False,0,0,0,0,0,0.0,0.0,0.0,0.0,0.0,0,0.0,0,0,disabled,disabled,True,wrong_key,1,1,False,raw,0,0.0,0.0,trial:-1,1,False,disabled,0,0,False,raw,0,0.0,0.0,,0,False,disabled,False,raw,0.0,0.0,,,,,,,,False,0,0,0,0,0,0,0.0,0.0,0.8364580000090882,0.5606669999878022,1.5217499999948814,context_reentry_interference,wrong_key_ablation,CRA,wrong_key_ablation,memory_ablation,MockSimulator,42,none,none,-1,0,0,internal,0.0,0.0,0.0,0.0,0,False,0,False,-1,1,0.1,0.2,8,8,0,raw,1,False
11,1000.0,8,8,8,0,0,0,18.95145129442124,18.95145129442124,18.95145129442124,0.0,0.0,0.4884461239573753,1.0,0.0,False,0,0,0,0,0,0.0,0.0,0.0,0.0,0.0,0,0.0,0,0,disabled,disabled,True,wrong_key,1,1,False,raw,0,0.0,0.0,trial:-1,1,False,disabled,0,0,False,raw,0,0.0,0.0,,0,False,disabled,False,raw,0.0,0.0,,,,,,,,False,0,0,0,0,0,0,0.0,0.0,0.8392079999879343,0.5597920000042222,1.5271669999918913,context_reentry_interference,wrong_key_ablation,CRA,wrong_key_ablation,memory_ablation,MockSimulator,42,none,none,-1,0,0,internal,0.0,0.0,0.0,0.0,0,False,0,False,-1,1,0.1,0.2,8,8,0,raw,1,False
12,1000.0,8,8,8,0,0,0,18.866877080099428,18.866877080099428,18.866877080099428,0.0,0.0,0.4865243687155758,1.0,0.0,False,0,0,0,0,0,0.0,0.0,0.0,0.0,0.0,0,0.0,0,0,disabled,disabled,True,wrong_key,1,1,False,raw,0,0.0,0.0,trial:-1,1,False,disabled,0,0,False,raw,0,0.0,0.0,,0,False,disabled,False,raw,0.0,0.0,,,,,,,,False,0,0,0,0,0,0,0.0,0.0,0.8348329999989801,0.5673750000028122,1.530375000001527,context_reentry_interference,wrong_key_ablation,CRA,wrong_key_ablation,memory_ablation,MockSimulator,42,none,none,-1,0,0,internal,0.0,0.0,0.0,0.0,0,False,0,False,-1,1,0.1,0.2,8,8,0,raw,1,False
13,1000.0,8,8,8,0,0,0,18.782724383035006,18.782724383035006,18.782724383035006,0.0,0.0,0.4844841052338653,1.0,0.0,False,0,0,0,0,0,0.0,0.0,0.0,0.0,0.0,0,0.0,0,0,disabled,disabled,True,wrong_key,1,1,False,raw,0,0.0,0.0,trial:-1,1,False,disabled,0,0,False,raw,0,0.0,0.0,,0,False,disabled,False,raw,0.0,0.0,,,,,,,,False,0,0,0,0,0,0,0.0,0.0,0.8983339999986129,0.6180830000062087,1.643958000002499,context_reentry_interference,wrong_key_ablation,CRA,wrong_key_ablation,memory_ablation,MockSimulator,42,none,none,-1,0,0,internal,0.0,0.0,0.0,0.0,0,False,0,False,-1,1,0.1,0.2,8,8,0,raw,1,False
14,1000.0,8,8,8,0,0,0,18.69899110091084,18.69899110091084,18.69899110091084,0.0,0.0,0.48233084254393704,1.0,0.0,False,0,0,0,0,0,0.0,0.0,0.0,0.0,0.0,0,0.0,0,0,disabled,disabled,True,wrong_key,1,1,False,raw,0,0.0,0.0,trial:-1,1,False,disabled,0,0,False,raw,0,0.0,0.0,,0,False,disabled,False,raw,0.0,0.0,,,,,,,,False,0,0,0,0,0,0,0.0,0.0,0.8962080000003425,0.6217920000040067,1.6556670000085205,context_reentry_interference,wrong_key_ablation,CRA,wrong_key_ablation,memory_ablation,MockSimulator,42,none,none,-1,0,0,internal,0.0,0.0,0.0,0.0,0,False,0,False,-1,1,0.1,0.2,8,8,0,raw,1,False
15,1000.0,8,8,8,0,0,0,18.615675141895135,18.615675141895135,18.615675141895135,0.0,0.0,0.4800699167195123,1.0,0.0,False,0,0,0,0,0,0.0,0.0,0.0,0.0,0.0,0,0.0,0,0,disabled,disabled,True,wrong_key,1,1,False,raw,0,0.0,0.0,trial:-1,1,False,disabled,0,0,False,raw,0,0.0,0.0,,0,False,disabled,False,raw,0.0,0.0,,,,,,,,False,0,0,0,0,0,0,0.0,0.0,1.1426669999963224,0.868875000008984,2.2003339999940863,context_reentry_interference,wrong_key_ablation,CRA,wrong_key_ablation,memory_ablation,MockSimulator,42,none,none,-1,0,0,internal,0.0,0.0,0.0,0.0,0,False,0,False,-1,1,0.1,0.2,8,8,0,raw,1,False
16,1000.0,8,8,8,0,0,0,18.532774424589157,18.532774424589157,18.532774424589157,0.0,0.0,0.477706495591047,1.0,0.0,False,0,0,0,0,0,0.0,0.0,0.0,0.0,0.0,0,0.0,0,0,disabled,disabled,True,wrong_key,1,1,False,raw,0,0.0,0.0,trial:-1,1,False,disabled,0,0,False,raw,0,0.0,0.0,,0,False,disabled,False,raw,0.0,0.0,,,,,,,,False,0,0,0,0,0,0,0.0,0.0,0.8755829999955722,0.7047919999934038,1.7232080000013639,context_reentry_interference,wrong_key_ablation,CRA,wrong_key_ablation,memory_ablation,MockSimulator,42,none,none,-1,0,0,internal,0.0,0.0,0.0,0.0,0,False,0,False,-1,1,0.1,0.2,8,8,0,raw,1,False
17,1000.0,8,8,8,0,0,0,18.450286877975188,18.450286877975188,18.450286877975188,0.0,0.0,0.4752455833410325,1.0,0.0,False,0,0,0,0,0,0.0,0.0,0.0,0.0,0.0,0,0.0,0,0,disabled,disabled,True,wrong_key,1,1,False,raw,0,0.0,0.0,trial:-1,1,False,disabled,0,0,False,raw,0,0.0,0.0,,0,False,disabled,False,raw,0.0,0.0,,,,,,,,False,0,0,0,0,0,0,0.0,0.0,0.8636250000080281,0.618625000001316,1.6110840000038706,context_reentry_interference,wrong_key_ablation,CRA,wrong_key_ablation,memory_ablation,MockSimulator,42,none,none,-1,0,0,internal,0.0,0.0,0.0,0.0,0,False,0,False,-1,1,0.1,0.2,8,8,0,raw,1,False
18,1000.0,8,8,8,0,0,0,18.368210441364756,18.368210441364756,18.368210441364756,0.0,0.0,0.4726920249827822,1.0,0.0,False,0,0,0,0,0,0.0,0.0,0.0,0.0,0.0,0,0.0,0,0,disabled,disabled,True,wrong_key,1,1,False,raw,0,0.0,0.0,trial:-1,1,False,disabled,0,0,False,raw,0,0.0,0.0,,0,False,disabled,False,raw,0.0,0.0,,,,,,,,False,0,0,0,0,0,0,0.0,0.0,0.8392090000057806,0.599041000000966,1.5674590000003263,context_reentry_interference,wrong_key_ablation,CRA,wrong_key_ablation,memory_ablation,MockSimulator,42,none,none,-1,0,0,internal,0.0,0.0,0.0,0.0,0,False,0,False,-1,1,0.1,0.2,8,8,0,raw,1,False
19,1000.0,8,8,8,0,0,0,18.28654306434712,18.28654306434712,18.28654306434712,0.0,0.0,0.47005051072552545,1.0,0.0,False,0,0,0,0,0,0.0,0.0,0.0,0.0,0.0,0,0.0,0,0,disabled,disabled,True,wrong_key,1,1,False,raw,0,0.0,0.0,trial:-1,1,False,disabled,0,0,False,raw,0,0.0,0.0,,0,False,disabled,False,raw,0.0,0.0,,,,,,,,False,0,0,0,0,0,0,0.0,0.0,0.8080420000027289,0.6050000000072941,1.5387920000051736,context_reentry_interference,wrong_key_ablation,CRA,wrong_key_ablation,memory_ablation,MockSimulator,42,none,none,-1,0,0,internal,0.0,0.0,0.0,0.0,0,False,0,False,-1,1,0.1,0.2,8,8,0,raw,1,False
20,1000.0,8,8,8,0,0,0,18.205282706737997,18.205282706737997,18.205282706737997,0.0,0.0,0.4673255802285659,1.0,0.0,False,0,0,0,0,0,0.0,0.0,0.0,0.0,0.0,0,0.0,0,0,disabled,disabled,True,wrong_key,1,1,False,raw,0,0.0,0.0,trial:-1,1,False,disabled,0,0,False,raw,0,0.0,0.0,,0,False,disabled,False,raw,0.0,0.0,,,,,,,,False,0,0,0,0,0,0,0.0,0.0,0.8143329999938942,0.6247919999964324,1.5627080000086835,context_reentry_interference,wrong_key_ablation,CRA,wrong_key_ablation,memory_ablation,MockSimulator,42,none,none,-1,0,0,internal,0.0,0.0,0.0,0.0,0,False,0,False,-1,1,0.1,0.2,8,8,0,raw,1,False
21,1000.0,8,8,8,0,0,0,18.124427338528566,18.124427338528566,18.124427338528566,0.0,0.0,0.4645216267471945,1.0,0.0,False,0,0,0,0,0,0.0,0.0,0.0,0.0,0.0,0,0.0,0,0,disabled,disabled,True,wrong_key,1,1,False,raw,0,0.0,0.0,trial:-1,1,False,disabled,0,0,False,raw,0,0.0,0.0,,0,False,disabled,False,raw,0.0,0.0,,,,,,,,False,0,0,0,0,0,0,0.0,0.0,0.8209160000092197,0.6409589999947229,1.5884160000041447,context_reentry_interference,wrong_key_ablation,CRA,wrong_key_ablation,memory_ablation,MockSimulator,42,none,none,-1,0,0,internal,0.0,0.0,0.0,0.0,0,False,0,False,-1,1,0.1,0.2,8,8,0,raw,1,False
22,1000.0,8,8,8,0,0,0,18.04397493983472,18.04397493983472,18.04397493983472,0.0,0.0,0.46164290117298656,1.0,0.0,False,0,0,0,0,0,0.0,0.0,0.0,0.0,0.0,0,0.0,0,0,disabled,disabled,True,wrong_key,1,1,False,raw,0,0.0,0.0,trial:-1,1,False,disabled,0,0,False,raw,0,0.0,0.0,,0,False,disabled,False,raw,0.0,0.0,,,,,,,,False,0,0,0,0,0,0,0.0,0.0,0.8022089999997206,0.6245000000006939,1.5518750000040882,context_reentry_interference,wrong_key_ablation,CRA,wrong_key_ablation,memory_ablation,MockSimulator,42,none,none,-1,0,0,internal,0.0,0.0,0.0,0.0,0,False,0,False,-1,1,0.1,0.2,8,8,0,raw,1,False
23,1000.0,8,8,8,0,0,0,17.963923500846562,17.963923500846562,17.963923500846562,0.0,0.0,0.458693515971048,1.0,0.0,False,0,0,0,0,0,0.0,0.0,0.0,0.0,0.0,0,0.0,0,0,disabled,disabled,True,wrong_key,1,1,False,raw,0,0.0,0.0,trial:-1,1,False,disabled,0,0,False,raw,0,0.0,0.0,,0,False,disabled,False,raw,0.0,0.0,,,,,,,,False,0,0,0,0,0,0,0.0,0.0,0.8099169999979949,0.6304579999891757,1.5651249999990569,context_reentry_interference,wrong_key_ablation,CRA,wrong_key_ablation,memory_ablation,MockSimulator,42,none,none,-1,0,0,internal,0.0,0.0,0.0,0.0,0,False,0,False,-1,1,0.1,0.2,8,8,0,raw,1,False
24,1000.0,8,8,8,0,0,0,17.88427102177817,17.88427102177817,17.88427102177817,-0.03748243175707047,-0.0,0.45567744901671786,1.0,-0.03748243175707047,False,0,0,0,0,0,0.0,0.0,0.0,0.0,0.0,0,0.0,0,0,disabled,disabled,True,wrong_key,-1,2,False,raw,0,-0.005,-0.005,intruder:24,2,False,disabled,0,0,False,raw,0,-0.005,-0.005,,0,False,disabled,False,raw,-0.005,-0.005,,,,,,,,False,0,0,0,0,0,0,0.0,0.0,1.03120799998635,0.8532090000130665,2.007707999993613,context_reentry_interference,wrong_key_ablation,CRA,wrong_key_ablation,memory_ablation,MockSimulator,42,context,A0_interfering_context,0,-1,0,internal,-0.005,-0.005,0.0,0.0,0,False,-1,False,-1,1,0.1,0.2,8,8,0,raw,2,False
25,1000.0,8,8,8,0,0,0,17.80501551281759,17.80501551281759,17.80501551281759,0.0,0.0,0.4525985473341725,1.0,0.0,False,0,0,0,0,0,0.0,0.0,0.0,0.0,0.0,0,0.0,0,0,disabled,disabled,True,wrong_key,-1,2,False,raw,0,0.0,0.0,trial:-1,2,False,disabled,0,0,False,raw,0,0.0,0.0,,0,False,disabled,False,raw,0.0,0.0,,,,,,,,False,0,0,0,0,0,0,0.0,0.0,0.8611250000001291,0.729458000009231,1.7297919999919031,context_reentry_interference,wrong_key_ablation,CRA,wrong_key_ablation,memory_ablation,MockSimulator,42,none,none,-1,0,0,internal,0.0,0.0,0.0,0.0,0,False,0,False,-1,1,0.1,0.2,8,8,0,raw,2,False
26,1000.0,8,8,8,0,0,0,17.7261549940771,17.7261549940771,17.7261549940771,0.0,0.0,0.4494605307393222,1.0,0.0,False,0,0,0,0,0,0.0,0.0,0.0,0.0,0.0,0,0.0,0,0,disabled,disabled,True,wrong_key,-1,2,False,raw,0,0.0,0.0,trial:-1,2,False,disabled,0,0,False,raw,0,0.0,0.0,,0,False,disabled,False,raw,0.0,0.0,,,,,,,,False,0,0,0,0,0,0,0.0,0.0,0.8356249999934562,0.6679580000081842,1.6360000000048558,context_reentry_interference,wrong_key_ablation,CRA,wrong_key_ablation,memory_ablation,MockSimulator,42,none,none,-1,0,0,internal,0.0,0.0,0.0,0.0,0,False,0,False,-1,1,0.1,0.2,8,8,0,raw,2,False
27,1000.0,8,8,8,0,0,0,17.647687495543703,17.647687495543703,17.647687495543703,0.0,0.0,0.44626699538933223,1.0,0.0,False,0,0,0,0,0,0.0,0.0,0.0,0.0,0.0,0,0.0,0,0,disabled,disabled,True,wrong_key,-1,2,False,raw,0,0.0,0.0,trial:-1,2,False,disabled,0,0,False,raw,0,0.0,0.0,,0,False,disabled,False,raw,0.0,0.0,,,,,,,,False,0,0,0,0,0,0,0.0,0.0,0.8143750000044747,0.6678339999979244,1.6055420000071763,context_reentry_interference,wrong_key_ablation,CRA,wrong_key_ablation,memory_ablation,MockSimulator,42,none,none,-1,0,0,internal,0.0,0.0,0.0,0.0,0,False,0,False,-1,1,0.1,0.2,8,8,0,raw,2,False
28,1000.0,8,8,8,0,0,0,17.569611057029892,17.569611057029892,17.569611057029892,0.0,0.0,0.44302141724104616,1.0,0.0,False,0,0,0,0,0,0.0,0.0,0.0,0.0,0.0,0,0.0,0,0,disabled,disabled,True,wrong_key,-1,2,False,raw,0,0.0,0.0,trial:-1,2,False,disabled,0,0,False,raw,0,0.0,0.0,,0,False,disabled,False,raw,0.0,0.0,,,,,,,,False,0,0,0,0,0,0,0.0,0.0,0.805459000005726,0.677832999997463,1.606666999990125,context_reentry_interference,wrong_key_ablation,CRA,wrong_key_ablation,memory_ablation,MockSimulator,42,none,none,-1,0,0,internal,0.0,0.0,0.0,0.0,0,False,0,False,-1,1,0.1,0.2,8,8,0,raw,2,False
29,1000.0,8,8,8,0,0,0,17.49192372812463,17.49192372812463,17.49192372812463,0.0,0.0,0.4397271554205358,1.0,0.0,False,0,0,0,0,0,0.0,0.0,0.0,0.0,0.0,0,0.0,0,0,disabled,disabled,True,wrong_key,-1,2,False,raw,0,0.0,0.0,trial:-1,2,False,disabled,0,0,False,raw,0,0.0,0.0,,0,False,disabled,False,raw,0.0,0.0,,,,,,,,False,0,0,0,0,0,0,0.0,0.0,0.8034580000071401,0.6822089999900527,1.609458000004338,context_reentry_interference,wrong_key_ablation,CRA,wrong_key_ablation,memory_ablation,MockSimulator,42,none,none,-1,0,0,internal,0.0,0.0,0.0,0.0,0,False,0,False,-1,1,0.1,0.2,8,8,0,raw,2,False
30,1000.0,8,8,8,0,0,0,17.41462356814459,17.41462356814459,17.41462356814459,0.0,0.0,0.4363874555059495,1.0,0.0,False,0,0,0,0,0,0.0,0.0,0.0,0.0,0.0,0,0.0,0,0,disabled,disabled,True,wrong_key,-1,2,False,raw,0,0.0,0.0,trial:-1,2,False,disabled,0,0,False,raw,0,0.0,0.0,,0,False,disabled,False,raw,0.0,0.0,,,,,,,,False,0,0,0,0,0,0,0.0,0.0,0.805583000001775,0.6866250000001628,1.6151250000007167,context_reentry_interference,wrong_key_ablation,CRA,wrong_key_ablation,memory_ablation,MockSimulator,42,none,none,-1,0,0,internal,0.0,0.0,0.0,0.0,0,False,0,False,-1,1,0.1,0.2,8,8,0,raw,2,False
31,1000.0,8,8,8,0,0,0,17.337708646085655,17.337708646085655,17.337708646085655,0.0,0.0,0.4330054527257784,1.0,0.0,False,0,0,0,0,0,0.0,0.0,0.0,0.0,0.0,0,0.0,0,0,disabled,disabled,True,wrong_key,-1,2,False,raw,0,0.0,0.0,trial:-1,2,False,disabled,0,0,False,raw,0,0.0,0.0,,0,False,disabled,False,raw,0.0,0.0,,,,,,,,False,0,0,0,0,0,0,0.0,0.0,0.8100000000013097,0.6903750000049058,1.6232920000049944,context_reentry_interference,wrong_key_ablation,CRA,wrong_key_ablation,memory_ablation,MockSimulator,42,none,none,-1,0,0,internal,0.0,0.0,0.0,0.0,0,False,0,False,-1,1,0.1,0.2,8,8,0,raw,2,False
32,1000.0,8,8,8,0,0,0,17.261177040574623,17.261177040574623,17.261177040574623,0.0,0.0,0.4295841750746117,1.0,0.0,False,0,0,0,0,0,0.0,0.0,0.0,0.0,0.0,0,0.0,0,0,disabled,disabled,True,wrong_key,-1,2,False,raw,0,0.0,0.0,trial:-1,2,False,disabled,0,0,False,raw,0,0.0,0.0,,0,False,disabled,False,raw,0.0,0.0,,,,,,,,False,0,0,0,0,0,0,0.0,0.0,0.8105410000069924,0.7035000000001901,1.6437499999994998,context_reentry_interference,wrong_key_ablation,CRA,wrong_key_ablation,memory_ablation,MockSimulator,42,none,none,-1,0,0,internal,0.0,0.0,0.0,0.0,0,False,0,False,-1,1,0.1,0.2,8,8,0,raw,2,False
33,1000.0,8,8,8,0,0,0,17.18502683982118,17.18502683982118,17.18502683982118,0.0,0.0,0.4261265463484014,1.0,0.0,False,0,0,0,0,0,0.0,0.0,0.0,0.0,0.0,0,0.0,0,0,disabled,disabled,True,wrong_key,-1,2,False,raw,0,0.0,0.0,trial:-1,2,False,disabled,0,0,False,raw,0,0.0,0.0,,0,False,disabled,False,raw,0.0,0.0,,,,,,,,False,0,0,0,0,0,0,0.0,0.0,0.8665830000040842,1.0219999999918628,2.011874999993779,context_reentry_interference,wrong_key_ablation,CRA,wrong_key_ablation,memory_ablation,MockSimulator,42,none,none,-1,0,0,internal,0.0,0.0,0.0,0.0,0,False,0,False,-1,1,0.1,0.2,8,8,0,raw,2,False
34,1000.0,8,8,8,0,0,0,17.10925614157011,17.10925614157011,17.10925614157011,0.0,0.0,0.4226353891012097,1.0,0.0,False,0,0,0,0,0,0.0,0.0,0.0,0.0,0.0,0,0.0,0,0,disabled,disabled,True,wrong_key,-1,2,False,raw,0,0.0,0.0,trial:-1,2,False,disabled,0,0,False,raw,0,0.0,0.0,,0,False,disabled,False,raw,0.0,0.0,,,,,,,,False,0,0,0,0,0,0,0.0,0.0,0.8888329999905409,0.8368340000117769,1.864707999999382,context_reentry_interference,wrong_key_ablation,CRA,wrong_key_ablation,memory_ablation,MockSimulator,42,none,none,-1,0,0,internal,0.0,0.0,0.0,0.0,0,False,0,False,-1,1,0.1,0.2,8,8,0,raw,2,False
35,1000.0,8,8,8,0,0,0,17.03386305305373,17.03386305305373,17.03386305305373,0.0,0.0,0.41911342752536623,1.0,0.0,False,0,0,0,0,0,0.0,0.0,0.0,0.0,0.0,0,0.0,0,0,disabled,disabled,True,wrong_key,-1,2,False,raw,0,0.0,0.0,trial:-1,2,False,disabled,0,0,False,raw,0,0.0,0.0,,0,False,disabled,False,raw,0.0,0.0,,,,,,,,False,0,0,0,0,0,0,0.0,0.0,0.8132910000000493,0.7584170000001222,1.70224999999391,context_reentry_interference,wrong_key_ablation,CRA,wrong_key_ablation,memory_ablation,MockSimulator,42,none,none,-1,0,0,internal,0.0,0.0,0.0,0.0,0,False,0,False,-1,1,0.1,0.2,8,8,0,raw,2,False
36,1000.0,8,8,8,0,0,0,16.958845690944578,16.958845690944578,16.958845690944578,0.0,0.0,0.4155632902569161,1.0,0.0,False,0,0,0,0,0,0.0,0.0,0.0,0.0,0.0,0,0.0,0,0,disabled,disabled,True,wrong_key,-1,2,False,raw,0,0.0,0.0,trial:-1,2,False,disabled,0,0,False,raw,0,0.0,0.0,,0,False,disabled,False,raw,0.0,0.0,,,,,,,,False,0,0,0,0,0,0,0.0,0.0,0.8122079999992593,0.7604589999914424,1.6978330000085862,context_reentry_interference,wrong_key_ablation,CRA,wrong_key_ablation,memory_ablation,MockSimulator,42,none,none,-1,0,0,internal,0.0,0.0,0.0,0.0,0,False,0,False,-1,1,0.1,0.2,8,8,0,raw,2,False
37,1000.0,8,8,8,0,0,0,16.88420218130833,16.88420218130833,16.88420218130833,0.0,0.0,0.4119875131081938,1.0,0.0,False,0,0,0,0,0,0.0,0.0,0.0,0.0,0.0,0,0.0,0,0,disabled,disabled,True,wrong_key,-1,2,False,raw,0,0.0,0.0,trial:-1,2,False,disabled,0,0,False,raw,0,0.0,0.0,,0,False,disabled,False,raw,0.0,0.0,,,,,,,,False,0,0,0,0,0,0,0.0,0.0,0.8097080000055712,0.7495830000010528,1.6854170000044633,context_reentry_interference,wrong_key_ablation,CRA,wrong_key_ablation,memory_ablation,MockSimulator,42,none,none,-1,0,0,internal,0.0,0.0,0.0,0.0,0,False,0,False,-1,1,0.1,0.2,8,8,0,raw,2,False
38,1000.0,8,8,8,0,0,0,16.809930659556937,16.809930659556937,16.809930659556937,0.0,0.0,0.4083885417293176,1.0,0.0,False,0,0,0,0,0,0.0,0.0,0.0,0.0,0.0,0,0.0,0,0,disabled,disabled,True,wrong_key,-1,2,False,raw,0,0.0,0.0,trial:-1,2,False,disabled,0,0,False,raw,0,0.0,0.0,,0,False,disabled,False,raw,0.0,0.0,,,,,,,,False,0,0,0,0,0,0,0.0,0.0,0.814582999993263,0.7571670000032782,1.6965419999905862,context_reentry_interference,wrong_key_ablation,CRA,wrong_key_ablation,memory_ablation,MockSimulator,42,none,none,-1,0,0,internal,0.0,0.0,0.0,0.0,0,False,0,False,-1,1,0.1,0.2,8,8,0,raw,2,False
39,1000.0,8,8,8,0,0,0,16.73602927040203,16.73602927040203,16.73602927040203,0.0,0.0,0.4047687342003532,1.0,0.0,False,0,0,0,0,0,0.0,0.0,0.0,0.0,0.0,0,0.0,0,0,disabled,disabled,True,wrong_key,-1,2,False,raw,0,0.0,0.0,trial:-1,2,False,disabled,0,0,False,raw,0,0.0,0.0,,0,False,disabled,False,raw,0.0,0.0,,,,,,,,False,0,0,0,0,0,0,0.0,0.0,0.8077910000139354,0.7600419999960195,1.692333999997686,context_reentry_interference,wrong_key_ablation,CRA,wrong_key_ablation,memory_ablation,MockSimulator,42,none,none,-1,0,0,internal,0.0,0.0,0.0,0.0,0,False,0,False,-1,1,0.1,0.2,8,8,0,raw,2,False
40,1000.0,8,8,8,0,0,0,16.662496167808534,16.662496167808534,16.662496167808534,0.0,0.0,0.40113036355585563,1.0,0.0,False,0,0,0,0,0,0.0,0.0,0.0,0.0,0.0,0,0.0,0,0,disabled,disabled,True,wrong_key,-1,2,False,raw,0,0.0,0.0,trial:-1,2,False,disabled,0,0,False,raw,0,0.0,0.0,,0,False,disabled,False,raw,0.0,0.0,,,,,,,,False,0,0,0,0,0,0,0.0,0.0,0.8057910000047741,0.7750420000007807,1.704750000001809,context_reentry_interference,wrong_key_ablation,CRA,wrong_key_ablation,memory_ablation,MockSimulator,42,none,none,-1,0,0,internal,0.0,0.0,0.0,0.0,0,False,0,False,-1,1,0.1,0.2,8,8,0,raw,2,False
41,1000.0,8,8,8,0,0,0,16.5893295149485,16.5893295149485,16.5893295149485,0.0,0.0,0.3974756202434578,1.0,0.0,False,0,0,0,0,0,0.0,0.0,0.0,0.0,0.0,0,0.0,0,0,disabled,disabled,True,wrong_key,-1,2,False,raw,0,0.0,0.0,trial:-1,2,False,disabled,0,0,False,raw,0,0.0,0.0,,0,False,disabled,False,raw,0.0,0.0,,,,,,,,False,0,0,0,0,0,0,0.0,0.0,0.8115830000008373,0.7726669999925662,1.7080000000078144,context_reentry_interference,wrong_key_ablation,CRA,wrong_key_ablation,memory_ablation,MockSimulator,42,none,none,-1,0,0,internal,0.0,0.0,0.0,0.0,0,False,0,False,-1,1,0.1,0.2,8,8,0,raw,2,False
42,1000.0,8,8,8,0,0,0,16.5165274841552,16.5165274841552,16.5165274841552,0.0,0.0,0.39380661451813354,1.0,0.0,False,0,0,0,0,0,0.0,0.0,0.0,0.0,0.0,0,0.0,0,0,disabled,disabled,True,wrong_key,-1,2,False,raw,0,0.0,0.0,trial:-1,2,False,disabled,0,0,False,raw,0,0.0,0.0,,0,False,disabled,False,raw,0.0,0.0,,,,,,,,False,0,0,0,0,0,0,0.0,0.0,0.9603749999911315,0.9887090000120224,2.0717499999989286,context_reentry_interference,wrong_key_ablation,CRA,wrong_key_ablation,memory_ablation,MockSimulator,42,none,none,-1,0,0,internal,0.0,0.0,0.0,0.0,0,False,0,False,-1,1,0.1,0.2,8,8,0,raw,2,False
43,1000.0,8,8,8,0,0,0,16.444088256877443,16.444088256877443,16.444088256877443,0.0,0.0,0.3901253787737249,1.0,0.0,False,0,0,0,0,0,0.0,0.0,0.0,0.0,0.0,0,0.0,0,0,disabled,disabled,True,wrong_key,-1,2,False,raw,0,0.0,0.0,trial:-1,2,False,disabled,0,0,False,raw,0,0.0,0.0,,0,False,disabled,False,raw,0.0,0.0,,,,,,,,False,0,0,0,0,0,0,0.0,0.0,0.8572090000029675,0.8519159999877957,1.8492920000028334,context_reentry_interference,wrong_key_ablation,CRA,wrong_key_ablation,memory_ablation,MockSimulator,42,none,none,-1,0,0,internal,0.0,0.0,0.0,0.0,0,False,0,False,-1,1,0.1,0.2,8,8,0,raw,2,False
44,1000.0,8,8,8,0,0,0,16.37201002363408,16.37201002363408,16.37201002363408,0.0,0.0,0.3864338698132853,1.0,0.0,False,0,0,0,0,0,0.0,0.0,0.0,0.0,0.0,0,0.0,0,0,disabled,disabled,True,wrong_key,-1,2,False,raw,0,0.0,0.0,trial:-1,2,False,disabled,0,0,False,raw,0,0.0,0.0,,0,False,disabled,False,raw,0.0,0.0,,,,,,,,False,0,0,0,0,0,0,0.0,0.0,0.80887500000415,0.8180829999986372,1.7531670000039412,context_reentry_interference,wrong_key_ablation,CRA,wrong_key_ablation,memory_ablation,MockSimulator,42,none,none,-1,0,0,internal,0.0,0.0,0.0,0.0,0,False,0,False,-1,1,0.1,0.2,8,8,0,raw,2,False
45,1000.0,8,8,8,0,0,0,16.3002909839688,16.3002909839688,16.3002909839688,0.0,0.0,0.3827339710597539,1.0,0.0,False,0,0,0,0,0,0.0,0.0,0.0,0.0,0.0,0,0.0,0,0,disabled,disabled,True,wrong_key,-1,2,False,raw,0,0.0,0.0,trial:-1,2,False,disabled,0,0,False,raw,0,0.0,0.0,,0,False,disabled,False,raw,0.0,0.0,,,,,,,,False,0,0,0,0,0,0,0.0,0.0,0.8084170000017821,0.8084170000017821,1.7426250000056598,context_reentry_interference,wrong_key_ablation,CRA,wrong_key_ablation,memory_ablation,MockSimulator,42,none,none,-1,0,0,internal,0.0,0.0,0.0,0.0,0,False,0,False,-1,1,0.1,0.2,8,8,0,raw,2,False
46,1000.0,8,8,8,0,0,0,16.228929346405103,16.228929346405103,16.228929346405103,0.0,0.0,0.3790274947084384,1.0,0.0,False,0,0,0,0,0,0.0,0.0,0.0,0.0,0.0,0,0.0,0,0,disabled,disabled,True,wrong_key,-1,2,False,raw,0,0.0,0.0,trial:-1,2,False,disabled,0,0,False,raw,0,0.0,0.0,,0,False,disabled,False,raw,0.0,0.0,,,,,,,,False,0,0,0,0,0,0,0.0,0.0,0.8033750000038253,0.8145420000005288,1.7423749999920801,context_reentry_interference,wrong_key_ablation,CRA,wrong_key_ablation,memory_ablation,MockSimulator,42,none,none,-1,0,0,internal,0.0,0.0,0.0,0.0,0,False,0,False,-1,1,0.1,0.2,8,8,0,raw,2,False
47,1000.0,8,8,8,0,0,0,16.15792332840151,16.15792332840151,16.15792332840151,0.0,0.0,0.37531618382275156,1.0,0.0,False,0,0,0,0,0,0.0,0.0,0.0,0.0,0.0,0,0.0,0,0,disabled,disabled,True,wrong_key,-1,2,False,raw,0,0.0,0.0,trial:-1,2,False,disabled,0,0,False,raw,0,0.0,0.0,,0,False,disabled,False,raw,0.0,0.0,,,,,,,,False,0,0,0,0,0,0,0.0,0.0,0.8057919999941987,0.820833000005905,1.750291999996989,context_reentry_interference,wrong_key_ablation,CRA,wrong_key_ablation,memory_ablation,MockSimulator,42,none,none,-1,0,0,internal,0.0,0.0,0.0,0.0,0,False,0,False,-1,1,0.1,0.2,8,8,0,raw,2,False
48,1000.0,8,8,8,0,0,0,16.08727115630701,16.08727115630701,16.08727115630701,0.0,0.0,0.37160171437460887,1.0,0.0,False,0,0,0,0,0,0.0,0.0,0.0,0.0,0.0,0,0.0,0,0,disabled,disabled,True,wrong_key,-1,2,False,raw,0,0.0,0.0,trial:-1,2,False,disabled,0,0,False,raw,0,0.0,0.0,,0,False,disabled,False,raw,0.0,0.0,,,,,,,,False,0,0,0,0,0,0,0.0,0.0,0.8053749999987758,0.828583000000549,1.7591669999887927,context_reentry_interference,wrong_key_ablation,CRA,wrong_key_ablation,memory_ablation,MockSimulator,42,none,none,-1,0,0,internal,0.0,0.0,0.0,0.0,0,False,0,False,-1,1,0.1,0.2,8,8,0,raw,2,False
49,1000.0,8,8,0,8,0,0,16.016971065316714,16.016971065316714,16.016971065316714,0.0,0.0,0.3678856972308628,1.0,0.0,False,0,0,0,0,0,0.0,0.0,0.0,0.0,0.0,0,0.0,0,0,disabled,disabled,True,wrong_key,-1,2,False,raw,0,0.0,0.0,trial:-1,2,False,disabled,0,0,False,raw,0,0.0,0.0,,0,False,disabled,False,raw,0.0,0.0,,,,,,,,False,0,0,0,0,0,0,0.0,0.0,0.8017079999973475,0.8326669999974001,1.7583750000085274,context_reentry_interference,wrong_key_ablation,CRA,wrong_key_ablation,memory_ablation,MockSimulator,42,none,none,-1,0,0,internal,0.0,0.0,0.0,0.0,0,False,0,False,-1,1,0.1,0.2,8,8,0,raw,2,False
50,1000.0,8,8,0,8,0,0,15.947021299427728,15.947021299427728,15.947021299427728,0.0,0.0,0.3641696800871167,1.0,0.0,False,0,0,0,0,0,0.0,0.0,0.0,0.0,0.0,0,0.0,0,0,disabled,disabled,True,wrong_key,-1,2,False,raw,0,0.0,0.0,trial:-1,2,False,disabled,0,0,False,raw,0,0.0,0.0,,0,False,disabled,False,raw,0.0,0.0,,,,,,,,False,0,0,0,0,0,0,0.0,0.0,0.8717920000123058,1.3656249999911552,2.3611660000000256,context_reentry_interference,wrong_key_ablation,CRA,wrong_key_ablation,memory_ablation,MockSimulator,42,none,none,-1,0,0,internal,0.0,0.0,0.0,0.0,0,False,0,False,-1,1,0.1,0.2,8,8,0,raw,2,False
51,1000.0,8,8,0,8,0,0,15.877420111395264,15.877420111395264,15.877420111395264,0.0,0.0,0.3604551493502281,1.0,0.0,False,0,0,0,0,0,0.0,0.0,0.0,0.0,0.0,0,0.0,0,0,disabled,disabled,True,wrong_key,-1,2,False,raw,0,0.0,0.0,trial:-1,2,False,disabled,0,0,False,raw,0,0.0,0.0,,0,False,disabled,False,raw,0.0,0.0,,,,,,,,False,0,0,0,0,0,0,0.0,0.0,0.9405419999950482,1.1722079999998414,2.262165999994181,context_reentry_interference,wrong_key_ablation,CRA,wrong_key_ablation,memory_ablation,MockSimulator,42,none,none,-1,0,0,internal,0.0,0.0,0.0,0.0,0,False,0,False,-1,1,0.1,0.2,8,8,0,raw,2,False
52,1000.0,8,8,0,8,0,0,15.808165762688951,15.808165762688951,15.808165762688951,0.0,0.0,0.35674353197078024,1.0,0.0,False,0,0,0,0,0,0.0,0.0,0.0,0.0,0.0,0,0.0,0,0,disabled,disabled,True,wrong_key,-1,2,False,raw,0,0.0,0.0,trial:-1,2,False,disabled,0,0,False,raw,0,0.0,0.0,,0,False,disabled,False,raw,0.0,0.0,,,,,,,,False,0,0,0,0,0,0,0.0,0.0,0.8694999999931952,0.9266250000052878,1.943667000006144,context_reentry_interference,wrong_key_ablation,CRA,wrong_key_ablation,memory_ablation,MockSimulator,42,none,none,-1,0,0,internal,0.0,0.0,0.0,0.0,0,False,0,False,-1,1,0.1,0.2,8,8,0,raw,2,False
53,1000.0,8,8,0,8,0,0,15.739256523449374,15.739256523449374,15.739256523449374,0.0,0.0,0.3530361972267702,1.0,0.0,False,0,0,0,0,0,0.0,0.0,0.0,0.0,0.0,0,0.0,0,0,disabled,disabled,True,wrong_key,-1,2,False,raw,0,0.0,0.0,trial:-1,2,False,disabled,0,0,False,raw,0,0.0,0.0,,0,False,disabled,False,raw,0.0,0.0,,,,,,,,False,0,0,0,0,0,0,0.0,0.0,0.8372079999929838,0.9013340000052494,1.8673329999927546,context_reentry_interference,wrong_key_ablation,CRA,wrong_key_ablation,memory_ablation,MockSimulator,42,none,none,-1,0,0,internal,0.0,0.0,0.0,0.0,0,False,0,False,-1,1,0.1,0.2,8,8,0,raw,2,False
54,1000.0,8,8,0,8,0,0,15.670690672444827,15.670690672444827,15.670690672444827,0.0,0.0,0.34933445845973227,1.0,0.0,False,0,0,0,0,0,0.0,0.0,0.0,0.0,0.0,0,0.0,0,0,disabled,disabled,True,wrong_key,-1,2,False,raw,0,0.0,0.0,trial:-1,2,False,disabled,0,0,False,raw,0,0.0,0.0,,0,False,disabled,False,raw,0.0,0.0,,,,,,,,False,0,0,0,0,0,0,0.0,0.0,0.8364580000090882,0.9473749999955317,1.9137080000035667,context_reentry_interference,wrong_key_ablation,CRA,wrong_key_ablation,memory_ablation,MockSimulator,42,none,none,-1,0,0,internal,0.0,0.0,0.0,0.0,0,False,0,False,-1,1,0.1,0.2,8,8,0,raw,2,False
55,1000.0,8,8,0,8,0,0,15.602466497028287,15.602466497028287,15.602466497028287,0.0,0.0,0.3456395747644851,1.0,0.0,False,0,0,0,0,0,0.0,0.0,0.0,0.0,0.0,0,0.0,0,0,disabled,disabled,True,wrong_key,-1,2,False,raw,0,0.0,0.0,trial:-1,2,False,disabled,0,0,False,raw,0,0.0,0.0,,0,False,disabled,False,raw,0.0,0.0,,,,,,,,False,0,0,0,0,0,0,0.0,0.0,0.9040409999983012,0.9849169999966989,2.027749999996331,context_reentry_interference,wrong_key_ablation,CRA,wrong_key_ablation,memory_ablation,MockSimulator,42,none,none,-1,0,0,internal,0.0,0.0,0.0,0.0,0,False,0,False,-1,1,0.1,0.2,8,8,0,raw,2,False
56,1000.0,8,8,0,8,0,0,15.534582293094585,15.534582293094585,15.534582293094585,0.0,0.0,0.34195275263366387,1.0,0.0,False,0,0,0,0,0,0.0,0.0,0.0,0.0,0.0,0,0.0,0,0,disabled,disabled,True,wrong_key,-1,2,False,raw,0,0.0,0.0,trial:-1,2,False,disabled,0,0,False,raw,0,0.0,0.0,,0,False,disabled,False,raw,0.0,0.0,,,,,,,,False,0,0,0,0,0,0,0.0,0.0,0.9046249999897782,0.9885000000053878,2.032709000005184,context_reentry_interference,wrong_key_ablation,CRA,wrong_key_ablation,memory_ablation,MockSimulator,42,none,none,-1,0,0,internal,0.0,0.0,0.0,0.0,0,False,0,False,-1,1,0.1,0.2,8,8,0,raw,2,False
57,1000.0,8,8,0,8,0,0,15.46703636503782,15.46703636503782,15.46703636503782,0.0,0.0,0.33827514755816973,1.0,0.0,False,0,0,0,0,0,0.0,0.0,0.0,0.0,0.0,0,0.0,0,0,disabled,disabled,True,wrong_key,-1,2,False,raw,0,0.0,0.0,trial:-1,2,False,disabled,0,0,False,raw,0,0.0,0.0,,0,False,disabled,False,raw,0.0,0.0,,,,,,,,False,0,0,0,0,0,0,0.0,0.0,0.8107090000066819,0.889208000003805,1.825542000005953,context_reentry_interference,wrong_key_ablation,CRA,wrong_key_ablation,memory_ablation,MockSimulator,42,none,none,-1,0,0,internal,0.0,0.0,0.0,0.0,0,False,0,False,-1,1,0.1,0.2,8,8,0,raw,2,False
58,1000.0,8,8,0,8,0,0,15.399827025708959,15.399827025708959,15.399827025708959,0.0,0.0,0.3346078655846419,1.0,0.0,False,0,0,0,0,0,0.0,0.0,0.0,0.0,0.0,0,0.0,0,0,disabled,disabled,True,wrong_key,-1,2,False,raw,0,0.0,0.0,trial:-1,2,False,disabled,0,0,False,raw,0,0.0,0.0,,0,False,disabled,False,raw,0.0,0.0,,,,,,,,False,0,0,0,0,0,0,0.0,0.0,0.8735830000006217,1.1292920000016693,2.1267909999949097,context_reentry_interference,wrong_key_ablation,CRA,wrong_key_ablation,memory_ablation,MockSimulator,42,none,none,-1,0,0,internal,0.0,0.0,0.0,0.0,0,False,0,False,-1,1,0.1,0.2,8,8,0,raw,2,False
59,1000.0,8,8,0,8,0,0,15.332952596373655,15.332952596373655,15.332952596373655,0.0,0.0,0.3309519648310319,1.0,0.0,False,0,0,0,0,0,0.0,0.0,0.0,0.0,0.0,0,0.0,0,0,disabled,disabled,True,wrong_key,-1,2,False,raw,0,0.0,0.0,trial:-1,2,False,disabled,0,0,False,raw,0,0.0,0.0,,0,False,disabled,False,raw,0.0,0.0,,,,,,,,False,0,0,0,0,0,0,0.0,0.0,0.8800419999914766,1.0059170000005224,2.025082999992378,context_reentry_interference,wrong_key_ablation,CRA,wrong_key_ablation,memory_ablation,MockSimulator,42,none,none,-1,0,0,internal,0.0,0.0,0.0,0.0,0,False,0,False,-1,1,0.1,0.2,8,8,0,raw,2,False
60,1000.0,8,8,0,8,0,0,15.266411406670287,15.266411406670287,15.266411406670287,0.0,0.0,0.32730845696133243,1.0,0.0,False,0,0,0,0,0,0.0,0.0,0.0,0.0,0.0,0,0.0,0,0,disabled,disabled,True,wrong_key,-1,2,False,raw,0,0.0,0.0,trial:-1,2,False,disabled,0,0,False,raw,0,0.0,0.0,,0,False,disabled,False,raw,0.0,0.0,,,,,,,,False,0,0,0,0,0,0,0.0,0.0,0.8074160000006714,0.9230839999929685,1.859249999995427,context_reentry_interference,wrong_key_ablation,CRA,wrong_key_ablation,memory_ablation,MockSimulator,42,none,none,-1,0,0,internal,0.0,0.0,0.0,0.0,0,False,0,False,-1,1,0.1,0.2,8,8,0,raw,2,False
61,1000.0,8,8,0,8,0,0,15.200201794568194,15.200201794568194,15.200201794568194,0.0,0.0,0.3236783086204885,1.0,0.0,False,0,0,0,0,0,0.0,0.0,0.0,0.0,0.0,0,0.0,0,0,disabled,disabled,True,wrong_key,-1,2,False,raw,0,0.0,0.0,trial:-1,2,False,disabled,0,0,False,raw,0,0.0,0.0,,0,False,disabled,False,raw,0.0,0.0,,,,,,,,False,0,0,0,0,0,0,0.0,0.0,0.8029580000084025,0.919499999994855,1.846458999992251,context_reentry_interference,wrong_key_ablation,CRA,wrong_key_ablation,memory_ablation,MockSimulator,42,none,none,-1,0,0,internal,0.0,0.0,0.0,0.0,0,False,0,False,-1,1,0.1,0.2,8,8,0,raw,2,False
62,1000.0,8,8,0,8,0,0,15.134322106326133,15.134322106326133,15.134322106326133,0.0,0.0,0.32006244283049384,1.0,0.0,False,0,0,0,0,0,0.0,0.0,0.0,0.0,0.0,0,0.0,0,0,disabled,disabled,True,wrong_key,-1,2,False,raw,0,0.0,0.0,trial:-1,2,False,disabled,0,0,False,raw,0,0.0,0.0,,0,False,disabled,False,raw,0.0,0.0,,,,,,,,False,0,0,0,0,0,0,0.0,0.0,0.8054999999984602,0.9356660000037209,1.8694160000052307,context_reentry_interference,wrong_key_ablation,CRA,wrong_key_ablation,memory_ablation,MockSimulator,42,none,none,-1,0,0,internal,0.0,0.0,0.0,0.0,0,False,0,False,-1,1,0.1,0.2,8,8,0,raw,2,False
63,1000.0,8,8,0,8,0,0,15.068770696450924,15.068770696450924,15.068770696450924,0.0,0.0,0.3164617403486508,1.0,0.0,False,0,0,0,0,0,0.0,0.0,0.0,0.0,0.0,0,0.0,0,0,disabled,disabled,True,wrong_key,-1,2,False,raw,0,0.0,0.0,trial:-1,2,False,disabled,0,0,False,raw,0,0.0,0.0,,0,False,disabled,False,raw,0.0,0.0,,,,,,,,False,0,0,0,0,0,0,0.0,0.0,0.8054999999984602,0.9426660000002585,1.8732919999990827,context_reentry_interference,wrong_key_ablation,CRA,wrong_key_ablation,memory_ablation,MockSimulator,42,none,none,-1,0,0,internal,0.0,0.0,0.0,0.0,0,False,0,False,-1,1,0.1,0.2,8,8,0,raw,2,False
64,1000.0,8,8,0,8,0,0,15.00354592765632,15.00354592765632,15.00354592765632,0.0,0.0,0.3128770409889493,1.0,0.0,False,0,0,0,0,0,0.0,0.0,0.0,0.0,0.0,0,0.0,0,0,disabled,disabled,True,wrong_key,-1,2,False,raw,0,0.0,0.0,trial:-1,2,False,disabled,0,0,False,raw,0,0.0,0.0,,0,False,disabled,False,raw,0.0,0.0,,,,,,,,False,0,0,0,0,0,0,0.0,0.0,0.8363750000057735,0.9864579999998568,1.9484999999974661,context_reentry_interference,wrong_key_ablation,CRA,wrong_key_ablation,memory_ablation,MockSimulator,42,none,none,-1,0,0,internal,0.0,0.0,0.0,0.0,0,False,0,False,-1,1,0.1,0.2,8,8,0,raw,2,False
65,1000.0,8,8,0,8,0,0,14.938646170822075,14.938646170822075,14.938646170822075,0.0,0.0,0.3093091449074964,1.0,0.0,False,0,0,0,0,0,0.0,0.0,0.0,0.0,0.0,0,0.0,0,0,disabled,disabled,True,wrong_key,-1,2,False,raw,0,0.0,0.0,trial:-1,2,False,disabled,0,0,False,raw,0,0.0,0.0,,0,False,disabled,False,raw,0.0,0.0,,,,,,,,False,0,0,0,0,0,0,0.0,0.0,0.8347499999956653,1.0038329999986217,1.9669589999864456,context_reentry_interference,wrong_key_ablation,CRA,wrong_key_ablation,memory_ablation,MockSimulator,42,none,none,-1,0,0,internal,0.0,0.0,0.0,0.0,0,False,0,False,-1,1,0.1,0.2,8,8,0,raw,2,False
66,1000.0,8,8,0,8,0,0,14.87406980495321,14.87406980495321,14.87406980495321,0.0,0.0,0.305758813852906,1.0,0.0,False,0,0,0,0,0,0.0,0.0,0.0,0.0,0.0,0,0.0,0,0,disabled,disabled,True,wrong_key,-1,2,False,raw,0,0.0,0.0,trial:-1,2,False,disabled,0,0,False,raw,0,0.0,0.0,,0,False,disabled,False,raw,0.0,0.0,,,,,,,,False,0,0,0,0,0,0,0.0,0.0,0.8939159999954427,1.1785420000052227,2.2025410000026113,context_reentry_interference,wrong_key_ablation,CRA,wrong_key_ablation,memory_ablation,MockSimulator,42,none,none,-1,0,0,internal,0.0,0.0,0.0,0.0,0,False,0,False,-1,1,0.1,0.2,8,8,0,raw,2,False
67,1000.0,8,8,0,8,0,0,14.809815217139496,14.809815217139496,14.809815217139496,0.0,0.0,0.30222677238253626,1.0,0.0,False,0,0,0,0,0,0.0,0.0,0.0,0.0,0.0,0,0.0,0,0,disabled,disabled,True,wrong_key,-1,2,False,raw,0,0.0,0.0,trial:-1,2,False,disabled,0,0,False,raw,0,0.0,0.0,,0,False,disabled,False,raw,0.0,0.0,,,,,,,,False,0,0,0,0,0,0,0.0,0.0,0.9694999999965148,1.1758750000012697,2.296874999998977,context_reentry_interference,wrong_key_ablation,CRA,wrong_key_ablation,memory_ablation,MockSimulator,42,none,none,-1,0,0,internal,0.0,0.0,0.0,0.0,0,False,0,False,-1,1,0.1,0.2,8,8,0,raw,2,False
68,1000.0,8,8,0,8,0,0,14.745880802515124,14.745880802515124,14.745880802515124,0.0,0.0,0.29871370904544015,1.0,0.0,False,0,0,0,0,0,0.0,0.0,0.0,0.0,0.0,0,0.0,0,0,disabled,disabled,True,wrong_key,-1,2,False,raw,0,0.0,0.0,trial:-1,2,False,disabled,0,0,False,raw,0,0.0,0.0,,0,False,disabled,False,raw,0.0,0.0,,,,,,,,False,0,0,0,0,0,0,0.0,0.0,0.9045829999934085,1.0977080000031947,2.143832999990991,context_reentry_interference,wrong_key_ablation,CRA,wrong_key_ablation,memory_ablation,MockSimulator,42,none,none,-1,0,0,internal,0.0,0.0,0.0,0.0,0,False,0,False,-1,1,0.1,0.2,8,8,0,raw,2,False
69,1000.0,8,8,0,8,0,0,14.682264964218586,14.682264964218586,14.682264964218586,0.0,0.0,0.29522027753287483,1.0,0.0,False,0,0,0,0,0,0.0,0.0,0.0,0.0,0.0,0,0.0,0,0,disabled,disabled,True,wrong_key,-1,2,False,raw,0,0.0,0.0,trial:-1,2,False,disabled,0,0,False,raw,0,0.0,0.0,,0,False,disabled,False,raw,0.0,0.0,,,,,,,,False,0,0,0,0,0,0,0.0,0.0,0.802958999997827,0.9859580000011192,1.9294169999994892,context_reentry_interference,wrong_key_ablation,CRA,wrong_key_ablation,memory_ablation,MockSimulator,42,none,none,-1,0,0,internal,0.0,0.0,0.0,0.0,0,False,0,False,-1,1,0.1,0.2,8,8,0,raw,2,False
70,1000.0,8,8,0,8,0,0,14.618966113352755,14.618966113352755,14.618966113352755,0.0,0.0,0.29174709779719393,1.0,0.0,False,0,0,0,0,0,0.0,0.0,0.0,0.0,0.0,0,0.0,0,0,disabled,disabled,True,wrong_key,-1,2,False,raw,0,0.0,0.0,trial:-1,2,False,disabled,0,0,False,raw,0,0.0,0.0,,0,False,disabled,False,raw,0.0,0.0,,,,,,,,False,0,0,0,0,0,0,0.0,0.0,0.806084000004148,0.9933750000072905,1.9232920000007425,context_reentry_interference,wrong_key_ablation,CRA,wrong_key_ablation,memory_ablation,MockSimulator,42,none,none,-1,0,0,internal,0.0,0.0,0.0,0.0,0,False,0,False,-1,1,0.1,0.2,8,8,0,raw,2,False
71,1000.0,8,8,0,8,0,0,14.555982668945163,14.555982668945163,14.555982668945163,0.0,0.0,0.28829475713992714,1.0,0.0,False,0,0,0,0,0,0.0,0.0,0.0,0.0,0.0,0,0.0,0,0,disabled,disabled,True,wrong_key,-1,2,False,raw,0,0.0,0.0,trial:-1,2,False,disabled,0,0,False,raw,0,0.0,0.0,,0,False,disabled,False,raw,0.0,0.0,,,,,,,,False,0,0,0,0,0,0,0.0,0.0,0.8037080000065089,0.9964579999888201,1.923625000003426,context_reentry_interference,wrong_key_ablation,CRA,wrong_key_ablation,memory_ablation,MockSimulator,42,none,none,-1,0,0,internal,0.0,0.0,0.0,0.0,0,False,0,False,-1,1,0.1,0.2,8,8,0,raw,2,False
72,1000.0,8,8,0,8,0,0,14.493313057908473,14.493313057908473,14.493313057908473,-0.07485969068749909,-0.6343111408558778,0.2848638112698321,1.0,-0.07485969068749909,False,0,0,0,0,0,0.0,0.0,0.0,0.0,0.0,0,0.0,0,0,disabled,disabled,True,wrong_key,-1,2,True,internal_wrong_key_context,1,0.01,-0.01,phase:A0,2,False,disabled,0,0,False,raw,0,-0.01,-0.01,,0,False,disabled,False,raw,-0.01,-0.01,,,,,,,,False,0,0,0,0,0,0,0.0,0.0,0.8007079999998723,1.0431250000095815,1.9669999999933907,context_reentry_interference,wrong_key_ablation,CRA,wrong_key_ablation,memory_ablation,MockSimulator,42,decision,A0_decision,0,1,1,internal,0.01,-0.01,0.01,0.01,1,True,-1,False,72,1,0.1,0.2,8,8,1,internal_wrong_key_context,2,True
73,1000.0,8,8,0,8,0,0,14.430955715001152,14.430955715001152,14.430955715001152,0.0,0.0,0.28145478533168494,1.0,0.0,False,0,0,0,0,0,0.0,0.0,0.0,0.0,0.0,0,0.0,0,0,disabled,disabled,True,wrong_key,-1,2,False,raw,0,0.0,0.0,trial:-1,2,False,disabled,0,0,False,raw,0,0.0,0.0,,0,False,disabled,False,raw,0.0,0.0,,,,,,,,False,0,0,0,0,0,0,0.0,0.0,0.8692079999974567,1.278874999997015,2.2741249999995716,context_reentry_interference,wrong_key_ablation,CRA,wrong_key_ablation,memory_ablation,MockSimulator,42,none,none,-1,0,0,internal,0.0,0.0,0.0,0.0,0,False,0,False,-1,1,0.1,0.2,8,8,0,raw,2,False
74,1000.0,8,8,0,8,0,0,14.368909082788345,14.368909082788345,14.368909082788345,0.0,0.0,0.2780681749065557,1.0,0.0,False,0,0,0,0,0,0.0,0.0,0.0,0.0,0.0,0,0.0,0,0,disabled,disabled,True,wrong_key,-1,2,False,raw,0,0.0,0.0,trial:-1,2,False,disabled,0,0,False,raw,0,0.0,0.0,,0,False,disabled,False,raw,0.0,0.0,,,,,,,,False,0,0,0,0,0,0,0.0,0.0,0.9262920000026043,1.0877919999927599,2.1539580000080605,context_reentry_interference,wrong_key_ablation,CRA,wrong_key_ablation,memory_ablation,MockSimulator,42,none,none,-1,0,0,internal,0.0,0.0,0.0,0.0,0,False,0,False,-1,1,0.1,0.2,8,8,0,raw,2,False
75,1000.0,8,8,0,8,0,0,14.307171611602932,14.307171611602932,14.307171611602932,0.0,0.0,0.27470444698429897,1.0,0.0,False,0,0,0,0,0,0.0,0.0,0.0,0.0,0.0,0,0.0,0,0,disabled,disabled,True,wrong_key,-1,2,False,raw,0,0.0,0.0,trial:-1,2,False,disabled,0,0,False,raw,0,0.0,0.0,,0,False,disabled,False,raw,0.0,0.0,,,,,,,,False,0,0,0,0,0,0,0.0,0.0,0.810583000003362,1.039208999998209,1.97595800000272,context_reentry_interference,wrong_key_ablation,CRA,wrong_key_ablation,memory_ablation,MockSimulator,42,none,none,-1,0,0,internal,0.0,0.0,0.0,0.0,0,False,0,False,-1,1,0.1,0.2,8,8,0,raw,2,False
76,1000.0,8,8,0,8,0,0,14.245741759506792,14.245741759506792,14.245741759506792,0.0,0.0,0.2713640409089699,1.0,0.0,False,0,0,0,0,0,0.0,0.0,0.0,0.0,0.0,0,0.0,0,0,disabled,disabled,True,wrong_key,-1,2,False,raw,0,0.0,0.0,trial:-1,2,False,disabled,0,0,False,raw,0,0.0,0.0,,0,False,disabled,False,raw,0.0,0.0,,,,,,,,False,0,0,0,0,0,0,0.0,0.0,0.812291000002574,1.039208999998209,1.9771249999962492,context_reentry_interference,wrong_key_ablation,CRA,wrong_key_ablation,memory_ablation,MockSimulator,42,none,none,-1,0,0,internal,0.0,0.0,0.0,0.0,0,False,0,False,-1,1,0.1,0.2,8,8,0,raw,2,False
77,1000.0,8,8,0,8,0,0,14.184617992252253,14.184617992252253,14.184617992252253,0.0,0.0,0.26804736929786027,1.0,0.0,False,0,0,0,0,0,0.0,0.0,0.0,0.0,0.0,0,0.0,0,0,disabled,disabled,True,wrong_key,-1,2,False,raw,0,0.0,0.0,trial:-1,2,False,disabled,0,0,False,raw,0,0.0,0.0,,0,False,disabled,False,raw,0.0,0.0,,,,,,,,False,0,0,0,0,0,0,0.0,0.0,0.8070829999979878,1.0450000000048476,1.9762080000020887,context_reentry_interference,wrong_key_ablation,CRA,wrong_key_ablation,memory_ablation,MockSimulator,42,none,none,-1,0,0,internal,0.0,0.0,0.0,0.0,0,False,0,False,-1,1,0.1,0.2,8,8,0,raw,2,False
78,1000.0,8,8,0,8,0,0,14.123798783243732,14.123798783243732,14.123798783243732,0.0,0.0,0.26475481893483144,1.0,0.0,False,0,0,0,0,0,0.0,0.0,0.0,0.0,0.0,0,0.0,0,0,disabled,disabled,True,wrong_key,-1,2,False,raw,0,0.0,0.0,trial:-1,2,False,disabled,0,0,False,raw,0,0.0,0.0,,0,False,disabled,False,raw,0.0,0.0,,,,,,,,False,0,0,0,0,0,0,0.0,0.0,0.8097080000055712,1.075833999991005,2.0101660000051425,context_reentry_interference,wrong_key_ablation,CRA,wrong_key_ablation,memory_ablation,MockSimulator,42,none,none,-1,0,0,internal,0.0,0.0,0.0,0.0,0,False,0,False,-1,1,0.1,0.2,8,8,0,raw,2,False
79,1000.0,8,8,0,8,0,0,14.063282613499574,14.063282613499574,14.063282613499574,0.0,0.0,0.26148675163860463,1.0,0.0,False,0,0,0,0,0,0.0,0.0,0.0,0.0,0.0,0,0.0,0,0,disabled,disabled,True,wrong_key,-1,2,False,raw,0,0.0,0.0,trial:-1,2,False,disabled,0,0,False,raw,0,0.0,0.0,,0,False,disabled,False,raw,0.0,0.0,,,,,,,,False,0,0,0,0,0,0,0.0,0.0,0.8171670000081122,1.0741250000023683,2.023125000008008,context_reentry_interference,wrong_key_ablation,CRA,wrong_key_ablation,memory_ablation,MockSimulator,42,none,none,-1,0,0,internal,0.0,0.0,0.0,0.0,0,False,0,False,-1,1,0.1,0.2,8,8,0,raw,2,False
80,1000.0,8,8,0,8,0,0,14.003067971614078,14.003067971614078,14.003067971614078,0.0,0.0,0.25824350510665295,1.0,0.0,False,0,0,0,0,0,0.0,0.0,0.0,0.0,0.0,0,0.0,0,0,disabled,disabled,True,wrong_key,-1,2,False,raw,0,0.0,0.0,trial:-1,2,False,disabled,0,0,False,raw,0,0.0,0.0,,0,False,disabled,False,raw,0.0,0.0,,,,,,,,False,0,0,0,0,0,0,0.0,0.0,0.8057919999941987,1.0706249999969941,2.001375000006078,context_reentry_interference,wrong_key_ablation,CRA,wrong_key_ablation,memory_ablation,MockSimulator,42,none,none,-1,0,0,internal,0.0,0.0,0.0,0.0,0,False,0,False,-1,1,0.1,0.2,8,8,0,raw,2,False
81,1000.0,8,8,0,8,0,0,13.943153353719707,13.943153353719707,13.943153353719707,0.0,0.0,0.2550253937353239,1.0,0.0,False,0,0,0,0,0,0.0,0.0,0.0,0.0,0.0,0,0.0,0,0,disabled,disabled,True,wrong_key,-1,2,False,raw,0,0.0,0.0,trial:-1,2,False,disabled,0,0,False,raw,0,0.0,0.0,,0,False,disabled,False,raw,0.0,0.0,,,,,,,,False,0,0,0,0,0,0,0.0,0.0,0.8024580000096648,1.4489169999905016,2.376291999993896,context_reentry_interference,wrong_key_ablation,CRA,wrong_key_ablation,memory_ablation,MockSimulator,42,none,none,-1,0,0,internal,0.0,0.0,0.0,0.0,0,False,0,False,-1,1,0.1,0.2,8,8,0,raw,2,False
82,1000.0,8,8,0,8,0,0,13.883537263449497,13.883537263449497,13.883537263449497,0.0,0.0,0.25183270941680536,1.0,0.0,False,0,0,0,0,0,0.0,0.0,0.0,0.0,0.0,0,0.0,0,0,disabled,disabled,True,wrong_key,-1,2,False,raw,0,0.0,0.0,trial:-1,2,False,disabled,0,0,False,raw,0,0.0,0.0,,0,False,disabled,False,raw,0.0,0.0,,,,,,,,False,0,0,0,0,0,0,0.0,0.0,0.8783339999922646,1.1698750000022073,2.187208999998802,context_reentry_interference,wrong_key_ablation,CRA,wrong_key_ablation,memory_ablation,MockSimulator,42,none,none,-1,0,0,internal,0.0,0.0,0.0,0.0,0,False,0,False,-1,1,0.1,0.2,8,8,0,raw,2,False
83,1000.0,8,8,0,8,0,0,13.824218211899646,13.824218211899646,13.824218211899646,0.0,0.0,0.24866572231353343,1.0,0.0,False,0,0,0,0,0,0.0,0.0,0.0,0.0,0.0,0,0.0,0,0,disabled,disabled,True,wrong_key,-1,2,False,raw,0,0.0,0.0,trial:-1,2,False,disabled,0,0,False,raw,0,0.0,0.0,,0,False,disabled,False,raw,0.0,0.0,,,,,,,,False,0,0,0,0,0,0,0.0,0.0,0.8109999999987849,1.169958000005522,2.1067499999958272,context_reentry_interference,wrong_key_ablation,CRA,wrong_key_ablation,memory_ablation,MockSimulator,42,none,none,-1,0,0,internal,0.0,0.0,0.0,0.0,0,False,0,False,-1,1,0.1,0.2,8,8,0,raw,2,False
84,1000.0,8,8,0,8,0,0,13.765194717592287,13.765194717592287,13.765194717592287,0.0,0.0,0.24552468161062563,1.0,0.0,False,0,0,0,0,0,0.0,0.0,0.0,0.0,0.0,0,0.0,0,0,disabled,disabled,True,wrong_key,-1,2,False,raw,0,0.0,0.0,trial:-1,2,False,disabled,0,0,False,raw,0,0.0,0.0,,0,False,disabled,False,raw,0.0,0.0,,,,,,,,False,0,0,0,0,0,0,0.0,0.0,0.9012080000019296,1.2301250000064101,2.2706250000084083,context_reentry_interference,wrong_key_ablation,CRA,wrong_key_ablation,memory_ablation,MockSimulator,42,none,none,-1,0,0,internal,0.0,0.0,0.0,0.0,0,False,0,False,-1,1,0.1,0.2,8,8,0,raw,2,False
85,1000.0,8,8,0,8,0,0,13.706465306438455,13.706465306438455,13.706465306438455,0.0,0.0,0.24240981624690872,1.0,0.0,False,0,0,0,0,0,0.0,0.0,0.0,0.0,0.0,0,0.0,0,0,disabled,disabled,True,wrong_key,-1,2,False,raw,0,0.0,0.0,trial:-1,2,False,disabled,0,0,False,raw,0,0.0,0.0,,0,False,disabled,False,raw,0.0,0.0,,,,,,,,False,0,0,0,0,0,0,0.0,0.0,0.9015410000046131,1.2357089999994741,2.2769159999995736,context_reentry_interference,wrong_key_ablation,CRA,wrong_key_ablation,memory_ablation,MockSimulator,42,none,none,-1,0,0,internal,0.0,0.0,0.0,0.0,0,False,0,False,-1,1,0.1,0.2,8,8,0,raw,2,False
86,1000.0,8,8,0,8,0,0,13.648028511701238,13.648028511701238,13.648028511701238,0.0,0.0,0.23932133562509625,1.0,0.0,False,0,0,0,0,0,0.0,0.0,0.0,0.0,0.0,0,0.0,0,0,disabled,disabled,True,wrong_key,-1,2,False,raw,0,0.0,0.0,trial:-1,2,False,disabled,0,0,False,raw,0,0.0,0.0,,0,False,disabled,False,raw,0.0,0.0,,,,,,,,False,0,0,0,0,0,0,0.0,0.0,0.8259159999965959,1.1105840000027456,2.075915999995459,context_reentry_interference,wrong_key_ablation,CRA,wrong_key_ablation,memory_ablation,MockSimulator,42,none,none,-1,0,0,internal,0.0,0.0,0.0,0.0,0,False,0,False,-1,1,0.1,0.2,8,8,0,raw,2,False
87,1000.0,8,8,0,8,0,0,13.5898828739591,13.5898828739591,13.5898828739591,0.0,0.0,0.23625943030165752,1.0,0.0,False,0,0,0,0,0,0.0,0.0,0.0,0.0,0.0,0,0.0,0,0,disabled,disabled,True,wrong_key,-1,2,False,raw,0,0.0,0.0,trial:-1,2,False,disabled,0,0,False,raw,0,0.0,0.0,,0,False,disabled,False,raw,0.0,0.0,,,,,,,,False,0,0,0,0,0,0,0.0,0.0,0.8064160000031961,1.113666999998486,2.044209000004571,context_reentry_interference,wrong_key_ablation,CRA,wrong_key_ablation,memory_ablation,MockSimulator,42,none,none,-1,0,0,internal,0.0,0.0,0.0,0.0,0,False,0,False,-1,1,0.1,0.2,8,8,0,raw,2,False
88,1000.0,8,8,0,8,0,0,13.532026941069404,13.532026941069404,13.532026941069404,0.0,0.0,0.2332242726569063,1.0,0.0,False,0,0,0,0,0,0.0,0.0,0.0,0.0,0.0,0,0.0,0,0,disabled,disabled,True,wrong_key,-1,2,False,raw,0,0.0,0.0,trial:-1,2,False,disabled,0,0,False,raw,0,0.0,0.0,,0,False,disabled,False,raw,0.0,0.0,,,,,,,,False,0,0,0,0,0,0,0.0,0.0,0.8067920000058848,1.4925410000046213,2.4240000000048667,context_reentry_interference,wrong_key_ablation,CRA,wrong_key_ablation,memory_ablation,MockSimulator,42,none,none,-1,0,0,internal,0.0,0.0,0.0,0.0,0,False,0,False,-1,1,0.1,0.2,8,8,0,raw,2,False
89,1000.0,8,8,0,8,0,0,13.4744592681321,13.4744592681321,13.4744592681321,0.0,0.0,0.23021601754582444,1.0,0.0,False,0,0,0,0,0,0.0,0.0,0.0,0.0,0.0,0,0.0,0,0,disabled,disabled,True,wrong_key,-1,2,False,raw,0,0.0,0.0,trial:-1,2,False,disabled,0,0,False,raw,0,0.0,0.0,,0,False,disabled,False,raw,0.0,0.0,,,,,,,,False,0,0,0,0,0,0,0.0,0.0,0.9791670000112163,1.4182500000003984,2.551417000006495,context_reentry_interference,wrong_key_ablation,CRA,wrong_key_ablation,memory_ablation,MockSimulator,42,none,none,-1,0,0,internal,0.0,0.0,0.0,0.0,0,False,0,False,-1,1,0.1,0.2,8,8,0,raw,2,False
90,1000.0,8,8,0,8,0,0,13.41717841745361,13.41717841745361,13.41717841745361,0.0,0.0,0.22723480293012313,1.0,0.0,False,0,0,0,0,0,0.0,0.0,0.0,0.0,0.0,0,0.0,0,0,disabled,disabled,True,wrong_key,-1,2,False,raw,0,0.0,0.0,trial:-1,2,False,disabled,0,0,False,raw,0,0.0,0.0,,0,False,disabled,False,raw,0.0,0.0,,,,,,,,False,0,0,0,0,0,0,0.0,0.0,0.8627920000066069,1.1560829999979205,2.163874999993709,context_reentry_interference,wrong_key_ablation,CRA,wrong_key_ablation,memory_ablation,MockSimulator,42,none,none,-1,0,0,internal,0.0,0.0,0.0,0.0,0,False,0,False,-1,1,0.1,0.2,8,8,0,raw,2,False
91,1000.0,8,8,0,8,0,0,13.36018295851088,13.36018295851088,13.36018295851088,0.0,0.0,0.22428075049203153,1.0,0.0,False,0,0,0,0,0,0.0,0.0,0.0,0.0,0.0,0,0.0,0,0,disabled,disabled,True,wrong_key,-1,2,False,raw,0,0.0,0.0,trial:-1,2,False,disabled,0,0,False,raw,0,0.0,0.0,,0,False,disabled,False,raw,0.0,0.0,,,,,,,,False,0,0,0,0,0,0,0.0,0.0,0.8072090000013077,1.1888749999968695,2.122333000002641,context_reentry_interference,wrong_key_ablation,CRA,wrong_key_ablation,memory_ablation,MockSimulator,42,none,none,-1,0,0,internal,0.0,0.0,0.0,0.0,0,False,0,False,-1,1,0.1,0.2,8,8,0,raw,2,False
92,1000.0,8,8,0,8,0,0,13.303471467915621,13.303471467915621,13.303471467915621,0.0,0.0,0.22135396623029155,1.0,0.0,False,0,0,0,0,0,0.0,0.0,0.0,0.0,0.0,0,0.0,0,0,disabled,disabled,True,wrong_key,-1,2,False,raw,0,0.0,0.0,trial:-1,2,False,disabled,0,0,False,raw,0,0.0,0.0,,0,False,disabled,False,raw,0.0,0.0,,,,,,,,False,0,0,0,0,0,0,0.0,0.0,0.8062500000107775,1.1786669999906962,2.1114999999980455,context_reentry_interference,wrong_key_ablation,CRA,wrong_key_ablation,memory_ablation,MockSimulator,42,none,none,-1,0,0,internal,0.0,0.0,0.0,0.0,0,False,0,False,-1,1,0.1,0.2,8,8,0,raw,2,False
93,1000.0,8,8,0,8,0,0,13.247042529378724,13.247042529378724,13.247042529378724,0.0,0.0,0.21845454103882433,1.0,0.0,False,0,0,0,0,0,0.0,0.0,0.0,0.0,0.0,0,0.0,0,0,disabled,disabled,True,wrong_key,-1,2,False,raw,0,0.0,0.0,trial:-1,2,False,disabled,0,0,False,raw,0,0.0,0.0,,0,False,disabled,False,raw,0.0,0.0,,,,,,,,False,0,0,0,0,0,0,0.0,0.0,0.8067079999989346,1.1772080000014284,2.108667000001674,context_reentry_interference,wrong_key_ablation,CRA,wrong_key_ablation,memory_ablation,MockSimulator,42,none,none,-1,0,0,internal,0.0,0.0,0.0,0.0,0,False,0,False,-1,1,0.1,0.2,8,8,0,raw,2,False
94,1000.0,8,8,0,8,0,0,13.190894733674849,13.190894733674849,13.190894733674849,0.0,0.0,0.21558255126852371,1.0,0.0,False,0,0,0,0,0,0.0,0.0,0.0,0.0,0.0,0,0.0,0,0,disabled,disabled,True,wrong_key,-1,2,False,raw,0,0.0,0.0,trial:-1,2,False,disabled,0,0,False,raw,0,0.0,0.0,,0,False,disabled,False,raw,0.0,0.0,,,,,,,,False,0,0,0,0,0,0,0.0,0.0,0.810541999996417,1.1792909999996937,2.1156669999982114,context_reentry_interference,wrong_key_ablation,CRA,wrong_key_ablation,memory_ablation,MockSimulator,42,none,none,-1,0,0,internal,0.0,0.0,0.0,0.0,0,False,0,False,-1,1,0.1,0.2,8,8,0,raw,2,False
95,1000.0,8,8,0,8,0,0,13.135026678607193,13.135026678607193,13.135026678607193,0.0,0.0,0.21273805927261957,1.0,0.0,False,0,0,0,0,0,0.0,0.0,0.0,0.0,0.0,0,0.0,0,0,disabled,disabled,True,wrong_key,-1,2,False,raw,0,0.0,0.0,trial:-1,2,False,disabled,0,0,False,raw,0,0.0,0.0,,0,False,disabled,False,raw,0.0,0.0,,,,,,,,False,0,0,0,0,0,0,0.0,0.0,0.8010830000131364,1.5985000000000582,2.524458999999979,context_reentry_interference,wrong_key_ablation,CRA,wrong_key_ablation,memory_ablation,MockSimulator,42,none,none,-1,0,0,internal,0.0,0.0,0.0,0.0,0,False,0,False,-1,1,0.1,0.2,8,8,0,raw,2,False
96,1000.0,8,8,0,8,0,0,13.079436968972448,13.079436968972448,13.079436968972448,0.01783510589973286,-0.1764837521062543,0.20992111393604418,1.0,0.01783510589973286,False,0,0,0,0,0,0.0,0.0,0.0,0.0,0.0,0,0.0,0,0,disabled,disabled,True,wrong_key,-1,2,True,internal_wrong_key_context,-1,-0.01,0.01,phase:A0,2,False,disabled,0,0,False,raw,0,0.01,0.01,,0,False,disabled,False,raw,0.01,0.01,,,,,,,,False,0,0,0,0,0,0,0.0,0.0,0.903166999989935,1.3752920000058566,2.4214999999969677,context_reentry_interference,wrong_key_ablation,CRA,wrong_key_ablation,memory_ablation,MockSimulator,42,decision,A0_decision,1,1,-1,internal,-0.01,0.01,-0.01,-0.01,-1,True,1,False,96,1,0.1,0.2,8,8,-1,internal_wrong_key_context,2,True
97,1000.0,8,8,0,8,0,0,13.024124216525902,13.024124216525902,13.024124216525902,0.0,0.0,0.20713175118922278,1.0,0.0,False,0,0,0,0,0,0.0,0.0,0.0,0.0,0.0,0,0.0,0,0,disabled,disabled,True,wrong_key,-1,2,False,raw,0,0.0,0.0,trial:-1,2,False,disabled,0,0,False,raw,0,0.0,0.0,,0,False,disabled,False,raw,0.0,0.0,,,,,,,,False,0,0,0,0,0,0,0.0,0.0,0.8176660000032143,1.2315419999993082,2.1789999999981546,context_reentry_interference,wrong_key_ablation,CRA,wrong_key_ablation,memory_ablation,MockSimulator,42,none,none,-1,0,0,internal,0.0,0.0,0.0,0.0,0,False,0,False,-1,1,0.1,0.2,8,8,0,raw,2,False
98,1000.0,8,8,0,8,0,0,12.969087039946745,12.969087039946745,12.969087039946745,0.0,0.0,0.20436999450669982,1.0,0.0,False,0,0,0,0,0,0.0,0.0,0.0,0.0,0.0,0,0.0,0,0,disabled,disabled,True,wrong_key,-1,2,False,raw,0,0.0,0.0,trial:-1,2,False,disabled,0,0,False,raw,0,0.0,0.0,,0,False,disabled,False,raw,0.0,0.0,,,,,,,,False,0,0,0,0,0,0,0.0,0.0,0.8096659999949907,1.2282920000075137,2.1653750000041327,context_reentry_interference,wrong_key_ablation,CRA,wrong_key_ablation,memory_ablation,MockSimulator,42,none,none,-1,0,0,internal,0.0,0.0,0.0,0.0,0,False,0,False,-1,1,0.1,0.2,8,8,0,raw,2,False
99,1000.0,8,8,0,8,0,0,12.914324064803532,12.914324064803532,12.914324064803532,0.0,0.0,0.20163585539100207,1.0,0.0,False,0,0,0,0,0,0.0,0.0,0.0,0.0,0.0,0,0.0,0,0,disabled,disabled,True,wrong_key,-1,2,False,raw,0,0.0,0.0,trial:-1,2,False,disabled,0,0,False,raw,0,0.0,0.0,,0,False,disabled,False,raw,0.0,0.0,,,,,,,,False,0,0,0,0,0,0,0.0,0.0,0.8138750000057371,1.2268750000004047,2.1660419999989244,context_reentry_interference,wrong_key_ablation,CRA,wrong_key_ablation,memory_ablation,MockSimulator,42,none,none,-1,0,0,internal,0.0,0.0,0.0,0.0,0,False,0,False,-1,1,0.1,0.2,8,8,0,raw,2,False
100,1000.0,8,8,0,8,0,0,12.859833923519828,12.859833923519828,12.859833923519828,0.0,0.0,0.19892933384212955,1.0,0.0,False,0,0,0,0,0,0.0,0.0,0.0,0.0,0.0,0,0.0,0,0,disabled,disabled,True,wrong_key,-1,2,False,raw,0,0.0,0.0,trial:-1,2,False,disabled,0,0,False,raw,0,0.0,0.0,,0,False,disabled,False,raw,0.0,0.0,,,,,,,,False,0,0,0,0,0,0,0.0,0.0,0.8102500000006785,1.228667000006567,2.1643339999997124,context_reentry_interference,wrong_key_ablation,CRA,wrong_key_ablation,memory_ablation,MockSimulator,42,none,none,-1,0,0,internal,0.0,0.0,0.0,0.0,0,False,0,False,-1,1,0.1,0.2,8,8,0,raw,2,False
101,1000.0,8,8,0,8,0,0,12.805615255340008,12.805615255340008,12.805615255340008,0.0,0.0,0.19625041881305555,1.0,0.0,False,0,0,0,0,0,0.0,0.0,0.0,0.0,0.0,0,0.0,0,0,disabled,disabled,True,wrong_key,-1,2,False,raw,0,0.0,0.0,trial:-1,2,False,disabled,0,0,False,raw,0,0.0,0.0,,0,False,disabled,False,raw,0.0,0.0,,,,,,,,False,0,0,0,0,0,0,0.0,0.0,0.8004169999935584,1.2392910000045276,2.1660419999989244,context_reentry_interference,wrong_key_ablation,CRA,wrong_key_ablation,memory_ablation,MockSimulator,42,none,none,-1,0,0,internal,0.0,0.0,0.0,0.0,0,False,0,False,-1,1,0.1,0.2,8,8,0,raw,2,False
102,1000.0,8,8,0,8,0,0,12.751666706295248,12.751666706295248,12.751666706295248,0.0,0.0,0.19359908865160766,1.0,0.0,False,0,0,0,0,0,0.0,0.0,0.0,0.0,0.0,0,0.0,0,0,disabled,disabled,True,wrong_key,-1,2,False,raw,0,0.0,0.0,trial:-1,2,False,disabled,0,0,False,raw,0,0.0,0.0,,0,False,disabled,False,raw,0.0,0.0,,,,,,,,False,0,0,0,0,0,0,0.0,0.0,0.8023750000063501,1.5475419999972928,2.4751249999894753,context_reentry_interference,wrong_key_ablation,CRA,wrong_key_ablation,memory_ablation,MockSimulator,42,none,none,-1,0,0,internal,0.0,0.0,0.0,0.0,0,False,0,False,-1,1,0.1,0.2,8,8,0,raw,2,False
103,1000.0,8,8,0,8,0,0,12.69798692916967,12.69798692916967,12.69798692916967,0.0,0.0,0.19097531152909245,1.0,0.0,False,0,0,0,0,0,0.0,0.0,0.0,0.0,0.0,0,0.0,0,0,disabled,disabled,True,wrong_key,-1,2,False,raw,0,0.0,0.0,trial:-1,2,False,disabled,0,0,False,raw,0,0.0,0.0,,0,False,disabled,False,raw,0.0,0.0,,,,,,,,False,0,0,0,0,0,0,0.0,0.0,0.8805830000113701,1.3538749999923994,2.3717089999877317,context_reentry_interference,wrong_key_ablation,CRA,wrong_key_ablation,memory_ablation,MockSimulator,42,none,none,-1,0,0,internal,0.0,0.0,0.0,0.0,0,False,0,False,-1,1,0.1,0.2,8,8,0,raw,2,False
104,1000.0,8,8,0,8,0,0,12.64457458346666,12.64457458346666,12.64457458346666,0.0,0.0,0.1883790458560172,1.0,0.0,False,0,0,0,0,0,0.0,0.0,0.0,0.0,0.0,0,0.0,0,0,disabled,disabled,True,wrong_key,-1,2,False,raw,0,0.0,0.0,trial:-1,2,False,disabled,0,0,False,raw,0,0.0,0.0,,0,False,disabled,False,raw,0.0,0.0,,,,,,,,False,0,0,0,0,0,0,0.0,0.0,0.8159169999970572,1.2636250000070959,2.209625000006099,context_reentry_interference,wrong_key_ablation,CRA,wrong_key_ablation,memory_ablation,MockSimulator,42,none,none,-1,0,0,internal,0.0,0.0,0.0,0.0,0,False,0,False,-1,1,0.1,0.2,8,8,0,raw,2,False
105,1000.0,8,8,0,8,0,0,12.591428335375364,12.591428335375364,12.591428335375364,0.0,0.0,0.18581024068525331,1.0,0.0,False,0,0,0,0,0,0.0,0.0,0.0,0.0,0.0,0,0.0,0,0,disabled,disabled,True,wrong_key,-1,2,False,raw,0,0.0,0.0,trial:-1,2,False,disabled,0,0,False,raw,0,0.0,0.0,,0,False,disabled,False,raw,0.0,0.0,,,,,,,,False,0,0,0,0,0,0,0.0,0.0,0.8019160000003467,1.2609999999995125,2.1881669999999076,context_reentry_interference,wrong_key_ablation,CRA,wrong_key_ablation,memory_ablation,MockSimulator,42,none,none,-1,0,0,internal,0.0,0.0,0.0,0.0,0,False,0,False,-1,1,0.1,0.2,8,8,0,raw,2,False
106,1000.0,8,8,0,8,0,0,12.538546857737328,12.538546857737328,12.538546857737328,0.0,0.0,0.1832688361029776,1.0,0.0,False,0,0,0,0,0,0.0,0.0,0.0,0.0,0.0,0,0.0,0,0,disabled,disabled,True,wrong_key,-1,2,False,raw,0,0.0,0.0,trial:-1,2,False,disabled,0,0,False,raw,0,0.0,0.0,,0,False,disabled,False,raw,0.0,0.0,,,,,,,,False,0,0,0,0,0,0,0.0,0.0,0.8042089999946711,1.269707999995262,2.198750000005134,context_reentry_interference,wrong_key_ablation,CRA,wrong_key_ablation,memory_ablation,MockSimulator,42,none,none,-1,0,0,internal,0.0,0.0,0.0,0.0,0,False,0,False,-1,1,0.1,0.2,8,8,0,raw,2,False
107,1000.0,8,8,0,8,0,0,12.48592883001334,12.48592883001334,12.48592883001334,0.0,0.0,0.1807547636077188,1.0,0.0,False,0,0,0,0,0,0.0,0.0,0.0,0.0,0.0,0,0.0,0,0,disabled,disabled,True,wrong_key,-1,2,False,raw,0,0.0,0.0,trial:-1,2,False,disabled,0,0,False,raw,0,0.0,0.0,,0,False,disabled,False,raw,0.0,0.0,,,,,,,,False,0,0,0,0,0,0,0.0,0.0,0.8053329999881953,1.279209000003334,2.2104160000111506,context_reentry_interference,wrong_key_ablation,CRA,wrong_key_ablation,memory_ablation,MockSimulator,42,none,none,-1,0,0,internal,0.0,0.0,0.0,0.0,0,False,0,False,-1,1,0.1,0.2,8,8,0,raw,2,False
108,1000.0,8,8,0,8,0,0,12.433572938250396,12.433572938250396,12.433572938250396,0.0,0.0,0.17826794647782918,1.0,0.0,False,0,0,0,0,0,0.0,0.0,0.0,0.0,0.0,0,0.0,0,0,disabled,disabled,True,wrong_key,-1,2,False,raw,0,0.0,0.0,trial:-1,2,False,disabled,0,0,False,raw,0,0.0,0.0,,0,False,disabled,False,raw,0.0,0.0,,,,,,,,False,0,0,0,0,0,0,0.0,0.0,0.8320000000026084,1.3225000000005593,2.2839169999997466,context_reentry_interference,wrong_key_ablation,CRA,wrong_key_ablation,memory_ablation,MockSimulator,42,none,none,-1,0,0,internal,0.0,0.0,0.0,0.0,0,False,0,False,-1,1,0.1,0.2,8,8,0,raw,2,False
109,1000.0,8,8,0,8,0,0,12.381477875048864,12.381477875048864,12.381477875048864,0.0,0.0,0.17580830012769202,1.0,0.0,False,0,0,0,0,0,0.0,0.0,0.0,0.0,0.0,0,0.0,0,0,disabled,disabled,True,wrong_key,-1,2,False,raw,0,0.0,0.0,trial:-1,2,False,disabled,0,0,False,raw,0,0.0,0.0,,0,False,disabled,False,raw,0.0,0.0,,,,,,,,False,0,0,0,0,0,0,0.0,0.0,0.8340000000117698,1.588957999999252,2.552500000007285,context_reentry_interference,wrong_key_ablation,CRA,wrong_key_ablation,memory_ablation,MockSimulator,42,none,none,-1,0,0,internal,0.0,0.0,0.0,0.0,0,False,0,False,-1,1,0.1,0.2,8,8,0,raw,2,False
110,1000.0,8,8,0,8,0,0,12.32964233952979,12.32964233952979,12.32964233952979,0.0,0.0,0.17337573245296925,1.0,0.0,False,0,0,0,0,0,0.0,0.0,0.0,0.0,0.0,0,0.0,0,0,disabled,disabled,True,wrong_key,-1,2,False,raw,0,0.0,0.0,trial:-1,2,False,disabled,0,0,False,raw,0,0.0,0.0,,0,False,disabled,False,raw,0.0,0.0,,,,,,,,False,0,0,0,0,0,0,0.0,0.0,0.8744999999947822,1.4305830000012065,2.448833000002537,context_reentry_interference,wrong_key_ablation,CRA,wrong_key_ablation,memory_ablation,MockSimulator,42,none,none,-1,0,0,internal,0.0,0.0,0.0,0.0,0,False,0,False,-1,1,0.1,0.2,8,8,0,raw,2,False
111,1000.0,8,8,0,8,0,0,12.278065037302389,12.278065037302389,12.278065037302389,0.0,0.0,0.1709701441651843,1.0,0.0,False,0,0,0,0,0,0.0,0.0,0.0,0.0,0.0,0,0.0,0,0,disabled,disabled,True,wrong_key,-1,2,False,raw,0,0.0,0.0,trial:-1,2,False,disabled,0,0,False,raw,0,0.0,0.0,,0,False,disabled,False,raw,0.0,0.0,,,,,,,,False,0,0,0,0,0,0,0.0,0.0,0.8128329999976813,1.331292000003259,2.2725409999964086,context_reentry_interference,wrong_key_ablation,CRA,wrong_key_ablation,memory_ablation,MockSimulator,42,none,none,-1,0,0,internal,0.0,0.0,0.0,0.0,0,False,0,False,-1,1,0.1,0.2,8,8,0,raw,2,False
112,1000.0,8,8,0,8,0,0,12.226744680431667,12.226744680431667,12.226744680431667,0.0,0.0,0.16859142911592956,1.0,0.0,False,0,0,0,0,0,0.0,0.0,0.0,0.0,0.0,0,0.0,0,0,disabled,disabled,True,wrong_key,-1,2,False,raw,0,0.0,0.0,trial:-1,2,False,disabled,0,0,False,raw,0,0.0,0.0,,0,False,disabled,False,raw,0.0,0.0,,,,,,,,False,0,0,0,0,0,0,0.0,0.0,0.8106249999997317,1.3265839999974105,2.2643329999993966,context_reentry_interference,wrong_key_ablation,CRA,wrong_key_ablation,memory_ablation,MockSimulator,42,none,none,-1,0,0,internal,0.0,0.0,0.0,0.0,0,False,0,False,-1,1,0.1,0.2,8,8,0,raw,2,False
113,1000.0,8,8,0,8,0,0,12.175679987406236,12.175679987406236,12.175679987406236,0.0,0.0,0.16623947461097893,1.0,0.0,False,0,0,0,0,0,0.0,0.0,0.0,0.0,0.0,0,0.0,0,0,disabled,disabled,True,wrong_key,-1,2,False,raw,0,0.0,0.0,trial:-1,2,False,disabled,0,0,False,raw,0,0.0,0.0,,0,False,disabled,False,raw,0.0,0.0,,,,,,,,False,0,0,0,0,0,0,0.0,0.0,0.8096659999949907,1.3267090000113058,2.261916999998448,context_reentry_interference,wrong_key_ablation,CRA,wrong_key_ablation,memory_ablation,MockSimulator,42,none,none,-1,0,0,internal,0.0,0.0,0.0,0.0,0,False,0,False,-1,1,0.1,0.2,8,8,0,raw,2,False
114,1000.0,8,8,0,8,0,0,12.124869683106276,12.124869683106276,12.124869683106276,0.0,0.0,0.16391416171457995,1.0,0.0,False,0,0,0,0,0,0.0,0.0,0.0,0.0,0.0,0,0.0,0,0,disabled,disabled,True,wrong_key,-1,2,False,raw,0,0.0,0.0,trial:-1,2,False,disabled,0,0,False,raw,0,0.0,0.0,,0,False,disabled,False,raw,0.0,0.0,,,,,,,,False,0,0,0,0,0,0,0.0,0.0,0.8158750000006876,1.3310000000075206,2.2724999999894635,context_reentry_interference,wrong_key_ablation,CRA,wrong_key_ablation,memory_ablation,MockSimulator,42,none,none,-1,0,0,internal,0.0,0.0,0.0,0.0,0,False,0,False,-1,1,0.1,0.2,8,8,0,raw,2,False
115,1000.0,8,8,0,8,0,0,12.074312498771647,12.074312498771647,12.074312498771647,0.0,0.0,0.16161536554419254,1.0,0.0,False,0,0,0,0,0,0.0,0.0,0.0,0.0,0.0,0,0.0,0,0,disabled,disabled,True,wrong_key,-1,2,False,raw,0,0.0,0.0,trial:-1,2,False,disabled,0,0,False,raw,0,0.0,0.0,,0,False,disabled,False,raw,0.0,0.0,,,,,,,,False,0,0,0,0,0,0,0.0,0.0,0.8182499999946913,1.3595000000066193,2.3015829999906146,context_reentry_interference,wrong_key_ablation,CRA,wrong_key_ablation,memory_ablation,MockSimulator,42,none,none,-1,0,0,internal,0.0,0.0,0.0,0.0,0,False,0,False,-1,1,0.1,0.2,8,8,0,raw,2,False
116,1000.0,8,8,0,8,0,0,12.024007171970181,12.024007171970181,12.024007171970181,0.0,0.0,0.15934295555593478,1.0,0.0,False,0,0,0,0,0,0.0,0.0,0.0,0.0,0.0,0,0.0,0,0,disabled,disabled,True,wrong_key,-1,2,False,raw,0,0.0,0.0,trial:-1,2,False,disabled,0,0,False,raw,0,0.0,0.0,,0,False,disabled,False,raw,0.0,0.0,,,,,,,,False,0,0,0,0,0,0,0.0,0.0,0.9746660000047314,1.6308750000035843,2.732749999992734,context_reentry_interference,wrong_key_ablation,CRA,wrong_key_ablation,memory_ablation,MockSimulator,42,none,none,-1,0,0,internal,0.0,0.0,0.0,0.0,0,False,0,False,-1,1,0.1,0.2,8,8,0,raw,2,False
117,1000.0,8,8,0,8,0,0,11.973952446566116,11.973952446566116,11.973952446566116,0.0,0.0,0.15709679582098965,1.0,0.0,False,0,0,0,0,0,0.0,0.0,0.0,0.0,0.0,0,0.0,0,0,disabled,disabled,True,wrong_key,-1,2,False,raw,0,0.0,0.0,trial:-1,2,False,disabled,0,0,False,raw,0,0.0,0.0,,0,False,disabled,False,raw,0.0,0.0,,,,,,,,False,0,0,0,0,0,0,0.0,0.0,0.8304170000030808,1.4245829999879334,2.39070800000718,context_reentry_interference,wrong_key_ablation,CRA,wrong_key_ablation,memory_ablation,MockSimulator,42,none,none,-1,0,0,internal,0.0,0.0,0.0,0.0,0,False,0,False,-1,1,0.1,0.2,8,8,0,raw,2,False
118,1000.0,8,8,0,8,0,0,11.924147072688692,11.924147072688692,11.924147072688692,0.0,0.0,0.15487674529322,1.0,0.0,False,0,0,0,0,0,0.0,0.0,0.0,0.0,0.0,0,0.0,0,0,disabled,disabled,True,wrong_key,-1,2,False,raw,0,0.0,0.0,trial:-1,2,False,disabled,0,0,False,raw,0,0.0,0.0,,0,False,disabled,False,raw,0.0,0.0,,,,,,,,False,0,0,0,0,0,0,0.0,0.0,0.8098329999910447,1.3930840000000444,2.328792000000135,context_reentry_interference,wrong_key_ablation,CRA,wrong_key_ablation,memory_ablation,MockSimulator,42,none,none,-1,0,0,internal,0.0,0.0,0.0,0.0,0,False,0,False,-1,1,0.1,0.2,8,8,0,raw,2,False
119,1000.0,8,8,0,8,0,0,11.874589806700905,11.874589806700905,11.874589806700905,0.0,0.0,0.1526826580682327,1.0,0.0,False,0,0,0,0,0,0.0,0.0,0.0,0.0,0.0,0,0.0,0,0,disabled,disabled,True,wrong_key,-1,2,False,raw,0,0.0,0.0,trial:-1,2,False,disabled,0,0,False,raw,0,0.0,0.0,,0,False,disabled,False,raw,0.0,0.0,,,,,,,,False,0,0,0,0,0,0,0.0,0.0,0.8096669999986261,1.3688750000113714,2.3051659999993035,context_reentry_interference,wrong_key_ablation,CRA,wrong_key_ablation,memory_ablation,MockSimulator,42,none,none,-1,0,0,internal,0.0,0.0,0.0,0.0,0,False,0,False,-1,1,0.1,0.2,8,8,0,raw,2,False
120,1000.0,8,8,0,8,0,0,11.825279411168419,11.825279411168419,11.825279411168419,-0.0019356202187315891,-0.019353785201429,0.1505143836341276,1.0,-0.0019356202187315891,False,0,0,0,0,0,0.0,0.0,0.0,0.0,0.0,0,0.0,0,0,disabled,disabled,True,wrong_key,-1,2,True,internal_wrong_key_context,1,0.01,-0.01,phase:A0,2,False,disabled,0,0,False,raw,0,-0.01,-0.01,,0,False,disabled,False,raw,-0.01,-0.01,,,,,,,,False,0,0,0,0,0,0,0.0,0.0,0.8044590000082508,1.423750000000723,2.3532080000023825,context_reentry_interference,wrong_key_ablation,CRA,wrong_key_ablation,memory_ablation,MockSimulator,42,decision,A0_decision,2,1,1,internal,0.01,-0.01,0.01,0.01,1,True,-1,False,120,1,0.1,0.2,8,8,1,internal_wrong_key_context,2,True
121,1000.0,8,8,0,8,0,0,11.776214654828621,11.776214654828621,11.776214654828621,0.0,0.0,0.14837176711415945,1.0,0.0,False,0,0,0,0,0,0.0,0.0,0.0,0.0,0.0,0,0.0,0,0,disabled,disabled,True,wrong_key,-1,2,False,raw,0,0.0,0.0,trial:-1,2,False,disabled,0,0,False,raw,0,0.0,0.0,,0,False,disabled,False,raw,0.0,0.0,,,,,,,,False,0,0,0,0,0,0,0.0,0.0,0.8064590000032013,1.3914159999899312,2.3233330000067554,context_reentry_interference,wrong_key_ablation,CRA,wrong_key_ablation,memory_ablation,MockSimulator,42,none,none,-1,0,0,internal,0.0,0.0,0.0,0.0,0,False,0,False,-1,1,0.1,0.2,8,8,0,raw,2,False
122,1000.0,8,8,0,8,0,0,11.72739431255985,11.72739431255985,11.72739431255985,0.0,0.0,0.14625464950153635,1.0,0.0,False,0,0,0,0,0,0.0,0.0,0.0,0.0,0.0,0,0.0,0,0,disabled,disabled,True,wrong_key,-1,2,False,raw,0,0.0,0.0,trial:-1,2,False,disabled,0,0,False,raw,0,0.0,0.0,,0,False,disabled,False,raw,0.0,0.0,,,,,,,,False,0,0,0,0,0,0,0.0,0.0,0.8635829999974476,1.751374999997779,2.739000000005376,context_reentry_interference,wrong_key_ablation,CRA,wrong_key_ablation,memory_ablation,MockSimulator,42,none,none,-1,0,0,internal,0.0,0.0,0.0,0.0,0,False,0,False,-1,1,0.1,0.2,8,8,0,raw,2,False
123,1000.0,8,8,0,8,0,0,11.678817165350763,11.678817165350763,11.678817165350763,0.0,0.0,0.1441628678865725,1.0,0.0,False,0,0,0,0,0,0.0,0.0,0.0,0.0,0.0,0,0.0,0,0,disabled,disabled,True,wrong_key,-1,2,False,raw,0,0.0,0.0,trial:-1,2,False,disabled,0,0,False,raw,0,0.0,0.0,,0,False,disabled,False,raw,0.0,0.0,,,,,,,,False,0,0,0,0,0,0,0.0,0.0,0.9063749999995707,1.5305419999975811,2.579291999992961,context_reentry_interference,wrong_key_ablation,CRA,wrong_key_ablation,memory_ablation,MockSimulator,42,none,none,-1,0,0,internal,0.0,0.0,0.0,0.0,0,False,0,False,-1,1,0.1,0.2,8,8,0,raw,2,False
124,1000.0,8,8,0,8,0,0,11.630482000269865,11.630482000269865,11.630482000269865,0.0,0.0,0.1420962556764066,1.0,0.0,False,0,0,0,0,0,0.0,0.0,0.0,0.0,0.0,0,0.0,0,0,disabled,disabled,True,wrong_key,-1,2,False,raw,0,0.0,0.0,trial:-1,2,False,disabled,0,0,False,raw,0,0.0,0.0,,0,False,disabled,False,raw,0.0,0.0,,,,,,,,False,0,0,0,0,0,0,0.0,0.0,0.8234579999992775,1.457792000010727,2.4118750000070577,context_reentry_interference,wrong_key_ablation,CRA,wrong_key_ablation,memory_ablation,MockSimulator,42,none,none,-1,0,0,internal,0.0,0.0,0.0,0.0,0,False,0,False,-1,1,0.1,0.2,8,8,0,raw,2,False
125,1000.0,8,8,0,8,0,0,11.582387610435175,11.582387610435175,11.582387610435175,0.0,0.0,0.14005464280749272,1.0,0.0,False,0,0,0,0,0,0.0,0.0,0.0,0.0,0.0,0,0.0,0,0,disabled,disabled,True,wrong_key,-1,2,False,raw,0,0.0,0.0,trial:-1,2,False,disabled,0,0,False,raw,0,0.0,0.0,,0,False,disabled,False,raw,0.0,0.0,,,,,,,,False,0,0,0,0,0,0,0.0,0.0,0.8101250000009941,1.4184580000033975,2.353874999997174,context_reentry_interference,wrong_key_ablation,CRA,wrong_key_ablation,memory_ablation,MockSimulator,42,none,none,-1,0,0,internal,0.0,0.0,0.0,0.0,0,False,0,False,-1,1,0.1,0.2,8,8,0,raw,2,False
126,1000.0,8,8,0,8,0,0,11.534532794984067,11.534532794984067,11.534532794984067,0.0,0.0,0.13803785595106483,1.0,0.0,False,0,0,0,0,0,0.0,0.0,0.0,0.0,0.0,0,0.0,0,0,disabled,disabled,True,wrong_key,-1,2,False,raw,0,0.0,0.0,trial:-1,2,False,disabled,0,0,False,raw,0,0.0,0.0,,0,False,disabled,False,raw,0.0,0.0,,,,,,,,False,0,0,0,0,0,0,0.0,0.0,0.8057910000047741,1.4741669999978058,2.406290999999783,context_reentry_interference,wrong_key_ablation,CRA,wrong_key_ablation,memory_ablation,MockSimulator,42,none,none,-1,0,0,internal,0.0,0.0,0.0,0.0,0,False,0,False,-1,1,0.1,0.2,8,8,0,raw,2,False
127,1000.0,8,8,0,8,0,0,11.486916359043239,11.486916359043239,11.486916359043239,0.0,0.0,0.13604571871177104,1.0,0.0,False,0,0,0,0,0,0.0,0.0,0.0,0.0,0.0,0,0.0,0,0,disabled,disabled,True,wrong_key,-1,2,False,raw,0,0.0,0.0,trial:-1,2,False,disabled,0,0,False,raw,0,0.0,0.0,,0,False,disabled,False,raw,0.0,0.0,,,,,,,,False,0,0,0,0,0,0,0.0,0.0,0.8091250000035188,1.4392920000005915,2.375874999998473,context_reentry_interference,wrong_key_ablation,CRA,wrong_key_ablation,memory_ablation,MockSimulator,42,none,none,-1,0,0,internal,0.0,0.0,0.0,0.0,0,False,0,False,-1,1,0.1,0.2,8,8,0,raw,2,False
128,1000.0,8,8,0,8,0,0,11.439537113698846,11.439537113698846,11.439537113698846,0.0,0.0,0.1340780518196686,1.0,0.0,False,0,0,0,0,0,0.0,0.0,0.0,0.0,0.0,0,0.0,0,0,disabled,disabled,True,wrong_key,-1,2,False,raw,0,0.0,0.0,trial:-1,2,False,disabled,0,0,False,raw,0,0.0,0.0,,0,False,disabled,False,raw,0.0,0.0,,,,,,,,False,0,0,0,0,0,0,0.0,0.0,0.8134170000033691,1.4546249999938254,2.393375000011133,context_reentry_interference,wrong_key_ablation,CRA,wrong_key_ablation,memory_ablation,MockSimulator,42,none,none,-1,0,0,internal,0.0,0.0,0.0,0.0,0,False,0,False,-1,1,0.1,0.2,8,8,0,raw,2,False
129,1000.0,8,8,0,8,0,0,11.392393875966773,11.392393875966773,11.392393875966773,0.0,0.0,0.1321346733157655,1.0,0.0,False,0,0,0,0,0,0.0,0.0,0.0,0.0,0.0,0,0.0,0,0,disabled,disabled,True,wrong_key,-1,2,False,raw,0,0.0,0.0,trial:-1,2,False,disabled,0,0,False,raw,0,0.0,0.0,,0,False,disabled,False,raw,0.0,0.0,,,,,,,,False,0,0,0,0,0,0,0.0,0.0,0.9666659999965077,1.7075419999912356,2.839375000007749,context_reentry_interference,wrong_key_ablation,CRA,wrong_key_ablation,memory_ablation,MockSimulator,42,none,none,-1,0,0,internal,0.0,0.0,0.0,0.0,0,False,0,False,-1,1,0.1,0.2,8,8,0,raw,2,False
130,1000.0,8,8,0,8,0,0,11.345485468763062,11.345485468763062,11.345485468763062,0.0,0.0,0.13021539873129068,1.0,0.0,False,0,0,0,0,0,0.0,0.0,0.0,0.0,0.0,0,0.0,0,0,disabled,disabled,True,wrong_key,-1,2,False,raw,0,0.0,0.0,trial:-1,2,False,disabled,0,0,False,raw,0,0.0,0.0,,0,False,disabled,False,raw,0.0,0.0,,,,,,,,False,0,0,0,0,0,0,0.0,0.0,0.8436250000016798,1.5159590000024536,2.492790999994554,context_reentry_interference,wrong_key_ablation,CRA,wrong_key_ablation,memory_ablation,MockSimulator,42,none,none,-1,0,0,internal,0.0,0.0,0.0,0.0,0,False,0,False,-1,1,0.1,0.2,8,8,0,raw,2,False
131,1000.0,8,8,0,8,0,0,11.29881072087449,11.29881072087449,11.29881072087449,0.0,0.0,0.12832004126086854,1.0,0.0,False,0,0,0,0,0,0.0,0.0,0.0,0.0,0.0,0,0.0,0,0,disabled,disabled,True,wrong_key,-1,2,False,raw,0,0.0,0.0,trial:-1,2,False,disabled,0,0,False,raw,0,0.0,0.0,,0,False,disabled,False,raw,0.0,0.0,,,,,,,,False,0,0,0,0,0,0,0.0,0.0,0.8086659999975154,1.4926249999973606,2.4267499999979236,context_reentry_interference,wrong_key_ablation,CRA,wrong_key_ablation,memory_ablation,MockSimulator,42,none,none,-1,0,0,internal,0.0,0.0,0.0,0.0,0,False,0,False,-1,1,0.1,0.2,8,8,0,raw,2,False
132,1000.0,8,8,0,8,0,0,11.25236846692928,11.25236846692928,11.25236846692928,0.0,0.0,0.1264484119297708,1.0,0.0,False,0,0,0,0,0,0.0,0.0,0.0,0.0,0.0,0,0.0,0,0,disabled,disabled,True,wrong_key,-1,2,False,raw,0,0.0,0.0,trial:-1,2,False,disabled,0,0,False,raw,0,0.0,0.0,,0,False,disabled,False,raw,0.0,0.0,,,,,,,,False,0,0,0,0,0,0,0.0,0.0,0.807915999999409,1.502084000009063,2.43616599999541,context_reentry_interference,wrong_key_ablation,CRA,wrong_key_ablation,memory_ablation,MockSimulator,42,none,none,-1,0,0,internal,0.0,0.0,0.0,0.0,0,False,0,False,-1,1,0.1,0.2,8,8,0,raw,2,False
133,1000.0,8,8,0,8,0,0,11.20615754736797,11.20615754736797,11.20615754736797,0.0,0.0,0.12460031975541261,1.0,0.0,False,0,0,0,0,0,0.0,0.0,0.0,0.0,0.0,0,0.0,0,0,disabled,disabled,True,wrong_key,-1,2,False,raw,0,0.0,0.0,trial:-1,2,False,disabled,0,0,False,raw,0,0.0,0.0,,0,False,disabled,False,raw,0.0,0.0,,,,,,,,False,0,0,0,0,0,0,0.0,0.0,0.8107499999994161,1.5079160000084357,2.4428749999998445,context_reentry_interference,wrong_key_ablation,CRA,wrong_key_ablation,memory_ablation,MockSimulator,42,none,none,-1,0,0,internal,0.0,0.0,0.0,0.0,0,False,0,False,-1,1,0.1,0.2,8,8,0,raw,2,False
134,1000.0,8,8,0,8,0,0,11.16017680841443,11.16017680841443,11.16017680841443,0.0,0.0,0.12277557190325683,1.0,0.0,False,0,0,0,0,0,0.0,0.0,0.0,0.0,0.0,0,0.0,0,0,disabled,disabled,True,wrong_key,-1,2,False,raw,0,0.0,0.0,trial:-1,2,False,disabled,0,0,False,raw,0,0.0,0.0,,0,False,disabled,False,raw,0.0,0.0,,,,,,,,False,0,0,0,0,0,0,0.0,0.0,0.8100829999904136,1.5065840000119124,2.4425409999935255,context_reentry_interference,wrong_key_ablation,CRA,wrong_key_ablation,memory_ablation,MockSimulator,42,none,none,-1,0,0,internal,0.0,0.0,0.0,0.0,0,False,0,False,-1,1,0.1,0.2,8,8,0,raw,2,False
135,1000.0,8,8,0,8,0,0,11.114425102047008,11.114425102047008,11.114425102047008,0.0,0.0,0.12097397383728513,1.0,0.0,False,0,0,0,0,0,0.0,0.0,0.0,0.0,0.0,0,0.0,0,0,disabled,disabled,True,wrong_key,-1,2,False,raw,0,0.0,0.0,trial:-1,2,False,disabled,0,0,False,raw,0,0.0,0.0,,0,False,disabled,False,raw,0.0,0.0,,,,,,,,False,0,0,0,0,0,0,0.0,0.0,0.8575829999983853,1.9631250000031741,2.94658400000003,context_reentry_interference,wrong_key_ablation,CRA,wrong_key_ablation,memory_ablation,MockSimulator,42,none,none,-1,0,0,internal,0.0,0.0,0.0,0.0,0,False,0,False,-1,1,0.1,0.2,8,8,0,raw,2,False
136,1000.0,8,8,0,8,0,0,11.068901285969833,11.068901285969833,11.068901285969833,0.0,0.0,0.119195329465191,1.0,0.0,False,0,0,0,0,0,0.0,0.0,0.0,0.0,0.0,0,0.0,0,0,disabled,disabled,True,wrong_key,-1,2,False,raw,0,0.0,0.0,trial:-1,2,False,disabled,0,0,False,raw,0,0.0,0.0,,0,False,disabled,False,raw,0.0,0.0,,,,,,,,False,0,0,0,0,0,0,0.0,0.0,0.8712919999993574,1.730417000004536,2.7420419999941714,context_reentry_interference,wrong_key_ablation,CRA,wrong_key_ablation,memory_ablation,MockSimulator,42,none,none,-1,0,0,internal,0.0,0.0,0.0,0.0,0,False,0,False,-1,1,0.1,0.2,8,8,0,raw,2,False
137,1000.0,8,8,0,8,0,0,11.02360422358426,11.02360422358426,11.02360422358426,0.0,0.0,0.11743944127844572,1.0,0.0,False,0,0,0,0,0,0.0,0.0,0.0,0.0,0.0,0,0.0,0,0,disabled,disabled,True,wrong_key,-1,2,False,raw,0,0.0,0.0,trial:-1,2,False,disabled,0,0,False,raw,0,0.0,0.0,,0,False,disabled,False,raw,0.0,0.0,,,,,,,,False,0,0,0,0,0,0,0.0,0.0,0.8295829999980242,1.5820419999954538,2.543125000002533,context_reentry_interference,wrong_key_ablation,CRA,wrong_key_ablation,memory_ablation,MockSimulator,42,none,none,-1,0,0,internal,0.0,0.0,0.0,0.0,0,False,0,False,-1,1,0.1,0.2,8,8,0,raw,2,False
138,1000.0,8,8,0,8,0,0,10.978532783960452,10.978532783960452,10.978532783960452,0.0,0.0,0.11570611048738416,1.0,0.0,False,0,0,0,0,0,0.0,0.0,0.0,0.0,0.0,0,0.0,0,0,disabled,disabled,True,wrong_key,-1,2,False,raw,0,0.0,0.0,trial:-1,2,False,disabled,0,0,False,raw,0,0.0,0.0,,0,False,disabled,False,raw,0.0,0.0,,,,,,,,False,0,0,0,0,0,0,0.0,0.0,0.8112090000054195,1.5484999999983984,2.4870000000021264,context_reentry_interference,wrong_key_ablation,CRA,wrong_key_ablation,memory_ablation,MockSimulator,42,none,none,-1,0,0,internal,0.0,0.0,0.0,0.0,0,False,0,False,-1,1,0.1,0.2,8,8,0,raw,2,False
139,1000.0,8,8,0,8,0,0,10.93368584180911,10.93368584180911,10.93368584180911,0.0,0.0,0.1139951371514537,1.0,0.0,False,0,0,0,0,0,0.0,0.0,0.0,0.0,0.0,0,0.0,0,0,disabled,disabled,True,wrong_key,-1,2,False,raw,0,0.0,0.0,trial:-1,2,False,disabled,0,0,False,raw,0,0.0,0.0,,0,False,disabled,False,raw,0.0,0.0,,,,,,,,False,0,0,0,0,0,0,0.0,0.0,0.8085830000084115,1.541957999990018,2.476000000001477,context_reentry_interference,wrong_key_ablation,CRA,wrong_key_ablation,memory_ablation,MockSimulator,42,none,none,-1,0,0,internal,0.0,0.0,0.0,0.0,0,False,0,False,-1,1,0.1,0.2,8,8,0,raw,2,False
140,1000.0,8,8,0,8,0,0,10.889062277453336,10.889062277453336,10.889062277453336,0.0,0.0,0.11230632030476549,1.0,0.0,False,0,0,0,0,0,0.0,0.0,0.0,0.0,0.0,0,0.0,0,0,disabled,disabled,True,wrong_key,-1,2,False,raw,0,0.0,0.0,trial:-1,2,False,disabled,0,0,False,raw,0,0.0,0.0,,0,False,disabled,False,raw,0.0,0.0,,,,,,,,False,0,0,0,0,0,0,0.0,0.0,0.8075420000039912,1.5585409999943067,2.4911669999880814,context_reentry_interference,wrong_key_ablation,CRA,wrong_key_ablation,memory_ablation,MockSimulator,42,none,none,-1,0,0,internal,0.0,0.0,0.0,0.0,0,False,0,False,-1,1,0.1,0.2,8,8,0,raw,2,False
141,1000.0,8,8,0,8,0,0,10.844660976800643,10.844660976800643,10.844660976800643,0.0,0.0,0.11063945807708424,1.0,0.0,False,0,0,0,0,0,0.0,0.0,0.0,0.0,0.0,0,0.0,0,0,disabled,disabled,True,wrong_key,-1,2,False,raw,0,0.0,0.0,trial:-1,2,False,disabled,0,0,False,raw,0,0.0,0.0,,0,False,disabled,False,raw,0.0,0.0,,,,,,,,False,0,0,0,0,0,0,0.0,0.0,1.0817500000115388,2.1252919999881215,3.3470839999978352,context_reentry_interference,wrong_key_ablation,CRA,wrong_key_ablation,memory_ablation,MockSimulator,42,none,none,-1,0,0,internal,0.0,0.0,0.0,0.0,0,False,0,False,-1,1,0.1,0.2,8,8,0,raw,2,False
142,1000.0,8,8,0,8,0,0,10.800480831315108,10.800480831315108,10.800480831315108,0.0,0.0,0.10899434781038832,1.0,0.0,False,0,0,0,0,0,0.0,0.0,0.0,0.0,0.0,0,0.0,0,0,disabled,disabled,True,wrong_key,-1,2,False,raw,0,0.0,0.0,trial:-1,2,False,disabled,0,0,False,raw,0,0.0,0.0,,0,False,disabled,False,raw,0.0,0.0,,,,,,,,False,0,0,0,0,0,0,0.0,0.0,0.9207079999953294,1.6659580000037977,2.734707999991315,context_reentry_interference,wrong_key_ablation,CRA,wrong_key_ablation,memory_ablation,MockSimulator,42,none,none,-1,0,0,internal,0.0,0.0,0.0,0.0,0,False,0,False,-1,1,0.1,0.2,8,8,0,raw,2,False
143,1000.0,8,8,0,8,0,0,10.756520737989648,10.756520737989648,10.756520737989648,0.0,0.0,0.1073707861711294,1.0,0.0,False,0,0,0,0,0,0.0,0.0,0.0,0.0,0.0,0,0.0,0,0,disabled,disabled,True,wrong_key,-1,2,False,raw,0,0.0,0.0,trial:-1,2,False,disabled,0,0,False,raw,0,0.0,0.0,,0,False,disabled,False,raw,0.0,0.0,,,,,,,,False,0,0,0,0,0,0,0.0,0.0,0.8092919999995729,1.5809160000088696,2.5153750000015407,context_reentry_interference,wrong_key_ablation,CRA,wrong_key_ablation,memory_ablation,MockSimulator,42,none,none,-1,0,0,internal,0.0,0.0,0.0,0.0,0,False,0,False,-1,1,0.1,0.2,8,8,0,raw,2,False
144,1000.0,8,8,0,8,0,0,10.712779599318454,10.712779599318454,10.712779599318454,0.00019184634296679973,-0.0019184610760353436,0.1057685692583167,1.0,0.00019184634296679973,False,0,0,0,0,0,0.0,0.0,0.0,0.0,0.0,0,0.0,0,0,disabled,disabled,True,wrong_key,-1,2,True,internal_wrong_key_context,-1,-0.01,0.01,phase:A0,2,False,disabled,0,0,False,raw,0,0.01,0.01,,0,False,disabled,False,raw,0.01,0.01,,,,,,,,False,0,0,0,0,0,0,0.0,0.0,0.8058749999975134,1.6208330000040405,2.5534999999905494,context_reentry_interference,wrong_key_ablation,CRA,wrong_key_ablation,memory_ablation,MockSimulator,42,decision,A0_decision,3,1,-1,internal,-0.01,0.01,-0.01,-0.01,-1,True,1,False,144,1,0.1,0.2,8,8,-1,internal_wrong_key_context,2,True
145,1000.0,8,8,0,8,0,0,10.669256323269549,10.669256323269549,10.669256323269549,0.0,0.0,0.10418749270754804,1.0,0.0,False,0,0,0,0,0,0.0,0.0,0.0,0.0,0.0,0,0.0,0,0,disabled,disabled,True,wrong_key,-1,2,False,raw,0,0.0,0.0,trial:-1,2,False,disabled,0,0,False,raw,0,0.0,0.0,,0,False,disabled,False,raw,0.0,0.0,,,,,,,,False,0,0,0,0,0,0,0.0,0.0,0.808708000008096,1.6034169999983305,2.537957999990681,context_reentry_interference,wrong_key_ablation,CRA,wrong_key_ablation,memory_ablation,MockSimulator,42,none,none,-1,0,0,internal,0.0,0.0,0.0,0.0,0,False,0,False,-1,1,0.1,0.2,8,8,0,raw,2,False
146,1000.0,8,8,0,8,0,0,10.625949823257487,10.625949823257487,10.625949823257487,0.0,0.0,0.1026273517911068,1.0,0.0,False,0,0,0,0,0,0.0,0.0,0.0,0.0,0.0,0,0.0,0,0,disabled,disabled,True,wrong_key,-1,2,False,raw,0,0.0,0.0,trial:-1,2,False,disabled,0,0,False,raw,0,0.0,0.0,,0,False,disabled,False,raw,0.0,0.0,,,,,,,,False,0,0,0,0,0,0,0.0,0.0,0.8086670000011509,1.5908749999908878,2.5251670000017157,context_reentry_interference,wrong_key_ablation,CRA,wrong_key_ablation,memory_ablation,MockSimulator,42,none,none,-1,0,0,internal,0.0,0.0,0.0,0.0,0,False,0,False,-1,1,0.1,0.2,8,8,0,raw,2,False
147,1000.0,8,8,0,8,0,0,10.582859018116192,10.582859018116192,10.582859018116192,0.0,0.0,0.10108794151424019,1.0,0.0,False,0,0,0,0,0,0.0,0.0,0.0,0.0,0.0,0,0.0,0,0,disabled,disabled,True,wrong_key,-1,2,False,raw,0,0.0,0.0,trial:-1,2,False,disabled,0,0,False,raw,0,0.0,0.0,,0,False,disabled,False,raw,0.0,0.0,,,,,,,,False,0,0,0,0,0,0,0.0,0.0,0.979957999987846,1.9117089999980408,3.016915999992875,context_reentry_interference,wrong_key_ablation,CRA,wrong_key_ablation,memory_ablation,MockSimulator,42,none,none,-1,0,0,internal,0.0,0.0,0.0,0.0,0,False,0,False,-1,1,0.1,0.2,8,8,0,raw,2,False
148,1000.0,8,8,0,8,0,0,10.53998283207192,10.53998283207192,10.53998283207192,0.0,0.0,0.0995690567077318,1.0,0.0,False,0,0,0,0,0,0.0,0.0,0.0,0.0,0.0,0,0.0,0,0,disabled,disabled,True,wrong_key,-1,2,False,raw,0,0.0,0.0,trial:-1,2,False,disabled,0,0,False,raw,0,0.0,0.0,,0,False,disabled,False,raw,0.0,0.0,,,,,,,,False,0,0,0,0,0,0,0.0,0.0,0.8267919999980222,1.6533750000036207,2.6184999999969705,context_reentry_interference,wrong_key_ablation,CRA,wrong_key_ablation,memory_ablation,MockSimulator,42,none,none,-1,0,0,internal,0.0,0.0,0.0,0.0,0,False,0,False,-1,1,0.1,0.2,8,8,0,raw,2,False
149,1000.0,8,8,0,8,0,0,10.497320194716378,10.497320194716378,10.497320194716378,0.0,0.0,0.09807049211687807,1.0,0.0,False,0,0,0,0,0,0.0,0.0,0.0,0.0,0.0,0,0.0,0,0,disabled,disabled,True,wrong_key,-1,2,False,raw,0,0.0,0.0,trial:-1,2,False,disabled,0,0,False,raw,0,0.0,0.0,,0,False,disabled,False,raw,0.0,0.0,,,,,,,,False,0,0,0,0,0,0,0.0,0.0,0.8135830000099986,1.6331669999942733,2.572666000006052,context_reentry_interference,wrong_key_ablation,CRA,wrong_key_ablation,memory_ablation,MockSimulator,42,none,none,-1,0,0,internal,0.0,0.0,0.0,0.0,0,False,0,False,-1,1,0.1,0.2,8,8,0,raw,2,False
150,1000.0,8,8,0,8,0,0,10.454870040979952,10.454870040979952,10.454870040979952,0.0,0.0,0.0965920424869754,1.0,0.0,False,0,0,0,0,0,0.0,0.0,0.0,0.0,0.0,0,0.0,0,0,disabled,disabled,True,wrong_key,-1,2,False,raw,0,0.0,0.0,trial:-1,2,False,disabled,0,0,False,raw,0,0.0,0.0,,0,False,disabled,False,raw,0.0,0.0,,,,,,,,False,0,0,0,0,0,0,0.0,0.0,0.8112499999981537,1.638708000001543,2.5756250000057435,context_reentry_interference,wrong_key_ablation,CRA,wrong_key_ablation,memory_ablation,MockSimulator,42,none,none,-1,0,0,internal,0.0,0.0,0.0,0.0,0,False,0,False,-1,1,0.1,0.2,8,8,0,raw,2,False
151,1000.0,8,8,0,8,0,0,10.412631311105086,10.412631311105086,10.412631311105086,0.0,0.0,0.09513350264542207,1.0,0.0,False,0,0,0,0,0,0.0,0.0,0.0,0.0,0.0,0,0.0,0,0,disabled,disabled,True,wrong_key,-1,2,False,raw,0,0.0,0.0,trial:-1,2,False,disabled,0,0,False,raw,0,0.0,0.0,,0,False,disabled,False,raw,0.0,0.0,,,,,,,,False,0,0,0,0,0,0,0.0,0.0,0.8295410000016545,1.637583999993808,2.5959160000041948,context_reentry_interference,wrong_key_ablation,CRA,wrong_key_ablation,memory_ablation,MockSimulator,42,none,none,-1,0,0,internal,0.0,0.0,0.0,0.0,0,False,0,False,-1,1,0.1,0.2,8,8,0,raw,2,False
152,1000.0,8,8,0,8,0,0,10.370602950619785,10.370602950619785,10.370602950619785,0.0,0.0,0.09369466758053609,1.0,0.0,False,0,0,0,0,0,0.0,0.0,0.0,0.0,0.0,0,0.0,0,0,disabled,disabled,True,wrong_key,-1,2,False,raw,0,0.0,0.0,trial:-1,2,False,disabled,0,0,False,raw,0,0.0,0.0,,0,False,disabled,False,raw,0.0,0.0,,,,,,,,False,0,0,0,0,0,0,0.0,0.0,0.8107919999957858,1.6377910000073825,2.574332999998319,context_reentry_interference,wrong_key_ablation,CRA,wrong_key_ablation,memory_ablation,MockSimulator,42,none,none,-1,0,0,internal,0.0,0.0,0.0,0.0,0,False,0,False,-1,1,0.1,0.2,8,8,0,raw,2,False
153,1000.0,8,8,0,8,0,0,10.328783910311257,10.328783910311257,10.328783910311257,0.0,0.0,0.09227533251718736,1.0,0.0,False,0,0,0,0,0,0.0,0.0,0.0,0.0,0.0,0,0.0,0,0,disabled,disabled,True,wrong_key,-1,2,False,raw,0,0.0,0.0,trial:-1,2,False,disabled,0,0,False,raw,0,0.0,0.0,,0,False,disabled,False,raw,0.0,0.0,,,,,,,,False,0,0,0,0,0,0,0.0,0.0,0.9793750000000045,1.9268749999952206,3.0341249999992215,context_reentry_interference,wrong_key_ablation,CRA,wrong_key_ablation,memory_ablation,MockSimulator,42,none,none,-1,0,0,internal,0.0,0.0,0.0,0.0,0,False,0,False,-1,1,0.1,0.2,8,8,0,raw,2,False
154,1000.0,8,8,0,8,0,0,10.28717314619968,10.28717314619968,10.28717314619968,0.0,0.0,0.09087529298934038,1.0,0.0,False,0,0,0,0,0,0.0,0.0,0.0,0.0,0.0,0,0.0,0,0,disabled,disabled,True,wrong_key,-1,2,False,raw,0,0.0,0.0,trial:-1,2,False,disabled,0,0,False,raw,0,0.0,0.0,,0,False,disabled,False,raw,0.0,0.0,,,,,,,,False,0,0,0,0,0,0,0.0,0.0,0.8273750000000746,1.6982079999934285,2.6621669999968844,context_reentry_interference,wrong_key_ablation,CRA,wrong_key_ablation,memory_ablation,MockSimulator,42,none,none,-1,0,0,internal,0.0,0.0,0.0,0.0,0,False,0,False,-1,1,0.1,0.2,8,8,0,raw,2,False
155,1000.0,8,8,0,8,0,0,10.2457696195121,10.2457696195121,10.2457696195121,0.0,0.0,0.08949434490960041,1.0,0.0,False,0,0,0,0,0,0.0,0.0,0.0,0.0,0.0,0,0.0,0,0,disabled,disabled,True,wrong_key,-1,2,False,raw,0,0.0,0.0,trial:-1,2,False,disabled,0,0,False,raw,0,0.0,0.0,,0,False,disabled,False,raw,0.0,0.0,,,,,,,,False,0,0,0,0,0,0,0.0,0.0,0.8177500000101645,1.6782499999976608,2.6226669999971364,context_reentry_interference,wrong_key_ablation,CRA,wrong_key_ablation,memory_ablation,MockSimulator,42,none,none,-1,0,0,internal,0.0,0.0,0.0,0.0,0,False,0,False,-1,1,0.1,0.2,8,8,0,raw,2,False
156,1000.0,8,8,0,8,0,0,10.204572296656469,10.204572296656469,10.204572296656469,0.0,0.0,0.08813228463585429,1.0,0.0,False,0,0,0,0,0,0.0,0.0,0.0,0.0,0.0,0,0.0,0,0,disabled,disabled,True,wrong_key,-1,2,False,raw,0,0.0,0.0,trial:-1,2,False,disabled,0,0,False,raw,0,0.0,0.0,,0,False,disabled,False,raw,0.0,0.0,,,,,,,,False,0,0,0,0,0,0,0.0,0.0,0.8075840000003609,1.6998330000035367,2.6319589999985737,context_reentry_interference,wrong_key_ablation,CRA,wrong_key_ablation,memory_ablation,MockSimulator,42,none,none,-1,0,0,internal,0.0,0.0,0.0,0.0,0,False,0,False,-1,1,0.1,0.2,8,8,0,raw,2,False
157,1000.0,8,8,0,8,0,0,10.163580149195795,10.163580149195795,10.163580149195795,0.0,0.0,0.08678890903509419,1.0,0.0,False,0,0,0,0,0,0.0,0.0,0.0,0.0,0.0,0,0.0,0,0,disabled,disabled,True,wrong_key,-1,2,False,raw,0,0.0,0.0,trial:-1,2,False,disabled,0,0,False,raw,0,0.0,0.0,,0,False,disabled,False,raw,0.0,0.0,,,,,,,,False,0,0,0,0,0,0,0.0,0.0,0.8104580000036776,1.725707999995052,2.663333000000989,context_reentry_interference,wrong_key_ablation,CRA,wrong_key_ablation,memory_ablation,MockSimulator,42,none,none,-1,0,0,internal,0.0,0.0,0.0,0.0,0,False,0,False,-1,1,0.1,0.2,8,8,0,raw,2,False
158,1000.0,8,8,0,8,0,0,10.122792153822441,10.122792153822441,10.122792153822441,0.0,0.0,0.08546401554451014,1.0,0.0,False,0,0,0,0,0,0.0,0.0,0.0,0.0,0.0,0,0.0,0,0,disabled,disabled,True,wrong_key,-1,2,False,raw,0,0.0,0.0,trial:-1,2,False,disabled,0,0,False,raw,0,0.0,0.0,,0,False,disabled,False,raw,0.0,0.0,,,,,,,,False,0,0,0,0,0,0,0.0,0.0,0.8240000000085956,1.879749999986302,2.830625000001419,context_reentry_interference,wrong_key_ablation,CRA,wrong_key_ablation,memory_ablation,MockSimulator,42,none,none,-1,0,0,internal,0.0,0.0,0.0,0.0,0,False,0,False,-1,1,0.1,0.2,8,8,0,raw,2,False
159,1000.0,8,8,0,8,0,0,10.08220729233254,10.08220729233254,10.08220729233254,0.0,0.0,0.08415740222993541,1.0,0.0,False,0,0,0,0,0,0.0,0.0,0.0,0.0,0.0,0,0.0,0,0,disabled,disabled,True,wrong_key,-1,2,False,raw,0,0.0,0.0,trial:-1,2,False,disabled,0,0,False,raw,0,0.0,0.0,,0,False,disabled,False,raw,0.0,0.0,,,,,,,,False,0,0,0,0,0,0,0.0,0.0,0.9474999999952161,2.1196250000059536,3.250334000000521,context_reentry_interference,wrong_key_ablation,CRA,wrong_key_ablation,memory_ablation,MockSimulator,42,none,none,-1,0,0,internal,0.0,0.0,0.0,0.0,0,False,0,False,-1,1,0.1,0.2,8,8,0,raw,2,False
160,1000.0,8,8,0,8,0,0,10.041824551600532,10.041824551600532,10.041824551600532,0.0,0.0,0.08286886784172587,1.0,0.0,False,0,0,0,0,0,0.0,0.0,0.0,0.0,0.0,0,0.0,0,0,disabled,disabled,True,wrong_key,-1,2,False,raw,0,0.0,0.0,trial:-1,2,False,disabled,0,0,False,raw,0,0.0,0.0,,0,False,disabled,False,raw,0.0,0.0,,,,,,,,False,0,0,0,0,0,0,0.0,0.0,0.824374999993438,1.7537089999990485,2.7244580000029828,context_reentry_interference,wrong_key_ablation,CRA,wrong_key_ablation,memory_ablation,MockSimulator,42,none,none,-1,0,0,internal,0.0,0.0,0.0,0.0,0,False,0,False,-1,1,0.1,0.2,8,8,0,raw,2,False
161,1000.0,8,8,0,8,0,0,10.001642923553842,10.001642923553842,10.001642923553842,0.0,0.0,0.08159821186815273,1.0,0.0,False,0,0,0,0,0,0.0,0.0,0.0,0.0,0.0,0,0.0,0,0,disabled,disabled,True,wrong_key,-1,2,False,raw,0,0.0,0.0,trial:-1,2,False,disabled,0,0,False,raw,0,0.0,0.0,,0,False,disabled,False,raw,0.0,0.0,,,,,,,,False,0,0,0,0,0,0,0.0,0.0,0.810708999992471,1.7662080000064861,2.7031249999964757,context_reentry_interference,wrong_key_ablation,CRA,wrong_key_ablation,memory_ablation,MockSimulator,42,none,none,-1,0,0,internal,0.0,0.0,0.0,0.0,0,False,0,False,-1,1,0.1,0.2,8,8,0,raw,2,False
162,1000.0,8,8,0,8,0,0,9.961661405147682,9.961661405147682,9.961661405147682,0.0,0.0,0.08034523458638583,1.0,0.0,False,0,0,0,0,0,0.0,0.0,0.0,0.0,0.0,0,0.0,0,0,disabled,disabled,True,wrong_key,-1,2,False,raw,0,0.0,0.0,trial:-1,2,False,disabled,0,0,False,raw,0,0.0,0.0,,0,False,disabled,False,raw,0.0,0.0,,,,,,,,False,0,0,0,0,0,0,0.0,0.0,0.9202079999965918,1.949750000008521,3.0105000000020254,context_reentry_interference,wrong_key_ablation,CRA,wrong_key_ablation,memory_ablation,MockSimulator,42,none,none,-1,0,0,internal,0.0,0.0,0.0,0.0,0,False,0,False,-1,1,0.1,0.2,8,8,0,raw,2,False
163,1000.0,8,8,0,8,0,0,9.921878998339967,9.921878998339967,9.921878998339967,0.0,0.0,0.07910973711114234,1.0,0.0,False,0,0,0,0,0,0.0,0.0,0.0,0.0,0.0,0,0.0,0,0,disabled,disabled,True,wrong_key,-1,2,False,raw,0,0.0,0.0,trial:-1,2,False,disabled,0,0,False,raw,0,0.0,0.0,,0,False,disabled,False,raw,0.0,0.0,,,,,,,,False,0,0,0,0,0,0,0.0,0.0,0.9052500000024111,1.7632499999962192,2.80970800000091,context_reentry_interference,wrong_key_ablation,CRA,wrong_key_ablation,memory_ablation,MockSimulator,42,none,none,-1,0,0,internal,0.0,0.0,0.0,0.0,0,False,0,False,-1,1,0.1,0.2,8,8,0,raw,2,False
164,1000.0,8,8,0,8,0,0,9.882294710066368,9.882294710066368,9.882294710066368,0.0,0.0,0.07789152144107404,1.0,0.0,False,0,0,0,0,0,0.0,0.0,0.0,0.0,0.0,0,0.0,0,0,disabled,disabled,True,wrong_key,-1,2,False,raw,0,0.0,0.0,trial:-1,2,False,disabled,0,0,False,raw,0,0.0,0.0,,0,False,disabled,False,raw,0.0,0.0,,,,,,,,False,0,0,0,0,0,0,0.0,0.0,0.9129580000006854,2.0634580000091773,3.1022500000119635,context_reentry_interference,wrong_key_ablation,CRA,wrong_key_ablation,memory_ablation,MockSimulator,42,none,none,-1,0,0,internal,0.0,0.0,0.0,0.0,0,False,0,False,-1,1,0.1,0.2,8,8,0,raw,2,False
165,1000.0,8,8,0,8,0,0,9.842907552215488,9.842907552215488,9.842907552215488,0.0,0.0,0.07669039050296401,1.0,0.0,False,0,0,0,0,0,0.0,0.0,0.0,0.0,0.0,0,0.0,0,0,disabled,disabled,True,wrong_key,-1,2,False,raw,0,0.0,0.0,trial:-1,2,False,disabled,0,0,False,raw,0,0.0,0.0,,0,False,disabled,False,raw,0.0,0.0,,,,,,,,False,0,0,0,0,0,0,0.0,0.0,0.8315420000002405,1.8287079999907974,2.7977910000061,context_reentry_interference,wrong_key_ablation,CRA,wrong_key_ablation,memory_ablation,MockSimulator,42,none,none,-1,0,0,internal,0.0,0.0,0.0,0.0,0,False,0,False,-1,1,0.1,0.2,8,8,0,raw,2,False
166,1000.0,8,8,0,8,0,0,9.803716541604151,9.803716541604151,9.803716541604151,0.0,0.0,0.07550614819380197,1.0,0.0,False,0,0,0,0,0,0.0,0.0,0.0,0.0,0.0,0,0.0,0,0,disabled,disabled,True,wrong_key,-1,2,False,raw,0,0.0,0.0,trial:-1,2,False,disabled,0,0,False,raw,0,0.0,0.0,,0,False,disabled,False,raw,0.0,0.0,,,,,,,,False,0,0,0,0,0,0,0.0,0.0,0.8210409999946933,1.7781670000118766,2.7338750000041045,context_reentry_interference,wrong_key_ablation,CRA,wrong_key_ablation,memory_ablation,MockSimulator,42,none,none,-1,0,0,internal,0.0,0.0,0.0,0.0,0,False,0,False,-1,1,0.1,0.2,8,8,0,raw,2,False
167,1000.0,8,8,0,8,0,0,9.76472069995283,9.76472069995283,9.76472069995283,0.0,0.0,0.07433859942080522,1.0,0.0,False,0,0,0,0,0,0.0,0.0,0.0,0.0,0.0,0,0.0,0,0,disabled,disabled,True,wrong_key,-1,2,False,raw,0,0.0,0.0,trial:-1,2,False,disabled,0,0,False,raw,0,0.0,0.0,,0,False,disabled,False,raw,0.0,0.0,,,,,,,,False,0,0,0,0,0,0,0.0,0.0,0.8097090000092066,1.8199999999950478,2.755957999994507,context_reentry_interference,wrong_key_ablation,CRA,wrong_key_ablation,memory_ablation,MockSimulator,42,none,none,-1,0,0,internal,0.0,0.0,0.0,0.0,0,False,0,False,-1,1,0.1,0.2,8,8,0,raw,2,False
168,1000.0,8,8,0,8,0,0,9.725919053861185,9.725919053861185,9.725919053861185,-1.8993002129650737e-05,-0.0001899300190126994,0.0731875501394508,1.0,-1.8993002129650737e-05,False,0,0,0,0,0,0.0,0.0,0.0,0.0,0.0,0,0.0,0,0,disabled,disabled,True,wrong_key,-1,2,True,internal_wrong_key_context,1,0.01,-0.01,phase:A0,2,False,disabled,0,0,False,raw,0,-0.01,-0.01,,0,False,disabled,False,raw,-0.01,-0.01,,,,,,,,False,0,0,0,0,0,0,0.0,0.0,0.8198330000084297,1.8214999999912607,2.7722920000030626,context_reentry_interference,wrong_key_ablation,CRA,wrong_key_ablation,memory_ablation,MockSimulator,42,decision,A0_decision,4,1,1,internal,0.01,-0.01,0.01,0.01,1,True,-1,False,168,1,0.1,0.2,8,8,1,internal_wrong_key_context,2,True
169,1000.0,8,8,0,8,0,0,9.687310634783735,9.687310634783735,9.687310634783735,0.0,0.0,0.07205280738958225,1.0,0.0,False,0,0,0,0,0,0.0,0.0,0.0,0.0,0.0,0,0.0,0,0,disabled,disabled,True,wrong_key,-1,2,False,raw,0,0.0,0.0,trial:-1,2,False,disabled,0,0,False,raw,0,0.0,0.0,,0,False,disabled,False,raw,0.0,0.0,,,,,,,,False,0,0,0,0,0,0,0.0,0.0,0.8101660000079391,1.8774999999919828,2.8140840000077105,context_reentry_interference,wrong_key_ablation,CRA,wrong_key_ablation,memory_ablation,MockSimulator,42,none,none,-1,0,0,internal,0.0,0.0,0.0,0.0,0,False,0,False,-1,1,0.1,0.2,8,8,0,raw,2,False
170,1000.0,8,8,0,8,0,0,9.648894479005632,9.648894479005632,9.648894479005632,0.0,0.0,0.07093417932965267,1.0,0.0,False,0,0,0,0,0,0.0,0.0,0.0,0.0,0.0,0,0.0,0,0,disabled,disabled,True,wrong_key,-1,2,False,raw,0,0.0,0.0,trial:-1,2,False,disabled,0,0,False,raw,0,0.0,0.0,,0,False,disabled,False,raw,0.0,0.0,,,,,,,,False,0,0,0,0,0,0,0.0,0.0,0.9617500000018708,1.9701249999997117,3.0987079999960088,context_reentry_interference,wrong_key_ablation,CRA,wrong_key_ablation,memory_ablation,MockSimulator,42,none,none,-1,0,0,internal,0.0,0.0,0.0,0.0,0,False,0,False,-1,1,0.1,0.2,8,8,0,raw,2,False
171,1000.0,8,8,0,8,0,0,9.610669627618583,9.610669627618583,9.610669627618583,0.0,0.0,0.06983147526916443,1.0,0.0,False,0,0,0,0,0,0.0,0.0,0.0,0.0,0.0,0,0.0,0,0,disabled,disabled,True,wrong_key,-1,2,False,raw,0,0.0,0.0,trial:-1,2,False,disabled,0,0,False,raw,0,0.0,0.0,,0,False,disabled,False,raw,0.0,0.0,,,,,,,,False,0,0,0,0,0,0,0.0,0.0,0.8183749999943757,1.8219170000008944,2.772165999999743,context_reentry_interference,wrong_key_ablation,CRA,wrong_key_ablation,memory_ablation,MockSimulator,42,none,none,-1,0,0,internal,0.0,0.0,0.0,0.0,0,False,0,False,-1,1,0.1,0.2,8,8,0,raw,2,False
172,1000.0,8,8,0,8,0,0,9.572635126496865,9.572635126496865,9.572635126496865,0.0,0.0,0.06874450569936387,1.0,0.0,False,0,0,0,0,0,0.0,0.0,0.0,0.0,0.0,0,0.0,0,0,disabled,disabled,True,wrong_key,-1,2,False,raw,0,0.0,0.0,trial:-1,2,False,disabled,0,0,False,raw,0,0.0,0.0,,0,False,disabled,False,raw,0.0,0.0,,,,,,,,False,0,0,0,0,0,0,0.0,0.0,0.8083750000054124,1.8007500000010168,2.7385829999957423,context_reentry_interference,wrong_key_ablation,CRA,wrong_key_ablation,memory_ablation,MockSimulator,42,none,none,-1,0,0,internal,0.0,0.0,0.0,0.0,0,False,0,False,-1,1,0.1,0.2,8,8,0,raw,2,False
173,1000.0,8,8,0,8,0,0,9.534790026273479,9.534790026273479,9.534790026273479,0.0,0.0,0.06767308232224765,1.0,0.0,False,0,0,0,0,0,0.0,0.0,0.0,0.0,0.0,0,0.0,0,0,disabled,disabled,True,wrong_key,-1,2,False,raw,0,0.0,0.0,trial:-1,2,False,disabled,0,0,False,raw,0,0.0,0.0,,0,False,disabled,False,raw,0.0,0.0,,,,,,,,False,0,0,0,0,0,0,0.0,0.0,0.8148750000032123,1.8168750000029377,2.7586249999984602,context_reentry_interference,wrong_key_ablation,CRA,wrong_key_ablation,memory_ablation,MockSimulator,42,none,none,-1,0,0,internal,0.0,0.0,0.0,0.0,0,False,0,False,-1,1,0.1,0.2,8,8,0,raw,2,False
174,1000.0,8,8,0,8,0,0,9.497133382316413,9.497133382316413,9.497133382316413,0.0,0.0,0.06661701807793635,1.0,0.0,False,0,0,0,0,0,0.0,0.0,0.0,0.0,0.0,0,0.0,0,0,disabled,disabled,True,wrong_key,-1,2,False,raw,0,0.0,0.0,trial:-1,2,False,disabled,0,0,False,raw,0,0.0,0.0,,0,False,disabled,False,raw,0.0,0.0,,,,,,,,False,0,0,0,0,0,0,0.0,0.0,0.8174999999965848,1.8363749999963375,2.7797080000055985,context_reentry_interference,wrong_key_ablation,CRA,wrong_key_ablation,memory_ablation,MockSimulator,42,none,none,-1,0,0,internal,0.0,0.0,0.0,0.0,0,False,0,False,-1,1,0.1,0.2,8,8,0,raw,2,False
175,1000.0,8,8,0,8,0,0,9.459664254705027,9.459664254705027,9.459664254705027,0.0,0.0,0.0655761271704686,1.0,0.0,False,0,0,0,0,0,0.0,0.0,0.0,0.0,0.0,0,0.0,0,0,disabled,disabled,True,wrong_key,-1,2,False,raw,0,0.0,0.0,trial:-1,2,False,disabled,0,0,False,raw,0,0.0,0.0,,0,False,disabled,False,raw,0.0,0.0,,,,,,,,False,0,0,0,0,0,0,0.0,0.0,0.8094579999919915,2.149000000002843,3.084084000008147,context_reentry_interference,wrong_key_ablation,CRA,wrong_key_ablation,memory_ablation,MockSimulator,42,none,none,-1,0,0,internal,0.0,0.0,0.0,0.0,0,False,0,False,-1,1,0.1,0.2,8,8,0,raw,2,False
176,1000.0,8,8,0,8,0,0,9.42238170820655,9.42238170820655,9.42238170820655,0.0,0.0,0.06455022509206838,1.0,0.0,False,0,0,0,0,0,0.0,0.0,0.0,0.0,0.0,0,0.0,0,0,disabled,disabled,True,wrong_key,-1,2,False,raw,0,0.0,0.0,trial:-1,2,False,disabled,0,0,False,raw,0,0.0,0.0,,0,False,disabled,False,raw,0.0,0.0,,,,,,,,False,0,0,0,0,0,0,0.0,0.0,0.8386669999964624,1.9163329999969392,2.901540999999952,context_reentry_interference,wrong_key_ablation,CRA,wrong_key_ablation,memory_ablation,MockSimulator,42,none,none,-1,0,0,internal,0.0,0.0,0.0,0.0,0,False,0,False,-1,1,0.1,0.2,8,8,0,raw,2,False
177,1000.0,8,8,0,8,0,0,9.385284812252712,9.385284812252712,9.385284812252712,0.0,0.0,0.06353912864593599,1.0,0.0,False,0,0,0,0,0,0.0,0.0,0.0,0.0,0.0,0,0.0,0,0,disabled,disabled,True,wrong_key,-1,2,False,raw,0,0.0,0.0,trial:-1,2,False,disabled,0,0,False,raw,0,0.0,0.0,,0,False,disabled,False,raw,0.0,0.0,,,,,,,,False,0,0,0,0,0,0,0.0,0.0,0.8164159999921594,1.8801670000101467,2.825291999997148,context_reentry_interference,wrong_key_ablation,CRA,wrong_key_ablation,memory_ablation,MockSimulator,42,none,none,-1,0,0,internal,0.0,0.0,0.0,0.0,0,False,0,False,-1,1,0.1,0.2,8,8,0,raw,2,False
178,1000.0,8,8,0,8,0,0,9.348372640916464,9.348372640916464,9.348372640916464,0.0,0.0,0.06254265596761206,1.0,0.0,False,0,0,0,0,0,0.0,0.0,0.0,0.0,0.0,0,0.0,0,0,disabled,disabled,True,wrong_key,-1,2,False,raw,0,0.0,0.0,trial:-1,2,False,disabled,0,0,False,raw,0,0.0,0.0,,0,False,disabled,False,raw,0.0,0.0,,,,,,,,False,0,0,0,0,0,0,0.0,0.0,0.8139170000021068,1.871041000001128,2.8130839999960244,context_reentry_interference,wrong_key_ablation,CRA,wrong_key_ablation,memory_ablation,MockSimulator,42,none,none,-1,0,0,internal,0.0,0.0,0.0,0.0,0,False,0,False,-1,1,0.1,0.2,8,8,0,raw,2,False
179,1000.0,8,8,0,8,0,0,9.31164427288884,9.31164427288884,9.31164427288884,0.0,0.0,0.061560626544962714,1.0,0.0,False,0,0,0,0,0,0.0,0.0,0.0,0.0,0.0,0,0.0,0,0,disabled,disabled,True,wrong_key,-1,2,False,raw,0,0.0,0.0,trial:-1,2,False,disabled,0,0,False,raw,0,0.0,0.0,,0,False,disabled,False,raw,0.0,0.0,,,,,,,,False,0,0,0,0,0,0,0.0,0.0,0.8102500000006785,1.8741669999968735,2.813250000002654,context_reentry_interference,wrong_key_ablation,CRA,wrong_key_ablation,memory_ablation,MockSimulator,42,none,none,-1,0,0,internal,0.0,0.0,0.0,0.0,0,False,0,False,-1,1,0.1,0.2,8,8,0,raw,2,False
180,1000.0,8,8,0,8,0,0,9.275098791455921,9.275098791455921,9.275098791455921,-1.0341690802624445e-06,-0.0,0.060592861236832295,1.0,-1.0341690802624445e-06,False,0,0,0,0,0,0.0,0.0,0.0,0.0,0.0,0,0.0,0,0,disabled,disabled,True,wrong_key,-1,3,False,raw,0,-0.0055000000000000005,-0.0055000000000000005,phase:B,3,False,disabled,0,0,False,raw,0,-0.0055000000000000005,-0.0055000000000000005,,0,False,disabled,False,raw,-0.0055000000000000005,-0.0055000000000000005,,,,,,,,False,0,0,0,0,0,0,0.0,0.0,0.8076249999930951,1.9385000000085029,2.871084000005908,context_reentry_interference,wrong_key_ablation,CRA,wrong_key_ablation,memory_ablation,MockSimulator,42,context,B_context,5,-1,0,internal,-0.0055000000000000005,-0.0055000000000000005,0.0,0.0,0,False,-1,False,-1,1,0.1,0.2,8,8,0,raw,3,False
181,1000.0,8,8,0,8,0,0,9.238735284475919,9.238735284475919,9.238735284475919,0.0,0.0,0.059639182290409105,1.0,0.0,False,0,0,0,0,0,0.0,0.0,0.0,0.0,0.0,0,0.0,0,0,disabled,disabled,True,wrong_key,-1,3,False,raw,0,0.0,0.0,trial:-1,3,False,disabled,0,0,False,raw,0,0.0,0.0,,0,False,disabled,False,raw,0.0,0.0,,,,,,,,False,0,0,0,0,0,0,0.0,0.0,0.8692500000080372,2.1305419999890773,3.1790000000029295,context_reentry_interference,wrong_key_ablation,CRA,wrong_key_ablation,memory_ablation,MockSimulator,42,none,none,-1,0,0,internal,0.0,0.0,0.0,0.0,0,False,0,False,-1,1,0.1,0.2,8,8,0,raw,3,False
182,1000.0,8,8,0,8,0,0,9.20255284435637,9.20255284435637,9.20255284435637,0.0,0.0,0.058699413357348115,1.0,0.0,False,0,0,0,0,0,0.0,0.0,0.0,0.0,0.0,0,0.0,0,0,disabled,disabled,True,wrong_key,-1,3,False,raw,0,0.0,0.0,trial:-1,3,False,disabled,0,0,False,raw,0,0.0,0.0,,0,False,disabled,False,raw,0.0,0.0,,,,,,,,False,0,0,0,0,0,0,0.0,0.0,0.8542909999960102,2.0772499999992533,3.071624999989808,context_reentry_interference,wrong_key_ablation,CRA,wrong_key_ablation,memory_ablation,MockSimulator,42,none,none,-1,0,0,internal,0.0,0.0,0.0,0.0,0,False,0,False,-1,1,0.1,0.2,8,8,0,raw,3,False
183,1000.0,8,8,0,8,0,0,9.166550568031447,9.166550568031447,9.166550568031447,0.0,0.0,0.0577733795086934,1.0,0.0,False,0,0,0,0,0,0.0,0.0,0.0,0.0,0.0,0,0.0,0,0,disabled,disabled,True,wrong_key,-1,3,False,raw,0,0.0,0.0,trial:-1,3,False,disabled,0,0,False,raw,0,0.0,0.0,,0,False,disabled,False,raw,0.0,0.0,,,,,,,,False,0,0,0,0,0,0,0.0,0.0,0.9013339999910386,2.119500000006269,3.162457999991375,context_reentry_interference,wrong_key_ablation,CRA,wrong_key_ablation,memory_ablation,MockSimulator,42,none,none,-1,0,0,internal,0.0,0.0,0.0,0.0,0,False,0,False,-1,1,0.1,0.2,8,8,0,raw,3,False
184,1000.0,8,8,0,8,0,0,9.13072755693938,9.13072755693938,9.13072755693938,0.0,0.0,0.056860907248641936,1.0,0.0,False,0,0,0,0,0,0.0,0.0,0.0,0.0,0.0,0,0.0,0,0,disabled,disabled,True,wrong_key,-1,3,False,raw,0,0.0,0.0,trial:-1,3,False,disabled,0,0,False,raw,0,0.0,0.0,,0,False,disabled,False,raw,0.0,0.0,,,,,,,,False,0,0,0,0,0,0,0.0,0.0,0.8168750000123737,1.902415999992968,2.859959000005574,context_reentry_interference,wrong_key_ablation,CRA,wrong_key_ablation,memory_ablation,MockSimulator,42,none,none,-1,0,0,internal,0.0,0.0,0.0,0.0,0,False,0,False,-1,1,0.1,0.2,8,8,0,raw,3,False
185,1000.0,8,8,0,8,0,0,9.095082916999997,9.095082916999997,9.095082916999997,0.0,0.0,0.05596182452718905,1.0,0.0,False,0,0,0,0,0,0.0,0.0,0.0,0.0,0.0,0,0.0,0,0,disabled,disabled,True,wrong_key,-1,3,False,raw,0,0.0,0.0,trial:-1,3,False,disabled,0,0,False,raw,0,0.0,0.0,,0,False,disabled,False,raw,0.0,0.0,,,,,,,,False,0,0,0,0,0,0,0.0,0.0,0.8080409999990934,1.9943340000025955,2.9287080000131027,context_reentry_interference,wrong_key_ablation,CRA,wrong_key_ablation,memory_ablation,MockSimulator,42,none,none,-1,0,0,internal,0.0,0.0,0.0,0.0,0,False,0,False,-1,1,0.1,0.2,8,8,0,raw,3,False
186,1000.0,8,8,0,8,0,0,9.05961575859237,9.05961575859237,9.05961575859237,0.0,0.0,0.055075960751694825,1.0,0.0,False,0,0,0,0,0,0.0,0.0,0.0,0.0,0.0,0,0.0,0,0,disabled,disabled,True,wrong_key,-1,3,False,raw,0,0.0,0.0,trial:-1,3,False,disabled,0,0,False,raw,0,0.0,0.0,,0,False,disabled,False,raw,0.0,0.0,,,,,,,,False,0,0,0,0,0,0,0.0,0.0,1.0417919999952119,2.333249999992404,3.5137499999962074,context_reentry_interference,wrong_key_ablation,CRA,wrong_key_ablation,memory_ablation,MockSimulator,42,none,none,-1,0,0,internal,0.0,0.0,0.0,0.0,0,False,0,False,-1,1,0.1,0.2,8,8,0,raw,3,False
187,1000.0,8,8,0,8,0,0,9.02432519653257,9.02432519653257,9.02432519653257,0.0,0.0,0.05420314679740949,1.0,0.0,False,0,0,0,0,0,0.0,0.0,0.0,0.0,0.0,0,0.0,0,0,disabled,disabled,True,wrong_key,-1,3,False,raw,0,0.0,0.0,trial:-1,3,False,disabled,0,0,False,raw,0,0.0,0.0,,0,False,disabled,False,raw,0.0,0.0,,,,,,,,False,0,0,0,0,0,0,0.0,0.0,0.8588750000058099,1.9562499999921101,2.9642500000051086,context_reentry_interference,wrong_key_ablation,CRA,wrong_key_ablation,memory_ablation,MockSimulator,42,none,none,-1,0,0,internal,0.0,0.0,0.0,0.0,0,False,0,False,-1,1,0.1,0.2,8,8,0,raw,3,False
188,1000.0,8,8,0,8,0,0,8.989210350051545,8.989210350051545,8.989210350051545,0.0,0.0,0.0533432150169949,1.0,0.0,False,0,0,0,0,0,0.0,0.0,0.0,0.0,0.0,0,0.0,0,0,disabled,disabled,True,wrong_key,-1,3,False,raw,0,0.0,0.0,trial:-1,3,False,disabled,0,0,False,raw,0,0.0,0.0,,0,False,disabled,False,raw,0.0,0.0,,,,,,,,False,0,0,0,0,0,0,0.0,0.0,0.8081250000060436,1.9824999999968895,2.9162080000020296,context_reentry_interference,wrong_key_ablation,CRA,wrong_key_ablation,memory_ablation,MockSimulator,42,none,none,-1,0,0,internal,0.0,0.0,0.0,0.0,0,False,0,False,-1,1,0.1,0.2,8,8,0,raw,3,False
189,1000.0,8,8,0,8,0,0,8.954270342773093,8.954270342773093,8.954270342773093,0.0,0.0,0.05249599924907792,1.0,0.0,False,0,0,0,0,0,0.0,0.0,0.0,0.0,0.0,0,0.0,0,0,disabled,disabled,True,wrong_key,-1,3,False,raw,0,0.0,0.0,trial:-1,3,False,disabled,0,0,False,raw,0,0.0,0.0,,0,False,disabled,False,raw,0.0,0.0,,,,,,,,False,0,0,0,0,0,0,0.0,0.0,0.910500000003367,2.163499999994656,3.214167000010093,context_reentry_interference,wrong_key_ablation,CRA,wrong_key_ablation,memory_ablation,MockSimulator,42,none,none,-1,0,0,internal,0.0,0.0,0.0,0.0,0,False,0,False,-1,1,0.1,0.2,8,8,0,raw,3,False
190,1000.0,8,8,0,8,0,0,8.919504302691958,8.919504302691958,8.919504302691958,0.0,0.0,0.051661334825870826,1.0,0.0,False,0,0,0,0,0,0.0,0.0,0.0,0.0,0.0,0,0.0,0,0,disabled,disabled,True,wrong_key,-1,3,False,raw,0,0.0,0.0,trial:-1,3,False,disabled,0,0,False,raw,0,0.0,0.0,,0,False,disabled,False,raw,0.0,0.0,,,,,,,,False,0,0,0,0,0,0,0.0,0.0,0.8940000000023929,1.9280839999993304,2.9618330000005244,context_reentry_interference,wrong_key_ablation,CRA,wrong_key_ablation,memory_ablation,MockSimulator,42,none,none,-1,0,0,internal,0.0,0.0,0.0,0.0,0,False,0,False,-1,1,0.1,0.2,8,8,0,raw,3,False
191,1000.0,8,8,0,8,0,0,8.88491136215203,8.88491136215203,8.88491136215203,0.0,0.0,0.050839058579892384,1.0,0.0,False,0,0,0,0,0,0.0,0.0,0.0,0.0,0.0,0,0.0,0,0,disabled,disabled,True,wrong_key,-1,3,False,raw,0,0.0,0.0,trial:-1,3,False,disabled,0,0,False,raw,0,0.0,0.0,,0,False,disabled,False,raw,0.0,0.0,,,,,,,,False,0,0,0,0,0,0,0.0,0.0,1.0726250000061555,2.342166999994788,3.5404999999997244,context_reentry_interference,wrong_key_ablation,CRA,wrong_key_ablation,memory_ablation,MockSimulator,42,none,none,-1,0,0,internal,0.0,0.0,0.0,0.0,0,False,0,False,-1,1,0.1,0.2,8,8,0,raw,3,False
192,1000.0,8,8,0,8,0,0,8.850490657824649,8.850490657824649,8.850490657824649,0.0,0.0,0.050029008849822726,1.0,0.0,False,0,0,0,0,0,0.0,0.0,0.0,0.0,0.0,0,0.0,0,0,disabled,disabled,True,wrong_key,-1,3,False,raw,0,0.0,0.0,trial:-1,3,False,disabled,0,0,False,raw,0,0.0,0.0,,0,False,disabled,False,raw,0.0,0.0,,,,,,,,False,0,0,0,0,0,0,0.0,0.0,0.934749999998985,2.281124999996109,3.3688750000067103,context_reentry_interference,wrong_key_ablation,CRA,wrong_key_ablation,memory_ablation,MockSimulator,42,none,none,-1,0,0,internal,0.0,0.0,0.0,0.0,0,False,0,False,-1,1,0.1,0.2,8,8,0,raw,3,False
193,1000.0,8,8,0,8,0,0,8.816241330687022,8.816241330687022,8.816241330687022,0.0,0.0,0.049231025485523904,1.0,0.0,False,0,0,0,0,0,0.0,0.0,0.0,0.0,0.0,0,0.0,0,0,disabled,disabled,True,wrong_key,-1,3,False,raw,0,0.0,0.0,trial:-1,3,False,disabled,0,0,False,raw,0,0.0,0.0,,0,False,disabled,False,raw,0.0,0.0,,,,,,,,False,0,0,0,0,0,0,0.0,0.0,0.8576669999911246,1.9862919999980022,2.9864170000024615,context_reentry_interference,wrong_key_ablation,CRA,wrong_key_ablation,memory_ablation,MockSimulator,42,none,none,-1,0,0,internal,0.0,0.0,0.0,0.0,0,False,0,False,-1,1,0.1,0.2,8,8,0,raw,3,False
194,1000.0,8,8,0,8,0,0,8.782162526000757,8.782162526000757,8.782162526000757,0.0,0.0,0.0484449498522571,1.0,0.0,False,0,0,0,0,0,0.0,0.0,0.0,0.0,0.0,0,0.0,0,0,disabled,disabled,True,wrong_key,-1,3,False,raw,0,0.0,0.0,trial:-1,3,False,disabled,0,0,False,raw,0,0.0,0.0,,0,False,disabled,False,raw,0.0,0.0,,,,,,,,False,0,0,0,0,0,0,0.0,0.0,0.8180419999916921,1.9871249999994234,2.9322919999970054,context_reentry_interference,wrong_key_ablation,CRA,wrong_key_ablation,memory_ablation,MockSimulator,42,none,none,-1,0,0,internal,0.0,0.0,0.0,0.0,0,False,0,False,-1,1,0.1,0.2,8,8,0,raw,3,False
195,1000.0,8,8,0,8,0,0,8.748253393290481,8.748253393290481,8.748253393290481,0.0,0.0,0.04767062483412676,1.0,0.0,False,0,0,0,0,0,0.0,0.0,0.0,0.0,0.0,0,0.0,0,0,disabled,disabled,True,wrong_key,-1,3,False,raw,0,0.0,0.0,trial:-1,3,False,disabled,0,0,False,raw,0,0.0,0.0,,0,False,disabled,False,raw,0.0,0.0,,,,,,,,False,0,0,0,0,0,0,0.0,0.0,0.8106669999961014,2.017582999997103,2.9535420000001977,context_reentry_interference,wrong_key_ablation,CRA,wrong_key_ablation,memory_ablation,MockSimulator,42,none,none,-1,0,0,internal,0.0,0.0,0.0,0.0,0,False,0,False,-1,1,0.1,0.2,8,8,0,raw,3,False
196,1000.0,8,8,0,8,0,0,8.714513086322588,8.714513086322588,8.714513086322588,0.0,0.0,0.046907894836780734,1.0,0.0,False,0,0,0,0,0,0.0,0.0,0.0,0.0,0.0,0,0.0,0,0,disabled,disabled,True,wrong_key,-1,3,False,raw,0,0.0,0.0,trial:-1,3,False,disabled,0,0,False,raw,0,0.0,0.0,,0,False,disabled,False,raw,0.0,0.0,,,,,,,,False,0,0,0,0,0,0,0.0,0.0,0.9032499999932497,2.3321660000021893,3.3632079999961206,context_reentry_interference,wrong_key_ablation,CRA,wrong_key_ablation,memory_ablation,MockSimulator,42,none,none,-1,0,0,internal,0.0,0.0,0.0,0.0,0,False,0,False,-1,1,0.1,0.2,8,8,0,raw,3,False
197,1000.0,8,8,0,8,0,0,8.680940763084076,8.680940763084076,8.680940763084076,0.0,0.0,0.04615660578939489,1.0,0.0,False,0,0,0,0,0,0.0,0.0,0.0,0.0,0.0,0,0.0,0,0,disabled,disabled,True,wrong_key,-1,3,False,raw,0,0.0,0.0,trial:-1,3,False,disabled,0,0,False,raw,0,0.0,0.0,,0,False,disabled,False,raw,0.0,0.0,,,,,,,,False,0,0,0,0,0,0,0.0,0.0,0.8377919999986716,2.079542000004153,3.0552500000027294,context_reentry_interference,wrong_key_ablation,CRA,wrong_key_ablation,memory_ablation,MockSimulator,42,none,none,-1,0,0,internal,0.0,0.0,0.0,0.0,0,False,0,False,-1,1,0.1,0.2,8,8,0,raw,3,False
198,1000.0,8,8,0,8,0,0,8.647535585761503,8.647535585761503,8.647535585761503,0.0,0.0,0.04541660514596978,1.0,0.0,False,0,0,0,0,0,0.0,0.0,0.0,0.0,0.0,0,0.0,0,0,disabled,disabled,True,wrong_key,-1,3,False,raw,0,0.0,0.0,trial:-1,3,False,disabled,0,0,False,raw,0,0.0,0.0,,0,False,disabled,False,raw,0.0,0.0,,,,,,,,False,0,0,0,0,0,0,0.0,0.0,0.813332999996419,2.0420419999993555,2.983208000003401,context_reentry_interference,wrong_key_ablation,CRA,wrong_key_ablation,memory_ablation,MockSimulator,42,none,none,-1,0,0,internal,0.0,0.0,0.0,0.0,0,False,0,False,-1,1,0.1,0.2,8,8,0,raw,3,False
199,1000.0,8,8,0,8,0,0,8.614296720720038,8.614296720720038,8.614296720720038,0.0,0.0,0.04468774188596591,1.0,0.0,False,0,0,0,0,0,0.0,0.0,0.0,0.0,0.0,0,0.0,0,0,disabled,disabled,True,wrong_key,-1,3,False,raw,0,0.0,0.0,trial:-1,3,False,disabled,0,0,False,raw,0,0.0,0.0,,0,False,disabled,False,raw,0.0,0.0,,,,,,,,False,0,0,0,0,0,0,0.0,0.0,0.80887500000415,2.038624999997296,2.97362499999565,context_reentry_interference,wrong_key_ablation,CRA,wrong_key_ablation,memory_ablation,MockSimulator,42,none,none,-1,0,0,internal,0.0,0.0,0.0,0.0,0,False,0,False,-1,1,0.1,0.2,8,8,0,raw,3,False
200,1000.0,8,8,0,8,0,0,8.58122333848262,8.58122333848262,8.58122333848262,0.0,0.0,0.043969866514303804,1.0,0.0,False,0,0,0,0,0,0.0,0.0,0.0,0.0,0.0,0,0.0,0,0,disabled,disabled,True,wrong_key,-1,3,False,raw,0,0.0,0.0,trial:-1,3,False,disabled,0,0,False,raw,0,0.0,0.0,,0,False,disabled,False,raw,0.0,0.0,,,,,,,,False,0,0,0,0,0,0,0.0,0.0,0.8139159999984713,2.0484589999938407,2.9881250000016735,context_reentry_interference,wrong_key_ablation,CRA,wrong_key_ablation,memory_ablation,MockSimulator,42,none,none,-1,0,0,internal,0.0,0.0,0.0,0.0,0,False,0,False,-1,1,0.1,0.2,8,8,0,raw,3,False
201,1000.0,8,8,0,8,0,0,8.548314613709222,8.548314613709222,8.548314613709222,0.0,0.0,0.04326283106075379,1.0,0.0,False,0,0,0,0,0,0.0,0.0,0.0,0.0,0.0,0,0.0,0,0,disabled,disabled,True,wrong_key,-1,3,False,raw,0,0.0,0.0,trial:-1,3,False,disabled,0,0,False,raw,0,0.0,0.0,,0,False,disabled,False,raw,0.0,0.0,,,,,,,,False,0,0,0,0,0,0,0.0,0.0,0.8023329999957696,2.3862080000043306,3.314958999993678,context_reentry_interference,wrong_key_ablation,CRA,wrong_key_ablation,memory_ablation,MockSimulator,42,none,none,-1,0,0,internal,0.0,0.0,0.0,0.0,0,False,0,False,-1,1,0.1,0.2,8,8,0,raw,3,False
202,1000.0,8,8,0,8,0,0,8.515569725176217,8.515569725176217,8.515569725176217,0.0,0.0,0.04256648907874007,1.0,0.0,False,0,0,0,0,0,0.0,0.0,0.0,0.0,0.0,0,0.0,0,0,disabled,disabled,True,wrong_key,-1,3,False,raw,0,0.0,0.0,trial:-1,3,False,disabled,0,0,False,raw,0,0.0,0.0,,0,False,disabled,False,raw,0.0,0.0,,,,,,,,False,0,0,0,0,0,0,0.0,0.0,0.8411670000043614,2.16700000000003,3.149000000007618,context_reentry_interference,wrong_key_ablation,CRA,wrong_key_ablation,memory_ablation,MockSimulator,42,none,none,-1,0,0,internal,0.0,0.0,0.0,0.0,0,False,0,False,-1,1,0.1,0.2,8,8,0,raw,3,False
203,1000.0,8,8,0,8,0,0,8.482987855755852,8.482987855755852,8.482987855755852,0.0,0.0,0.04188069564358259,1.0,0.0,False,0,0,0,0,0,0.0,0.0,0.0,0.0,0.0,0,0.0,0,0,disabled,disabled,True,wrong_key,-1,3,False,raw,0,0.0,0.0,trial:-1,3,False,disabled,0,0,False,raw,0,0.0,0.0,,0,False,disabled,False,raw,0.0,0.0,,,,,,,,False,0,0,0,0,0,0,0.0,0.0,0.843375000002311,2.1657090000104517,3.1418330000008154,context_reentry_interference,wrong_key_ablation,CRA,wrong_key_ablation,memory_ablation,MockSimulator,42,none,none,-1,0,0,internal,0.0,0.0,0.0,0.0,0,False,0,False,-1,1,0.1,0.2,8,8,0,raw,3,False
204,1000.0,8,8,0,8,0,0,8.450568192395808,8.450568192395808,8.450568192395808,0.0,0.0,0.041205307350199914,1.0,0.0,False,0,0,0,0,0,0.0,0.0,0.0,0.0,0.0,0,0.0,0,0,disabled,disabled,True,wrong_key,-1,3,False,raw,0,0.0,0.0,trial:-1,3,False,disabled,0,0,False,raw,0,0.0,0.0,,0,False,disabled,False,raw,0.0,0.0,,,,,,,,False,0,0,0,0,0,0,0.0,0.0,0.8361669999885635,2.1826250000032132,3.1503750000041464,context_reentry_interference,wrong_key_ablation,CRA,wrong_key_ablation,memory_ablation,MockSimulator,42,none,none,-1,0,0,internal,0.0,0.0,0.0,0.0,0,False,0,False,-1,1,0.1,0.2,8,8,0,raw,3,False
205,1000.0,8,8,0,8,0,0,8.418309926098887,8.418309926098887,8.418309926098887,0.0,0.0,0.04054018231029512,1.0,0.0,False,0,0,0,0,0,0.0,0.0,0.0,0.0,0.0,0,0.0,0,0,disabled,disabled,True,wrong_key,-1,3,False,raw,0,0.0,0.0,trial:-1,3,False,disabled,0,0,False,raw,0,0.0,0.0,,0,False,disabled,False,raw,0.0,0.0,,,,,,,,False,0,0,0,0,0,0,0.0,0.0,0.9056250000014643,2.3365410000053544,3.3844589999887376,context_reentry_interference,wrong_key_ablation,CRA,wrong_key_ablation,memory_ablation,MockSimulator,42,none,none,-1,0,0,internal,0.0,0.0,0.0,0.0,0,False,0,False,-1,1,0.1,0.2,8,8,0,raw,3,False
206,1000.0,8,8,0,8,0,0,8.386212251902776,8.386212251902776,8.386212251902776,0.0,0.0,0.03988518014904643,1.0,0.0,False,0,0,0,0,0,0.0,0.0,0.0,0.0,0.0,0,0.0,0,0,disabled,disabled,True,wrong_key,-1,3,False,raw,0,0.0,0.0,trial:-1,3,False,disabled,0,0,False,raw,0,0.0,0.0,,0,False,disabled,False,raw,0.0,0.0,,,,,,,,False,0,0,0,0,0,0,0.0,0.0,0.9144590000005337,2.488833000001023,3.542584000001625,context_reentry_interference,wrong_key_ablation,CRA,wrong_key_ablation,memory_ablation,MockSimulator,42,none,none,-1,0,0,internal,0.0,0.0,0.0,0.0,0,False,0,False,-1,1,0.1,0.2,8,8,0,raw,3,False
207,1000.0,8,8,0,8,0,0,8.354274368859935,8.354274368859935,8.354274368859935,0.0,0.0,0.03924016200132357,1.0,0.0,False,0,0,0,0,0,0.0,0.0,0.0,0.0,0.0,0,0.0,0,0,disabled,disabled,True,wrong_key,-1,3,False,raw,0,0.0,0.0,trial:-1,3,False,disabled,0,0,False,raw,0,0.0,0.0,,0,False,disabled,False,raw,0.0,0.0,,,,,,,,False,0,0,0,0,0,0,0.0,0.0,0.8726249999995161,2.190624999997226,3.205499999992867,context_reentry_interference,wrong_key_ablation,CRA,wrong_key_ablation,memory_ablation,MockSimulator,42,none,none,-1,0,0,internal,0.0,0.0,0.0,0.0,0,False,0,False,-1,1,0.1,0.2,8,8,0,raw,3,False
208,1000.0,8,8,0,8,0,0,8.322495480017558,8.322495480017558,8.322495480017558,0.0,0.0,0.038604990507450004,1.0,0.0,False,0,0,0,0,0,0.0,0.0,0.0,0.0,0.0,0,0.0,0,0,disabled,disabled,True,wrong_key,-1,3,False,raw,0,0.0,0.0,trial:-1,3,False,disabled,0,0,False,raw,0,0.0,0.0,,0,False,disabled,False,raw,0.0,0.0,,,,,,,,False,0,0,0,0,0,0,0.0,0.0,0.822666999994226,2.104708000004507,3.0539589999989403,context_reentry_interference,wrong_key_ablation,CRA,wrong_key_ablation,memory_ablation,MockSimulator,42,none,none,-1,0,0,internal,0.0,0.0,0.0,0.0,0,False,0,False,-1,1,0.1,0.2,8,8,0,raw,3,False
209,1000.0,8,8,0,8,0,0,8.290874792397664,8.290874792397664,8.290874792397664,0.0,0.0,0.03797952980853085,1.0,0.0,False,0,0,0,0,0,0.0,0.0,0.0,0.0,0.0,0,0.0,0,0,disabled,disabled,True,wrong_key,-1,3,False,raw,0,0.0,0.0,trial:-1,3,False,disabled,0,0,False,raw,0,0.0,0.0,,0,False,disabled,False,raw,0.0,0.0,,,,,,,,False,0,0,0,0,0,0,0.0,0.0,0.8152500000022656,2.1073749999942493,3.0475000000080854,context_reentry_interference,wrong_key_ablation,CRA,wrong_key_ablation,memory_ablation,MockSimulator,42,none,none,-1,0,0,internal,0.0,0.0,0.0,0.0,0,False,0,False,-1,1,0.1,0.2,8,8,0,raw,3,False
210,1000.0,8,8,0,8,0,0,8.259411516977265,8.259411516977265,8.259411516977265,0.0,0.0,0.03736364554136549,1.0,0.0,False,0,0,0,0,0,0.0,0.0,0.0,0.0,0.0,0,0.0,0,0,disabled,disabled,True,wrong_key,-1,3,False,raw,0,0.0,0.0,trial:-1,3,False,disabled,0,0,False,raw,0,0.0,0.0,,0,False,disabled,False,raw,0.0,0.0,,,,,,,,False,0,0,0,0,0,0,0.0,0.0,0.8104169999967326,2.118667000004848,3.0538330000098313,context_reentry_interference,wrong_key_ablation,CRA,wrong_key_ablation,memory_ablation,MockSimulator,42,none,none,-1,0,0,internal,0.0,0.0,0.0,0.0,0,False,0,False,-1,1,0.1,0.2,8,8,0,raw,3,False
211,1000.0,8,8,0,8,0,0,8.228104868668638,8.228104868668638,8.228104868668638,0.0,0.0,0.036757204832963325,1.0,0.0,False,0,0,0,0,0,0.0,0.0,0.0,0.0,0.0,0,0.0,0,0,disabled,disabled,True,wrong_key,-1,3,False,raw,0,0.0,0.0,trial:-1,3,False,disabled,0,0,False,raw,0,0.0,0.0,,0,False,disabled,False,raw,0.0,0.0,,,,,,,,False,0,0,0,0,0,0,0.0,0.0,0.8067079999989346,2.5147919999994883,3.4468329999981506,context_reentry_interference,wrong_key_ablation,CRA,wrong_key_ablation,memory_ablation,MockSimulator,42,none,none,-1,0,0,internal,0.0,0.0,0.0,0.0,0,False,0,False,-1,1,0.1,0.2,8,8,0,raw,3,False
212,1000.0,8,8,0,8,0,0,8.196954066299702,8.196954066299702,8.196954066299702,0.0,0.0,0.0361600762946807,1.0,0.0,False,0,0,0,0,0,0.0,0.0,0.0,0.0,0.0,0,0.0,0,0,disabled,disabled,True,wrong_key,-1,3,False,raw,0,0.0,0.0,trial:-1,3,False,disabled,0,0,False,raw,0,0.0,0.0,,0,False,disabled,False,raw,0.0,0.0,,,,,,,,False,0,0,0,0,0,0,0.0,0.0,0.8372079999929838,2.2060000000010405,3.1818750000098817,context_reentry_interference,wrong_key_ablation,CRA,wrong_key_ablation,memory_ablation,MockSimulator,42,none,none,-1,0,0,internal,0.0,0.0,0.0,0.0,0,False,0,False,-1,1,0.1,0.2,8,8,0,raw,3,False
213,1000.0,8,8,0,8,0,0,8.165958332594489,8.165958332594489,8.165958332594489,0.0,0.0,0.0355721300159962,1.0,0.0,False,0,0,0,0,0,0.0,0.0,0.0,0.0,0.0,0,0.0,0,0,disabled,disabled,True,wrong_key,-1,3,False,raw,0,0.0,0.0,trial:-1,3,False,disabled,0,0,False,raw,0,0.0,0.0,,0,False,disabled,False,raw,0.0,0.0,,,,,,,,False,0,0,0,0,0,0,0.0,0.0,0.8152500000022656,2.172957999988512,3.117000000003145,context_reentry_interference,wrong_key_ablation,CRA,wrong_key_ablation,memory_ablation,MockSimulator,42,none,none,-1,0,0,internal,0.0,0.0,0.0,0.0,0,False,0,False,-1,1,0.1,0.2,8,8,0,raw,3,False
214,1000.0,8,8,0,8,0,0,8.135116894153713,8.135116894153713,8.135116894153713,0.0,0.0,0.034993237557941204,1.0,0.0,False,0,0,0,0,0,0.0,0.0,0.0,0.0,0.0,0,0.0,0,0,disabled,disabled,True,wrong_key,-1,3,False,raw,0,0.0,0.0,trial:-1,3,False,disabled,0,0,False,raw,0,0.0,0.0,,0,False,disabled,False,raw,0.0,0.0,,,,,,,,False,0,0,0,0,0,0,0.0,0.0,0.8119999999962602,2.1837919999967426,3.1240830000029973,context_reentry_interference,wrong_key_ablation,CRA,wrong_key_ablation,memory_ablation,MockSimulator,42,none,none,-1,0,0,internal,0.0,0.0,0.0,0.0,0,False,0,False,-1,1,0.1,0.2,8,8,0,raw,3,False
215,1000.0,8,8,0,8,0,0,8.10442898143543,8.10442898143543,8.10442898143543,0.0,0.0,0.03442327194620201,1.0,0.0,False,0,0,0,0,0,0.0,0.0,0.0,0.0,0.0,0,0.0,0,0,disabled,disabled,True,wrong_key,-1,3,False,raw,0,0.0,0.0,trial:-1,3,False,disabled,0,0,False,raw,0,0.0,0.0,,0,False,disabled,False,raw,0.0,0.0,,,,,,,,False,0,0,0,0,0,0,0.0,0.0,0.8100000000013097,2.161375000000021,3.097999999994272,context_reentry_interference,wrong_key_ablation,CRA,wrong_key_ablation,memory_ablation,MockSimulator,42,none,none,-1,0,0,internal,0.0,0.0,0.0,0.0,0,False,0,False,-1,1,0.1,0.2,8,8,0,raw,3,False
216,1000.0,8,8,0,8,0,0,8.073893828735796,8.073893828735796,8.073893828735796,0.0,0.0,0.03386210766390921,1.0,0.0,False,0,0,0,0,0,0.0,0.0,0.0,0.0,0.0,0,0.0,0,0,disabled,disabled,True,wrong_key,-1,3,False,raw,0,0.0,0.0,trial:-1,3,False,disabled,0,0,False,raw,0,0.0,0.0,,0,False,disabled,False,raw,0.0,0.0,,,,,,,,False,0,0,0,0,0,0,0.0,0.0,0.8077500000069904,2.6104159999960075,3.544375000004152,context_reentry_interference,wrong_key_ablation,CRA,wrong_key_ablation,memory_ablation,MockSimulator,42,none,none,-1,0,0,internal,0.0,0.0,0.0,0.0,0,False,0,False,-1,1,0.1,0.2,8,8,0,raw,3,False
217,1000.0,8,8,0,8,0,0,8.043510674169944,8.043510674169944,8.043510674169944,0.0,0.0,0.03330962064412964,1.0,0.0,False,0,0,0,0,0,0.0,0.0,0.0,0.0,0.0,0,0.0,0,0,disabled,disabled,True,wrong_key,-1,3,False,raw,0,0.0,0.0,trial:-1,3,False,disabled,0,0,False,raw,0,0.0,0.0,,0,False,disabled,False,raw,0.0,0.0,,,,,,,,False,0,0,0,0,0,0,0.0,0.0,0.8305000000063956,2.2544159999995372,3.2216250000089985,context_reentry_interference,wrong_key_ablation,CRA,wrong_key_ablation,memory_ablation,MockSimulator,42,none,none,-1,0,0,internal,0.0,0.0,0.0,0.0,0,False,0,False,-1,1,0.1,0.2,8,8,0,raw,3,False
218,1000.0,8,8,0,8,0,0,8.013278759652914,8.013278759652914,8.013278759652914,0.0,0.0,0.03276568826207569,1.0,0.0,False,0,0,0,0,0,0.0,0.0,0.0,0.0,0.0,0,0.0,0,0,disabled,disabled,True,wrong_key,-1,3,False,raw,0,0.0,0.0,trial:-1,3,False,disabled,0,0,False,raw,0,0.0,0.0,,0,False,disabled,False,raw,0.0,0.0,,,,,,,,False,0,0,0,0,0,0,0.0,0.0,0.9796249999993734,2.207374999997569,3.313583000007725,context_reentry_interference,wrong_key_ablation,CRA,wrong_key_ablation,memory_ablation,MockSimulator,42,none,none,-1,0,0,internal,0.0,0.0,0.0,0.0,0,False,0,False,-1,1,0.1,0.2,8,8,0,raw,3,False
219,1000.0,8,8,0,8,0,0,7.983197330880713,7.983197330880713,7.983197330880713,0.0,0.0,0.032230189327046244,1.0,0.0,False,0,0,0,0,0,0.0,0.0,0.0,0.0,0.0,0,0.0,0,0,disabled,disabled,True,wrong_key,-1,3,False,raw,0,0.0,0.0,trial:-1,3,False,disabled,0,0,False,raw,0,0.0,0.0,,0,False,disabled,False,raw,0.0,0.0,,,,,,,,False,0,0,0,0,0,0,0.0,0.0,0.810708999992471,2.1989580000081332,3.1362920000077565,context_reentry_interference,wrong_key_ablation,CRA,wrong_key_ablation,memory_ablation,MockSimulator,42,none,none,-1,0,0,internal,0.0,0.0,0.0,0.0,0,False,0,False,-1,1,0.1,0.2,8,8,0,raw,3,False
220,1000.0,8,8,0,8,0,0,7.953265637311454,7.953265637311454,7.953265637311454,0.0,0.0,0.031703004074113146,1.0,0.0,False,0,0,0,0,0,0.0,0.0,0.0,0.0,0.0,0,0.0,0,0,disabled,disabled,True,wrong_key,-1,3,False,raw,0,0.0,0.0,trial:-1,3,False,disabled,0,0,False,raw,0,0.0,0.0,,0,False,disabled,False,raw,0.0,0.0,,,,,,,,False,0,0,0,0,0,0,0.0,0.0,0.8077909999997246,2.2001250000016626,3.1328330000093274,context_reentry_interference,wrong_key_ablation,CRA,wrong_key_ablation,memory_ablation,MockSimulator,42,none,none,-1,0,0,internal,0.0,0.0,0.0,0.0,0,False,0,False,-1,1,0.1,0.2,8,8,0,raw,3,False
221,1000.0,8,8,0,8,0,0,7.923482932146594,7.923482932146594,7.923482932146594,0.0,0.0,0.031184014155566552,1.0,0.0,False,0,0,0,0,0,0.0,0.0,0.0,0.0,0.0,0,0.0,0,0,disabled,disabled,True,wrong_key,-1,3,False,raw,0,0.0,0.0,trial:-1,3,False,disabled,0,0,False,raw,0,0.0,0.0,,0,False,disabled,False,raw,0.0,0.0,,,,,,,,False,0,0,0,0,0,0,0.0,0.0,1.0147079999995867,2.506999999994264,3.645750000004,context_reentry_interference,wrong_key_ablation,CRA,wrong_key_ablation,memory_ablation,MockSimulator,42,none,none,-1,0,0,internal,0.0,0.0,0.0,0.0,0,False,0,False,-1,1,0.1,0.2,8,8,0,raw,3,False
222,1000.0,8,8,0,8,0,0,7.893848472312261,7.893848472312261,7.893848472312261,0.0,0.0,0.030673102632132177,1.0,0.0,False,0,0,0,0,0,0.0,0.0,0.0,0.0,0.0,0,0.0,0,0,disabled,disabled,True,wrong_key,-1,3,False,raw,0,0.0,0.0,trial:-1,3,False,disabled,0,0,False,raw,0,0.0,0.0,,0,False,disabled,False,raw,0.0,0.0,,,,,,,,False,0,0,0,0,0,0,0.0,0.0,0.8381250000013551,2.282792000002587,3.257790999995791,context_reentry_interference,wrong_key_ablation,CRA,wrong_key_ablation,memory_ablation,MockSimulator,42,none,none,-1,0,0,internal,0.0,0.0,0.0,0.0,0,False,0,False,-1,1,0.1,0.2,8,8,0,raw,3,False
223,1000.0,8,8,0,8,0,0,7.864361518440679,7.864361518440679,7.864361518440679,0.0,0.0,0.03017015396397295,1.0,0.0,False,0,0,0,0,0,0.0,0.0,0.0,0.0,0.0,0,0.0,0,0,disabled,disabled,True,wrong_key,-1,3,False,raw,0,0.0,0.0,trial:-1,3,False,disabled,0,0,False,raw,0,0.0,0.0,,0,False,disabled,False,raw,0.0,0.0,,,,,,,,False,0,0,0,0,0,0,0.0,0.0,0.8123329999989437,2.2372919999895657,3.1776659999991352,context_reentry_interference,wrong_key_ablation,CRA,wrong_key_ablation,memory_ablation,MockSimulator,42,none,none,-1,0,0,internal,0.0,0.0,0.0,0.0,0,False,0,False,-1,1,0.1,0.2,8,8,0,raw,3,False
224,1000.0,8,8,0,8,0,0,7.835021334851689,7.835021334851689,7.835021334851689,0.0,0.0,0.02967505400148724,1.0,0.0,False,0,0,0,0,0,0.0,0.0,0.0,0.0,0.0,0,0.0,0,0,disabled,disabled,True,wrong_key,-1,3,False,raw,0,0.0,0.0,trial:-1,3,False,disabled,0,0,False,raw,0,0.0,0.0,,0,False,disabled,False,raw,0.0,0.0,,,,,,,,False,0,0,0,0,0,0,0.0,0.0,0.8118749999965758,2.2723330000076203,3.2102920000056656,context_reentry_interference,wrong_key_ablation,CRA,wrong_key_ablation,memory_ablation,MockSimulator,42,none,none,-1,0,0,internal,0.0,0.0,0.0,0.0,0,False,0,False,-1,1,0.1,0.2,8,8,0,raw,3,False
225,1000.0,8,8,0,8,0,0,7.8058271895343445,7.8058271895343445,7.8058271895343445,0.0,0.0,0.02918768997591537,1.0,0.0,False,0,0,0,0,0,0.0,0.0,0.0,0.0,0.0,0,0.0,0,0,disabled,disabled,True,wrong_key,-1,3,False,raw,0,0.0,0.0,trial:-1,3,False,disabled,0,0,False,raw,0,0.0,0.0,,0,False,disabled,False,raw,0.0,0.0,,,,,,,,False,0,0,0,0,0,0,0.0,0.0,0.8110840000057351,2.2579160000049114,3.194457999995848,context_reentry_interference,wrong_key_ablation,CRA,wrong_key_ablation,memory_ablation,MockSimulator,42,none,none,-1,0,0,internal,0.0,0.0,0.0,0.0,0,False,0,False,-1,1,0.1,0.2,8,8,0,raw,3,False
226,1000.0,8,8,0,8,0,0,7.776778354128624,7.776778354128624,7.776778354128624,0.0,0.0,0.028707950489765776,1.0,0.0,False,0,0,0,0,0,0.0,0.0,0.0,0.0,0.0,0,0.0,0,0,disabled,disabled,True,wrong_key,-1,3,False,raw,0,0.0,0.0,trial:-1,3,False,disabled,0,0,False,raw,0,0.0,0.0,,0,False,disabled,False,raw,0.0,0.0,,,,,,,,False,0,0,0,0,0,0,0.0,0.0,0.9281250000015007,2.5079169999884243,3.597249999998553,context_reentry_interference,wrong_key_ablation,CRA,wrong_key_ablation,memory_ablation,MockSimulator,42,none,none,-1,0,0,internal,0.0,0.0,0.0,0.0,0,False,0,False,-1,1,0.1,0.2,8,8,0,raw,3,False
227,1000.0,8,8,0,8,0,0,7.747874103907215,7.747874103907215,7.747874103907215,0.0,0.0,0.028235725507071804,1.0,0.0,False,0,0,0,0,0,0.0,0.0,0.0,0.0,0.0,0,0.0,0,0,disabled,disabled,True,wrong_key,-1,3,False,raw,0,0.0,0.0,trial:-1,3,False,disabled,0,0,False,raw,0,0.0,0.0,,0,False,disabled,False,raw,0.0,0.0,,,,,,,,False,0,0,0,0,0,0,0.0,0.0,0.8255829999939124,2.309917000005157,3.2701669999966043,context_reentry_interference,wrong_key_ablation,CRA,wrong_key_ablation,memory_ablation,MockSimulator,42,none,none,-1,0,0,internal,0.0,0.0,0.0,0.0,0,False,0,False,-1,1,0.1,0.2,8,8,0,raw,3,False
228,1000.0,8,8,0,8,0,0,7.719113717757396,7.719113717757396,7.719113717757396,0.0,0.0,0.027770906343489683,1.0,0.0,False,0,0,0,0,0,0.0,0.0,0.0,0.0,0.0,0,0.0,0,0,disabled,disabled,True,wrong_key,-1,3,False,raw,0,0.0,0.0,trial:-1,3,False,disabled,0,0,False,raw,0,0.0,0.0,,0,False,disabled,False,raw,0.0,0.0,,,,,,,,False,0,0,0,0,0,0,0.0,0.0,0.8180839999880618,2.289708000006385,3.2352080000066508,context_reentry_interference,wrong_key_ablation,CRA,wrong_key_ablation,memory_ablation,MockSimulator,42,none,none,-1,0,0,internal,0.0,0.0,0.0,0.0,0,False,0,False,-1,1,0.1,0.2,8,8,0,raw,3,False
229,1000.0,8,8,0,8,0,0,7.690496478163011,7.690496478163011,7.690496478163011,0.0,0.0,0.027313385656248017,1.0,0.0,False,0,0,0,0,0,0.0,0.0,0.0,0.0,0.0,0,0.0,0,0,disabled,disabled,True,wrong_key,-1,3,False,raw,0,0.0,0.0,trial:-1,3,False,disabled,0,0,False,raw,0,0.0,0.0,,0,False,disabled,False,raw,0.0,0.0,,,,,,,,False,0,0,0,0,0,0,0.0,0.0,0.8045419999973547,2.298917000004508,3.229332999993062,context_reentry_interference,wrong_key_ablation,CRA,wrong_key_ablation,memory_ablation,MockSimulator,42,none,none,-1,0,0,internal,0.0,0.0,0.0,0.0,0,False,0,False,-1,1,0.1,0.2,8,8,0,raw,3,False
230,1000.0,8,8,0,8,0,0,7.66202167118653,7.66202167118653,7.66202167118653,0.0,0.0,0.02686305743395862,1.0,0.0,False,0,0,0,0,0,0.0,0.0,0.0,0.0,0.0,0,0.0,0,0,disabled,disabled,True,wrong_key,-1,3,False,raw,0,0.0,0.0,trial:-1,3,False,disabled,0,0,False,raw,0,0.0,0.0,,0,False,disabled,False,raw,0.0,0.0,,,,,,,,False,0,0,0,0,0,0,0.0,0.0,0.8138330000093674,2.5574999999946613,3.4992500000043947,context_reentry_interference,wrong_key_ablation,CRA,wrong_key_ablation,memory_ablation,MockSimulator,42,none,none,-1,0,0,internal,0.0,0.0,0.0,0.0,0,False,0,False,-1,1,0.1,0.2,8,8,0,raw,3,False
231,1000.0,8,8,0,8,0,0,7.633688586451202,7.633688586451202,7.633688586451202,0.0,0.0,0.026419816986298302,1.0,0.0,False,0,0,0,0,0,0.0,0.0,0.0,0.0,0.0,0,0.0,0,0,disabled,disabled,True,wrong_key,-1,3,False,raw,0,0.0,0.0,trial:-1,3,False,disabled,0,0,False,raw,0,0.0,0.0,,0,False,disabled,False,raw,0.0,0.0,,,,,,,,False,0,0,0,0,0,0,0.0,0.0,0.8698750000064592,2.5403329999988955,3.551666999996428,context_reentry_interference,wrong_key_ablation,CRA,wrong_key_ablation,memory_ablation,MockSimulator,42,none,none,-1,0,0,internal,0.0,0.0,0.0,0.0,0,False,0,False,-1,1,0.1,0.2,8,8,0,raw,3,False
232,1000.0,8,8,0,8,0,0,7.605496517123293,7.605496517123293,7.605496517123293,0.0,0.0,0.025983560933570814,1.0,0.0,False,0,0,0,0,0,0.0,0.0,0.0,0.0,0.0,0,0.0,0,0,disabled,disabled,True,wrong_key,-1,3,False,raw,0,0.0,0.0,trial:-1,3,False,disabled,0,0,False,raw,0,0.0,0.0,,0,False,disabled,False,raw,0.0,0.0,,,,,,,,False,0,0,0,0,0,0,0.0,0.0,0.8164159999921594,2.315000000010059,3.263958999994543,context_reentry_interference,wrong_key_ablation,CRA,wrong_key_ablation,memory_ablation,MockSimulator,42,none,none,-1,0,0,internal,0.0,0.0,0.0,0.0,0,False,0,False,-1,1,0.1,0.2,8,8,0,raw,3,False
233,1000.0,8,8,0,8,0,0,7.577444759894419,7.577444759894419,7.577444759894419,0.0,0.0,0.025554187196157905,1.0,0.0,False,0,0,0,0,0,0.0,0.0,0.0,0.0,0.0,0,0.0,0,0,disabled,disabled,True,wrong_key,-1,3,False,raw,0,0.0,0.0,trial:-1,3,False,disabled,0,0,False,raw,0,0.0,0.0,,0,False,disabled,False,raw,0.0,0.0,,,,,,,,False,0,0,0,0,0,0,0.0,0.0,0.8067910000022493,2.486583999996128,3.418707999998105,context_reentry_interference,wrong_key_ablation,CRA,wrong_key_ablation,memory_ablation,MockSimulator,42,none,none,-1,0,0,internal,0.0,0.0,0.0,0.0,0,False,0,False,-1,1,0.1,0.2,8,8,0,raw,3,False
234,1000.0,8,8,0,8,0,0,7.549532614963959,7.549532614963959,7.549532614963959,0.0,0.0,0.025131594983868084,1.0,0.0,False,0,0,0,0,0,0.0,0.0,0.0,0.0,0.0,0,0.0,0,0,disabled,disabled,True,wrong_key,-1,3,False,raw,0,0.0,0.0,trial:-1,3,False,disabled,0,0,False,raw,0,0.0,0.0,,0,False,disabled,False,raw,0.0,0.0,,,,,,,,False,0,0,0,0,0,0,0.0,0.0,0.9018749999967213,2.5927089999981945,3.6344159999970316,context_reentry_interference,wrong_key_ablation,CRA,wrong_key_ablation,memory_ablation,MockSimulator,42,none,none,-1,0,0,internal,0.0,0.0,0.0,0.0,0,False,0,False,-1,1,0.1,0.2,8,8,0,raw,3,False
235,1000.0,8,8,0,8,0,0,7.521759386021562,7.521759386021562,7.521759386021562,0.0,0.0,0.024715684785191393,1.0,0.0,False,0,0,0,0,0,0.0,0.0,0.0,0.0,0.0,0,0.0,0,0,disabled,disabled,True,wrong_key,-1,3,False,raw,0,0.0,0.0,trial:-1,3,False,disabled,0,0,False,raw,0,0.0,0.0,,0,False,disabled,False,raw,0.0,0.0,,,,,,,,False,0,0,0,0,0,0,0.0,0.0,0.8998750000017708,2.908333999997126,3.948958000009384,context_reentry_interference,wrong_key_ablation,CRA,wrong_key_ablation,memory_ablation,MockSimulator,42,none,none,-1,0,0,internal,0.0,0.0,0.0,0.0,0,False,0,False,-1,1,0.1,0.2,8,8,0,raw,3,False
236,1000.0,8,8,0,8,0,0,7.4941243802297395,7.4941243802297395,7.4941243802297395,0.0,0.0,0.024306358356468223,1.0,0.0,False,0,0,0,0,0,0.0,0.0,0.0,0.0,0.0,0,0.0,0,0,disabled,disabled,True,wrong_key,-1,3,False,raw,0,0.0,0.0,trial:-1,3,False,disabled,0,0,False,raw,0,0.0,0.0,,0,False,disabled,False,raw,0.0,0.0,,,,,,,,False,0,0,0,0,0,0,0.0,0.0,0.8659590000092976,2.43195800000251,3.4512499999976853,context_reentry_interference,wrong_key_ablation,CRA,wrong_key_ablation,memory_ablation,MockSimulator,42,none,none,-1,0,0,internal,0.0,0.0,0.0,0.0,0,False,0,False,-1,1,0.1,0.2,8,8,0,raw,3,False
237,1000.0,8,8,0,8,0,0,7.466626908206545,7.466626908206545,7.466626908206545,0.0,0.0,0.023903518710979902,1.0,0.0,False,0,0,0,0,0,0.0,0.0,0.0,0.0,0.0,0,0.0,0,0,disabled,disabled,True,wrong_key,-1,3,False,raw,0,0.0,0.0,trial:-1,3,False,disabled,0,0,False,raw,0,0.0,0.0,,0,False,disabled,False,raw,0.0,0.0,,,,,,,,False,0,0,0,0,0,0,0.0,0.0,0.8134170000033691,2.354166000003488,3.299499999997124,context_reentry_interference,wrong_key_ablation,CRA,wrong_key_ablation,memory_ablation,MockSimulator,42,none,none,-1,0,0,internal,0.0,0.0,0.0,0.0,0,False,0,False,-1,1,0.1,0.2,8,8,0,raw,3,False
238,1000.0,8,8,0,8,0,0,7.439266284008338,7.439266284008338,7.439266284008338,0.0,0.0,0.023507070107968528,1.0,0.0,False,0,0,0,0,0,0.0,0.0,0.0,0.0,0.0,0,0.0,0,0,disabled,disabled,True,wrong_key,-1,3,False,raw,0,0.0,0.0,trial:-1,3,False,disabled,0,0,False,raw,0,0.0,0.0,,0,False,disabled,False,raw,0.0,0.0,,,,,,,,False,0,0,0,0,0,0,0.0,0.0,0.8275419999961287,2.4199159999938047,3.3726659999899766,context_reentry_interference,wrong_key_ablation,CRA,wrong_key_ablation,memory_ablation,MockSimulator,42,none,none,-1,0,0,internal,0.0,0.0,0.0,0.0,0,False,0,False,-1,1,0.1,0.2,8,8,0,raw,3,False
239,1000.0,8,8,0,8,0,0,7.412041825112634,7.412041825112634,7.412041825112634,0.0,0.0,0.023116918041593215,1.0,0.0,False,0,0,0,0,0,0.0,0.0,0.0,0.0,0.0,0,0.0,0,0,disabled,disabled,True,wrong_key,-1,3,False,raw,0,0.0,0.0,trial:-1,3,False,disabled,0,0,False,raw,0,0.0,0.0,,0,False,disabled,False,raw,0.0,0.0,,,,,,,,False,0,0,0,0,0,0,0.0,0.0,0.8120420000068407,2.3699169999957803,3.3096669999963524,context_reentry_interference,wrong_key_ablation,CRA,wrong_key_ablation,memory_ablation,MockSimulator,42,none,none,-1,0,0,internal,0.0,0.0,0.0,0.0,0,False,0,False,-1,1,0.1,0.2,8,8,0,raw,3,False
240,1000.0,8,8,0,8,0,0,7.384952852401045,7.384952852401045,7.384952852401045,0.0,0.0,0.02273296922982973,1.0,0.0,False,0,0,0,0,0,0.0,0.0,0.0,0.0,0.0,0,0.0,0,0,disabled,disabled,True,wrong_key,-1,3,False,raw,0,0.0,0.0,trial:-1,3,False,disabled,0,0,False,raw,0,0.0,0.0,,0,False,disabled,False,raw,0.0,0.0,,,,,,,,False,0,0,0,0,0,0,0.0,0.0,0.9952919999989263,2.5703750000047876,3.7606669999945552,context_reentry_interference,wrong_key_ablation,CRA,wrong_key_ablation,memory_ablation,MockSimulator,42,none,none,-1,0,0,internal,0.0,0.0,0.0,0.0,0,False,0,False,-1,1,0.1,0.2,8,8,0,raw,3,False
241,1000.0,8,8,0,8,0,0,7.357998690142301,7.357998690142301,7.357998690142301,0.0,0.0,0.022355131603320148,1.0,0.0,False,0,0,0,0,0,0.0,0.0,0.0,0.0,0.0,0,0.0,0,0,disabled,disabled,True,wrong_key,-1,3,False,raw,0,0.0,0.0,trial:-1,3,False,disabled,0,0,False,raw,0,0.0,0.0,,0,False,disabled,False,raw,0.0,0.0,,,,,,,,False,0,0,0,0,0,0,0.0,0.0,0.816624999998794,2.398792000008143,3.3477499999889915,context_reentry_interference,wrong_key_ablation,CRA,wrong_key_ablation,memory_ablation,MockSimulator,42,none,none,-1,0,0,internal,0.0,0.0,0.0,0.0,0,False,0,False,-1,1,0.1,0.2,8,8,0,raw,3,False
242,1000.0,8,8,0,8,0,0,7.331178665975353,7.331178665975353,7.331178665975353,0.0,0.0,0.021983314294179015,1.0,0.0,False,0,0,0,0,0,0.0,0.0,0.0,0.0,0.0,0,0.0,0,0,disabled,disabled,True,wrong_key,-1,3,False,raw,0,0.0,0.0,trial:-1,3,False,disabled,0,0,False,raw,0,0.0,0.0,,0,False,disabled,False,raw,0.0,0.0,,,,,,,,False,0,0,0,0,0,0,0.0,0.0,0.8110419999951546,2.38508299999296,3.323125000008531,context_reentry_interference,wrong_key_ablation,CRA,wrong_key_ablation,memory_ablation,MockSimulator,42,none,none,-1,0,0,internal,0.0,0.0,0.0,0.0,0,False,0,False,-1,1,0.1,0.2,8,8,0,raw,3,False
243,1000.0,8,8,0,8,0,0,7.304492110892569,7.304492110892569,7.304492110892569,0.0,0.0,0.021617427624762202,1.0,0.0,False,0,0,0,0,0,0.0,0.0,0.0,0.0,0.0,0,0.0,0,0,disabled,disabled,True,wrong_key,-1,3,False,raw,0,0.0,0.0,trial:-1,3,False,disabled,0,0,False,raw,0,0.0,0.0,,0,False,disabled,False,raw,0.0,0.0,,,,,,,,False,0,0,0,0,0,0,0.0,0.0,0.8124170000058939,2.389915999998493,3.3312500000022283,context_reentry_interference,wrong_key_ablation,CRA,wrong_key_ablation,memory_ablation,MockSimulator,42,none,none,-1,0,0,internal,0.0,0.0,0.0,0.0,0,False,0,False,-1,1,0.1,0.2,8,8,0,raw,3,False
244,1000.0,8,8,0,8,0,0,7.277938359223004,7.277938359223004,7.277938359223004,0.0,0.0,0.02125738309640439,1.0,0.0,False,0,0,0,0,0,0.0,0.0,0.0,0.0,0.0,0,0.0,0,0,disabled,disabled,True,wrong_key,-1,3,False,raw,0,0.0,0.0,trial:-1,3,False,disabled,0,0,False,raw,0,0.0,0.0,,0,False,disabled,False,raw,0.0,0.0,,,,,,,,False,0,0,0,0,0,0,0.0,0.0,0.808250000005728,2.736041999995109,3.672292000004518,context_reentry_interference,wrong_key_ablation,CRA,wrong_key_ablation,memory_ablation,MockSimulator,42,none,none,-1,0,0,internal,0.0,0.0,0.0,0.0,0,False,0,False,-1,1,0.1,0.2,8,8,0,raw,3,False
245,1000.0,8,8,0,8,0,0,7.251516748615762,7.251516748615762,7.251516748615762,0.0,0.0,0.020903093378130982,1.0,0.0,False,0,0,0,0,0,0.0,0.0,0.0,0.0,0.0,0,0.0,0,0,disabled,disabled,True,wrong_key,-1,3,False,raw,0,0.0,0.0,trial:-1,3,False,disabled,0,0,False,raw,0,0.0,0.0,,0,False,disabled,False,raw,0.0,0.0,,,,,,,,False,0,0,0,0,0,0,0.0,0.0,0.8946250000008149,2.488374999998655,3.5270839999981263,context_reentry_interference,wrong_key_ablation,CRA,wrong_key_ablation,memory_ablation,MockSimulator,42,none,none,-1,0,0,internal,0.0,0.0,0.0,0.0,0,False,0,False,-1,1,0.1,0.2,8,8,0,raw,3,False
246,1000.0,8,8,0,8,0,0,7.2252266200234345,7.2252266200234345,7.2252266200234345,0.0,0.0,0.02055447229534995,1.0,0.0,False,0,0,0,0,0,0.0,0.0,0.0,0.0,0.0,0,0.0,0,0,disabled,disabled,True,wrong_key,-1,3,False,raw,0,0.0,0.0,trial:-1,3,False,disabled,0,0,False,raw,0,0.0,0.0,,0,False,disabled,False,raw,0.0,0.0,,,,,,,,False,0,0,0,0,0,0,0.0,0.0,0.8159999999861611,2.455667000006656,3.40029199999492,context_reentry_interference,wrong_key_ablation,CRA,wrong_key_ablation,memory_ablation,MockSimulator,42,none,none,-1,0,0,internal,0.0,0.0,0.0,0.0,0,False,0,False,-1,1,0.1,0.2,8,8,0,raw,3,False
247,1000.0,8,8,0,8,0,0,7.199067317685627,7.199067317685627,7.199067317685627,0.0,0.0,0.020211434818528908,1.0,0.0,False,0,0,0,0,0,0.0,0.0,0.0,0.0,0.0,0,0.0,0,0,disabled,disabled,True,wrong_key,-1,3,False,raw,0,0.0,0.0,trial:-1,3,False,disabled,0,0,False,raw,0,0.0,0.0,,0,False,disabled,False,raw,0.0,0.0,,,,,,,,False,0,0,0,0,0,0,0.0,0.0,0.8064160000031961,2.4332499999957236,3.366208000002757,context_reentry_interference,wrong_key_ablation,CRA,wrong_key_ablation,memory_ablation,MockSimulator,42,none,none,-1,0,0,internal,0.0,0.0,0.0,0.0,0,False,0,False,-1,1,0.1,0.2,8,8,0,raw,3,False
248,1000.0,8,8,0,8,0,0,7.173038189112559,7.173038189112559,7.173038189112559,0.0,0.0,0.019873897051862568,1.0,0.0,False,0,0,0,0,0,0.0,0.0,0.0,0.0,0.0,0,0.0,0,0,disabled,disabled,True,wrong_key,-1,3,False,raw,0,0.0,0.0,trial:-1,3,False,disabled,0,0,False,raw,0,0.0,0.0,,0,False,disabled,False,raw,0.0,0.0,,,,,,,,False,0,0,0,0,0,0,0.0,0.0,0.808833999997205,2.430208000006928,3.3648749999883876,context_reentry_interference,wrong_key_ablation,CRA,wrong_key_ablation,memory_ablation,MockSimulator,42,none,none,-1,0,0,internal,0.0,0.0,0.0,0.0,0,False,0,False,-1,1,0.1,0.2,8,8,0,raw,3,False
249,1000.0,8,8,0,8,0,0,7.147138585068763,7.147138585068763,7.147138585068763,0.0,0.0,0.019541776221935467,1.0,0.0,False,0,0,0,0,0,0.0,0.0,0.0,0.0,0.0,0,0.0,0,0,disabled,disabled,True,wrong_key,-1,3,False,raw,0,0.0,0.0,trial:-1,3,False,disabled,0,0,False,raw,0,0.0,0.0,,0,False,disabled,False,raw,0.0,0.0,,,,,,,,False,0,0,0,0,0,0,0.0,0.0,0.8720419999974638,3.0250410000007832,4.023416999999085,context_reentry_interference,wrong_key_ablation,CRA,wrong_key_ablation,memory_ablation,MockSimulator,42,none,none,-1,0,0,internal,0.0,0.0,0.0,0.0,0,False,0,False,-1,1,0.1,0.2,8,8,0,raw,3,False
250,1000.0,8,8,0,8,0,0,7.121367859556841,7.121367859556841,7.121367859556841,0.0,0.0,0.019214990666384706,1.0,0.0,False,0,0,0,0,0,0.0,0.0,0.0,0.0,0.0,0,0.0,0,0,disabled,disabled,True,wrong_key,-1,3,False,raw,0,0.0,0.0,trial:-1,3,False,disabled,0,0,False,raw,0,0.0,0.0,,0,False,disabled,False,raw,0.0,0.0,,,,,,,,False,0,0,0,0,0,0,0.0,0.0,0.9289999999992915,2.785875000000715,3.8668749999999363,context_reentry_interference,wrong_key_ablation,CRA,wrong_key_ablation,memory_ablation,MockSimulator,42,none,none,-1,0,0,internal,0.0,0.0,0.0,0.0,0,False,0,False,-1,1,0.1,0.2,8,8,0,raw,3,False
251,1000.0,8,8,0,8,0,0,7.095725369801323,7.095725369801323,7.095725369801323,0.0,0.0,0.0188934598225672,1.0,0.0,False,0,0,0,0,0,0.0,0.0,0.0,0.0,0.0,0,0.0,0,0,disabled,disabled,True,wrong_key,-1,3,False,raw,0,0.0,0.0,trial:-1,3,False,disabled,0,0,False,raw,0,0.0,0.0,,0,False,disabled,False,raw,0.0,0.0,,,,,,,,False,0,0,0,0,0,0,0.0,0.0,0.9109169999987898,2.803291000006425,3.856458999990764,context_reentry_interference,wrong_key_ablation,CRA,wrong_key_ablation,memory_ablation,MockSimulator,42,none,none,-1,0,0,internal,0.0,0.0,0.0,0.0,0,False,0,False,-1,1,0.1,0.2,8,8,0,raw,3,False
252,1000.0,8,8,0,8,0,0,7.070210476232593,7.070210476232593,7.070210476232593,-1.8803074186574446e-06,-1.880307418435847e-05,0.018577104216235842,1.0,-1.8803074186574446e-06,False,0,0,0,0,0,0.0,0.0,0.0,0.0,0.0,0,0.0,0,0,disabled,disabled,True,wrong_key,-1,3,True,internal_wrong_key_context,-1,-0.01,-0.01,phase:B,3,False,disabled,0,0,False,raw,0,-0.01,-0.01,,0,False,disabled,False,raw,-0.01,-0.01,,,,,,,,False,0,0,0,0,0,0,0.0,0.0,0.903375000007145,2.8164999999944484,3.861708000002295,context_reentry_interference,wrong_key_ablation,CRA,wrong_key_ablation,memory_ablation,MockSimulator,42,decision,B_decision,5,-1,-1,internal,-0.01,-0.01,0.01,0.01,1,True,-1,False,252,1,0.1,0.2,8,8,-1,internal_wrong_key_context,3,True
253,1000.0,8,8,0,8,0,0,7.044822542470903,7.044822542470903,7.044822542470903,0.0,0.0,0.01826584545022871,1.0,0.0,False,0,0,0,0,0,0.0,0.0,0.0,0.0,0.0,0,0.0,0,0,disabled,disabled,True,wrong_key,-1,3,False,raw,0,0.0,0.0,trial:-1,3,False,disabled,0,0,False,raw,0,0.0,0.0,,0,False,disabled,False,raw,0.0,0.0,,,,,,,,False,0,0,0,0,0,0,0.0,0.0,0.9006659999926114,3.105750000003127,4.148334000007026,context_reentry_interference,wrong_key_ablation,CRA,wrong_key_ablation,memory_ablation,MockSimulator,42,none,none,-1,0,0,internal,0.0,0.0,0.0,0.0,0,False,0,False,-1,1,0.1,0.2,8,8,0,raw,3,False
254,1000.0,8,8,0,8,0,0,7.019560935310461,7.019560935310461,7.019560935310461,0.0,0.0,0.01795960619317537,1.0,0.0,False,0,0,0,0,0,0.0,0.0,0.0,0.0,0.0,0,0.0,0,0,disabled,disabled,True,wrong_key,-1,3,False,raw,0,0.0,0.0,trial:-1,3,False,disabled,0,0,False,raw,0,0.0,0.0,,0,False,disabled,False,raw,0.0,0.0,,,,,,,,False,0,0,0,0,0,0,0.0,0.0,0.9400830000032556,2.848166999996238,3.9417920000062168,context_reentry_interference,wrong_key_ablation,CRA,wrong_key_ablation,memory_ablation,MockSimulator,42,none,none,-1,0,0,internal,0.0,0.0,0.0,0.0,0,False,0,False,-1,1,0.1,0.2,8,8,0,raw,3,False
255,1000.0,8,8,0,8,0,0,6.994425024703603,6.994425024703603,6.994425024703603,0.0,0.0,0.017658310168224074,1.0,0.0,False,0,0,0,0,0,0.0,0.0,0.0,0.0,0.0,0,0.0,0,0,disabled,disabled,True,wrong_key,-1,3,False,raw,0,0.0,0.0,trial:-1,3,False,disabled,0,0,False,raw,0,0.0,0.0,,0,False,disabled,False,raw,0.0,0.0,,,,,,,,False,0,0,0,0,0,0,0.0,0.0,0.9062909999926205,2.8235420000015665,3.8704580000086253,context_reentry_interference,wrong_key_ablation,CRA,wrong_key_ablation,memory_ablation,MockSimulator,42,none,none,-1,0,0,internal,0.0,0.0,0.0,0.0,0,False,0,False,-1,1,0.1,0.2,8,8,0,raw,3,False
256,1000.0,8,8,0,8,0,0,6.969414183745038,6.969414183745038,6.969414183745038,0.0,0.0,0.017361882141793555,1.0,0.0,False,0,0,0,0,0,0.0,0.0,0.0,0.0,0.0,0,0.0,0,0,disabled,disabled,True,wrong_key,-1,3,False,raw,0,0.0,0.0,trial:-1,3,False,disabled,0,0,False,raw,0,0.0,0.0,,0,False,disabled,False,raw,0.0,0.0,,,,,,,,False,0,0,0,0,0,0,0.0,0.0,0.907125000011888,2.9169999999965057,3.9676660000083075,context_reentry_interference,wrong_key_ablation,CRA,wrong_key_ablation,memory_ablation,MockSimulator,42,none,none,-1,0,0,internal,0.0,0.0,0.0,0.0,0,False,0,False,-1,1,0.1,0.2,8,8,0,raw,3,False
257,1000.0,8,8,0,8,0,0,6.944527788656182,6.944527788656182,6.944527788656182,0.0,0.0,0.01707024791235297,1.0,0.0,False,0,0,0,0,0,0.0,0.0,0.0,0.0,0.0,0,0.0,0,0,disabled,disabled,True,wrong_key,-1,3,False,raw,0,0.0,0.0,trial:-1,3,False,disabled,0,0,False,raw,0,0.0,0.0,,0,False,disabled,False,raw,0.0,0.0,,,,,,,,False,0,0,0,0,0,0,0.0,0.0,0.949833000007061,2.9059579999994867,4.012500000001751,context_reentry_interference,wrong_key_ablation,CRA,wrong_key_ablation,memory_ablation,MockSimulator,42,none,none,-1,0,0,internal,0.0,0.0,0.0,0.0,0,False,0,False,-1,1,0.1,0.2,8,8,0,raw,3,False
258,1000.0,8,8,0,8,0,0,6.919765218769555,6.919765218769555,6.919765218769555,0.0,0.0,0.016783334299233295,1.0,0.0,False,0,0,0,0,0,0.0,0.0,0.0,0.0,0.0,0,0.0,0,0,disabled,disabled,True,wrong_key,-1,3,False,raw,0,0.0,0.0,trial:-1,3,False,disabled,0,0,False,raw,0,0.0,0.0,,0,False,disabled,False,raw,0.0,0.0,,,,,,,,False,0,0,0,0,0,0,0.0,0.0,0.8164999999991096,2.5265000000018745,3.4754579999969337,context_reentry_interference,wrong_key_ablation,CRA,wrong_key_ablation,memory_ablation,MockSimulator,42,none,none,-1,0,0,internal,0.0,0.0,0.0,0.0,0,False,0,False,-1,1,0.1,0.2,8,8,0,raw,3,False
259,1000.0,8,8,0,8,0,0,6.895125856513272,6.895125856513272,6.895125856513272,0.0,0.0,0.01650106913147346,1.0,0.0,False,0,0,0,0,0,0.0,0.0,0.0,0.0,0.0,0,0.0,0,0,disabled,disabled,True,wrong_key,-1,3,False,raw,0,0.0,0.0,trial:-1,3,False,disabled,0,0,False,raw,0,0.0,0.0,,0,False,disabled,False,raw,0.0,0.0,,,,,,,,False,0,0,0,0,0,0,0.0,0.0,0.8129160000009961,2.527624999999034,3.4660419999994474,context_reentry_interference,wrong_key_ablation,CRA,wrong_key_ablation,memory_ablation,MockSimulator,42,none,none,-1,0,0,internal,0.0,0.0,0.0,0.0,0,False,0,False,-1,1,0.1,0.2,8,8,0,raw,3,False
260,1000.0,8,8,0,8,0,0,6.870609087395598,6.870609087395598,6.870609087395598,0.0,0.0,0.01622338123670433,1.0,0.0,False,0,0,0,0,0,0.0,0.0,0.0,0.0,0.0,0,0.0,0,0,disabled,disabled,True,wrong_key,-1,3,False,raw,0,0.0,0.0,trial:-1,3,False,disabled,0,0,False,raw,0,0.0,0.0,,0,False,disabled,False,raw,0.0,0.0,,,,,,,,False,0,0,0,0,0,0,0.0,0.0,0.8093329999923071,2.554541999998605,3.489040999994586,context_reentry_interference,wrong_key_ablation,CRA,wrong_key_ablation,memory_ablation,MockSimulator,42,none,none,-1,0,0,internal,0.0,0.0,0.0,0.0,0,False,0,False,-1,1,0.1,0.2,8,8,0,raw,3,False
261,1000.0,8,8,0,8,0,0,6.84621429998959,6.84621429998959,6.84621429998959,0.0,0.0,0.015950200430073374,1.0,0.0,False,0,0,0,0,0,0.0,0.0,0.0,0.0,0.0,0,0.0,0,0,disabled,disabled,True,wrong_key,-1,3,False,raw,0,0.0,0.0,trial:-1,3,False,disabled,0,0,False,raw,0,0.0,0.0,,0,False,disabled,False,raw,0.0,0.0,,,,,,,,False,0,0,0,0,0,0,0.0,0.0,0.8117500000111022,2.8949169999918922,3.8331669999962514,context_reentry_interference,wrong_key_ablation,CRA,wrong_key_ablation,memory_ablation,MockSimulator,42,none,none,-1,0,0,internal,0.0,0.0,0.0,0.0,0,False,0,False,-1,1,0.1,0.2,8,8,0,raw,3,False
262,1000.0,8,8,0,8,0,0,6.821940885917809,6.821940885917809,6.821940885917809,0.0,0.0,0.015681457503212974,1.0,0.0,False,0,0,0,0,0,0.0,0.0,0.0,0.0,0.0,0,0.0,0,0,disabled,disabled,True,wrong_key,-1,3,False,raw,0,0.0,0.0,trial:-1,3,False,disabled,0,0,False,raw,0,0.0,0.0,,0,False,disabled,False,raw,0.0,0.0,,,,,,,,False,0,0,0,0,0,0,0.0,0.0,0.8963749999963966,2.6622080000038295,3.7000410000018746,context_reentry_interference,wrong_key_ablation,CRA,wrong_key_ablation,memory_ablation,MockSimulator,42,none,none,-1,0,0,internal,0.0,0.0,0.0,0.0,0,False,0,False,-1,1,0.1,0.2,8,8,0,raw,3,False
263,1000.0,8,8,0,8,0,0,6.797788239837109,6.797788239837109,6.797788239837109,0.0,0.0,0.015417084213254962,1.0,0.0,False,0,0,0,0,0,0.0,0.0,0.0,0.0,0.0,0,0.0,0,0,disabled,disabled,True,wrong_key,-1,3,False,raw,0,0.0,0.0,trial:-1,3,False,disabled,0,0,False,raw,0,0.0,0.0,,0,False,disabled,False,raw,0.0,0.0,,,,,,,,False,0,0,0,0,0,0,0.0,0.0,0.8147500000035279,2.5948749999997744,3.5403330000036703,context_reentry_interference,wrong_key_ablation,CRA,wrong_key_ablation,memory_ablation,MockSimulator,42,none,none,-1,0,0,internal,0.0,0.0,0.0,0.0,0,False,0,False,-1,1,0.1,0.2,8,8,0,raw,3,False
264,1000.0,8,8,0,8,0,0,6.773755759423508,6.773755759423508,6.773755759423508,0.0,0.0,0.015157013271893983,1.0,0.0,False,0,0,0,0,0,0.0,0.0,0.0,0.0,0.0,0,0.0,0,0,disabled,disabled,True,wrong_key,-1,3,False,raw,0,0.0,0.0,trial:-1,3,False,disabled,0,0,False,raw,0,0.0,0.0,,0,False,disabled,False,raw,0.0,0.0,,,,,,,,False,0,0,0,0,0,0,0.0,0.0,0.8103750000003629,2.6088750000070604,3.5451250000022583,context_reentry_interference,wrong_key_ablation,CRA,wrong_key_ablation,memory_ablation,MockSimulator,42,none,none,-1,0,0,internal,0.0,0.0,0.0,0.0,0,False,0,False,-1,1,0.1,0.2,8,8,0,raw,3,False
265,1000.0,8,8,0,8,0,0,6.749842845357124,6.749842845357124,6.749842845357124,0.0,0.0,0.014901178334502142,1.0,0.0,False,0,0,0,0,0,0.0,0.0,0.0,0.0,0.0,0,0.0,0,0,disabled,disabled,True,wrong_key,-1,3,False,raw,0,0.0,0.0,trial:-1,3,False,disabled,0,0,False,raw,0,0.0,0.0,,0,False,disabled,False,raw,0.0,0.0,,,,,,,,False,0,0,0,0,0,0,0.0,0.0,0.8155000000016344,2.6147500000064383,3.556458000005591,context_reentry_interference,wrong_key_ablation,CRA,wrong_key_ablation,memory_ablation,MockSimulator,42,none,none,-1,0,0,internal,0.0,0.0,0.0,0.0,0,False,0,False,-1,1,0.1,0.2,8,8,0,raw,3,False
266,1000.0,8,8,0,8,0,0,6.726048901307198,6.726048901307198,6.726048901307198,0.0,0.0,0.014649513989297216,1.0,0.0,False,0,0,0,0,0,0.0,0.0,0.0,0.0,0.0,0,0.0,0,0,disabled,disabled,True,wrong_key,-1,3,False,raw,0,0.0,0.0,trial:-1,3,False,disabled,0,0,False,raw,0,0.0,0.0,,0,False,disabled,False,raw,0.0,0.0,,,,,,,,False,0,0,0,0,0,0,0.0,0.0,1.0936670000063486,2.84983299999908,4.069416999996633,context_reentry_interference,wrong_key_ablation,CRA,wrong_key_ablation,memory_ablation,MockSimulator,42,none,none,-1,0,0,internal,0.0,0.0,0.0,0.0,0,False,0,False,-1,1,0.1,0.2,8,8,0,raw,3,False
267,1000.0,8,8,0,8,0,0,6.702373333917182,6.702373333917182,6.702373333917182,0.0,0.0,0.014401955746566688,1.0,0.0,False,0,0,0,0,0,0.0,0.0,0.0,0.0,0.0,0,0.0,0,0,disabled,disabled,True,wrong_key,-1,3,False,raw,0,0.0,0.0,trial:-1,3,False,disabled,0,0,False,raw,0,0.0,0.0,,0,False,disabled,False,raw,0.0,0.0,,,,,,,,False,0,0,0,0,0,0,0.0,0.0,0.8469999999931588,2.6516670000091835,3.633458000010137,context_reentry_interference,wrong_key_ablation,CRA,wrong_key_ablation,memory_ablation,MockSimulator,42,none,none,-1,0,0,internal,0.0,0.0,0.0,0.0,0,False,0,False,-1,1,0.1,0.2,8,8,0,raw,3,False
268,1000.0,8,8,0,8,0,0,6.678815552789905,6.678815552789905,6.678815552789905,0.0,0.0,0.014158440027949661,1.0,0.0,False,0,0,0,0,0,0.0,0.0,0.0,0.0,0.0,0,0.0,0,0,disabled,disabled,True,wrong_key,-1,3,False,raw,0,0.0,0.0,trial:-1,3,False,disabled,0,0,False,raw,0,0.0,0.0,,0,False,disabled,False,raw,0.0,0.0,,,,,,,,False,0,0,0,0,0,0,0.0,0.0,0.8119999999962602,2.6239580000009255,3.563166999995815,context_reentry_interference,wrong_key_ablation,CRA,wrong_key_ablation,memory_ablation,MockSimulator,42,none,none,-1,0,0,internal,0.0,0.0,0.0,0.0,0,False,0,False,-1,1,0.1,0.2,8,8,0,raw,3,False
269,1000.0,8,8,0,8,0,0,6.655374970472814,6.655374970472814,6.655374970472814,0.0,0.0,0.01391890415577869,1.0,0.0,False,0,0,0,0,0,0.0,0.0,0.0,0.0,0.0,0,0.0,0,0,disabled,disabled,True,wrong_key,-1,3,False,raw,0,0.0,0.0,trial:-1,3,False,disabled,0,0,False,raw,0,0.0,0.0,,0,False,disabled,False,raw,0.0,0.0,,,,,,,,False,0,0,0,0,0,0,0.0,0.0,0.8227909999902749,2.6750420000070108,3.6237910000096463,context_reentry_interference,wrong_key_ablation,CRA,wrong_key_ablation,memory_ablation,MockSimulator,42,none,none,-1,0,0,internal,0.0,0.0,0.0,0.0,0,False,0,False,-1,1,0.1,0.2,8,8,0,raw,3,False
270,1000.0,8,8,0,8,0,0,6.632051002443289,6.632051002443289,6.632051002443289,0.0,0.0,0.013683286342483376,1.0,0.0,False,0,0,0,0,0,0.0,0.0,0.0,0.0,0.0,0,0.0,0,0,disabled,disabled,True,wrong_key,-1,3,False,raw,0,0.0,0.0,trial:-1,3,False,disabled,0,0,False,raw,0,0.0,0.0,,0,False,disabled,False,raw,0.0,0.0,,,,,,,,False,0,0,0,0,0,0,0.0,0.0,0.810541999996417,3.032166000011216,3.9694169999933138,context_reentry_interference,wrong_key_ablation,CRA,wrong_key_ablation,memory_ablation,MockSimulator,42,none,none,-1,0,0,internal,0.0,0.0,0.0,0.0,0,False,0,False,-1,1,0.1,0.2,8,8,0,raw,3,False
271,1000.0,8,8,0,8,0,0,6.608843067094027,6.608843067094027,6.608843067094027,0.0,0.0,0.013451525680057563,1.0,0.0,False,0,0,0,0,0,0.0,0.0,0.0,0.0,0.0,0,0.0,0,0,disabled,disabled,True,wrong_key,-1,3,False,raw,0,0.0,0.0,trial:-1,3,False,disabled,0,0,False,raw,0,0.0,0.0,,0,False,disabled,False,raw,0.0,0.0,,,,,,,,False,0,0,0,0,0,0,0.0,0.0,0.8461249999953679,2.706375000002481,3.688666000002172,context_reentry_interference,wrong_key_ablation,CRA,wrong_key_ablation,memory_ablation,MockSimulator,42,none,none,-1,0,0,internal,0.0,0.0,0.0,0.0,0,False,0,False,-1,1,0.1,0.2,8,8,0,raw,3,False
272,1000.0,8,8,0,8,0,0,6.585750585718503,6.585750585718503,6.585750585718503,0.0,0.0,0.01322356212959179,1.0,0.0,False,0,0,0,0,0,0.0,0.0,0.0,0.0,0.0,0,0.0,0,0,disabled,disabled,True,wrong_key,-1,3,False,raw,0,0.0,0.0,trial:-1,3,False,disabled,0,0,False,raw,0,0.0,0.0,,0,False,disabled,False,raw,0.0,0.0,,,,,,,,False,0,0,0,0,0,0,0.0,0.0,0.817707999999584,2.6752079999994294,3.621459000001437,context_reentry_interference,wrong_key_ablation,CRA,wrong_key_ablation,memory_ablation,MockSimulator,42,none,none,-1,0,0,internal,0.0,0.0,0.0,0.0,0,False,0,False,-1,1,0.1,0.2,8,8,0,raw,3,False
273,1000.0,8,8,0,8,0,0,6.562772982496504,6.562772982496504,6.562772982496504,0.0,0.0,0.012999336510872624,1.0,0.0,False,0,0,0,0,0,0.0,0.0,0.0,0.0,0.0,0,0.0,0,0,disabled,disabled,True,wrong_key,-1,3,False,raw,0,0.0,0.0,trial:-1,3,False,disabled,0,0,False,raw,0,0.0,0.0,,0,False,disabled,False,raw,0.0,0.0,,,,,,,,False,0,0,0,0,0,0,0.0,0.0,0.8164589999921645,2.7273750000063046,3.6722499999939373,context_reentry_interference,wrong_key_ablation,CRA,wrong_key_ablation,memory_ablation,MockSimulator,42,none,none,-1,0,0,internal,0.0,0.0,0.0,0.0,0,False,0,False,-1,1,0.1,0.2,8,8,0,raw,3,False
274,1000.0,8,8,0,8,0,0,6.539909684479732,6.539909684479732,6.539909684479732,0.0,0.0,0.012778790492050388,1.0,0.0,False,0,0,0,0,0,0.0,0.0,0.0,0.0,0.0,0,0.0,0,0,disabled,disabled,True,wrong_key,-1,3,False,raw,0,0.0,0.0,trial:-1,3,False,disabled,0,0,False,raw,0,0.0,0.0,,0,False,disabled,False,raw,0.0,0.0,,,,,,,,False,0,0,0,0,0,0,0.0,0.0,0.818957999996428,3.0691670000067006,4.013500000013437,context_reentry_interference,wrong_key_ablation,CRA,wrong_key_ablation,memory_ablation,MockSimulator,42,none,none,-1,0,0,internal,0.0,0.0,0.0,0.0,0,False,0,False,-1,1,0.1,0.2,8,8,0,raw,3,False
275,1000.0,8,8,0,8,0,0,6.517160121577478,6.517160121577478,6.517160121577478,0.0,0.0,0.012561866579376694,1.0,0.0,False,0,0,0,0,0,0.0,0.0,0.0,0.0,0.0,0,0.0,0,0,disabled,disabled,True,wrong_key,-1,3,False,raw,0,0.0,0.0,trial:-1,3,False,disabled,0,0,False,raw,0,0.0,0.0,,0,False,disabled,False,raw,0.0,0.0,,,,,,,,False,0,0,0,0,0,0,0.0,0.0,0.9689160000050379,3.1470419999948263,4.268541000001846,context_reentry_interference,wrong_key_ablation,CRA,wrong_key_ablation,memory_ablation,MockSimulator,42,none,none,-1,0,0,internal,0.0,0.0,0.0,0.0,0,False,0,False,-1,1,0.1,0.2,8,8,0,raw,3,False
276,1000.0,8,8,0,8,0,0,6.494523726542376,6.494523726542376,6.494523726542376,1.8615043464873623e-07,-1.8615043464852122e-06,0.012348508107013125,1.0,1.8615043464873623e-07,False,0,0,0,0,0,0.0,0.0,0.0,0.0,0.0,0,0.0,0,0,disabled,disabled,True,wrong_key,-1,3,True,internal_wrong_key_context,1,0.01,0.01,phase:B,3,False,disabled,0,0,False,raw,0,0.01,0.01,,0,False,disabled,False,raw,0.01,0.01,,,,,,,,False,0,0,0,0,0,0,0.0,0.0,0.8583749999928614,2.8006659999988415,3.804458000004729,context_reentry_interference,wrong_key_ablation,CRA,wrong_key_ablation,memory_ablation,MockSimulator,42,decision,B_decision,6,-1,1,internal,0.01,0.01,-0.01,-0.01,-1,True,1,False,276,1,0.1,0.2,8,8,1,internal_wrong_key_context,3,True
277,1000.0,8,8,0,8,0,0,6.471999934956213,6.471999934956213,6.471999934956213,0.0,0.0,0.01213865922691235,1.0,0.0,False,0,0,0,0,0,0.0,0.0,0.0,0.0,0.0,0,0.0,0,0,disabled,disabled,True,wrong_key,-1,3,False,raw,0,0.0,0.0,trial:-1,3,False,disabled,0,0,False,raw,0,0.0,0.0,,0,False,disabled,False,raw,0.0,0.0,,,,,,,,False,0,0,0,0,0,0,0.0,0.0,0.8152909999949998,2.7280000000047266,3.6722499999939373,context_reentry_interference,wrong_key_ablation,CRA,wrong_key_ablation,memory_ablation,MockSimulator,42,none,none,-1,0,0,internal,0.0,0.0,0.0,0.0,0,False,0,False,-1,1,0.1,0.2,8,8,0,raw,3,False
278,1000.0,8,8,0,8,0,0,6.449588185215827,6.449588185215827,6.449588185215827,0.0,0.0,0.011932264898772799,1.0,0.0,False,0,0,0,0,0,0.0,0.0,0.0,0.0,0.0,0,0.0,0,0,disabled,disabled,True,wrong_key,-1,3,False,raw,0,0.0,0.0,trial:-1,3,False,disabled,0,0,False,raw,0,0.0,0.0,,0,False,disabled,False,raw,0.0,0.0,,,,,,,,False,0,0,0,0,0,0,0.0,0.0,0.8123749999953134,3.2076250000017126,4.145957999995176,context_reentry_interference,wrong_key_ablation,CRA,wrong_key_ablation,memory_ablation,MockSimulator,42,none,none,-1,0,0,internal,0.0,0.0,0.0,0.0,0,False,0,False,-1,1,0.1,0.2,8,8,0,raw,3,False
279,1000.0,8,8,0,8,0,0,6.4272879185190614,6.4272879185190614,6.4272879185190614,0.0,0.0,0.011729270880068067,1.0,0.0,False,0,0,0,0,0,0.0,0.0,0.0,0.0,0.0,0,0.0,0,0,disabled,disabled,True,wrong_key,-1,3,False,raw,0,0.0,0.0,trial:-1,3,False,disabled,0,0,False,raw,0,0.0,0.0,,0,False,disabled,False,raw,0.0,0.0,,,,,,,,False,0,0,0,0,0,0,0.0,0.0,0.9130840000040052,2.8899160000008806,3.9461249999988013,context_reentry_interference,wrong_key_ablation,CRA,wrong_key_ablation,memory_ablation,MockSimulator,42,none,none,-1,0,0,internal,0.0,0.0,0.0,0.0,0,False,0,False,-1,1,0.1,0.2,8,8,0,raw,3,False
280,1000.0,8,8,0,8,0,0,6.405098578850797,6.405098578850797,6.405098578850797,0.0,0.0,0.011529623716152014,1.0,0.0,False,0,0,0,0,0,0.0,0.0,0.0,0.0,0.0,0,0.0,0,0,disabled,disabled,True,wrong_key,-1,3,False,raw,0,0.0,0.0,trial:-1,3,False,disabled,0,0,False,raw,0,0.0,0.0,,0,False,disabled,False,raw,0.0,0.0,,,,,,,,False,0,0,0,0,0,0,0.0,0.0,0.814124999990895,2.7461669999979677,3.691415999995229,context_reentry_interference,wrong_key_ablation,CRA,wrong_key_ablation,memory_ablation,MockSimulator,42,none,none,-1,0,0,internal,0.0,0.0,0.0,0.0,0,False,0,False,-1,1,0.1,0.2,8,8,0,raw,3,False
281,1000.0,8,8,0,8,0,0,6.383019612969053,6.383019612969053,6.383019612969053,0.0,0.0,0.011333270730440576,1.0,0.0,False,0,0,0,0,0,0.0,0.0,0.0,0.0,0.0,0,0.0,0,0,disabled,disabled,True,wrong_key,-1,3,False,raw,0,0.0,0.0,trial:-1,3,False,disabled,0,0,False,raw,0,0.0,0.0,,0,False,disabled,False,raw,0.0,0.0,,,,,,,,False,0,0,0,0,0,0,0.0,0.0,0.8116249999972069,2.783292000003712,3.7217499999968595,context_reentry_interference,wrong_key_ablation,CRA,wrong_key_ablation,memory_ablation,MockSimulator,42,none,none,-1,0,0,internal,0.0,0.0,0.0,0.0,0,False,0,False,-1,1,0.1,0.2,8,8,0,raw,3,False
282,1000.0,8,8,0,8,0,0,6.3610504703911515,6.3610504703911515,6.3610504703911515,0.0,0.0,0.011140160014671135,1.0,0.0,False,0,0,0,0,0,0.0,0.0,0.0,0.0,0.0,0,0.0,0,0,disabled,disabled,True,wrong_key,-1,3,False,raw,0,0.0,0.0,trial:-1,3,False,disabled,0,0,False,raw,0,0.0,0.0,,0,False,disabled,False,raw,0.0,0.0,,,,,,,,False,0,0,0,0,0,0,0.0,0.0,0.8128750000082618,2.7686250000016344,3.70966699999542,context_reentry_interference,wrong_key_ablation,CRA,wrong_key_ablation,memory_ablation,MockSimulator,42,none,none,-1,0,0,internal,0.0,0.0,0.0,0.0,0,False,0,False,-1,1,0.1,0.2,8,8,0,raw,3,False
283,1000.0,8,8,0,8,0,0,6.339190603379959,6.339190603379959,6.339190603379959,0.0,0.0,0.010950240419240295,1.0,0.0,False,0,0,0,0,0,0.0,0.0,0.0,0.0,0.0,0,0.0,0,0,disabled,disabled,True,wrong_key,-1,3,False,raw,0,0.0,0.0,trial:-1,3,False,disabled,0,0,False,raw,0,0.0,0.0,,0,False,disabled,False,raw,0.0,0.0,,,,,,,,False,0,0,0,0,0,0,0.0,0.0,0.9363329999985126,3.027582999990841,4.162624999992204,context_reentry_interference,wrong_key_ablation,CRA,wrong_key_ablation,memory_ablation,MockSimulator,42,none,none,-1,0,0,internal,0.0,0.0,0.0,0.0,0,False,0,False,-1,1,0.1,0.2,8,8,0,raw,3,False
284,1000.0,8,8,0,8,0,0,6.317439466930193,6.317439466930193,6.317439466930193,0.0,0.0,0.010763461543620822,1.0,0.0,False,0,0,0,0,0,0.0,0.0,0.0,0.0,0.0,0,0.0,0,0,disabled,disabled,True,wrong_key,-1,3,False,raw,0,0.0,0.0,trial:-1,3,False,disabled,0,0,False,raw,0,0.0,0.0,,0,False,disabled,False,raw,0.0,0.0,,,,,,,,False,0,0,0,0,0,0,0.0,0.0,0.8306659999988142,2.820333999991931,3.7879160000073853,context_reentry_interference,wrong_key_ablation,CRA,wrong_key_ablation,memory_ablation,MockSimulator,42,none,none,-1,0,0,internal,0.0,0.0,0.0,0.0,0,False,0,False,-1,1,0.1,0.2,8,8,0,raw,3,False
285,1000.0,8,8,0,8,0,0,6.295796518754796,6.295796518754796,6.295796518754796,0.0,0.0,0.01057977372685843,1.0,0.0,False,0,0,0,0,0,0.0,0.0,0.0,0.0,0.0,0,0.0,0,0,disabled,disabled,True,wrong_key,-1,3,False,raw,0,0.0,0.0,trial:-1,3,False,disabled,0,0,False,raw,0,0.0,0.0,,0,False,disabled,False,raw,0.0,0.0,,,,,,,,False,0,0,0,0,0,0,0.0,0.0,0.8109999999987849,2.7935410000026195,3.7313750000009804,context_reentry_interference,wrong_key_ablation,CRA,wrong_key_ablation,memory_ablation,MockSimulator,42,none,none,-1,0,0,internal,0.0,0.0,0.0,0.0,0,False,0,False,-1,1,0.1,0.2,8,8,0,raw,3,False
286,1000.0,8,8,0,8,0,0,6.274261219271376,6.274261219271376,6.274261219271376,0.0,0.0,0.010399128038149087,1.0,0.0,False,0,0,0,0,0,0.0,0.0,0.0,0.0,0.0,0,0.0,0,0,disabled,disabled,True,wrong_key,-1,3,False,raw,0,0.0,0.0,trial:-1,3,False,disabled,0,0,False,raw,0,0.0,0.0,,0,False,disabled,False,raw,0.0,0.0,,,,,,,,False,0,0,0,0,0,0,0.0,0.0,0.8149999999886859,2.800333000010369,3.741916999999262,context_reentry_interference,wrong_key_ablation,CRA,wrong_key_ablation,memory_ablation,MockSimulator,42,none,none,-1,0,0,internal,0.0,0.0,0.0,0.0,0,False,0,False,-1,1,0.1,0.2,8,8,0,raw,3,False
287,1000.0,8,8,0,8,0,0,6.252833031588723,6.252833031588723,6.252833031588723,0.0,0.0,0.010221476267497373,1.0,0.0,False,0,0,0,0,0,0.0,0.0,0.0,0.0,0.0,0,0.0,0,0,disabled,disabled,True,wrong_key,-1,3,False,raw,0,0.0,0.0,trial:-1,3,False,disabled,0,0,False,raw,0,0.0,0.0,,0,False,disabled,False,raw,0.0,0.0,,,,,,,,False,0,0,0,0,0,0,0.0,0.0,0.9938329999954476,3.1061670000127606,4.225915999995777,context_reentry_interference,wrong_key_ablation,CRA,wrong_key_ablation,memory_ablation,MockSimulator,42,none,none,-1,0,0,internal,0.0,0.0,0.0,0.0,0,False,0,False,-1,1,0.1,0.2,8,8,0,raw,3,False
288,1000.0,8,8,0,8,0,0,6.231511421493378,6.231511421493378,6.231511421493378,0.0,0.0,0.010046770916456468,1.0,0.0,False,0,0,0,0,0,0.0,0.0,0.0,0.0,0.0,0,0.0,0,0,disabled,disabled,True,wrong_key,-1,3,False,raw,0,0.0,0.0,trial:-1,3,False,disabled,0,0,False,raw,0,0.0,0.0,,0,False,disabled,False,raw,0.0,0.0,,,,,,,,False,0,0,0,0,0,0,0.0,0.0,0.8334580000024516,2.945124999996551,3.9142090000012786,context_reentry_interference,wrong_key_ablation,CRA,wrong_key_ablation,memory_ablation,MockSimulator,42,none,none,-1,0,0,internal,0.0,0.0,0.0,0.0,0,False,0,False,-1,1,0.1,0.2,8,8,0,raw,3,False
289,1000.0,8,8,0,8,0,0,6.210295857436288,6.210295857436288,6.210295857436288,0.0,0.0,0.0098749651889502,1.0,0.0,False,0,0,0,0,0,0.0,0.0,0.0,0.0,0.0,0,0.0,0,0,disabled,disabled,True,wrong_key,-1,3,False,raw,0,0.0,0.0,trial:-1,3,False,disabled,0,0,False,raw,0,0.0,0.0,,0,False,disabled,False,raw,0.0,0.0,,,,,,,,False,0,0,0,0,0,0,0.0,0.0,0.8406670000056238,2.925750000002836,3.8983750000056716,context_reentry_interference,wrong_key_ablation,CRA,wrong_key_ablation,memory_ablation,MockSimulator,42,none,none,-1,0,0,internal,0.0,0.0,0.0,0.0,0,False,0,False,-1,1,0.1,0.2,8,8,0,raw,3,False
290,1000.0,8,8,0,8,0,0,6.189185810519506,6.189185810519506,6.189185810519506,0.0,0.0,0.009706012982177601,1.0,0.0,False,0,0,0,0,0,0.0,0.0,0.0,0.0,0.0,0,0.0,0,0,disabled,disabled,True,wrong_key,-1,3,False,raw,0,0.0,0.0,trial:-1,3,False,disabled,0,0,False,raw,0,0.0,0.0,,0,False,disabled,False,raw,0.0,0.0,,,,,,,,False,0,0,0,0,0,0,0.0,0.0,0.9021670000066706,3.220957999999996,4.2572079999985135,context_reentry_interference,wrong_key_ablation,CRA,wrong_key_ablation,memory_ablation,MockSimulator,42,none,none,-1,0,0,internal,0.0,0.0,0.0,0.0,0,False,0,False,-1,1,0.1,0.2,8,8,0,raw,3,False
291,1000.0,8,8,0,8,0,0,6.168180754482978,6.168180754482978,6.168180754482978,0.0,0.0,0.009539868877600326,1.0,0.0,False,0,0,0,0,0,0.0,0.0,0.0,0.0,0.0,0,0.0,0,0,disabled,disabled,True,wrong_key,-1,3,False,raw,0,0.0,0.0,trial:-1,3,False,disabled,0,0,False,raw,0,0.0,0.0,,0,False,disabled,False,raw,0.0,0.0,,,,,,,,False,0,0,0,0,0,0,0.0,0.0,1.124832999991554,3.1165000000044074,4.383165999996663,context_reentry_interference,wrong_key_ablation,CRA,wrong_key_ablation,memory_ablation,MockSimulator,42,none,none,-1,0,0,internal,0.0,0.0,0.0,0.0,0,False,0,False,-1,1,0.1,0.2,8,8,0,raw,3,False
292,1000.0,8,8,0,8,0,0,6.147280165691382,6.147280165691382,6.147280165691382,0.0,0.0,0.00937648813201327,1.0,0.0,False,0,0,0,0,0,0.0,0.0,0.0,0.0,0.0,0,0.0,0,0,disabled,disabled,True,wrong_key,-1,3,False,raw,0,0.0,0.0,trial:-1,3,False,disabled,0,0,False,raw,0,0.0,0.0,,0,False,disabled,False,raw,0.0,0.0,,,,,,,,False,0,0,0,0,0,0,0.0,0.0,0.8276670000100239,2.9197499999895626,3.8823329999928546,context_reentry_interference,wrong_key_ablation,CRA,wrong_key_ablation,memory_ablation,MockSimulator,42,none,none,-1,0,0,internal,0.0,0.0,0.0,0.0,0,False,0,False,-1,1,0.1,0.2,8,8,0,raw,3,False
293,1000.0,8,8,0,8,0,0,6.1264835231210375,6.1264835231210375,6.1264835231210375,0.0,0.0,0.009215826668698657,1.0,0.0,False,0,0,0,0,0,0.0,0.0,0.0,0.0,0.0,0,0.0,0,0,disabled,disabled,True,wrong_key,-1,3,False,raw,0,0.0,0.0,trial:-1,3,False,disabled,0,0,False,raw,0,0.0,0.0,,0,False,disabled,False,raw,0.0,0.0,,,,,,,,False,0,0,0,0,0,0,0.0,0.0,0.8154169999983196,2.882457999987764,3.826125000003344,context_reentry_interference,wrong_key_ablation,CRA,wrong_key_ablation,memory_ablation,MockSimulator,42,none,none,-1,0,0,internal,0.0,0.0,0.0,0.0,0,False,0,False,-1,1,0.1,0.2,8,8,0,raw,3,False
294,1000.0,8,8,0,8,0,0,6.10579030834688,6.10579030834688,6.10579030834688,0.0,0.0,0.009057841068663822,1.0,0.0,False,0,0,0,0,0,0.0,0.0,0.0,0.0,0.0,0,0.0,0,0,disabled,disabled,True,wrong_key,-1,3,False,raw,0,0.0,0.0,trial:-1,3,False,disabled,0,0,False,raw,0,0.0,0.0,,0,False,disabled,False,raw,0.0,0.0,,,,,,,,False,0,0,0,0,0,0,0.0,0.0,0.8157089999940581,2.872457999998801,3.815125000002695,context_reentry_interference,wrong_key_ablation,CRA,wrong_key_ablation,memory_ablation,MockSimulator,42,none,none,-1,0,0,internal,0.0,0.0,0.0,0.0,0,False,0,False,-1,1,0.1,0.2,8,8,0,raw,3,False
295,1000.0,8,8,0,8,0,0,6.085200005529502,6.085200005529502,6.085200005529502,0.0,0.0,0.008902488561962902,1.0,0.0,False,0,0,0,0,0,0.0,0.0,0.0,0.0,0.0,0,0.0,0,0,disabled,disabled,True,wrong_key,-1,3,False,raw,0,0.0,0.0,trial:-1,3,False,disabled,0,0,False,raw,0,0.0,0.0,,0,False,disabled,False,raw,0.0,0.0,,,,,,,,False,0,0,0,0,0,0,0.0,0.0,1.0906659999960766,3.4983339999996588,4.714958000008096,context_reentry_interference,wrong_key_ablation,CRA,wrong_key_ablation,memory_ablation,MockSimulator,42,none,none,-1,0,0,internal,0.0,0.0,0.0,0.0,0,False,0,False,-1,1,0.1,0.2,8,8,0,raw,3,False
296,1000.0,8,8,0,8,0,0,6.064712101402252,6.064712101402252,6.064712101402252,0.0,0.0,0.008749727019102553,1.0,0.0,False,0,0,0,0,0,0.0,0.0,0.0,0.0,0.0,0,0.0,0,0,disabled,disabled,True,wrong_key,-1,3,False,raw,0,0.0,0.0,trial:-1,3,False,disabled,0,0,False,raw,0,0.0,0.0,,0,False,disabled,False,raw,0.0,0.0,,,,,,,,False,0,0,0,0,0,0,0.0,0.0,0.9238750000122309,2.9667919999951664,4.040708000005111,context_reentry_interference,wrong_key_ablation,CRA,wrong_key_ablation,memory_ablation,MockSimulator,42,none,none,-1,0,0,internal,0.0,0.0,0.0,0.0,0,False,0,False,-1,1,0.1,0.2,8,8,0,raw,3,False
297,1000.0,8,8,0,8,0,0,6.04432608525841,6.04432608525841,6.04432608525841,0.0,0.0,0.008599514942531833,1.0,0.0,False,0,0,0,0,0,0.0,0.0,0.0,0.0,0.0,0,0.0,0,0,disabled,disabled,True,wrong_key,-1,3,False,raw,0,0.0,0.0,trial:-1,3,False,disabled,0,0,False,raw,0,0.0,0.0,,0,False,disabled,False,raw,0.0,0.0,,,,,,,,False,0,0,0,0,0,0,0.0,0.0,0.814124999990895,2.93995799999891,3.8822920000001204,context_reentry_interference,wrong_key_ablation,CRA,wrong_key_ablation,memory_ablation,MockSimulator,42,none,none,-1,0,0,internal,0.0,0.0,0.0,0.0,0,False,0,False,-1,1,0.1,0.2,8,8,0,raw,3,False
298,1000.0,8,8,0,8,0,0,6.024041448938413,6.024041448938413,6.024041448938413,0.0,0.0,0.0084518114582163,1.0,0.0,False,0,0,0,0,0,0.0,0.0,0.0,0.0,0.0,0,0.0,0,0,disabled,disabled,True,wrong_key,-1,3,False,raw,0,0.0,0.0,trial:-1,3,False,disabled,0,0,False,raw,0,0.0,0.0,,0,False,disabled,False,raw,0.0,0.0,,,,,,,,False,0,0,0,0,0,0,0.0,0.0,0.8192089999994323,2.932833000002688,3.882875000002173,context_reentry_interference,wrong_key_ablation,CRA,wrong_key_ablation,memory_ablation,MockSimulator,42,none,none,-1,0,0,internal,0.0,0.0,0.0,0.0,0,False,0,False,-1,1,0.1,0.2,8,8,0,raw,3,False
299,1000.0,8,8,0,8,0,0,6.003857686817158,6.003857686817158,6.003857686817158,0.0,0.0,0.008306576307296377,1.0,0.0,False,0,0,0,0,0,0.0,0.0,0.0,0.0,0.0,0,0.0,0,0,disabled,disabled,True,wrong_key,-1,3,False,raw,0,0.0,0.0,trial:-1,3,False,disabled,0,0,False,raw,0,0.0,0.0,,0,False,disabled,False,raw,0.0,0.0,,,,,,,,False,0,0,0,0,0,0,0.0,0.0,0.9191249999958018,3.164249999997537,4.246874999992656,context_reentry_interference,wrong_key_ablation,CRA,wrong_key_ablation,memory_ablation,MockSimulator,42,none,none,-1,0,0,internal,0.0,0.0,0.0,0.0,0,False,0,False,-1,1,0.1,0.2,8,8,0,raw,3,False
300,1000.0,8,8,0,8,0,0,5.983774295791354,5.983774295791354,5.983774295791354,-1.8428893030420535e-08,-1.8428893030420325e-07,0.008163769837829965,1.0,-1.8428893030420535e-08,False,0,0,0,0,0,0.0,0.0,0.0,0.0,0.0,0,0.0,0,0,disabled,disabled,True,wrong_key,-1,3,True,internal_wrong_key_context,-1,-0.01,-0.01,phase:B,3,False,disabled,0,0,False,raw,0,-0.01,-0.01,,0,False,disabled,False,raw,-0.01,-0.01,,,,,,,,False,0,0,0,0,0,0,0.0,0.0,0.8274580000033893,3.00724999999602,3.9689160000051515,context_reentry_interference,wrong_key_ablation,CRA,wrong_key_ablation,memory_ablation,MockSimulator,42,decision,B_decision,7,-1,-1,internal,-0.01,-0.01,0.01,0.01,1,True,-1,False,300,1,0.1,0.2,8,8,-1,internal_wrong_key_context,3,True
301,1000.0,8,8,0,8,0,0,5.963790775266948,5.963790775266948,5.963790775266948,0.0,0.0,0.00802335299661929,1.0,0.0,False,0,0,0,0,0,0.0,0.0,0.0,0.0,0.0,0,0.0,0,0,disabled,disabled,True,wrong_key,-1,3,False,raw,0,0.0,0.0,trial:-1,3,False,disabled,0,0,False,raw,0,0.0,0.0,,0,False,disabled,False,raw,0.0,0.0,,,,,,,,False,0,0,0,0,0,0,0.0,0.0,0.812874999994051,2.9788750000108166,3.9204579999960742,context_reentry_interference,wrong_key_ablation,CRA,wrong_key_ablation,memory_ablation,MockSimulator,42,none,none,-1,0,0,internal,0.0,0.0,0.0,0.0,0,False,0,False,-1,1,0.1,0.2,8,8,0,raw,3,False
302,1000.0,8,8,0,8,0,0,5.943906627146614,5.943906627146614,5.943906627146614,0.0,0.0,0.007885287321121908,1.0,0.0,False,0,0,0,0,0,0.0,0.0,0.0,0.0,0.0,0,0.0,0,0,disabled,disabled,True,wrong_key,-1,3,False,raw,0,0.0,0.0,trial:-1,3,False,disabled,0,0,False,raw,0,0.0,0.0,,0,False,disabled,False,raw,0.0,0.0,,,,,,,,False,0,0,0,0,0,0,0.0,0.0,0.8177500000101645,2.948540999994975,3.892792000002032,context_reentry_interference,wrong_key_ablation,CRA,wrong_key_ablation,memory_ablation,MockSimulator,42,none,none,-1,0,0,internal,0.0,0.0,0.0,0.0,0,False,0,False,-1,1,0.1,0.2,8,8,0,raw,3,False
303,1000.0,8,8,0,8,0,0,5.924121355817292,5.924121355817292,5.924121355817292,0.0,0.0,0.007749534931445775,1.0,0.0,False,0,0,0,0,0,0.0,0.0,0.0,0.0,0.0,0,0.0,0,0,disabled,disabled,True,wrong_key,-1,3,False,raw,0,0.0,0.0,trial:-1,3,False,disabled,0,0,False,raw,0,0.0,0.0,,0,False,disabled,False,raw,0.0,0.0,,,,,,,,False,0,0,0,0,0,0,0.0,0.0,1.0274170000030836,3.194917000001851,4.386917000005042,context_reentry_interference,wrong_key_ablation,CRA,wrong_key_ablation,memory_ablation,MockSimulator,42,none,none,-1,0,0,internal,0.0,0.0,0.0,0.0,0,False,0,False,-1,1,0.1,0.2,8,8,0,raw,3,False
304,1000.0,8,8,0,8,0,0,5.9044344681378025,5.9044344681378025,5.9044344681378025,0.0,0.0,0.007616058522428239,1.0,0.0,False,0,0,0,0,0,0.0,0.0,0.0,0.0,0.0,0,0.0,0,0,disabled,disabled,True,wrong_key,-1,3,False,raw,0,0.0,0.0,trial:-1,3,False,disabled,0,0,False,raw,0,0.0,0.0,,0,False,disabled,False,raw,0.0,0.0,,,,,,,,False,0,0,0,0,0,0,0.0,0.0,0.8334999999988213,3.050541999996881,4.018458999993868,context_reentry_interference,wrong_key_ablation,CRA,wrong_key_ablation,memory_ablation,MockSimulator,42,none,none,-1,0,0,internal,0.0,0.0,0.0,0.0,0,False,0,False,-1,1,0.1,0.2,8,8,0,raw,3,False
305,1000.0,8,8,0,8,0,0,5.884845473426521,5.884845473426521,5.884845473426521,0.0,0.0,0.007484821355798826,1.0,0.0,False,0,0,0,0,0,0.0,0.0,0.0,0.0,0.0,0,0.0,0,0,disabled,disabled,True,wrong_key,-1,3,False,raw,0,0.0,0.0,trial:-1,3,False,disabled,0,0,False,raw,0,0.0,0.0,,0,False,disabled,False,raw,0.0,0.0,,,,,,,,False,0,0,0,0,0,0,0.0,0.0,0.8232499999962783,3.0040840000111757,3.957332999988239,context_reentry_interference,wrong_key_ablation,CRA,wrong_key_ablation,memory_ablation,MockSimulator,42,none,none,-1,0,0,internal,0.0,0.0,0.0,0.0,0,False,0,False,-1,1,0.1,0.2,8,8,0,raw,3,False
306,1000.0,8,8,0,8,0,0,5.865353883449106,5.865353883449106,5.865353883449106,0.0,0.0,0.0073557872524256185,1.0,0.0,False,0,0,0,0,0,0.0,0.0,0.0,0.0,0.0,0,0.0,0,0,disabled,disabled,True,wrong_key,-1,3,False,raw,0,0.0,0.0,trial:-1,3,False,disabled,0,0,False,raw,0,0.0,0.0,,0,False,disabled,False,raw,0.0,0.0,,,,,,,,False,0,0,0,0,0,0,0.0,0.0,0.8157500000010032,3.0662079999927982,4.0100829999971666,context_reentry_interference,wrong_key_ablation,CRA,wrong_key_ablation,memory_ablation,MockSimulator,42,none,none,-1,0,0,internal,0.0,0.0,0.0,0.0,0,False,0,False,-1,1,0.1,0.2,8,8,0,raw,3,False
307,1000.0,8,8,0,8,0,0,5.845959212406291,5.845959212406291,5.845959212406291,0.0,0.0,0.00722892058464502,1.0,0.0,False,0,0,0,0,0,0.0,0.0,0.0,0.0,0.0,0,0.0,0,0,disabled,disabled,True,wrong_key,-1,3,False,raw,0,0.0,0.0,trial:-1,3,False,disabled,0,0,False,raw,0,0.0,0.0,,0,False,disabled,False,raw,0.0,0.0,,,,,,,,False,0,0,0,0,0,0,0.0,0.0,0.8822920000000067,3.1610829999948464,4.326667000000839,context_reentry_interference,wrong_key_ablation,CRA,wrong_key_ablation,memory_ablation,MockSimulator,42,none,none,-1,0,0,internal,0.0,0.0,0.0,0.0,0,False,0,False,-1,1,0.1,0.2,8,8,0,raw,3,False
308,1000.0,8,8,0,8,0,0,5.82666097692175,5.82666097692175,5.82666097692175,0.0,0.0,0.007104186268674674,1.0,0.0,False,0,0,0,0,0,0.0,0.0,0.0,0.0,0.0,0,0.0,0,0,disabled,disabled,True,wrong_key,-1,3,False,raw,0,0.0,0.0,trial:-1,3,False,disabled,0,0,False,raw,0,0.0,0.0,,0,False,disabled,False,raw,0.0,0.0,,,,,,,,False,0,0,0,0,0,0,0.0,0.0,0.8245410000000675,3.0129999999957136,3.970249999994735,context_reentry_interference,wrong_key_ablation,CRA,wrong_key_ablation,memory_ablation,MockSimulator,42,none,none,-1,0,0,internal,0.0,0.0,0.0,0.0,0,False,0,False,-1,1,0.1,0.2,8,8,0,raw,3,False
309,1000.0,8,8,0,8,0,0,5.80745869603,5.80745869603,5.80745869603,0.0,0.0,0.006981549757109284,1.0,0.0,False,0,0,0,0,0,0.0,0.0,0.0,0.0,0.0,0,0.0,0,0,disabled,disabled,True,wrong_key,-1,3,False,raw,0,0.0,0.0,trial:-1,3,False,disabled,0,0,False,raw,0,0.0,0.0,,0,False,disabled,False,raw,0.0,0.0,,,,,,,,False,0,0,0,0,0,0,0.0,0.0,0.8163749999994252,3.04650000001061,3.9907090000070866,context_reentry_interference,wrong_key_ablation,CRA,wrong_key_ablation,memory_ablation,MockSimulator,42,none,none,-1,0,0,internal,0.0,0.0,0.0,0.0,0,False,0,False,-1,1,0.1,0.2,8,8,0,raw,3,False
310,1000.0,8,8,0,8,0,0,5.788351891164387,5.788351891164387,5.788351891164387,0.0,0.0,0.00686097703149904,1.0,0.0,False,0,0,0,0,0,0.0,0.0,0.0,0.0,0.0,0,0.0,0,0,disabled,disabled,True,wrong_key,-1,3,False,raw,0,0.0,0.0,trial:-1,3,False,disabled,0,0,False,raw,0,0.0,0.0,,0,False,disabled,False,raw,0.0,0.0,,,,,,,,False,0,0,0,0,0,0,0.0,0.0,0.8147500000035279,3.3363750000034997,4.2797920000055,context_reentry_interference,wrong_key_ablation,CRA,wrong_key_ablation,memory_ablation,MockSimulator,42,none,none,-1,0,0,internal,0.0,0.0,0.0,0.0,0,False,0,False,-1,1,0.1,0.2,8,8,0,raw,3,False
311,1000.0,8,8,0,8,0,0,5.7693400861451165,5.7693400861451165,5.7693400861451165,0.0,0.0,0.0067424345950103624,1.0,0.0,False,0,0,0,0,0,0.0,0.0,0.0,0.0,0.0,0,0.0,0,0,disabled,disabled,True,wrong_key,-1,3,False,raw,0,0.0,0.0,trial:-1,3,False,disabled,0,0,False,raw,0,0.0,0.0,,0,False,disabled,False,raw,0.0,0.0,,,,,,,,False,0,0,0,0,0,0,0.0,0.0,0.9331669999994574,3.5051670000001423,4.590374999992264,context_reentry_interference,wrong_key_ablation,CRA,wrong_key_ablation,memory_ablation,MockSimulator,42,none,none,-1,0,0,internal,0.0,0.0,0.0,0.0,0,False,0,False,-1,1,0.1,0.2,8,8,0,raw,3,False
312,1000.0,8,8,0,8,0,0,5.750422807167349,5.750422807167349,5.750422807167349,0.0,0.0,0.006625889465168632,1.0,0.0,False,0,0,0,0,0,0.0,0.0,0.0,0.0,0.0,0,0.0,0,0,disabled,disabled,True,wrong_key,-1,3,False,raw,0,0.0,0.0,trial:-1,3,False,disabled,0,0,False,raw,0,0.0,0.0,,0,False,disabled,False,raw,0.0,0.0,,,,,,,,False,0,0,0,0,0,0,0.0,0.0,0.912833000001001,3.374708999999143,4.432582999996271,context_reentry_interference,wrong_key_ablation,CRA,wrong_key_ablation,memory_ablation,MockSimulator,42,none,none,-1,0,0,internal,0.0,0.0,0.0,0.0,0,False,0,False,-1,1,0.1,0.2,8,8,0,raw,3,False
313,1000.0,8,8,0,8,0,0,5.731599582789359,5.731599582789359,5.731599582789359,0.0,0.0,0.006511309166682567,1.0,0.0,False,0,0,0,0,0,0.0,0.0,0.0,0.0,0.0,0,0.0,0,0,disabled,disabled,True,wrong_key,-1,3,False,raw,0,0.0,0.0,trial:-1,3,False,disabled,0,0,False,raw,0,0.0,0.0,,0,False,disabled,False,raw,0.0,0.0,,,,,,,,False,0,0,0,0,0,0,0.0,0.0,0.9050000000030423,3.378791999992359,4.425624999996103,context_reentry_interference,wrong_key_ablation,CRA,wrong_key_ablation,memory_ablation,MockSimulator,42,none,none,-1,0,0,internal,0.0,0.0,0.0,0.0,0,False,0,False,-1,1,0.1,0.2,8,8,0,raw,3,False
314,1000.0,8,8,0,8,0,0,5.712869943920745,5.712869943920745,5.712869943920745,0.0,0.0,0.006398661724349876,1.0,0.0,False,0,0,0,0,0,0.0,0.0,0.0,0.0,0.0,0,0.0,0,0,disabled,disabled,True,wrong_key,-1,3,False,raw,0,0.0,0.0,trial:-1,3,False,disabled,0,0,False,raw,0,0.0,0.0,,0,False,disabled,False,raw,0.0,0.0,,,,,,,,False,0,0,0,0,0,0,0.0,0.0,0.9684169999957248,3.7483330000043225,4.858124999998381,context_reentry_interference,wrong_key_ablation,CRA,wrong_key_ablation,memory_ablation,MockSimulator,42,none,none,-1,0,0,internal,0.0,0.0,0.0,0.0,0,False,0,False,-1,1,0.1,0.2,8,8,0,raw,3,False
315,1000.0,8,8,0,8,0,0,5.694233423810702,5.694233423810702,5.694233423810702,0.0,0.0,0.006287915656043821,1.0,0.0,False,0,0,0,0,0,0.0,0.0,0.0,0.0,0.0,0,0.0,0,0,disabled,disabled,True,wrong_key,-1,3,False,raw,0,0.0,0.0,trial:-1,3,False,disabled,0,0,False,raw,0,0.0,0.0,,0,False,disabled,False,raw,0.0,0.0,,,,,,,,False,0,0,0,0,0,0,0.0,0.0,0.8427089999969439,3.1299160000060056,4.112375000005386,context_reentry_interference,wrong_key_ablation,CRA,wrong_key_ablation,memory_ablation,MockSimulator,42,none,none,-1,0,0,internal,0.0,0.0,0.0,0.0,0,False,0,False,-1,1,0.1,0.2,8,8,0,raw,3,False
316,1000.0,8,8,0,8,0,0,5.675689558036355,5.675689558036355,5.675689558036355,0.0,0.0,0.006179039965780267,1.0,0.0,False,0,0,0,0,0,0.0,0.0,0.0,0.0,0.0,0,0.0,0,0,disabled,disabled,True,wrong_key,-1,3,False,raw,0,0.0,0.0,trial:-1,3,False,disabled,0,0,False,raw,0,0.0,0.0,,0,False,disabled,False,raw,0.0,0.0,,,,,,,,False,0,0,0,0,0,0,0.0,0.0,0.8130420000043159,3.0907499999983656,4.0322920000051,context_reentry_interference,wrong_key_ablation,CRA,wrong_key_ablation,memory_ablation,MockSimulator,42,none,none,-1,0,0,internal,0.0,0.0,0.0,0.0,0,False,0,False,-1,1,0.1,0.2,8,8,0,raw,3,False
317,1000.0,8,8,0,8,0,0,5.657237884491149,5.657237884491149,5.657237884491149,0.0,0.0,0.006072004136864838,1.0,0.0,False,0,0,0,0,0,0.0,0.0,0.0,0.0,0.0,0,0.0,0,0,disabled,disabled,True,wrong_key,-1,3,False,raw,0,0.0,0.0,trial:-1,3,False,disabled,0,0,False,raw,0,0.0,0.0,,0,False,disabled,False,raw,0.0,0.0,,,,,,,,False,0,0,0,0,0,0,0.0,0.0,0.8066660000025649,3.0761669999890273,4.0094579999987445,context_reentry_interference,wrong_key_ablation,CRA,wrong_key_ablation,memory_ablation,MockSimulator,42,none,none,-1,0,0,internal,0.0,0.0,0.0,0.0,0,False,0,False,-1,1,0.1,0.2,8,8,0,raw,3,False
318,1000.0,8,8,0,8,0,0,5.638877943373292,5.638877943373292,5.638877943373292,0.0,0.0,0.005966778125119715,1.0,0.0,False,0,0,0,0,0,0.0,0.0,0.0,0.0,0.0,0,0.0,0,0,disabled,disabled,True,wrong_key,-1,3,False,raw,0,0.0,0.0,trial:-1,3,False,disabled,0,0,False,raw,0,0.0,0.0,,0,False,disabled,False,raw,0.0,0.0,,,,,,,,False,0,0,0,0,0,0,0.0,0.0,0.9679579999897214,3.544125000004783,4.639208000000394,context_reentry_interference,wrong_key_ablation,CRA,wrong_key_ablation,memory_ablation,MockSimulator,42,none,none,-1,0,0,internal,0.0,0.0,0.0,0.0,0,False,0,False,-1,1,0.1,0.2,8,8,0,raw,3,False
319,1000.0,8,8,0,8,0,0,5.620609277174267,5.620609277174267,5.620609277174267,0.0,0.0,0.0058633323521896505,1.0,0.0,False,0,0,0,0,0,0.0,0.0,0.0,0.0,0.0,0,0.0,0,0,disabled,disabled,True,wrong_key,-1,3,False,raw,0,0.0,0.0,trial:-1,3,False,disabled,0,0,False,raw,0,0.0,0.0,,0,False,disabled,False,raw,0.0,0.0,,,,,,,,False,0,0,0,0,0,0,0.0,0.0,0.8323340000089274,3.1525409999915155,4.120624999998768,context_reentry_interference,wrong_key_ablation,CRA,wrong_key_ablation,memory_ablation,MockSimulator,42,none,none,-1,0,0,internal,0.0,0.0,0.0,0.0,0,False,0,False,-1,1,0.1,0.2,8,8,0,raw,3,False
320,1000.0,8,8,0,8,0,0,5.602431430667384,5.602431430667384,5.602431430667384,0.0,0.0,0.00576163769892674,1.0,0.0,False,0,0,0,0,0,0.0,0.0,0.0,0.0,0.0,0,0.0,0,0,disabled,disabled,True,wrong_key,-1,3,False,raw,0,0.0,0.0,trial:-1,3,False,disabled,0,0,False,raw,0,0.0,0.0,,0,False,disabled,False,raw,0.0,0.0,,,,,,,,False,0,0,0,0,0,0,0.0,0.0,0.8125419999913674,3.150875000002884,4.091166000009139,context_reentry_interference,wrong_key_ablation,CRA,wrong_key_ablation,memory_ablation,MockSimulator,42,none,none,-1,0,0,internal,0.0,0.0,0.0,0.0,0,False,0,False,-1,1,0.1,0.2,8,8,0,raw,3,False
321,1000.0,8,8,0,8,0,0,5.58434395089641,5.58434395089641,5.58434395089641,0.0,0.0,0.005661665498853471,1.0,0.0,False,0,0,0,0,0,0.0,0.0,0.0,0.0,0.0,0,0.0,0,0,disabled,disabled,True,wrong_key,-1,3,False,raw,0,0.0,0.0,trial:-1,3,False,disabled,0,0,False,raw,0,0.0,0.0,,0,False,disabled,False,raw,0.0,0.0,,,,,,,,False,0,0,0,0,0,0,0.0,0.0,0.817083000001162,3.119499999996833,4.063125000001833,context_reentry_interference,wrong_key_ablation,CRA,wrong_key_ablation,memory_ablation,MockSimulator,42,none,none,-1,0,0,internal,0.0,0.0,0.0,0.0,0,False,0,False,-1,1,0.1,0.2,8,8,0,raw,3,False
322,1000.0,8,8,0,8,0,0,5.56634638716424,5.56634638716424,5.56634638716424,0.0,0.0,0.005563387531703563,1.0,0.0,False,0,0,0,0,0,0.0,0.0,0.0,0.0,0.0,0,0.0,0,0,disabled,disabled,True,wrong_key,-1,3,False,raw,0,0.0,0.0,trial:-1,3,False,disabled,0,0,False,raw,0,0.0,0.0,,0,False,disabled,False,raw,0.0,0.0,,,,,,,,False,0,0,0,0,0,0,0.0,0.0,1.0731660000118382,3.696458999996821,4.982417000007899,context_reentry_interference,wrong_key_ablation,CRA,wrong_key_ablation,memory_ablation,MockSimulator,42,none,none,-1,0,0,internal,0.0,0.0,0.0,0.0,0,False,0,False,-1,1,0.1,0.2,8,8,0,raw,3,False
323,1000.0,8,8,0,8,0,0,5.548438291021626,5.548438291021626,5.548438291021626,0.0,0.0,0.0054667760170401085,1.0,0.0,False,0,0,0,0,0,0.0,0.0,0.0,0.0,0.0,0,0.0,0,0,disabled,disabled,True,wrong_key,-1,3,False,raw,0,0.0,0.0,trial:-1,3,False,disabled,0,0,False,raw,0,0.0,0.0,,0,False,disabled,False,raw,0.0,0.0,,,,,,,,False,0,0,0,0,0,0,0.0,0.0,0.8183749999943757,3.17679200000498,4.128958999999099,context_reentry_interference,wrong_key_ablation,CRA,wrong_key_ablation,memory_ablation,MockSimulator,42,none,none,-1,0,0,internal,0.0,0.0,0.0,0.0,0,False,0,False,-1,1,0.1,0.2,8,8,0,raw,3,False
324,1000.0,8,8,0,8,0,0,5.530619216255975,5.530619216255975,5.530619216255975,1.824460410011823e-09,-1.824460410011823e-08,0.005371803607950511,1.0,1.824460410011823e-09,False,0,0,0,0,0,0.0,0.0,0.0,0.0,0.0,0,0.0,0,0,disabled,disabled,True,wrong_key,-1,3,True,internal_wrong_key_context,1,0.01,0.01,phase:B,3,False,disabled,0,0,False,raw,0,0.01,0.01,,0,False,disabled,False,raw,0.01,0.01,,,,,,,,False,0,0,0,0,0,0,0.0,0.0,0.8147909999962621,3.208459000006769,4.151082999996447,context_reentry_interference,wrong_key_ablation,CRA,wrong_key_ablation,memory_ablation,MockSimulator,42,decision,B_decision,8,-1,1,internal,0.01,0.01,-0.01,-0.01,-1,True,1,False,324,1,0.1,0.2,8,8,1,internal_wrong_key_context,3,True
325,1000.0,8,8,0,8,0,0,5.512888718880185,5.512888718880185,5.512888718880185,0.0,0.0,0.005278443384817681,1.0,0.0,False,0,0,0,0,0,0.0,0.0,0.0,0.0,0.0,0,0.0,0,0,disabled,disabled,True,wrong_key,-1,3,False,raw,0,0.0,0.0,trial:-1,3,False,disabled,0,0,False,raw,0,0.0,0.0,,0,False,disabled,False,raw,0.0,0.0,,,,,,,,False,0,0,0,0,0,0,0.0,0.0,0.8214160000079573,3.3859999999918955,4.337333999998805,context_reentry_interference,wrong_key_ablation,CRA,wrong_key_ablation,memory_ablation,MockSimulator,42,none,none,-1,0,0,internal,0.0,0.0,0.0,0.0,0,False,0,False,-1,1,0.1,0.2,8,8,0,raw,3,False
326,1000.0,8,8,0,8,0,0,5.495246357121549,5.495246357121549,5.495246357121549,0.0,0.0,0.005186668849166984,1.0,0.0,False,0,0,0,0,0,0.0,0.0,0.0,0.0,0.0,0,0.0,0,0,disabled,disabled,True,wrong_key,-1,3,False,raw,0,0.0,0.0,trial:-1,3,False,disabled,0,0,False,raw,0,0.0,0.0,,0,False,disabled,False,raw,0.0,0.0,,,,,,,,False,0,0,0,0,0,0,0.0,0.0,0.880375000008371,3.274250000004031,4.293707999991625,context_reentry_interference,wrong_key_ablation,CRA,wrong_key_ablation,memory_ablation,MockSimulator,42,none,none,-1,0,0,internal,0.0,0.0,0.0,0.0,0,False,0,False,-1,1,0.1,0.2,8,8,0,raw,3,False
327,1000.0,8,8,0,8,0,0,5.477691691410712,5.477691691410712,5.477691691410712,0.0,0.0,0.005096453917588389,1.0,0.0,False,0,0,0,0,0,0.0,0.0,0.0,0.0,0.0,0,0.0,0,0,disabled,disabled,True,wrong_key,-1,3,False,raw,0,0.0,0.0,trial:-1,3,False,disabled,0,0,False,raw,0,0.0,0.0,,0,False,disabled,False,raw,0.0,0.0,,,,,,,,False,0,0,0,0,0,0,0.0,0.0,0.8181669999913765,3.209458000000609,4.159042000011937,context_reentry_interference,wrong_key_ablation,CRA,wrong_key_ablation,memory_ablation,MockSimulator,42,none,none,-1,0,0,internal,0.0,0.0,0.0,0.0,0,False,0,False,-1,1,0.1,0.2,8,8,0,raw,3,False
328,1000.0,8,8,0,8,0,0,5.460224284370677,5.460224284370677,5.460224284370677,0.0,0.0,0.00500777291573327,1.0,0.0,False,0,0,0,0,0,0.0,0.0,0.0,0.0,0.0,0,0.0,0,0,disabled,disabled,True,wrong_key,-1,3,False,raw,0,0.0,0.0,trial:-1,3,False,disabled,0,0,False,raw,0,0.0,0.0,,0,False,disabled,False,raw,0.0,0.0,,,,,,,,False,0,0,0,0,0,0,0.0,0.0,0.8132920000036847,3.16370800000243,4.105041999991954,context_reentry_interference,wrong_key_ablation,CRA,wrong_key_ablation,memory_ablation,MockSimulator,42,none,none,-1,0,0,internal,0.0,0.0,0.0,0.0,0,False,0,False,-1,1,0.1,0.2,8,8,0,raw,3,False
329,1000.0,8,8,0,8,0,0,5.442843700805878,5.442843700805878,5.442843700805878,0.0,0.0,0.004920600572385321,1.0,0.0,False,0,0,0,0,0,0.0,0.0,0.0,0.0,0.0,0,0.0,0,0,disabled,disabled,True,wrong_key,-1,3,False,raw,0,0.0,0.0,trial:-1,3,False,disabled,0,0,False,raw,0,0.0,0.0,,0,False,disabled,False,raw,0.0,0.0,,,,,,,,False,0,0,0,0,0,0,0.0,0.0,0.811666000004152,3.735417000001462,4.675250000005349,context_reentry_interference,wrong_key_ablation,CRA,wrong_key_ablation,memory_ablation,MockSimulator,42,none,none,-1,0,0,internal,0.0,0.0,0.0,0.0,0,False,0,False,-1,1,0.1,0.2,8,8,0,raw,3,False
330,1000.0,8,8,0,8,0,0,5.425549507691292,5.425549507691292,5.425549507691292,0.0,0.0,0.004834912013604997,1.0,0.0,False,0,0,0,0,0,0.0,0.0,0.0,0.0,0.0,0,0.0,0,0,disabled,disabled,True,wrong_key,-1,3,False,raw,0,0.0,0.0,trial:-1,3,False,disabled,0,0,False,raw,0,0.0,0.0,,0,False,disabled,False,raw,0.0,0.0,,,,,,,,False,0,0,0,0,0,0,0.0,0.0,0.8718750000014097,3.4703339999992977,4.4850830000058295,context_reentry_interference,wrong_key_ablation,CRA,wrong_key_ablation,memory_ablation,MockSimulator,42,none,none,-1,0,0,internal,0.0,0.0,0.0,0.0,0,False,0,False,-1,1,0.1,0.2,8,8,0,raw,3,False
331,1000.0,8,8,0,8,0,0,5.408341274161618,5.408341274161618,5.408341274161618,0.0,0.0,0.0047506827569469305,1.0,0.0,False,0,0,0,0,0,0.0,0.0,0.0,0.0,0.0,0,0.0,0,0,disabled,disabled,True,wrong_key,-1,3,False,raw,0,0.0,0.0,trial:-1,3,False,disabled,0,0,False,raw,0,0.0,0.0,,0,False,disabled,False,raw,0.0,0.0,,,,,,,,False,0,0,0,0,0,0,0.0,0.0,0.8625410000036027,3.4550839999951677,4.458708000001366,context_reentry_interference,wrong_key_ablation,CRA,wrong_key_ablation,memory_ablation,MockSimulator,42,none,none,-1,0,0,internal,0.0,0.0,0.0,0.0,0,False,0,False,-1,1,0.1,0.2,8,8,0,raw,3,False
332,1000.0,8,8,0,8,0,0,5.391218571500504,5.391218571500504,5.391218571500504,0.0,0.0,0.004667888705749745,1.0,0.0,False,0,0,0,0,0,0.0,0.0,0.0,0.0,0.0,0,0.0,0,0,disabled,disabled,True,wrong_key,-1,3,False,raw,0,0.0,0.0,trial:-1,3,False,disabled,0,0,False,raw,0,0.0,0.0,,0,False,disabled,False,raw,0.0,0.0,,,,,,,,False,0,0,0,0,0,0,0.0,0.0,0.8317499999890288,3.614416000004894,4.580209000010882,context_reentry_interference,wrong_key_ablation,CRA,wrong_key_ablation,memory_ablation,MockSimulator,42,none,none,-1,0,0,internal,0.0,0.0,0.0,0.0,0,False,0,False,-1,1,0.1,0.2,8,8,0,raw,3,False
333,1000.0,8,8,0,8,0,0,5.374180973129831,5.374180973129831,5.374180973129831,0.0,0.0,0.004586506143497668,1.0,0.0,False,0,0,0,0,0,0.0,0.0,0.0,0.0,0.0,0,0.0,0,0,disabled,disabled,True,wrong_key,-1,3,False,raw,0,0.0,0.0,trial:-1,3,False,disabled,0,0,False,raw,0,0.0,0.0,,0,False,disabled,False,raw,0.0,0.0,,,,,,,,False,0,0,0,0,0,0,0.0,0.0,0.981374999994955,3.549792000001162,4.810082999995302,context_reentry_interference,wrong_key_ablation,CRA,wrong_key_ablation,memory_ablation,MockSimulator,42,none,none,-1,0,0,internal,0.0,0.0,0.0,0.0,0,False,0,False,-1,1,0.1,0.2,8,8,0,raw,3,False
334,1000.0,8,8,0,8,0,0,5.3572280545990445,5.3572280545990445,5.3572280545990445,0.0,0.0,0.004506511728253375,1.0,0.0,False,0,0,0,0,0,0.0,0.0,0.0,0.0,0.0,0,0.0,0,0,disabled,disabled,True,wrong_key,-1,3,False,raw,0,0.0,0.0,trial:-1,3,False,disabled,0,0,False,raw,0,0.0,0.0,,0,False,disabled,False,raw,0.0,0.0,,,,,,,,False,0,0,0,0,0,0,0.0,0.0,0.8291249999956563,3.295917000002646,4.258249999992358,context_reentry_interference,wrong_key_ablation,CRA,wrong_key_ablation,memory_ablation,MockSimulator,42,none,none,-1,0,0,internal,0.0,0.0,0.0,0.0,0,False,0,False,-1,1,0.1,0.2,8,8,0,raw,3,False
335,1000.0,8,8,0,8,0,0,5.340359393574548,5.340359393574548,5.340359393574548,0.0,0.0,0.004427882487161454,1.0,0.0,False,0,0,0,0,0,0.0,0.0,0.0,0.0,0.0,0,0.0,0,0,disabled,disabled,True,wrong_key,-1,3,False,raw,0,0.0,0.0,trial:-1,3,False,disabled,0,0,False,raw,0,0.0,0.0,,0,False,disabled,False,raw,0.0,0.0,,,,,,,,False,0,0,0,0,0,0,0.0,0.0,0.8185840000010103,3.268915999996125,4.213958999997658,context_reentry_interference,wrong_key_ablation,CRA,wrong_key_ablation,memory_ablation,MockSimulator,42,none,none,-1,0,0,internal,0.0,0.0,0.0,0.0,0,False,0,False,-1,1,0.1,0.2,8,8,0,raw,3,False
336,1000.0,8,8,0,8,0,0,5.323574569829143,5.323574569829143,5.323574569829143,0.0,0.0,0.004350595811021908,1.0,0.0,False,0,0,0,0,0,0.0,0.0,0.0,0.0,0.0,0,0.0,0,0,disabled,disabled,True,wrong_key,-1,3,False,raw,0,0.0,0.0,trial:-1,3,False,disabled,0,0,False,raw,0,0.0,0.0,,0,False,disabled,False,raw,0.0,0.0,,,,,,,,False,0,0,0,0,0,0,0.0,0.0,0.8179999999953225,3.9724580000068954,4.917833999996901,context_reentry_interference,wrong_key_ablation,CRA,wrong_key_ablation,memory_ablation,MockSimulator,42,none,none,-1,0,0,internal,0.0,0.0,0.0,0.0,0,False,0,False,-1,1,0.1,0.2,8,8,0,raw,3,False
337,1000.0,8,8,0,8,0,0,5.306873165231519,5.306873165231519,5.306873165231519,0.0,0.0,0.004274629448933079,1.0,0.0,False,0,0,0,0,0,0.0,0.0,0.0,0.0,0.0,0,0.0,0,0,disabled,disabled,True,wrong_key,-1,3,False,raw,0,0.0,0.0,trial:-1,3,False,disabled,0,0,False,raw,0,0.0,0.0,,0,False,disabled,False,raw,0.0,0.0,,,,,,,,False,0,0,0,0,0,0,0.0,0.0,0.9297919999937676,3.4656659999967587,4.547125000001984,context_reentry_interference,wrong_key_ablation,CRA,wrong_key_ablation,memory_ablation,MockSimulator,42,none,none,-1,0,0,internal,0.0,0.0,0.0,0.0,0,False,0,False,-1,1,0.1,0.2,8,8,0,raw,3,False
338,1000.0,8,8,0,8,0,0,5.290254763735807,5.290254763735807,5.290254763735807,0.0,0.0,0.004199961503003396,1.0,0.0,False,0,0,0,0,0,0.0,0.0,0.0,0.0,0.0,0,0.0,0,0,disabled,disabled,True,wrong_key,-1,3,False,raw,0,0.0,0.0,trial:-1,3,False,disabled,0,0,False,raw,0,0.0,0.0,,0,False,disabled,False,raw,0.0,0.0,,,,,,,,False,0,0,0,0,0,0,0.0,0.0,0.818667000004325,3.509082999997304,4.456332999993151,context_reentry_interference,wrong_key_ablation,CRA,wrong_key_ablation,memory_ablation,MockSimulator,42,none,none,-1,0,0,internal,0.0,0.0,0.0,0.0,0,False,0,False,-1,1,0.1,0.2,8,8,0,raw,3,False
339,1000.0,8,8,0,8,0,0,5.273718951371174,5.273718951371174,5.273718951371174,0.0,0.0,0.004126570423131326,1.0,0.0,False,0,0,0,0,0,0.0,0.0,0.0,0.0,0.0,0,0.0,0,0,disabled,disabled,True,wrong_key,-1,3,False,raw,0,0.0,0.0,trial:-1,3,False,disabled,0,0,False,raw,0,0.0,0.0,,0,False,disabled,False,raw,0.0,0.0,,,,,,,,False,0,0,0,0,0,0,0.0,0.0,0.9115000000008422,3.6511659999973745,4.7050000000012915,context_reentry_interference,wrong_key_ablation,CRA,wrong_key_ablation,memory_ablation,MockSimulator,42,none,none,-1,0,0,internal,0.0,0.0,0.0,0.0,0,False,0,False,-1,1,0.1,0.2,8,8,0,raw,3,False
340,1000.0,8,8,0,8,0,0,5.257265316231475,5.257265316231475,5.257265316231475,0.0,0.0,0.004054435001852938,1.0,0.0,False,0,0,0,0,0,0.0,0.0,0.0,0.0,0.0,0,0.0,0,0,disabled,disabled,True,wrong_key,-1,3,False,raw,0,0.0,0.0,trial:-1,3,False,disabled,0,0,False,raw,0,0.0,0.0,,0,False,disabled,False,raw,0.0,0.0,,,,,,,,False,0,0,0,0,0,0,0.0,0.0,1.0002500000041437,3.6975000000012415,4.87041600000282,context_reentry_interference,wrong_key_ablation,CRA,wrong_key_ablation,memory_ablation,MockSimulator,42,none,none,-1,0,0,internal,0.0,0.0,0.0,0.0,0,False,0,False,-1,1,0.1,0.2,8,8,0,raw,3,False
341,1000.0,8,8,0,8,0,0,5.240893448464956,5.240893448464956,5.240893448464956,0.0,0.0,0.003983534369256433,1.0,0.0,False,0,0,0,0,0,0.0,0.0,0.0,0.0,0.0,0,0.0,0,0,disabled,disabled,True,wrong_key,-1,3,False,raw,0,0.0,0.0,trial:-1,3,False,disabled,0,0,False,raw,0,0.0,0.0,,0,False,disabled,False,raw,0.0,0.0,,,,,,,,False,0,0,0,0,0,0,0.0,0.0,0.8479159999978947,3.5439999999908878,4.5293750000041655,context_reentry_interference,wrong_key_ablation,CRA,wrong_key_ablation,memory_ablation,MockSimulator,42,none,none,-1,0,0,internal,0.0,0.0,0.0,0.0,0,False,0,False,-1,1,0.1,0.2,8,8,0,raw,3,False
342,1000.0,8,8,0,8,0,0,5.224602940264005,5.224602940264005,5.224602940264005,0.0,0.0,0.003913847987963047,1.0,0.0,False,0,0,0,0,0,0.0,0.0,0.0,0.0,0.0,0,0.0,0,0,disabled,disabled,True,wrong_key,-1,3,False,raw,0,0.0,0.0,trial:-1,3,False,disabled,0,0,False,raw,0,0.0,0.0,,0,False,disabled,False,raw,0.0,0.0,,,,,,,,False,0,0,0,0,0,0,0.0,0.0,0.9094159999989415,3.5895420000002787,4.640875000006872,context_reentry_interference,wrong_key_ablation,CRA,wrong_key_ablation,memory_ablation,MockSimulator,42,none,none,-1,0,0,internal,0.0,0.0,0.0,0.0,0,False,0,False,-1,1,0.1,0.2,8,8,0,raw,3,False
343,1000.0,8,8,0,8,0,0,5.208393385854961,5.208393385854961,5.208393385854961,0.0,0.0,0.0038453556481736935,1.0,0.0,False,0,0,0,0,0,0.0,0.0,0.0,0.0,0.0,0,0.0,0,0,disabled,disabled,True,wrong_key,-1,3,False,raw,0,0.0,0.0,trial:-1,3,False,disabled,0,0,False,raw,0,0.0,0.0,,0,False,disabled,False,raw,0.0,0.0,,,,,,,,False,0,0,0,0,0,0,0.0,0.0,0.8483750000038981,3.745209000001637,4.724792000004641,context_reentry_interference,wrong_key_ablation,CRA,wrong_key_ablation,memory_ablation,MockSimulator,42,none,none,-1,0,0,internal,0.0,0.0,0.0,0.0,0,False,0,False,-1,1,0.1,0.2,8,8,0,raw,3,False
344,1000.0,8,8,0,8,0,0,5.192264381487965,5.192264381487965,5.192264381487965,0.0,0.0,0.0037780374627807293,1.0,0.0,False,0,0,0,0,0,0.0,0.0,0.0,0.0,0.0,0,0.0,0,0,disabled,disabled,True,wrong_key,-1,3,False,raw,0,0.0,0.0,trial:-1,3,False,disabled,0,0,False,raw,0,0.0,0.0,,0,False,disabled,False,raw,0.0,0.0,,,,,,,,False,0,0,0,0,0,0,0.0,0.0,0.8704589999979362,3.5008330000039223,4.512875000003191,context_reentry_interference,wrong_key_ablation,CRA,wrong_key_ablation,memory_ablation,MockSimulator,42,none,none,-1,0,0,internal,0.0,0.0,0.0,0.0,0,False,0,False,-1,1,0.1,0.2,8,8,0,raw,3,False
345,1000.0,8,8,0,8,0,0,5.176215525426871,5.176215525426871,5.176215525426871,0.0,0.0,0.0037118738625442137,1.0,0.0,False,0,0,0,0,0,0.0,0.0,0.0,0.0,0.0,0,0.0,0,0,disabled,disabled,True,wrong_key,-1,3,False,raw,0,0.0,0.0,trial:-1,3,False,disabled,0,0,False,raw,0,0.0,0.0,,0,False,disabled,False,raw,0.0,0.0,,,,,,,,False,0,0,0,0,0,0,0.0,0.0,0.8104169999967326,3.4225000000134287,4.361208000005945,context_reentry_interference,wrong_key_ablation,CRA,wrong_key_ablation,memory_ablation,MockSimulator,42,none,none,-1,0,0,internal,0.0,0.0,0.0,0.0,0,False,0,False,-1,1,0.1,0.2,8,8,0,raw,3,False
346,1000.0,8,8,0,8,0,0,5.160246417939197,5.160246417939197,5.160246417939197,0.0,0.0,0.003646845591332047,1.0,0.0,False,0,0,0,0,0,0.0,0.0,0.0,0.0,0.0,0,0.0,0,0,disabled,disabled,True,wrong_key,-1,3,False,raw,0,0.0,0.0,trial:-1,3,False,disabled,0,0,False,raw,0,0.0,0.0,,0,False,disabled,False,raw,0.0,0.0,,,,,,,,False,0,0,0,0,0,0,0.0,0.0,0.9098750000049449,3.6917919999979176,4.743458000007195,context_reentry_interference,wrong_key_ablation,CRA,wrong_key_ablation,memory_ablation,MockSimulator,42,none,none,-1,0,0,internal,0.0,0.0,0.0,0.0,0,False,0,False,-1,1,0.1,0.2,8,8,0,raw,3,False
347,1000.0,8,8,0,8,0,0,5.144356661286138,5.144356661286138,5.144356661286138,0.0,0.0,0.0035829337014233486,1.0,0.0,False,0,0,0,0,0,0.0,0.0,0.0,0.0,0.0,0,0.0,0,0,disabled,disabled,True,wrong_key,-1,3,False,raw,0,0.0,0.0,trial:-1,3,False,disabled,0,0,False,raw,0,0.0,0.0,,0,False,disabled,False,raw,0.0,0.0,,,,,,,,False,0,0,0,0,0,0,0.0,0.0,1.0260410000029196,3.5933750000083364,4.814708000012047,context_reentry_interference,wrong_key_ablation,CRA,wrong_key_ablation,memory_ablation,MockSimulator,42,none,none,-1,0,0,internal,0.0,0.0,0.0,0.0,0,False,0,False,-1,1,0.1,0.2,8,8,0,raw,3,False
348,1000.0,8,8,0,8,0,0,5.1285458597126174,5.1285458597126174,5.1285458597126174,-1.8062158059117042e-10,-1.8062158059117042e-09,0.0035201195488744653,1.0,-1.8062158059117042e-10,False,0,0,0,0,0,0.0,0.0,0.0,0.0,0.0,0,0.0,0,0,disabled,disabled,True,wrong_key,-1,3,True,internal_wrong_key_context,-1,-0.01,-0.01,phase:B,3,False,disabled,0,0,False,raw,0,-0.01,-0.01,,0,False,disabled,False,raw,-0.01,-0.01,,,,,,,,False,0,0,0,0,0,0,0.0,0.0,0.8223749999984875,3.4210419999993746,4.37524999999539,context_reentry_interference,wrong_key_ablation,CRA,wrong_key_ablation,memory_ablation,MockSimulator,42,decision,B_decision,9,-1,-1,internal,-0.01,-0.01,0.01,0.01,1,True,-1,False,348,1,0.1,0.2,8,8,-1,internal_wrong_key_context,3,True
349,1000.0,8,8,0,8,0,0,5.112813619437396,5.112813619437396,5.112813619437396,0.0,0.0,0.0034583847889469686,1.0,0.0,False,0,0,0,0,0,0.0,0.0,0.0,0.0,0.0,0,0.0,0,0,disabled,disabled,True,wrong_key,-1,3,False,raw,0,0.0,0.0,trial:-1,3,False,disabled,0,0,False,raw,0,0.0,0.0,,0,False,disabled,False,raw,0.0,0.0,,,,,,,,False,0,0,0,0,0,0,0.0,0.0,0.8206669999992755,3.392040999997903,4.340624999997544,context_reentry_interference,wrong_key_ablation,CRA,wrong_key_ablation,memory_ablation,MockSimulator,42,none,none,-1,0,0,internal,0.0,0.0,0.0,0.0,0,False,0,False,-1,1,0.1,0.2,8,8,0,raw,3,False
350,1000.0,8,8,0,8,0,0,5.097159548643225,5.097159548643225,5.097159548643225,0.0,0.0,0.0033977113715970217,1.0,0.0,False,0,0,0,0,0,0.0,0.0,0.0,0.0,0.0,0,0.0,0,0,disabled,disabled,True,wrong_key,-1,3,False,raw,0,0.0,0.0,trial:-1,3,False,disabled,0,0,False,raw,0,0.0,0.0,,0,False,disabled,False,raw,0.0,0.0,,,,,,,,False,0,0,0,0,0,0,0.0,0.0,0.8247909999994363,3.7043340000053604,4.659457999991901,context_reentry_interference,wrong_key_ablation,CRA,wrong_key_ablation,memory_ablation,MockSimulator,42,none,none,-1,0,0,internal,0.0,0.0,0.0,0.0,0,False,0,False,-1,1,0.1,0.2,8,8,0,raw,3,False
351,1000.0,8,8,0,8,0,0,5.081583257467053,5.081583257467053,5.081583257467053,0.0,0.0,0.003338081537025494,1.0,0.0,False,0,0,0,0,0,0.0,0.0,0.0,0.0,0.0,0,0.0,0,0,disabled,disabled,True,wrong_key,-1,3,False,raw,0,0.0,0.0,trial:-1,3,False,disabled,0,0,False,raw,0,0.0,0.0,,0,False,disabled,False,raw,0.0,0.0,,,,,,,,False,0,0,0,0,0,0,0.0,0.0,0.8491250000020045,3.8217080000038095,4.805375000003664,context_reentry_interference,wrong_key_ablation,CRA,wrong_key_ablation,memory_ablation,MockSimulator,42,none,none,-1,0,0,internal,0.0,0.0,0.0,0.0,0,False,0,False,-1,1,0.1,0.2,8,8,0,raw,3,False
352,1000.0,8,8,0,8,0,0,5.06608435799028,5.06608435799028,5.06608435799028,0.0,0.0,0.0032794778112881884,1.0,0.0,False,0,0,0,0,0,0.0,0.0,0.0,0.0,0.0,0,0.0,0,0,disabled,disabled,True,wrong_key,-1,3,False,raw,0,0.0,0.0,trial:-1,3,False,disabled,0,0,False,raw,0,0.0,0.0,,0,False,disabled,False,raw,0.0,0.0,,,,,,,,False,0,0,0,0,0,0,0.0,0.0,0.8775000000014188,3.6338750000055597,4.651332999998203,context_reentry_interference,wrong_key_ablation,CRA,wrong_key_ablation,memory_ablation,MockSimulator,42,none,none,-1,0,0,internal,0.0,0.0,0.0,0.0,0,False,0,False,-1,1,0.1,0.2,8,8,0,raw,3,False
353,1000.0,8,8,0,8,0,0,5.050662464229055,5.050662464229055,5.050662464229055,0.0,0.0,0.003221883001965565,1.0,0.0,False,0,0,0,0,0,0.0,0.0,0.0,0.0,0.0,0,0.0,0,0,disabled,disabled,True,wrong_key,-1,3,False,raw,0,0.0,0.0,trial:-1,3,False,disabled,0,0,False,raw,0,0.0,0.0,,0,False,disabled,False,raw,0.0,0.0,,,,,,,,False,0,0,0,0,0,0,0.0,0.0,0.8535830000084843,3.5762499999947295,4.564665999993167,context_reentry_interference,wrong_key_ablation,CRA,wrong_key_ablation,memory_ablation,MockSimulator,42,none,none,-1,0,0,internal,0.0,0.0,0.0,0.0,0,False,0,False,-1,1,0.1,0.2,8,8,0,raw,3,False
354,1000.0,8,8,0,8,0,0,5.035317192124632,5.035317192124632,5.035317192124632,0.0,0.0,0.003165280193891331,1.0,0.0,False,0,0,0,0,0,0.0,0.0,0.0,0.0,0.0,0,0.0,0,0,disabled,disabled,True,wrong_key,-1,3,False,raw,0,0.0,0.0,trial:-1,3,False,disabled,0,0,False,raw,0,0.0,0.0,,0,False,disabled,False,raw,0.0,0.0,,,,,,,,False,0,0,0,0,0,0,0.0,0.0,0.9266250000052878,3.703416999996989,4.796541000004595,context_reentry_interference,wrong_key_ablation,CRA,wrong_key_ablation,memory_ablation,MockSimulator,42,none,none,-1,0,0,internal,0.0,0.0,0.0,0.0,0,False,0,False,-1,1,0.1,0.2,8,8,0,raw,3,False
355,1000.0,8,8,0,8,0,0,5.020048159533762,5.020048159533762,5.020048159533762,0.0,0.0,0.00310965274493928,1.0,0.0,False,0,0,0,0,0,0.0,0.0,0.0,0.0,0.0,0,0.0,0,0,disabled,disabled,True,wrong_key,-1,3,False,raw,0,0.0,0.0,trial:-1,3,False,disabled,0,0,False,raw,0,0.0,0.0,,0,False,disabled,False,raw,0.0,0.0,,,,,,,,False,0,0,0,0,0,0,0.0,0.0,0.8322500000019772,3.493917000000124,4.463375000000269,context_reentry_interference,wrong_key_ablation,CRA,wrong_key_ablation,memory_ablation,MockSimulator,42,none,none,-1,0,0,internal,0.0,0.0,0.0,0.0,0,False,0,False,-1,1,0.1,0.2,8,8,0,raw,3,False
356,1000.0,8,8,0,8,0,0,5.004854986219147,5.004854986219147,5.004854986219147,0.0,0.0,0.003054984281867755,1.0,0.0,False,0,0,0,0,0,0.0,0.0,0.0,0.0,0.0,0,0.0,0,0,disabled,disabled,True,wrong_key,-1,3,False,raw,0,0.0,0.0,trial:-1,3,False,disabled,0,0,False,raw,0,0.0,0.0,,0,False,disabled,False,raw,0.0,0.0,,,,,,,,False,0,0,0,0,0,0,0.0,0.0,0.8212079999907473,3.4769170000004124,4.428083999997057,context_reentry_interference,wrong_key_ablation,CRA,wrong_key_ablation,memory_ablation,MockSimulator,42,none,none,-1,0,0,internal,0.0,0.0,0.0,0.0,0,False,0,False,-1,1,0.1,0.2,8,8,0,raw,3,False
357,1000.0,8,8,0,8,0,0,4.989737293839927,4.989737293839927,4.989737293839927,0.0,0.0,0.003001258696221115,1.0,0.0,False,0,0,0,0,0,0.0,0.0,0.0,0.0,0.0,0,0.0,0,0,disabled,disabled,True,wrong_key,-1,3,False,raw,0,0.0,0.0,trial:-1,3,False,disabled,0,0,False,raw,0,0.0,0.0,,0,False,disabled,False,raw,0.0,0.0,,,,,,,,False,0,0,0,0,0,0,0.0,0.0,0.8149159999959465,3.919959000000972,4.8625839999942855,context_reentry_interference,wrong_key_ablation,CRA,wrong_key_ablation,memory_ablation,MockSimulator,42,none,none,-1,0,0,internal,0.0,0.0,0.0,0.0,0,False,0,False,-1,1,0.1,0.2,8,8,0,raw,3,False
358,1000.0,8,8,0,8,0,0,4.974694705942228,4.974694705942228,4.974694705942228,0.0,0.0,0.002948460140287594,1.0,0.0,False,0,0,0,0,0,0.0,0.0,0.0,0.0,0.0,0,0.0,0,0,disabled,disabled,True,wrong_key,-1,3,False,raw,0,0.0,0.0,trial:-1,3,False,disabled,0,0,False,raw,0,0.0,0.0,,0,False,disabled,False,raw,0.0,0.0,,,,,,,,False,0,0,0,0,0,0,0.0,0.0,0.8351670000052991,3.541874999996253,4.514041000007296,context_reentry_interference,wrong_key_ablation,CRA,wrong_key_ablation,memory_ablation,MockSimulator,42,none,none,-1,0,0,internal,0.0,0.0,0.0,0.0,0,False,0,False,-1,1,0.1,0.2,8,8,0,raw,3,False
359,1000.0,8,8,0,8,0,0,4.959726847949743,4.959726847949743,4.959726847949743,0.0,0.0,0.0028965730231129247,1.0,0.0,False,0,0,0,0,0,0.0,0.0,0.0,0.0,0.0,0,0.0,0,0,disabled,disabled,True,wrong_key,-1,3,False,raw,0,0.0,0.0,trial:-1,3,False,disabled,0,0,False,raw,0,0.0,0.0,,0,False,disabled,False,raw,0.0,0.0,,,,,,,,False,0,0,0,0,0,0,0.0,0.0,0.8213750000010123,3.7330830000001924,4.683874999997784,context_reentry_interference,wrong_key_ablation,CRA,wrong_key_ablation,memory_ablation,MockSimulator,42,none,none,-1,0,0,internal,0.0,0.0,0.0,0.0,0,False,0,False,-1,1,0.1,0.2,8,8,0,raw,3,False
360,1000.0,8,8,0,8,0,0,4.944833347154376,4.944833347154376,4.944833347154376,-9.834845063189229e-12,-0.0,0.0028455820065691278,1.0,-9.834845063189229e-12,False,0,0,0,0,0,0.0,0.0,0.0,0.0,0.0,0,0.0,0,0,disabled,disabled,True,wrong_key,-1,4,False,raw,0,-0.0055000000000000005,-0.0055000000000000005,phase:C_interference,4,False,disabled,0,0,False,raw,0,-0.0055000000000000005,-0.0055000000000000005,,0,False,disabled,False,raw,-0.0055000000000000005,-0.0055000000000000005,,,,,,,,False,0,0,0,0,0,0,0.0,0.0,0.911750000000211,3.7708750000007285,4.824916000004009,context_reentry_interference,wrong_key_ablation,CRA,wrong_key_ablation,memory_ablation,MockSimulator,42,context,C_interference_context,10,-1,0,internal,-0.0055000000000000005,-0.0055000000000000005,0.0,0.0,0,False,-1,False,-1,1,0.1,0.2,8,8,0,raw,4,False
361,1000.0,8,8,0,8,0,0,4.930013832706918,4.930013832706918,4.930013832706918,0.0,0.0,0.002795472001477837,1.0,0.0,False,0,0,0,0,0,0.0,0.0,0.0,0.0,0.0,0,0.0,0,0,disabled,disabled,True,wrong_key,-1,4,False,raw,0,0.0,0.0,trial:-1,4,False,disabled,0,0,False,raw,0,0.0,0.0,,0,False,disabled,False,raw,0.0,0.0,,,,,,,,False,0,0,0,0,0,0,0.0,0.0,0.8748749999938354,3.6951670000036074,4.718584000002579,context_reentry_interference,wrong_key_ablation,CRA,wrong_key_ablation,memory_ablation,MockSimulator,42,none,none,-1,0,0,internal,0.0,0.0,0.0,0.0,0,False,0,False,-1,1,0.1,0.2,8,8,0,raw,4,False
362,1000.0,8,8,0,8,0,0,4.915267935607779,4.915267935607779,4.915267935607779,0.0,0.0,0.0027462281637875706,1.0,0.0,False,0,0,0,0,0,0.0,0.0,0.0,0.0,0.0,0,0.0,0,0,disabled,disabled,True,wrong_key,-1,4,False,raw,0,0.0,0.0,trial:-1,4,False,disabled,0,0,False,raw,0,0.0,0.0,,0,False,disabled,False,raw,0.0,0.0,,,,,,,,False,0,0,0,0,0,0,0.0,0.0,0.8874170000012782,3.552708000000848,4.575165999995079,context_reentry_interference,wrong_key_ablation,CRA,wrong_key_ablation,memory_ablation,MockSimulator,42,none,none,-1,0,0,internal,0.0,0.0,0.0,0.0,0,False,0,False,-1,1,0.1,0.2,8,8,0,raw,4,False
363,1000.0,8,8,0,8,0,0,4.90059528869776,4.90059528869776,4.90059528869776,0.0,0.0,0.0026978358908043235,1.0,0.0,False,0,0,0,0,0,0.0,0.0,0.0,0.0,0.0,0,0.0,0,0,disabled,disabled,True,wrong_key,-1,4,False,raw,0,0.0,0.0,trial:-1,4,False,disabled,0,0,False,raw,0,0.0,0.0,,0,False,disabled,False,raw,0.0,0.0,,,,,,,,False,0,0,0,0,0,0,0.0,0.0,0.8135000000066839,3.5412919999942005,4.483333000010248,context_reentry_interference,wrong_key_ablation,CRA,wrong_key_ablation,memory_ablation,MockSimulator,42,none,none,-1,0,0,internal,0.0,0.0,0.0,0.0,0,False,0,False,-1,1,0.1,0.2,8,8,0,raw,4,False
364,1000.0,8,8,0,8,0,0,4.885995526648877,4.885995526648877,4.885995526648877,0.0,0.0,0.0026502808174748912,1.0,0.0,False,0,0,0,0,0,0.0,0.0,0.0,0.0,0.0,0,0.0,0,0,disabled,disabled,True,wrong_key,-1,4,False,raw,0,0.0,0.0,trial:-1,4,False,disabled,0,0,False,raw,0,0.0,0.0,,0,False,disabled,False,raw,0.0,0.0,,,,,,,,False,0,0,0,0,0,0,0.0,0.0,0.8097909999946751,3.9245000000107666,4.861208999997757,context_reentry_interference,wrong_key_ablation,CRA,wrong_key_ablation,memory_ablation,MockSimulator,42,none,none,-1,0,0,internal,0.0,0.0,0.0,0.0,0,False,0,False,-1,1,0.1,0.2,8,8,0,raw,4,False
365,1000.0,8,8,0,8,0,0,4.871468285955227,4.871468285955227,4.871468285955227,0.0,0.0,0.0026035488127223146,1.0,0.0,False,0,0,0,0,0,0.0,0.0,0.0,0.0,0.0,0,0.0,0,0,disabled,disabled,True,wrong_key,-1,4,False,raw,0,0.0,0.0,trial:-1,4,False,disabled,0,0,False,raw,0,0.0,0.0,,0,False,disabled,False,raw,0.0,0.0,,,,,,,,False,0,0,0,0,0,0,0.0,0.0,0.8340830000008737,3.606458000007251,4.577624999996033,context_reentry_interference,wrong_key_ablation,CRA,wrong_key_ablation,memory_ablation,MockSimulator,42,none,none,-1,0,0,internal,0.0,0.0,0.0,0.0,0,False,0,False,-1,1,0.1,0.2,8,8,0,raw,4,False
366,1000.0,8,8,0,8,0,0,4.857013204923899,4.857013204923899,4.857013204923899,0.0,0.0,0.002557625975832851,1.0,0.0,False,0,0,0,0,0,0.0,0.0,0.0,0.0,0.0,0,0.0,0,0,disabled,disabled,True,wrong_key,-1,4,False,raw,0,0.0,0.0,trial:-1,4,False,disabled,0,0,False,raw,0,0.0,0.0,,0,False,disabled,False,raw,0.0,0.0,,,,,,,,False,0,0,0,0,0,0,0.0,0.0,0.8278749999988122,3.6788339999986874,4.644624999997404,context_reentry_interference,wrong_key_ablation,CRA,wrong_key_ablation,memory_ablation,MockSimulator,42,none,none,-1,0,0,internal,0.0,0.0,0.0,0.0,0,False,0,False,-1,1,0.1,0.2,8,8,0,raw,4,False
367,1000.0,8,8,0,8,0,0,4.842629923665935,4.842629923665935,4.842629923665935,0.0,0.0,0.0025124986328938772,1.0,0.0,False,0,0,0,0,0,0.0,0.0,0.0,0.0,0.0,0,0.0,0,0,disabled,disabled,True,wrong_key,-1,4,False,raw,0,0.0,0.0,trial:-1,4,False,disabled,0,0,False,raw,0,0.0,0.0,,0,False,disabled,False,raw,0.0,0.0,,,,,,,,False,0,0,0,0,0,0,0.0,0.0,0.8228330000008555,3.8512919999931228,4.8063339999941945,context_reentry_interference,wrong_key_ablation,CRA,wrong_key_ablation,memory_ablation,MockSimulator,42,none,none,-1,0,0,internal,0.0,0.0,0.0,0.0,0,False,0,False,-1,1,0.1,0.2,8,8,0,raw,4,False
368,1000.0,8,8,0,8,0,0,4.828318084087328,4.828318084087328,4.828318084087328,0.0,0.0,0.002468153333282129,1.0,0.0,False,0,0,0,0,0,0.0,0.0,0.0,0.0,0.0,0,0.0,0,0,disabled,disabled,True,wrong_key,-1,4,False,raw,0,0.0,0.0,trial:-1,4,False,disabled,0,0,False,raw,0,0.0,0.0,,0,False,disabled,False,raw,0.0,0.0,,,,,,,,False,0,0,0,0,0,0,0.0,0.0,0.8694999999931952,3.757167000003392,4.769500000008975,context_reentry_interference,wrong_key_ablation,CRA,wrong_key_ablation,memory_ablation,MockSimulator,42,none,none,-1,0,0,internal,0.0,0.0,0.0,0.0,0,False,0,False,-1,1,0.1,0.2,8,8,0,raw,4,False
369,1000.0,8,8,0,8,0,0,4.814077329880072,4.814077329880072,4.814077329880072,0.0,0.0,0.0024245768462016933,1.0,0.0,False,0,0,0,0,0,0.0,0.0,0.0,0.0,0.0,0,0.0,0,0,disabled,disabled,True,wrong_key,-1,4,False,raw,0,0.0,0.0,trial:-1,4,False,disabled,0,0,False,raw,0,0.0,0.0,,0,False,disabled,False,raw,0.0,0.0,,,,,,,,False,0,0,0,0,0,0,0.0,0.0,0.8310829999942371,3.586583000000587,4.549999999994725,context_reentry_interference,wrong_key_ablation,CRA,wrong_key_ablation,memory_ablation,MockSimulator,42,none,none,-1,0,0,internal,0.0,0.0,0.0,0.0,0,False,0,False,-1,1,0.1,0.2,8,8,0,raw,4,False
370,1000.0,8,8,0,8,0,0,4.799907306513256,4.799907306513256,4.799907306513256,0.0,0.0,0.0023817561572711623,1.0,0.0,False,0,0,0,0,0,0.0,0.0,0.0,0.0,0.0,0,0.0,0,0,disabled,disabled,True,wrong_key,-1,4,False,raw,0,0.0,0.0,trial:-1,4,False,disabled,0,0,False,raw,0,0.0,0.0,,0,False,disabled,False,raw,0.0,0.0,,,,,,,,False,0,0,0,0,0,0,0.0,0.0,0.8149580000065271,3.579458000004365,4.521707999998625,context_reentry_interference,wrong_key_ablation,CRA,wrong_key_ablation,memory_ablation,MockSimulator,42,none,none,-1,0,0,internal,0.0,0.0,0.0,0.0,0,False,0,False,-1,1,0.1,0.2,8,8,0,raw,4,False
371,1000.0,8,8,0,8,0,0,4.785807661224197,4.785807661224197,4.785807661224197,0.0,0.0,0.0023396784651593715,1.0,0.0,False,0,0,0,0,0,0.0,0.0,0.0,0.0,0.0,0,0.0,0,0,disabled,disabled,True,wrong_key,-1,4,False,raw,0,0.0,0.0,trial:-1,4,False,disabled,0,0,False,raw,0,0.0,0.0,,0,False,disabled,False,raw,0.0,0.0,,,,,,,,False,0,0,0,0,0,0,0.0,0.0,0.8872079999946436,4.320750000005091,5.33500000000231,context_reentry_interference,wrong_key_ablation,CRA,wrong_key_ablation,memory_ablation,MockSimulator,42,none,none,-1,0,0,internal,0.0,0.0,0.0,0.0,0,False,0,False,-1,1,0.1,0.2,8,8,0,raw,4,False
372,1000.0,8,8,0,8,0,0,4.771778043009625,4.771778043009625,4.771778043009625,0.0,0.0,0.002298331178269144,1.0,0.0,False,0,0,0,0,0,0.0,0.0,0.0,0.0,0.0,0,0.0,0,0,disabled,disabled,True,wrong_key,-1,4,False,raw,0,0.0,0.0,trial:-1,4,False,disabled,0,0,False,raw,0,0.0,0.0,,0,False,disabled,False,raw,0.0,0.0,,,,,,,,False,0,0,0,0,0,0,0.0,0.0,0.8405419999917285,3.6599160000037045,4.6380420000105005,context_reentry_interference,wrong_key_ablation,CRA,wrong_key_ablation,memory_ablation,MockSimulator,42,none,none,-1,0,0,internal,0.0,0.0,0.0,0.0,0,False,0,False,-1,1,0.1,0.2,8,8,0,raw,4,False
373,1000.0,8,8,0,8,0,0,4.757818102616904,4.757818102616904,4.757818102616904,0.0,0.0,0.002257701911468462,1.0,0.0,False,0,0,0,0,0,0.0,0.0,0.0,0.0,0.0,0,0.0,0,0,disabled,disabled,True,wrong_key,-1,4,False,raw,0,0.0,0.0,trial:-1,4,False,disabled,0,0,False,raw,0,0.0,0.0,,0,False,disabled,False,raw,0.0,0.0,,,,,,,,False,0,0,0,0,0,0,0.0,0.0,0.8147080000071583,3.6191250000001673,4.563165999996954,context_reentry_interference,wrong_key_ablation,CRA,wrong_key_ablation,memory_ablation,MockSimulator,42,none,none,-1,0,0,internal,0.0,0.0,0.0,0.0,0,False,0,False,-1,1,0.1,0.2,8,8,0,raw,4,False
374,1000.0,8,8,0,8,0,0,4.743927492535304,4.743927492535304,4.743927492535304,0.0,0.0,0.0022177784828684996,1.0,0.0,False,0,0,0,0,0,0.0,0.0,0.0,0.0,0.0,0,0.0,0,0,disabled,disabled,True,wrong_key,-1,4,False,raw,0,0.0,0.0,trial:-1,4,False,disabled,0,0,False,raw,0,0.0,0.0,,0,False,disabled,False,raw,0.0,0.0,,,,,,,,False,0,0,0,0,0,0,0.0,0.0,0.8312909999972362,4.1007089999993696,5.063708999998084,context_reentry_interference,wrong_key_ablation,CRA,wrong_key_ablation,memory_ablation,MockSimulator,42,none,none,-1,0,0,internal,0.0,0.0,0.0,0.0,0,False,0,False,-1,1,0.1,0.2,8,8,0,raw,4,False
375,1000.0,8,8,0,8,0,0,4.730105866987312,4.730105866987312,4.730105866987312,0.0,0.0,0.0021785489106479483,1.0,0.0,False,0,0,0,0,0,0.0,0.0,0.0,0.0,0.0,0,0.0,0,0,disabled,disabled,True,wrong_key,-1,4,False,raw,0,0.0,0.0,trial:-1,4,False,disabled,0,0,False,raw,0,0.0,0.0,,0,False,disabled,False,raw,0.0,0.0,,,,,,,,False,0,0,0,0,0,0,0.0,0.0,0.8440840000076832,3.6896659999996473,4.674917000002665,context_reentry_interference,wrong_key_ablation,CRA,wrong_key_ablation,memory_ablation,MockSimulator,42,none,none,-1,0,0,internal,0.0,0.0,0.0,0.0,0,False,0,False,-1,1,0.1,0.2,8,8,0,raw,4,False
376,1000.0,8,8,0,8,0,0,4.716352881919986,4.716352881919986,4.716352881919986,0.0,0.0,0.0021400014099230715,1.0,0.0,False,0,0,0,0,0,0.0,0.0,0.0,0.0,0.0,0,0.0,0,0,disabled,disabled,True,wrong_key,-1,4,False,raw,0,0.0,0.0,trial:-1,4,False,disabled,0,0,False,raw,0,0.0,0.0,,0,False,disabled,False,raw,0.0,0.0,,,,,,,,False,0,0,0,0,0,0,0.0,0.0,0.8140829999945254,3.6820830000010574,4.624416999988057,context_reentry_interference,wrong_key_ablation,CRA,wrong_key_ablation,memory_ablation,MockSimulator,42,none,none,-1,0,0,internal,0.0,0.0,0.0,0.0,0,False,0,False,-1,1,0.1,0.2,8,8,0,raw,4,False
377,1000.0,8,8,0,8,0,0,4.702668194996354,4.702668194996354,4.702668194996354,0.0,0.0,0.0021021243896629307,1.0,0.0,False,0,0,0,0,0,0.0,0.0,0.0,0.0,0.0,0,0.0,0,0,disabled,disabled,True,wrong_key,-1,4,False,raw,0,0.0,0.0,trial:-1,4,False,disabled,0,0,False,raw,0,0.0,0.0,,0,False,disabled,False,raw,0.0,0.0,,,,,,,,False,0,0,0,0,0,0,0.0,0.0,0.8179999999953225,3.6349580000063497,4.583209000003308,context_reentry_interference,wrong_key_ablation,CRA,wrong_key_ablation,memory_ablation,MockSimulator,42,none,none,-1,0,0,internal,0.0,0.0,0.0,0.0,0,False,0,False,-1,1,0.1,0.2,8,8,0,raw,4,False
378,1000.0,8,8,0,8,0,0,4.68905146558686,4.68905146558686,4.68905146558686,0.0,0.0,0.0020649064496492263,1.0,0.0,False,0,0,0,0,0,0.0,0.0,0.0,0.0,0.0,0,0.0,0,0,disabled,disabled,True,wrong_key,-1,4,False,raw,0,0.0,0.0,trial:-1,4,False,disabled,0,0,False,raw,0,0.0,0.0,,0,False,disabled,False,raw,0.0,0.0,,,,,,,,False,0,0,0,0,0,0,0.0,0.0,1.0190419999958067,4.237125000003061,5.433584000002156,context_reentry_interference,wrong_key_ablation,CRA,wrong_key_ablation,memory_ablation,MockSimulator,42,none,none,-1,0,0,internal,0.0,0.0,0.0,0.0,0,False,0,False,-1,1,0.1,0.2,8,8,0,raw,4,False
379,1000.0,8,8,0,8,0,0,4.675502354760841,4.675502354760841,4.675502354760841,0.0,0.0,0.002028336377480205,1.0,0.0,False,0,0,0,0,0,0.0,0.0,0.0,0.0,0.0,0,0.0,0,0,disabled,disabled,True,wrong_key,-1,4,False,raw,0,0.0,0.0,trial:-1,4,False,disabled,0,0,False,raw,0,0.0,0.0,,0,False,disabled,False,raw,0.0,0.0,,,,,,,,False,0,0,0,0,0,0,0.0,0.0,0.8410840000010467,3.7686659999991434,4.749583000005941,context_reentry_interference,wrong_key_ablation,CRA,wrong_key_ablation,memory_ablation,MockSimulator,42,none,none,-1,0,0,internal,0.0,0.0,0.0,0.0,0,False,0,False,-1,1,0.1,0.2,8,8,0,raw,4,False
380,1000.0,8,8,0,8,0,0,4.66202052527806,4.66202052527806,4.66202052527806,0.0,0.0,0.001992403145618085,1.0,0.0,False,0,0,0,0,0,0.0,0.0,0.0,0.0,0.0,0,0.0,0,0,disabled,disabled,True,wrong_key,-1,4,False,raw,0,0.0,0.0,trial:-1,4,False,disabled,0,0,False,raw,0,0.0,0.0,,0,False,disabled,False,raw,0.0,0.0,,,,,,,,False,0,0,0,0,0,0,0.0,0.0,0.9162919999994301,4.081875000011337,5.142124999991893,context_reentry_interference,wrong_key_ablation,CRA,wrong_key_ablation,memory_ablation,MockSimulator,42,none,none,-1,0,0,internal,0.0,0.0,0.0,0.0,0,False,0,False,-1,1,0.1,0.2,8,8,0,raw,4,False
381,1000.0,8,8,0,8,0,0,4.648605641580271,4.648605641580271,4.648605641580271,0.0,0.0,0.0019570959084794573,1.0,0.0,False,0,0,0,0,0,0.0,0.0,0.0,0.0,0.0,0,0.0,0,0,disabled,disabled,True,wrong_key,-1,4,False,raw,0,0.0,0.0,trial:-1,4,False,disabled,0,0,False,raw,0,0.0,0.0,,0,False,disabled,False,raw,0.0,0.0,,,,,,,,False,0,0,0,0,0,0,0.0,0.0,0.9302499999961356,4.310750000001917,5.382709000002706,context_reentry_interference,wrong_key_ablation,CRA,wrong_key_ablation,memory_ablation,MockSimulator,42,none,none,-1,0,0,internal,0.0,0.0,0.0,0.0,0,False,0,False,-1,1,0.1,0.2,8,8,0,raw,4,False
382,1000.0,8,8,0,8,0,0,4.635257369782831,4.635257369782831,4.635257369782831,0.0,0.0,0.0019224039995681278,1.0,0.0,False,0,0,0,0,0,0.0,0.0,0.0,0.0,0.0,0,0.0,0,0,disabled,disabled,True,wrong_key,-1,4,False,raw,0,0.0,0.0,trial:-1,4,False,disabled,0,0,False,raw,0,0.0,0.0,,0,False,disabled,False,raw,0.0,0.0,,,,,,,,False,0,0,0,0,0,0,0.0,0.0,0.8309579999945527,3.684875000004695,4.653875000002472,context_reentry_interference,wrong_key_ablation,CRA,wrong_key_ablation,memory_ablation,MockSimulator,42,none,none,-1,0,0,internal,0.0,0.0,0.0,0.0,0,False,0,False,-1,1,0.1,0.2,8,8,0,raw,4,False
383,1000.0,8,8,0,8,0,0,4.621975377666357,4.621975377666357,4.621975377666357,0.0,0.0,0.0018883169286498594,1.0,0.0,False,0,0,0,0,0,0.0,0.0,0.0,0.0,0.0,0,0.0,0,0,disabled,disabled,True,wrong_key,-1,4,False,raw,0,0.0,0.0,trial:-1,4,False,disabled,0,0,False,raw,0,0.0,0.0,,0,False,disabled,False,raw,0.0,0.0,,,,,,,,False,0,0,0,0,0,0,0.0,0.0,0.8176249999962693,3.713916000009476,4.657874999992373,context_reentry_interference,wrong_key_ablation,CRA,wrong_key_ablation,memory_ablation,MockSimulator,42,none,none,-1,0,0,internal,0.0,0.0,0.0,0.0,0,False,0,False,-1,1,0.1,0.2,8,8,0,raw,4,False
384,1000.0,8,8,0,8,0,0,4.608759334668412,4.608759334668412,4.608759334668412,0.0,0.0,0.0018548243789684947,1.0,0.0,False,0,0,0,0,0,0.0,0.0,0.0,0.0,0.0,0,0.0,0,0,disabled,disabled,True,wrong_key,-1,4,False,raw,0,0.0,0.0,trial:-1,4,False,disabled,0,0,False,raw,0,0.0,0.0,,0,False,disabled,False,raw,0.0,0.0,,,,,,,,False,0,0,0,0,0,0,0.0,0.0,0.820333999996592,4.151540999998815,5.105165999992778,context_reentry_interference,wrong_key_ablation,CRA,wrong_key_ablation,memory_ablation,MockSimulator,42,none,none,-1,0,0,internal,0.0,0.0,0.0,0.0,0,False,0,False,-1,1,0.1,0.2,8,8,0,raw,4,False
385,1000.0,8,8,0,8,0,0,4.595608911875249,4.595608911875249,4.595608911875249,0.0,0.0,0.0018219162045029246,1.0,0.0,False,0,0,0,0,0,0.0,0.0,0.0,0.0,0.0,0,0.0,0,0,disabled,disabled,True,wrong_key,-1,4,False,raw,0,0.0,0.0,trial:-1,4,False,disabled,0,0,False,raw,0,0.0,0.0,,0,False,disabled,False,raw,0.0,0.0,,,,,,,,False,0,0,0,0,0,0,0.0,0.0,0.8348749999953498,3.7827499999991687,4.754582999993318,context_reentry_interference,wrong_key_ablation,CRA,wrong_key_ablation,memory_ablation,MockSimulator,42,none,none,-1,0,0,internal,0.0,0.0,0.0,0.0,0,False,0,False,-1,1,0.1,0.2,8,8,0,raw,4,False
386,1000.0,8,8,0,8,0,0,4.582523782013583,4.582523782013583,4.582523782013583,0.0,0.0,0.00178958242726439,1.0,0.0,False,0,0,0,0,0,0.0,0.0,0.0,0.0,0.0,0,0.0,0,0,disabled,disabled,True,wrong_key,-1,4,False,raw,0,0.0,0.0,trial:-1,4,False,disabled,0,0,False,raw,0,0.0,0.0,,0,False,disabled,False,raw,0.0,0.0,,,,,,,,False,0,0,0,0,0,0,0.0,0.0,0.8249580000097012,3.7390419999923097,4.695957999999223,context_reentry_interference,wrong_key_ablation,CRA,wrong_key_ablation,memory_ablation,MockSimulator,42,none,none,-1,0,0,internal,0.0,0.0,0.0,0.0,0,False,0,False,-1,1,0.1,0.2,8,8,0,raw,4,False
387,1000.0,8,8,0,8,0,0,4.569503619442412,4.569503619442412,4.569503619442412,0.0,0.0,0.0017578132346335955,1.0,0.0,False,0,0,0,0,0,0.0,0.0,0.0,0.0,0.0,0,0.0,0,0,disabled,disabled,True,wrong_key,-1,4,False,raw,0,0.0,0.0,trial:-1,4,False,disabled,0,0,False,raw,0,0.0,0.0,,0,False,disabled,False,raw,0.0,0.0,,,,,,,,False,0,0,0,0,0,0,0.0,0.0,0.8163749999994252,4.044500000006224,4.989207999997802,context_reentry_interference,wrong_key_ablation,CRA,wrong_key_ablation,memory_ablation,MockSimulator,42,none,none,-1,0,0,internal,0.0,0.0,0.0,0.0,0,False,0,False,-1,1,0.1,0.2,8,8,0,raw,4,False
388,1000.0,8,8,0,8,0,0,4.556548100144876,4.556548100144876,4.556548100144876,0.0,0.0,0.001726598976737127,1.0,0.0,False,0,0,0,0,0,0.0,0.0,0.0,0.0,0.0,0,0.0,0,0,disabled,disabled,True,wrong_key,-1,4,False,raw,0,0.0,0.0,trial:-1,4,False,disabled,0,0,False,raw,0,0.0,0.0,,0,False,disabled,False,raw,0.0,0.0,,,,,,,,False,0,0,0,0,0,0,0.0,0.0,0.8841670000094837,3.9022909999886224,4.928792000001181,context_reentry_interference,wrong_key_ablation,CRA,wrong_key_ablation,memory_ablation,MockSimulator,42,none,none,-1,0,0,internal,0.0,0.0,0.0,0.0,0,False,0,False,-1,1,0.1,0.2,8,8,0,raw,4,False
389,1000.0,8,8,0,8,0,0,4.543656901720152,4.543656901720152,4.543656901720152,0.0,0.0,0.0016959301638626637,1.0,0.0,False,0,0,0,0,0,0.0,0.0,0.0,0.0,0.0,0,0.0,0,0,disabled,disabled,True,wrong_key,-1,4,False,raw,0,0.0,0.0,trial:-1,4,False,disabled,0,0,False,raw,0,0.0,0.0,,0,False,disabled,False,raw,0.0,0.0,,,,,,,,False,0,0,0,0,0,0,0.0,0.0,0.8217500000000655,3.7590000000022883,4.713292000005254,context_reentry_interference,wrong_key_ablation,CRA,wrong_key_ablation,memory_ablation,MockSimulator,42,none,none,-1,0,0,internal,0.0,0.0,0.0,0.0,0,False,0,False,-1,1,0.1,0.2,8,8,0,raw,4,False
390,1000.0,8,8,0,8,0,0,4.530829703375403,4.530829703375403,4.530829703375403,0.0,0.0,0.0016657974639124843,1.0,0.0,False,0,0,0,0,0,0.0,0.0,0.0,0.0,0.0,0,0.0,0,0,disabled,disabled,True,wrong_key,-1,4,False,raw,0,0.0,0.0,trial:-1,4,False,disabled,0,0,False,raw,0,0.0,0.0,,0,False,disabled,False,raw,0.0,0.0,,,,,,,,False,0,0,0,0,0,0,0.0,0.0,0.813833999998792,3.7514999999928023,4.696082999998907,context_reentry_interference,wrong_key_ablation,CRA,wrong_key_ablation,memory_ablation,MockSimulator,42,none,none,-1,0,0,internal,0.0,0.0,0.0,0.0,0,False,0,False,-1,1,0.1,0.2,8,8,0,raw,4,False
391,1000.0,8,8,0,8,0,0,4.518066185917748,4.518066185917748,4.518066185917748,0.0,0.0,0.0016361916998947669,1.0,0.0,False,0,0,0,0,0,0.0,0.0,0.0,0.0,0.0,0,0.0,0,0,disabled,disabled,True,wrong_key,-1,4,False,raw,0,0.0,0.0,trial:-1,4,False,disabled,0,0,False,raw,0,0.0,0.0,,0,False,disabled,False,raw,0.0,0.0,,,,,,,,False,0,0,0,0,0,0,0.0,0.0,0.8807499999932134,4.245291000003704,5.253249999995546,context_reentry_interference,wrong_key_ablation,CRA,wrong_key_ablation,memory_ablation,MockSimulator,42,none,none,-1,0,0,internal,0.0,0.0,0.0,0.0,0,False,0,False,-1,1,0.1,0.2,8,8,0,raw,4,False
392,1000.0,8,8,0,8,0,0,4.50536603174629,4.50536603174629,4.50536603174629,0.0,0.0,0.0016071038474521932,1.0,0.0,False,0,0,0,0,0,0.0,0.0,0.0,0.0,0.0,0,0.0,0,0,disabled,disabled,True,wrong_key,-1,4,False,raw,0,0.0,0.0,trial:-1,4,False,disabled,0,0,False,raw,0,0.0,0.0,,0,False,disabled,False,raw,0.0,0.0,,,,,,,,False,0,0,0,0,0,0,0.0,0.0,0.8675829999873486,3.8733330000013666,4.882833000010578,context_reentry_interference,wrong_key_ablation,CRA,wrong_key_ablation,memory_ablation,MockSimulator,42,none,none,-1,0,0,internal,0.0,0.0,0.0,0.0,0,False,0,False,-1,1,0.1,0.2,8,8,0,raw,4,False
393,1000.0,8,8,0,8,0,0,4.492728924844168,4.492728924844168,4.492728924844168,0.0,0.0,0.0015785250324273645,1.0,0.0,False,0,0,0,0,0,0.0,0.0,0.0,0.0,0.0,0,0.0,0,0,disabled,disabled,True,wrong_key,-1,4,False,raw,0,0.0,0.0,trial:-1,4,False,disabled,0,0,False,raw,0,0.0,0.0,,0,False,disabled,False,raw,0.0,0.0,,,,,,,,False,0,0,0,0,0,0,0.0,0.0,0.8181660000019519,3.783917000006909,4.729832999998962,context_reentry_interference,wrong_key_ablation,CRA,wrong_key_ablation,memory_ablation,MockSimulator,42,none,none,-1,0,0,internal,0.0,0.0,0.0,0.0,0,False,0,False,-1,1,0.1,0.2,8,8,0,raw,4,False
394,1000.0,8,8,0,8,0,0,4.480154550770667,4.480154550770667,4.480154550770667,0.0,0.0,0.0015504465284645482,1.0,0.0,False,0,0,0,0,0,0.0,0.0,0.0,0.0,0.0,0,0.0,0,0,disabled,disabled,True,wrong_key,-1,4,False,raw,0,0.0,0.0,trial:-1,4,False,disabled,0,0,False,raw,0,0.0,0.0,,0,False,disabled,False,raw,0.0,0.0,,,,,,,,False,0,0,0,0,0,0,0.0,0.0,0.812625000008893,4.356333999993467,5.2968749999990905,context_reentry_interference,wrong_key_ablation,CRA,wrong_key_ablation,memory_ablation,MockSimulator,42,none,none,-1,0,0,internal,0.0,0.0,0.0,0.0,0,False,0,False,-1,1,0.1,0.2,8,8,0,raw,4,False
395,1000.0,8,8,0,8,0,0,4.4676425966533495,4.4676425966533495,4.4676425966533495,0.0,0.0,0.0015228597546472736,1.0,0.0,False,0,0,0,0,0,0.0,0.0,0.0,0.0,0.0,0,0.0,0,0,disabled,disabled,True,wrong_key,-1,4,False,raw,0,0.0,0.0,trial:-1,4,False,disabled,0,0,False,raw,0,0.0,0.0,,0,False,disabled,False,raw,0.0,0.0,,,,,,,,False,0,0,0,0,0,0,0.0,0.0,0.9329999999891925,3.972917000012899,5.056832999997596,context_reentry_interference,wrong_key_ablation,CRA,wrong_key_ablation,memory_ablation,MockSimulator,42,none,none,-1,0,0,internal,0.0,0.0,0.0,0.0,0,False,0,False,-1,1,0.1,0.2,8,8,0,raw,4,False
396,1000.0,8,8,0,8,0,0,4.455192751180236,4.455192751180236,4.455192751180236,0.0,0.0,0.0014957562731713041,1.0,0.0,False,0,0,0,0,0,0.0,0.0,0.0,0.0,0.0,0,0.0,0,0,disabled,disabled,True,wrong_key,-1,4,False,raw,0,0.0,0.0,trial:-1,4,False,disabled,0,0,False,raw,0,0.0,0.0,,0,False,disabled,False,raw,0.0,0.0,,,,,,,,False,0,0,0,0,0,0,0.0,0.0,0.8162080000033711,4.177124999998227,5.120583999996597,context_reentry_interference,wrong_key_ablation,CRA,wrong_key_ablation,memory_ablation,MockSimulator,42,none,none,-1,0,0,internal,0.0,0.0,0.0,0.0,0,False,0,False,-1,1,0.1,0.2,8,8,0,raw,4,False
397,1000.0,8,8,0,8,0,0,4.442804704592018,4.442804704592018,4.442804704592018,0.0,0.0,0.0014691277870525147,1.0,0.0,False,0,0,0,0,0,0.0,0.0,0.0,0.0,0.0,0,0.0,0,0,disabled,disabled,True,wrong_key,-1,4,False,raw,0,0.0,0.0,trial:-1,4,False,disabled,0,0,False,raw,0,0.0,0.0,,0,False,disabled,False,raw,0.0,0.0,,,,,,,,False,0,0,0,0,0,0,0.0,0.0,0.9081250000093632,4.242332999993437,5.293457999997031,context_reentry_interference,wrong_key_ablation,CRA,wrong_key_ablation,memory_ablation,MockSimulator,42,none,none,-1,0,0,internal,0.0,0.0,0.0,0.0,0,False,0,False,-1,1,0.1,0.2,8,8,0,raw,4,False
398,1000.0,8,8,0,8,0,0,4.4304781486743225,4.4304781486743225,4.4304781486743225,0.0,0.0,0.0014429661378692082,1.0,0.0,False,0,0,0,0,0,0.0,0.0,0.0,0.0,0.0,0,0.0,0,0,disabled,disabled,True,wrong_key,-1,4,False,raw,0,0.0,0.0,trial:-1,4,False,disabled,0,0,False,raw,0,0.0,0.0,,0,False,disabled,False,raw,0.0,0.0,,,,,,,,False,0,0,0,0,0,0,0.0,0.0,0.8361250000064047,3.857541999991554,4.829417000010494,context_reentry_interference,wrong_key_ablation,CRA,wrong_key_ablation,memory_ablation,MockSimulator,42,none,none,-1,0,0,internal,0.0,0.0,0.0,0.0,0,False,0,False,-1,1,0.1,0.2,8,8,0,raw,4,False
399,1000.0,8,8,0,8,0,0,4.418212776749999,4.418212776749999,4.418212776749999,0.0,0.0,0.001417263303538413,1.0,0.0,False,0,0,0,0,0,0.0,0.0,0.0,0.0,0.0,0,0.0,0,0,disabled,disabled,True,wrong_key,-1,4,False,raw,0,0.0,0.0,trial:-1,4,False,disabled,0,0,False,raw,0,0.0,0.0,,0,False,disabled,False,raw,0.0,0.0,,,,,,,,False,0,0,0,0,0,0,0.0,0.0,0.8125000000092086,3.856041999995341,4.795791999995913,context_reentry_interference,wrong_key_ablation,CRA,wrong_key_ablation,memory_ablation,MockSimulator,42,none,none,-1,0,0,internal,0.0,0.0,0.0,0.0,0,False,0,False,-1,1,0.1,0.2,8,8,0,raw,4,False
400,1000.0,8,8,0,8,0,0,4.406008283671457,4.406008283671457,4.406008283671457,0.0,0.0,0.0013920113961257018,1.0,0.0,False,0,0,0,0,0,0.0,0.0,0.0,0.0,0.0,0,0.0,0,0,disabled,disabled,True,wrong_key,-1,4,False,raw,0,0.0,0.0,trial:-1,4,False,disabled,0,0,False,raw,0,0.0,0.0,,0,False,disabled,False,raw,0.0,0.0,,,,,,,,False,0,0,0,0,0,0,0.0,0.0,0.8152919999986352,4.119791000007922,5.0637500000050295,context_reentry_interference,wrong_key_ablation,CRA,wrong_key_ablation,memory_ablation,MockSimulator,42,none,none,-1,0,0,internal,0.0,0.0,0.0,0.0,0,False,0,False,-1,1,0.1,0.2,8,8,0,raw,4,False
401,1000.0,8,8,0,8,0,0,4.393864365813034,4.393864365813034,4.393864365813034,0.0,0.0,0.0013672026596880835,1.0,0.0,False,0,0,0,0,0,0.0,0.0,0.0,0.0,0.0,0,0.0,0,0,disabled,disabled,True,wrong_key,-1,4,False,raw,0,0.0,0.0,trial:-1,4,False,disabled,0,0,False,raw,0,0.0,0.0,,0,False,disabled,False,raw,0.0,0.0,,,,,,,,False,0,0,0,0,0,0,0.0,0.0,0.8898749999985966,3.9914170000088234,5.024292000001651,context_reentry_interference,wrong_key_ablation,CRA,wrong_key_ablation,memory_ablation,MockSimulator,42,none,none,-1,0,0,internal,0.0,0.0,0.0,0.0,0,False,0,False,-1,1,0.1,0.2,8,8,0,raw,4,False
402,1000.0,8,8,0,8,0,0,4.381780721063409,4.381780721063409,4.381780721063409,0.0,0.0,0.0013428294681495198,1.0,0.0,False,0,0,0,0,0,0.0,0.0,0.0,0.0,0.0,0,0.0,0,0,disabled,disabled,True,wrong_key,-1,4,False,raw,0,0.0,0.0,trial:-1,4,False,disabled,0,0,False,raw,0,0.0,0.0,,0,False,disabled,False,raw,0.0,0.0,,,,,,,,False,0,0,0,0,0,0,0.0,0.0,0.8221249999991187,3.9795000000140135,4.933875000006083,context_reentry_interference,wrong_key_ablation,CRA,wrong_key_ablation,memory_ablation,MockSimulator,42,none,none,-1,0,0,internal,0.0,0.0,0.0,0.0,0,False,0,False,-1,1,0.1,0.2,8,8,0,raw,4,False
403,1000.0,8,8,0,8,0,0,4.369757048818045,4.369757048818045,4.369757048818045,0.0,0.0,0.0013188843232086235,1.0,0.0,False,0,0,0,0,0,0.0,0.0,0.0,0.0,0.0,0,0.0,0,0,disabled,disabled,True,wrong_key,-1,4,False,raw,0,0.0,0.0,trial:-1,4,False,disabled,0,0,False,raw,0,0.0,0.0,,0,False,disabled,False,raw,0.0,0.0,,,,,,,,False,0,0,0,0,0,0,0.0,0.0,0.8204159999962712,4.008792000007588,4.961707999996179,context_reentry_interference,wrong_key_ablation,CRA,wrong_key_ablation,memory_ablation,MockSimulator,42,none,none,-1,0,0,internal,0.0,0.0,0.0,0.0,0,False,0,False,-1,1,0.1,0.2,8,8,0,raw,4,False
404,1000.0,8,8,0,8,0,0,4.357793049971676,4.357793049971676,4.357793049971676,0.0,0.0,0.0012953598522781032,1.0,0.0,False,0,0,0,0,0,0.0,0.0,0.0,0.0,0.0,0,0.0,0,0,disabled,disabled,True,wrong_key,-1,4,False,raw,0,0.0,0.0,trial:-1,4,False,disabled,0,0,False,raw,0,0.0,0.0,,0,False,disabled,False,raw,0.0,0.0,,,,,,,,False,0,0,0,0,0,0,0.0,0.0,1.0554999999925485,4.325542000003679,5.522333000001822,context_reentry_interference,wrong_key_ablation,CRA,wrong_key_ablation,memory_ablation,MockSimulator,42,none,none,-1,0,0,internal,0.0,0.0,0.0,0.0,0,False,0,False,-1,1,0.1,0.2,8,8,0,raw,4,False
405,1000.0,8,8,0,8,0,0,4.3458884269108315,4.3458884269108315,4.3458884269108315,0.0,0.0,0.0012722488064555203,1.0,0.0,False,0,0,0,0,0,0.0,0.0,0.0,0.0,0.0,0,0.0,0,0,disabled,disabled,True,wrong_key,-1,4,False,raw,0,0.0,0.0,trial:-1,4,False,disabled,0,0,False,raw,0,0.0,0.0,,0,False,disabled,False,raw,0.0,0.0,,,,,,,,False,0,0,0,0,0,0,0.0,0.0,0.8259579999929656,4.162750000006099,5.122041999996441,context_reentry_interference,wrong_key_ablation,CRA,wrong_key_ablation,memory_ablation,MockSimulator,42,none,none,-1,0,0,internal,0.0,0.0,0.0,0.0,0,False,0,False,-1,1,0.1,0.2,8,8,0,raw,4,False
406,1000.0,8,8,0,8,0,0,4.3340428835063936,4.3340428835063936,4.3340428835063936,0.0,0.0,0.0012495440585249295,1.0,0.0,False,0,0,0,0,0,0.0,0.0,0.0,0.0,0.0,0,0.0,0,0,disabled,disabled,True,wrong_key,-1,4,False,raw,0,0.0,0.0,trial:-1,4,False,disabled,0,0,False,raw,0,0.0,0.0,,0,False,disabled,False,raw,0.0,0.0,,,,,,,,False,0,0,0,0,0,0,0.0,0.0,0.9124580000019478,4.3397499999997535,5.3963750000036725,context_reentry_interference,wrong_key_ablation,CRA,wrong_key_ablation,memory_ablation,MockSimulator,42,none,none,-1,0,0,internal,0.0,0.0,0.0,0.0,0,False,0,False,-1,1,0.1,0.2,8,8,0,raw,4,False
407,1000.0,8,8,0,8,0,0,4.322256125106192,4.322256125106192,4.322256125106192,0.0,0.0,0.00122723860098898,1.0,0.0,False,0,0,0,0,0,0.0,0.0,0.0,0.0,0.0,0,0.0,0,0,disabled,disabled,True,wrong_key,-1,4,False,raw,0,0.0,0.0,trial:-1,4,False,disabled,0,0,False,raw,0,0.0,0.0,,0,False,disabled,False,raw,0.0,0.0,,,,,,,,False,0,0,0,0,0,0,0.0,0.0,1.1518330000086507,4.314124999993396,5.607166000004327,context_reentry_interference,wrong_key_ablation,CRA,wrong_key_ablation,memory_ablation,MockSimulator,42,none,none,-1,0,0,internal,0.0,0.0,0.0,0.0,0,False,0,False,-1,1,0.1,0.2,8,8,0,raw,4,False
408,1000.0,8,8,0,8,0,0,4.310527858527643,4.310527858527643,4.310527858527643,-8.940768239262933e-12,-0.0,0.0012053255441310587,1.0,-8.940768239262933e-12,False,0,0,0,0,0,0.0,0.0,0.0,0.0,0.0,0,0.0,0,0,disabled,disabled,True,wrong_key,-1,5,False,raw,0,-0.005,-0.005,intruder:408,4,False,disabled,0,0,False,raw,0,-0.005,-0.005,,0,False,disabled,False,raw,-0.005,-0.005,,,,,,,,False,0,0,0,0,0,0,0.0,0.0,0.8566250000114906,4.036707999986788,5.034582999996928,context_reentry_interference,wrong_key_ablation,CRA,wrong_key_ablation,memory_ablation,MockSimulator,42,context,C_interference_interfering_context,10,-1,0,internal,-0.005,-0.005,0.0,0.0,0,False,-1,False,-1,1,0.1,0.2,8,8,0,raw,5,False
409,1000.0,8,8,0,8,0,0,4.2988577920504145,4.2988577920504145,4.2988577920504145,0.0,0.0,0.0011837981141070584,1.0,0.0,False,0,0,0,0,0,0.0,0.0,0.0,0.0,0.0,0,0.0,0,0,disabled,disabled,True,wrong_key,-1,5,False,raw,0,0.0,0.0,trial:-1,4,False,disabled,0,0,False,raw,0,0.0,0.0,,0,False,disabled,False,raw,0.0,0.0,,,,,,,,False,0,0,0,0,0,0,0.0,0.0,0.8343749999966121,3.962874999999144,4.929249999989338,context_reentry_interference,wrong_key_ablation,CRA,wrong_key_ablation,memory_ablation,MockSimulator,42,none,none,-1,0,0,internal,0.0,0.0,0.0,0.0,0,False,0,False,-1,1,0.1,0.2,8,8,0,raw,5,False
410,1000.0,8,8,0,8,0,0,4.287245635409137,4.287245635409137,4.287245635409137,0.0,0.0,0.0011626496510663657,1.0,0.0,False,0,0,0,0,0,0.0,0.0,0.0,0.0,0.0,0,0.0,0,0,disabled,disabled,True,wrong_key,-1,5,False,raw,0,0.0,0.0,trial:-1,4,False,disabled,0,0,False,raw,0,0.0,0.0,,0,False,disabled,False,raw,0.0,0.0,,,,,,,,False,0,0,0,0,0,0,0.0,0.0,0.8812080000097922,4.2988329999928965,5.307250000001318,context_reentry_interference,wrong_key_ablation,CRA,wrong_key_ablation,memory_ablation,MockSimulator,42,none,none,-1,0,0,internal,0.0,0.0,0.0,0.0,0,False,0,False,-1,1,0.1,0.2,8,8,0,raw,5,False
411,1000.0,8,8,0,8,0,0,4.275691099786145,4.275691099786145,4.275691099786145,0.0,0.0,0.001141873607301658,1.0,0.0,False,0,0,0,0,0,0.0,0.0,0.0,0.0,0.0,0,0.0,0,0,disabled,disabled,True,wrong_key,-1,5,False,raw,0,0.0,0.0,trial:-1,4,False,disabled,0,0,False,raw,0,0.0,0.0,,0,False,disabled,False,raw,0.0,0.0,,,,,,,,False,0,0,0,0,0,0,0.0,0.0,0.8362500000060891,3.997874999996043,4.970749999998247,context_reentry_interference,wrong_key_ablation,CRA,wrong_key_ablation,memory_ablation,MockSimulator,42,none,none,-1,0,0,internal,0.0,0.0,0.0,0.0,0,False,0,False,-1,1,0.1,0.2,8,8,0,raw,5,False
412,1000.0,8,8,0,8,0,0,4.264193897804255,4.264193897804255,4.264193897804255,0.0,0.0,0.0011214635454271122,1.0,0.0,False,0,0,0,0,0,0.0,0.0,0.0,0.0,0.0,0,0.0,0,0,disabled,disabled,True,wrong_key,-1,5,False,raw,0,0.0,0.0,trial:-1,4,False,disabled,0,0,False,raw,0,0.0,0.0,,0,False,disabled,False,raw,0.0,0.0,,,,,,,,False,0,0,0,0,0,0,0.0,0.0,0.8173750000111113,4.107540999996218,5.053958999994279,context_reentry_interference,wrong_key_ablation,CRA,wrong_key_ablation,memory_ablation,MockSimulator,42,none,none,-1,0,0,internal,0.0,0.0,0.0,0.0,0,False,0,False,-1,1,0.1,0.2,8,8,0,raw,5,False
413,1000.0,8,8,0,8,0,0,4.252753743519585,4.252753743519585,4.252753743519585,0.0,0.0,0.0011014131365846274,1.0,0.0,False,0,0,0,0,0,0.0,0.0,0.0,0.0,0.0,0,0.0,0,0,disabled,disabled,True,wrong_key,-1,5,False,raw,0,0.0,0.0,trial:-1,4,False,disabled,0,0,False,raw,0,0.0,0.0,,0,False,disabled,False,raw,0.0,0.0,,,,,,,,False,0,0,0,0,0,0,0.0,0.0,0.907416000003991,4.585042000002204,5.635459000004062,context_reentry_interference,wrong_key_ablation,CRA,wrong_key_ablation,memory_ablation,MockSimulator,42,none,none,-1,0,0,internal,0.0,0.0,0.0,0.0,0,False,0,False,-1,1,0.1,0.2,8,8,0,raw,5,False
414,1000.0,8,8,0,8,0,0,4.241370352414404,4.241370352414404,4.241370352414404,0.0,0.0,0.0010817161586776712,1.0,0.0,False,0,0,0,0,0,0.0,0.0,0.0,0.0,0.0,0,0.0,0,0,disabled,disabled,True,wrong_key,-1,5,False,raw,0,0.0,0.0,trial:-1,4,False,disabled,0,0,False,raw,0,0.0,0.0,,0,False,disabled,False,raw,0.0,0.0,,,,,,,,False,0,0,0,0,0,0,0.0,0.0,0.8692500000080372,4.083042000004866,5.094915999990235,context_reentry_interference,wrong_key_ablation,CRA,wrong_key_ablation,memory_ablation,MockSimulator,42,none,none,-1,0,0,internal,0.0,0.0,0.0,0.0,0,False,0,False,-1,1,0.1,0.2,8,8,0,raw,5,False
415,1000.0,8,8,0,8,0,0,4.230043441390018,4.230043441390018,4.230043441390018,0.0,0.0,0.0010623664946323593,1.0,0.0,False,0,0,0,0,0,0.0,0.0,0.0,0.0,0.0,0,0.0,0,0,disabled,disabled,True,wrong_key,-1,5,False,raw,0,0.0,0.0,trial:-1,4,False,disabled,0,0,False,raw,0,0.0,0.0,,0,False,disabled,False,raw,0.0,0.0,,,,,,,,False,0,0,0,0,0,0,0.0,0.0,0.8201659999969024,4.007209000008061,4.954790999988745,context_reentry_interference,wrong_key_ablation,CRA,wrong_key_ablation,memory_ablation,MockSimulator,42,none,none,-1,0,0,internal,0.0,0.0,0.0,0.0,0,False,0,False,-1,1,0.1,0.2,8,8,0,raw,5,False
416,1000.0,8,8,0,8,0,0,4.218772728759692,4.218772728759692,4.218772728759692,0.0,0.0,0.001043358130685389,1.0,0.0,False,0,0,0,0,0,0.0,0.0,0.0,0.0,0.0,0,0.0,0,0,disabled,disabled,True,wrong_key,-1,5,False,raw,0,0.0,0.0,trial:-1,4,False,disabled,0,0,False,raw,0,0.0,0.0,,0,False,disabled,False,raw,0.0,0.0,,,,,,,,False,0,0,0,0,0,0,0.0,0.0,0.8114580000011529,4.464458000001059,5.403291999996895,context_reentry_interference,wrong_key_ablation,CRA,wrong_key_ablation,memory_ablation,MockSimulator,42,none,none,-1,0,0,internal,0.0,0.0,0.0,0.0,0,False,0,False,-1,1,0.1,0.2,8,8,0,raw,5,False
417,1000.0,8,8,0,8,0,0,4.2075579342416125,4.2075579342416125,4.2075579342416125,0.0,0.0,0.0010246851546984446,1.0,0.0,False,0,0,0,0,0,0.0,0.0,0.0,0.0,0.0,0,0.0,0,0,disabled,disabled,True,wrong_key,-1,5,False,raw,0,0.0,0.0,trial:-1,4,False,disabled,0,0,False,raw,0,0.0,0.0,,0,False,disabled,False,raw,0.0,0.0,,,,,,,,False,0,0,0,0,0,0,0.0,0.0,0.8374159999959829,4.081709000004707,5.056832999997596,context_reentry_interference,wrong_key_ablation,CRA,wrong_key_ablation,memory_ablation,MockSimulator,42,none,none,-1,0,0,internal,0.0,0.0,0.0,0.0,0,False,0,False,-1,1,0.1,0.2,8,8,0,raw,5,False
418,1000.0,8,8,0,8,0,0,4.196398778951874,4.196398778951874,4.196398778951874,0.0,0.0,0.0010063417544987035,1.0,0.0,False,0,0,0,0,0,0.0,0.0,0.0,0.0,0.0,0,0.0,0,0,disabled,disabled,True,wrong_key,-1,5,False,raw,0,0.0,0.0,trial:-1,4,False,disabled,0,0,False,raw,0,0.0,0.0,,0,False,disabled,False,raw,0.0,0.0,,,,,,,,False,0,0,0,0,0,0,0.0,0.0,0.8155000000016344,4.039499999990426,4.983333000012635,context_reentry_interference,wrong_key_ablation,CRA,wrong_key_ablation,memory_ablation,MockSimulator,42,none,none,-1,0,0,internal,0.0,0.0,0.0,0.0,0,False,0,False,-1,1,0.1,0.2,8,8,0,raw,5,False
419,1000.0,8,8,0,8,0,0,4.185294985397511,4.185294985397511,4.185294985397511,0.0,0.0,0.0009883222162450729,1.0,0.0,False,0,0,0,0,0,0.0,0.0,0.0,0.0,0.0,0,0.0,0,0,disabled,disabled,True,wrong_key,-1,5,False,raw,0,0.0,0.0,trial:-1,4,False,disabled,0,0,False,raw,0,0.0,0.0,,0,False,disabled,False,raw,0.0,0.0,,,,,,,,False,0,0,0,0,0,0,0.0,0.0,0.9157920000006925,4.6878749999876845,5.739207999994278,context_reentry_interference,wrong_key_ablation,CRA,wrong_key_ablation,memory_ablation,MockSimulator,42,none,none,-1,0,0,internal,0.0,0.0,0.0,0.0,0,False,0,False,-1,1,0.1,0.2,8,8,0,raw,5,False
420,1000.0,8,8,0,8,0,0,4.174246277469561,4.174246277469561,4.174246277469561,0.0,0.0,0.000970620922819788,1.0,0.0,False,0,0,0,0,0,0.0,0.0,0.0,0.0,0.0,0,0.0,0,0,disabled,disabled,True,wrong_key,-1,5,False,raw,0,0.0,0.0,trial:-1,4,False,disabled,0,0,False,raw,0,0.0,0.0,,0,False,disabled,False,raw,0.0,0.0,,,,,,,,False,0,0,0,0,0,0,0.0,0.0,0.8404999999953588,4.175750000001699,5.1548340000096005,context_reentry_interference,wrong_key_ablation,CRA,wrong_key_ablation,memory_ablation,MockSimulator,42,none,none,-1,0,0,internal,0.0,0.0,0.0,0.0,0,False,0,False,-1,1,0.1,0.2,8,8,0,raw,5,False
421,1000.0,8,8,0,8,0,0,4.163252380436158,4.163252380436158,4.163252380436158,0.0,0.0,0.0009532323522450165,1.0,0.0,False,0,0,0,0,0,0.0,0.0,0.0,0.0,0.0,0,0.0,0,0,disabled,disabled,True,wrong_key,-1,5,False,raw,0,0.0,0.0,trial:-1,4,False,disabled,0,0,False,raw,0,0.0,0.0,,0,False,disabled,False,raw,0.0,0.0,,,,,,,,False,0,0,0,0,0,0,0.0,0.0,0.9042919999870946,4.418958000002249,5.467041000002837,context_reentry_interference,wrong_key_ablation,CRA,wrong_key_ablation,memory_ablation,MockSimulator,42,none,none,-1,0,0,internal,0.0,0.0,0.0,0.0,0,False,0,False,-1,1,0.1,0.2,8,8,0,raw,5,False
422,1000.0,8,8,0,8,0,0,4.152313020935669,4.152313020935669,4.152313020935669,0.0,0.0,0.0009361510761241079,1.0,0.0,False,0,0,0,0,0,0.0,0.0,0.0,0.0,0.0,0,0.0,0,0,disabled,disabled,True,wrong_key,-1,5,False,raw,0,0.0,0.0,trial:-1,4,False,disabled,0,0,False,raw,0,0.0,0.0,,0,False,disabled,False,raw,0.0,0.0,,,,,,,,False,0,0,0,0,0,0,0.0,0.0,0.842750000003889,4.782667000000629,5.75833399999226,context_reentry_interference,wrong_key_ablation,CRA,wrong_key_ablation,memory_ablation,MockSimulator,42,none,none,-1,0,0,internal,0.0,0.0,0.0,0.0,0,False,0,False,-1,1,0.1,0.2,8,8,0,raw,5,False
423,1000.0,8,8,0,8,0,0,4.141427926969856,4.141427926969856,4.141427926969856,0.0,0.0,0.0009193717581071376,1.0,0.0,False,0,0,0,0,0,0.0,0.0,0.0,0.0,0.0,0,0.0,0,0,disabled,disabled,True,wrong_key,-1,5,False,raw,0,0.0,0.0,trial:-1,4,False,disabled,0,0,False,raw,0,0.0,0.0,,0,False,disabled,False,raw,0.0,0.0,,,,,,,,False,0,0,0,0,0,0,0.0,0.0,0.9387079999925163,4.248875000001817,5.339125000006106,context_reentry_interference,wrong_key_ablation,CRA,wrong_key_ablation,memory_ablation,MockSimulator,42,none,none,-1,0,0,internal,0.0,0.0,0.0,0.0,0,False,0,False,-1,1,0.1,0.2,8,8,0,raw,5,False
424,1000.0,8,8,0,8,0,0,4.130596827897079,4.130596827897079,4.130596827897079,0.0,0.0,0.0009028891523803965,1.0,0.0,False,0,0,0,0,0,0.0,0.0,0.0,0.0,0.0,0,0.0,0,0,disabled,disabled,True,wrong_key,-1,5,False,raw,0,0.0,0.0,trial:-1,4,False,disabled,0,0,False,raw,0,0.0,0.0,,0,False,disabled,False,raw,0.0,0.0,,,,,,,,False,0,0,0,0,0,0,0.0,0.0,0.8090830000071492,4.485875000000306,5.422082999999134,context_reentry_interference,wrong_key_ablation,CRA,wrong_key_ablation,memory_ablation,MockSimulator,42,none,none,-1,0,0,internal,0.0,0.0,0.0,0.0,0,False,0,False,-1,1,0.1,0.2,8,8,0,raw,5,False
425,1000.0,8,8,0,8,0,0,4.119819454425526,4.119819454425526,4.119819454425526,0.0,0.0,0.0008866981021794823,1.0,0.0,False,0,0,0,0,0,0.0,0.0,0.0,0.0,0.0,0,0.0,0,0,disabled,disabled,True,wrong_key,-1,5,False,raw,0,0.0,0.0,trial:-1,4,False,disabled,0,0,False,raw,0,0.0,0.0,,0,False,disabled,False,raw,0.0,0.0,,,,,,,,False,0,0,0,0,0,0,0.0,0.0,1.1514589999990221,4.799250000004918,6.0948750000022756,context_reentry_interference,wrong_key_ablation,CRA,wrong_key_ablation,memory_ablation,MockSimulator,42,none,none,-1,0,0,internal,0.0,0.0,0.0,0.0,0,False,0,False,-1,1,0.1,0.2,8,8,0,raw,5,False
426,1000.0,8,8,0,8,0,0,4.1090955386064865,4.1090955386064865,4.1090955386064865,0.0,0.0,0.0008707935383256524,1.0,0.0,False,0,0,0,0,0,0.0,0.0,0.0,0.0,0.0,0,0.0,0,0,disabled,disabled,True,wrong_key,-1,5,False,raw,0,0.0,0.0,trial:-1,4,False,disabled,0,0,False,raw,0,0.0,0.0,,0,False,disabled,False,raw,0.0,0.0,,,,,,,,False,0,0,0,0,0,0,0.0,0.0,0.8381250000013551,4.183416999993028,5.158707999996182,context_reentry_interference,wrong_key_ablation,CRA,wrong_key_ablation,memory_ablation,MockSimulator,42,none,none,-1,0,0,internal,0.0,0.0,0.0,0.0,0,False,0,False,-1,1,0.1,0.2,8,8,0,raw,5,False
427,1000.0,8,8,0,8,0,0,4.098424813827648,4.098424813827648,4.098424813827648,0.0,0.0,0.000855170477785104,1.0,0.0,False,0,0,0,0,0,0.0,0.0,0.0,0.0,0.0,0,0.0,0,0,disabled,disabled,True,wrong_key,-1,5,False,raw,0,0.0,0.0,trial:-1,4,False,disabled,0,0,False,raw,0,0.0,0.0,,0,False,disabled,False,raw,0.0,0.0,,,,,,,,False,0,0,0,0,0,0,0.0,0.0,0.8202920000002223,4.141499999988696,5.0887920000093345,context_reentry_interference,wrong_key_ablation,CRA,wrong_key_ablation,memory_ablation,MockSimulator,42,none,none,-1,0,0,internal,0.0,0.0,0.0,0.0,0,False,0,False,-1,1,0.1,0.2,8,8,0,raw,5,False
428,1000.0,8,8,0,8,0,0,4.087807014806431,4.087807014806431,4.087807014806431,0.0,0.0,0.0008398240222508472,1.0,0.0,False,0,0,0,0,0,0.0,0.0,0.0,0.0,0.0,0,0.0,0,0,disabled,disabled,True,wrong_key,-1,5,False,raw,0,0.0,0.0,trial:-1,4,False,disabled,0,0,False,raw,0,0.0,0.0,,0,False,disabled,False,raw,0.0,0.0,,,,,,,,False,0,0,0,0,0,0,0.0,0.0,0.8120419999926298,4.77254199999777,5.712333000005287,context_reentry_interference,wrong_key_ablation,CRA,wrong_key_ablation,memory_ablation,MockSimulator,42,none,none,-1,0,0,internal,0.0,0.0,0.0,0.0,0,False,0,False,-1,1,0.1,0.2,8,8,0,raw,5,False
429,1000.0,8,8,0,8,0,0,4.0772418775833605,4.0772418775833605,4.0772418775833605,0.0,0.0,0.0008247493567468466,1.0,0.0,False,0,0,0,0,0,0.0,0.0,0.0,0.0,0.0,0,0.0,0,0,disabled,disabled,True,wrong_key,-1,5,False,raw,0,0.0,0.0,trial:-1,4,False,disabled,0,0,False,raw,0,0.0,0.0,,0,False,disabled,False,raw,0.0,0.0,,,,,,,,False,0,0,0,0,0,0,0.0,0.0,0.926958999997396,4.366040999997267,5.4460839999990185,context_reentry_interference,wrong_key_ablation,CRA,wrong_key_ablation,memory_ablation,MockSimulator,42,none,none,-1,0,0,internal,0.0,0.0,0.0,0.0,0,False,0,False,-1,1,0.1,0.2,8,8,0,raw,5,False
430,1000.0,8,8,0,8,0,0,4.066729139515463,4.066729139515463,4.066729139515463,0.0,0.0,0.0008099417482541057,1.0,0.0,False,0,0,0,0,0,0.0,0.0,0.0,0.0,0.0,0,0.0,0,0,disabled,disabled,True,wrong_key,-1,5,False,raw,0,0.0,0.0,trial:-1,4,False,disabled,0,0,False,raw,0,0.0,0.0,,0,False,disabled,False,raw,0.0,0.0,,,,,,,,False,0,0,0,0,0,0,0.0,0.0,0.8182500000089021,4.2034169999993765,5.151792000006594,context_reentry_interference,wrong_key_ablation,CRA,wrong_key_ablation,memory_ablation,MockSimulator,42,none,none,-1,0,0,internal,0.0,0.0,0.0,0.0,0,False,0,False,-1,1,0.1,0.2,8,8,0,raw,5,False
431,1000.0,8,8,0,8,0,0,4.056268539269701,4.056268539269701,4.056268539269701,0.0,0.0,0.0007953965443583757,1.0,0.0,False,0,0,0,0,0,0.0,0.0,0.0,0.0,0.0,0,0.0,0,0,disabled,disabled,True,wrong_key,-1,5,False,raw,0,0.0,0.0,trial:-1,4,False,disabled,0,0,False,raw,0,0.0,0.0,,0,False,disabled,False,raw,0.0,0.0,,,,,,,,False,0,0,0,0,0,0,0.0,0.0,0.8460829999989983,4.874999999998408,5.853874999999675,context_reentry_interference,wrong_key_ablation,CRA,wrong_key_ablation,memory_ablation,MockSimulator,42,none,none,-1,0,0,internal,0.0,0.0,0.0,0.0,0,False,0,False,-1,1,0.1,0.2,8,8,0,raw,5,False
432,1000.0,8,8,0,8,0,0,4.045859816816444,4.045859816816444,4.045859816816444,-1.7881536478525867e-11,1.7881536478525868e-10,0.0007811091719191733,1.0,-1.7881536478525867e-11,True,0,0,0,0,0,0.0,0.0,0.0,0.0,0.0,0,0.0,0,0,disabled,disabled,True,wrong_key,-1,5,True,internal_wrong_key_context,1,0.01,-0.01,phase:C_interference,4,False,disabled,0,0,False,raw,0,-0.01,-0.01,,0,False,disabled,False,raw,-0.01,-0.01,,,,,,,,False,0,0,0,0,0,0,0.0,0.0,0.8615830000024971,4.368999999996959,5.371541999991791,context_reentry_interference,wrong_key_ablation,CRA,wrong_key_ablation,memory_ablation,MockSimulator,42,decision,C_interference_decision,10,-1,1,internal,0.01,-0.01,-0.01,-0.01,-1,True,-1,True,432,1,0.1,0.2,8,8,1,internal_wrong_key_context,5,True
433,1000.0,8,8,0,8,0,0,4.035502713422961,4.035502713422961,4.035502713422961,0.0,0.0,0.0011670751357597956,1.0,0.0,False,0,0,0,0,0,0.0,0.0,0.0,0.0,0.0,0,0.0,0,0,disabled,disabled,True,wrong_key,-1,5,False,raw,0,0.0,0.0,trial:-1,4,False,disabled,0,0,False,raw,0,0.0,0.0,,0,False,disabled,False,raw,0.0,0.0,,,,,,,,False,0,0,0,0,0,0,0.0,0.0,0.8469999999931588,4.3117499999993925,5.2914169999951355,context_reentry_interference,wrong_key_ablation,CRA,wrong_key_ablation,memory_ablation,MockSimulator,42,none,none,-1,0,0,internal,0.0,0.0,0.0,0.0,0,False,0,False,-1,1,0.1,0.2,8,8,0,raw,5,False
434,1000.0,8,8,0,8,0,0,4.025196971646957,4.025196971646957,4.025196971646957,0.0,0.0,0.0015372900173780254,1.0,0.0,False,0,0,0,0,0,0.0,0.0,0.0,0.0,0.0,0,0.0,0,0,disabled,disabled,True,wrong_key,-1,5,False,raw,0,0.0,0.0,trial:-1,4,False,disabled,0,0,False,raw,0,0.0,0.0,,0,False,disabled,False,raw,0.0,0.0,,,,,,,,False,0,0,0,0,0,0,0.0,0.0,0.8362499999918782,4.915875000008896,5.8853339999984655,context_reentry_interference,wrong_key_ablation,CRA,wrong_key_ablation,memory_ablation,MockSimulator,42,none,none,-1,0,0,internal,0.0,0.0,0.0,0.0,0,False,0,False,-1,1,0.1,0.2,8,8,0,raw,5,False
435,1000.0,8,8,0,8,0,0,4.014942335330137,4.014942335330137,4.014942335330137,0.0,0.0,0.001892229473677222,1.0,0.0,False,0,0,0,0,0,0.0,0.0,0.0,0.0,0.0,0,0.0,0,0,disabled,disabled,True,wrong_key,-1,5,False,raw,0,0.0,0.0,trial:-1,4,False,disabled,0,0,False,raw,0,0.0,0.0,,0,False,disabled,False,raw,0.0,0.0,,,,,,,,False,0,0,0,0,0,0,0.0,0.0,0.8701249999916172,4.290208000000462,5.302583000002414,context_reentry_interference,wrong_key_ablation,CRA,wrong_key_ablation,memory_ablation,MockSimulator,42,none,none,-1,0,0,internal,0.0,0.0,0.0,0.0,0,False,0,False,-1,1,0.1,0.2,8,8,0,raw,5,False
436,1000.0,8,8,0,8,0,0,4.0047385495917975,4.0047385495917975,4.0047385495917975,0.0,0.0,0.0022323564357175,1.0,0.0,False,0,0,0,0,0,0.0,0.0,0.0,0.0,0.0,0,0.0,0,0,disabled,disabled,True,wrong_key,-1,5,False,raw,0,0.0,0.0,trial:-1,4,False,disabled,0,0,False,raw,0,0.0,0.0,,0,False,disabled,False,raw,0.0,0.0,,,,,,,,False,0,0,0,0,0,0,0.0,0.0,0.8198339999978543,4.338250000003541,5.287666000000968,context_reentry_interference,wrong_key_ablation,CRA,wrong_key_ablation,memory_ablation,MockSimulator,42,none,none,-1,0,0,internal,0.0,0.0,0.0,0.0,0,False,0,False,-1,1,0.1,0.2,8,8,0,raw,5,False
437,1000.0,8,8,0,8,0,0,3.994585360822462,3.994585360822462,3.994585360822462,0.0,0.0,0.0025581214274866954,1.0,0.0,False,0,0,0,0,0,0.0,0.0,0.0,0.0,0.0,0,0.0,0,0,disabled,disabled,True,wrong_key,-1,5,False,raw,0,0.0,0.0,trial:-1,4,False,disabled,0,0,False,raw,0,0.0,0.0,,0,False,disabled,False,raw,0.0,0.0,,,,,,,,False,0,0,0,0,0,0,0.0,0.0,0.9047089999967284,4.824999999996749,5.872334000002866,context_reentry_interference,wrong_key_ablation,CRA,wrong_key_ablation,memory_ablation,MockSimulator,42,none,none,-1,0,0,internal,0.0,0.0,0.0,0.0,0,False,0,False,-1,1,0.1,0.2,8,8,0,raw,5,False
438,1000.0,8,8,0,8,0,0,3.9844825166775317,3.9844825166775317,3.9844825166775317,0.0,0.0,0.002869962877010836,1.0,0.0,False,0,0,0,0,0,0.0,0.0,0.0,0.0,0.0,0,0.0,0,0,disabled,disabled,True,wrong_key,-1,5,False,raw,0,0.0,0.0,trial:-1,4,False,disabled,0,0,False,raw,0,0.0,0.0,,0,False,disabled,False,raw,0.0,0.0,,,,,,,,False,0,0,0,0,0,0,0.0,0.0,0.8317919999996093,4.535291999999913,5.502500000005739,context_reentry_interference,wrong_key_ablation,CRA,wrong_key_ablation,memory_ablation,MockSimulator,42,none,none,-1,0,0,internal,0.0,0.0,0.0,0.0,0,False,0,False,-1,1,0.1,0.2,8,8,0,raw,5,False
439,1000.0,8,8,0,8,0,0,3.9744297660709833,3.9744297660709833,3.9744297660709833,0.0,0.0,0.0031683074199830167,1.0,0.0,False,0,0,0,0,0,0.0,0.0,0.0,0.0,0.0,0,0.0,0,0,disabled,disabled,True,wrong_key,-1,5,False,raw,0,0.0,0.0,trial:-1,4,False,disabled,0,0,False,raw,0,0.0,0.0,,0,False,disabled,False,raw,0.0,0.0,,,,,,,,False,0,0,0,0,0,0,0.0,0.0,0.9054169999984651,4.718457999999259,5.7656660000020565,context_reentry_interference,wrong_key_ablation,CRA,wrong_key_ablation,memory_ablation,MockSimulator,42,none,none,-1,0,0,internal,0.0,0.0,0.0,0.0,0,False,0,False,-1,1,0.1,0.2,8,8,0,raw,5,False
440,1000.0,8,8,0,8,0,0,3.96442685916909,3.96442685916909,3.96442685916909,0.0,0.0,0.003453570196085506,1.0,0.0,False,0,0,0,0,0,0.0,0.0,0.0,0.0,0.0,0,0.0,0,0,disabled,disabled,True,wrong_key,-1,5,False,raw,0,0.0,0.0,trial:-1,4,False,disabled,0,0,False,raw,0,0.0,0.0,,0,False,disabled,False,raw,0.0,0.0,,,,,,,,False,0,0,0,0,0,0,0.0,0.0,0.9526249999964875,4.993499999997653,6.088582999993264,context_reentry_interference,wrong_key_ablation,CRA,wrong_key_ablation,memory_ablation,MockSimulator,42,none,none,-1,0,0,internal,0.0,0.0,0.0,0.0,0,False,0,False,-1,1,0.1,0.2,8,8,0,raw,5,False
441,1000.0,8,8,0,8,0,0,3.9544735473841763,3.9544735473841763,3.9544735473841763,0.0,0.0,0.003726155138175902,1.0,0.0,False,0,0,0,0,0,0.0,0.0,0.0,0.0,0.0,0,0.0,0,0,disabled,disabled,True,wrong_key,-1,5,False,raw,0,0.0,0.0,trial:-1,4,False,disabled,0,0,False,raw,0,0.0,0.0,,0,False,disabled,False,raw,0.0,0.0,,,,,,,,False,0,0,0,0,0,0,0.0,0.0,0.8394589999909385,4.314665999999079,5.293624999993085,context_reentry_interference,wrong_key_ablation,CRA,wrong_key_ablation,memory_ablation,MockSimulator,42,none,none,-1,0,0,internal,0.0,0.0,0.0,0.0,0,False,0,False,-1,1,0.1,0.2,8,8,0,raw,5,False
442,1000.0,8,8,0,8,0,0,3.9445695833684016,3.9445695833684016,3.9445695833684016,0.0,0.0,0.003986455254504247,1.0,0.0,False,0,0,0,0,0,0.0,0.0,0.0,0.0,0.0,0,0.0,0,0,disabled,disabled,True,wrong_key,-1,5,False,raw,0,0.0,0.0,trial:-1,4,False,disabled,0,0,False,raw,0,0.0,0.0,,0,False,disabled,False,raw,0.0,0.0,,,,,,,,False,0,0,0,0,0,0,0.0,0.0,0.8210419999983287,4.294458000003942,5.248917000002962,context_reentry_interference,wrong_key_ablation,CRA,wrong_key_ablation,memory_ablation,MockSimulator,42,none,none,-1,0,0,internal,0.0,0.0,0.0,0.0,0,False,0,False,-1,1,0.1,0.2,8,8,0,raw,5,False
443,1000.0,8,8,0,8,0,0,3.934714721007578,3.934714721007578,3.934714721007578,0.0,0.0,0.0042348529041241895,1.0,0.0,False,0,0,0,0,0,0.0,0.0,0.0,0.0,0.0,0,0.0,0,0,disabled,disabled,True,wrong_key,-1,5,False,raw,0,0.0,0.0,trial:-1,4,False,disabled,0,0,False,raw,0,0.0,0.0,,0,False,disabled,False,raw,0.0,0.0,,,,,,,,False,0,0,0,0,0,0,0.0,0.0,0.9427909999999429,4.54141699999866,5.611791999996285,context_reentry_interference,wrong_key_ablation,CRA,wrong_key_ablation,memory_ablation,MockSimulator,42,none,none,-1,0,0,internal,0.0,0.0,0.0,0.0,0,False,0,False,-1,1,0.1,0.2,8,8,0,raw,5,False
444,1000.0,8,8,0,8,0,0,3.9249087154150173,3.9249087154150173,3.9249087154150173,0.0,0.0,0.004471720065657532,1.0,0.0,False,0,0,0,0,0,0.0,0.0,0.0,0.0,0.0,0,0.0,0,0,disabled,disabled,True,wrong_key,-1,5,False,raw,0,0.0,0.0,trial:-1,4,False,disabled,0,0,False,raw,0,0.0,0.0,,0,False,disabled,False,raw,0.0,0.0,,,,,,,,False,0,0,0,0,0,0,0.0,0.0,0.8232920000068589,4.3025829999976395,5.262125000001561,context_reentry_interference,wrong_key_ablation,CRA,wrong_key_ablation,memory_ablation,MockSimulator,42,none,none,-1,0,0,internal,0.0,0.0,0.0,0.0,0,False,0,False,-1,1,0.1,0.2,8,8,0,raw,5,False
445,1000.0,8,8,0,8,0,0,3.915151322925407,3.915151322925407,3.915151322925407,0.0,0.0,0.004697418599567891,1.0,0.0,False,0,0,0,0,0,0.0,0.0,0.0,0.0,0.0,0,0.0,0,0,disabled,disabled,True,wrong_key,-1,5,False,raw,0,0.0,0.0,trial:-1,4,False,disabled,0,0,False,raw,0,0.0,0.0,,0,False,disabled,False,raw,0.0,0.0,,,,,,,,False,0,0,0,0,0,0,0.0,0.0,0.8162499999997408,4.299583000005214,5.247709000002487,context_reentry_interference,wrong_key_ablation,CRA,wrong_key_ablation,memory_ablation,MockSimulator,42,none,none,-1,0,0,internal,0.0,0.0,0.0,0.0,0,False,0,False,-1,1,0.1,0.2,8,8,0,raw,5,False
446,1000.0,8,8,0,8,0,0,3.9054423010887223,3.9054423010887223,3.9054423010887223,0.0,0.0,0.004912300504095573,1.0,0.0,False,0,0,0,0,0,0.0,0.0,0.0,0.0,0.0,0,0.0,0,0,disabled,disabled,True,wrong_key,-1,5,False,raw,0,0.0,0.0,trial:-1,4,False,disabled,0,0,False,raw,0,0.0,0.0,,0,False,disabled,False,raw,0.0,0.0,,,,,,,,False,0,0,0,0,0,0,0.0,0.0,1.0729159999982585,4.596083999999223,5.799582999998165,context_reentry_interference,wrong_key_ablation,CRA,wrong_key_ablation,memory_ablation,MockSimulator,42,none,none,-1,0,0,internal,0.0,0.0,0.0,0.0,0,False,0,False,-1,1,0.1,0.2,8,8,0,raw,5,False
447,1000.0,8,8,0,8,0,0,3.895781408664161,3.895781408664161,3.895781408664161,0.0,0.0,0.00511670816500232,1.0,0.0,False,0,0,0,0,0,0.0,0.0,0.0,0.0,0.0,0,0.0,0,0,disabled,disabled,True,wrong_key,-1,5,False,raw,0,0.0,0.0,trial:-1,4,False,disabled,0,0,False,raw,0,0.0,0.0,,0,False,disabled,False,raw,0.0,0.0,,,,,,,,False,0,0,0,0,0,0,0.0,0.0,0.8287080000002334,4.402166999994961,5.367833000008204,context_reentry_interference,wrong_key_ablation,CRA,wrong_key_ablation,memory_ablation,MockSimulator,42,none,none,-1,0,0,internal,0.0,0.0,0.0,0.0,0,False,0,False,-1,1,0.1,0.2,8,8,0,raw,5,False
448,1000.0,8,8,0,8,0,0,3.8861684056141153,3.8861684056141153,3.8861684056141153,0.0,0.0,0.00531097459927116,1.0,0.0,False,0,0,0,0,0,0.0,0.0,0.0,0.0,0.0,0,0.0,0,0,disabled,disabled,True,wrong_key,-1,5,False,raw,0,0.0,0.0,trial:-1,4,False,disabled,0,0,False,raw,0,0.0,0.0,,0,False,disabled,False,raw,0.0,0.0,,,,,,,,False,0,0,0,0,0,0,0.0,0.0,0.8255409999975427,4.32104200000083,5.2810410000034835,context_reentry_interference,wrong_key_ablation,CRA,wrong_key_ablation,memory_ablation,MockSimulator,42,none,none,-1,0,0,internal,0.0,0.0,0.0,0.0,0,False,0,False,-1,1,0.1,0.2,8,8,0,raw,5,False
449,1000.0,8,8,0,8,0,0,3.8766030530981688,3.8766030530981688,3.8766030530981688,0.0,0.0,0.0054954236929032445,1.0,0.0,False,0,0,0,0,0,0.0,0.0,0.0,0.0,0.0,0,0.0,0,0,disabled,disabled,True,wrong_key,-1,5,False,raw,0,0.0,0.0,trial:-1,4,False,disabled,0,0,False,raw,0,0.0,0.0,,0,False,disabled,False,raw,0.0,0.0,,,,,,,,False,0,0,0,0,0,0,0.0,0.0,0.9990829999964035,4.5783329999977695,5.70729099999312,context_reentry_interference,wrong_key_ablation,CRA,wrong_key_ablation,memory_ablation,MockSimulator,42,none,none,-1,0,0,internal,0.0,0.0,0.0,0.0,0,False,0,False,-1,1,0.1,0.2,8,8,0,raw,5,False
450,1000.0,8,8,0,8,0,0,3.8670851134671267,3.8670851134671267,3.8670851134671267,0.0,0.0,0.005670370432950337,1.0,0.0,False,0,0,0,0,0,0.0,0.0,0.0,0.0,0.0,0,0.0,0,0,disabled,disabled,True,wrong_key,-1,5,False,raw,0,0.0,0.0,trial:-1,4,False,disabled,0,0,False,raw,0,0.0,0.0,,0,False,disabled,False,raw,0.0,0.0,,,,,,,,False,0,0,0,0,0,0,0.0,0.0,0.823749999995016,4.408166000004599,5.368250000003627,context_reentry_interference,wrong_key_ablation,CRA,wrong_key_ablation,memory_ablation,MockSimulator,42,none,none,-1,0,0,internal,0.0,0.0,0.0,0.0,0,False,0,False,-1,1,0.1,0.2,8,8,0,raw,5,False
451,1000.0,8,8,0,8,0,0,3.8576143502570748,3.8576143502570748,3.8576143502570748,0.0,0.0,0.005836121133918385,1.0,0.0,False,0,0,0,0,0,0.0,0.0,0.0,0.0,0.0,0,0.0,0,0,disabled,disabled,True,wrong_key,-1,5,False,raw,0,0.0,0.0,trial:-1,4,False,disabled,0,0,False,raw,0,0.0,0.0,,0,False,disabled,False,raw,0.0,0.0,,,,,,,,False,0,0,0,0,0,0,0.0,0.0,0.8364579999948774,4.52191700000526,5.498792000011576,context_reentry_interference,wrong_key_ablation,CRA,wrong_key_ablation,memory_ablation,MockSimulator,42,none,none,-1,0,0,internal,0.0,0.0,0.0,0.0,0,False,0,False,-1,1,0.1,0.2,8,8,0,raw,5,False
452,1000.0,8,8,0,8,0,0,3.8481905281834665,3.8481905281834665,3.8481905281834665,0.0,0.0,0.00599297365867453,1.0,0.0,False,0,0,0,0,0,0.0,0.0,0.0,0.0,0.0,0,0.0,0,0,disabled,disabled,True,wrong_key,-1,5,False,raw,0,0.0,0.0,trial:-1,4,False,disabled,0,0,False,raw,0,0.0,0.0,,0,False,disabled,False,raw,0.0,0.0,,,,,,,,False,0,0,0,0,0,0,0.0,0.0,0.9857079999875396,4.784458000003156,5.926916999996479,context_reentry_interference,wrong_key_ablation,CRA,wrong_key_ablation,memory_ablation,MockSimulator,42,none,none,-1,0,0,internal,0.0,0.0,0.0,0.0,0,False,0,False,-1,1,0.1,0.2,8,8,0,raw,5,False
453,1000.0,8,8,0,8,0,0,3.8388134131352416,3.8388134131352416,3.8388134131352416,0.0,0.0,0.006141217633986863,1.0,0.0,False,0,0,0,0,0,0.0,0.0,0.0,0.0,0.0,0,0.0,0,0,disabled,disabled,True,wrong_key,-1,5,False,raw,0,0.0,0.0,trial:-1,4,False,disabled,0,0,False,raw,0,0.0,0.0,,0,False,disabled,False,raw,0.0,0.0,,,,,,,,False,0,0,0,0,0,0,0.0,0.0,0.8241660000010143,4.391999999995733,5.352625000000444,context_reentry_interference,wrong_key_ablation,CRA,wrong_key_ablation,memory_ablation,MockSimulator,42,none,none,-1,0,0,internal,0.0,0.0,0.0,0.0,0,False,0,False,-1,1,0.1,0.2,8,8,0,raw,5,False
454,1000.0,8,8,0,8,0,0,3.829482772168974,3.829482772168974,3.829482772168974,0.0,0.0,0.006281134660823232,1.0,0.0,False,0,0,0,0,0,0.0,0.0,0.0,0.0,0.0,0,0.0,0,0,disabled,disabled,True,wrong_key,-1,5,False,raw,0,0.0,0.0,trial:-1,4,False,disabled,0,0,False,raw,0,0.0,0.0,,0,False,disabled,False,raw,0.0,0.0,,,,,,,,False,0,0,0,0,0,0,0.0,0.0,0.8216669999967507,4.58799999999826,5.541332999996484,context_reentry_interference,wrong_key_ablation,CRA,wrong_key_ablation,memory_ablation,MockSimulator,42,none,none,-1,0,0,internal,0.0,0.0,0.0,0.0,0,False,0,False,-1,1,0.1,0.2,8,8,0,raw,5,False
455,1000.0,8,8,0,8,0,0,3.820198373503047,3.820198373503047,3.820198373503047,0.0,0.0,0.006412998519532552,1.0,0.0,False,0,0,0,0,0,0.0,0.0,0.0,0.0,0.0,0,0.0,0,0,disabled,disabled,True,wrong_key,-1,5,False,raw,0,0.0,0.0,trial:-1,4,False,disabled,0,0,False,raw,0,0.0,0.0,,0,False,disabled,False,raw,0.0,0.0,,,,,,,,False,0,0,0,0,0,0,0.0,0.0,0.8652500000039254,4.5174170000024105,5.5237910000016655,context_reentry_interference,wrong_key_ablation,CRA,wrong_key_ablation,memory_ablation,MockSimulator,42,none,none,-1,0,0,internal,0.0,0.0,0.0,0.0,0,False,0,False,-1,1,0.1,0.2,8,8,0,raw,5,False
456,1000.0,8,8,0,8,0,0,3.8109599865118597,3.8109599865118597,3.8109599865118597,2.3228115885605107e-11,2.3228115885605106e-10,0.00653707537002917,1.0,2.3228115885605107e-11,True,0,0,0,0,0,0.0,0.0,0.0,0.0,0.0,0,0.0,0,0,disabled,disabled,True,wrong_key,-1,5,True,internal_wrong_key_context,-1,-0.01,0.01,phase:C_interference,4,False,disabled,0,0,False,raw,0,0.01,0.01,,0,False,disabled,False,raw,0.01,0.01,,,,,,,,False,0,0,0,0,0,0,0.0,0.0,0.8196249999912197,4.463624999999638,5.4160830000000715,context_reentry_interference,wrong_key_ablation,CRA,wrong_key_ablation,memory_ablation,MockSimulator,42,decision,C_interference_decision,11,-1,-1,internal,-0.01,0.01,0.01,0.01,1,True,1,True,456,1,0.1,0.2,8,8,-1,internal_wrong_key_context,5,True
457,1000.0,8,8,0,8,0,0,3.8017673817200603,3.8017673817200603,3.8017673817200603,0.0,0.0,0.00705362394709811,1.0,0.0,False,0,0,0,0,0,0.0,0.0,0.0,0.0,0.0,0,0.0,0,0,disabled,disabled,True,wrong_key,-1,5,False,raw,0,0.0,0.0,trial:-1,4,False,disabled,0,0,False,raw,0,0.0,0.0,,0,False,disabled,False,raw,0.0,0.0,,,,,,,,False,0,0,0,0,0,0,0.0,0.0,0.8122079999992593,4.712791999992305,5.653166999991299,context_reentry_interference,wrong_key_ablation,CRA,wrong_key_ablation,memory_ablation,MockSimulator,42,none,none,-1,0,0,internal,0.0,0.0,0.0,0.0,0,False,0,False,-1,1,0.1,0.2,8,8,0,raw,5,False
458,1000.0,8,8,0,8,0,0,3.7926203307968103,3.7926203307968103,3.7926203307968103,0.0,0.0,0.007546895750936281,1.0,0.0,False,0,0,0,0,0,0.0,0.0,0.0,0.0,0.0,0,0.0,0,0,disabled,disabled,True,wrong_key,-1,5,False,raw,0,0.0,0.0,trial:-1,4,False,disabled,0,0,False,raw,0,0.0,0.0,,0,False,disabled,False,raw,0.0,0.0,,,,,,,,False,0,0,0,0,0,0,0.0,0.0,0.9573749999987058,4.556082999997102,5.656040999994616,context_reentry_interference,wrong_key_ablation,CRA,wrong_key_ablation,memory_ablation,MockSimulator,42,none,none,-1,0,0,internal,0.0,0.0,0.0,0.0,0,False,0,False,-1,1,0.1,0.2,8,8,0,raw,5,False
459,1000.0,8,8,0,8,0,0,3.7835186065500754,3.7835186065500754,3.7835186065500754,0.0,0.0,0.008017615233042084,1.0,0.0,False,0,0,0,0,0,0.0,0.0,0.0,0.0,0.0,0,0.0,0,0,disabled,disabled,True,wrong_key,-1,5,False,raw,0,0.0,0.0,trial:-1,4,False,disabled,0,0,False,raw,0,0.0,0.0,,0,False,disabled,False,raw,0.0,0.0,,,,,,,,False,0,0,0,0,0,0,0.0,0.0,0.8132079999967345,4.42520800000068,5.370834000004265,context_reentry_interference,wrong_key_ablation,CRA,wrong_key_ablation,memory_ablation,MockSimulator,42,none,none,-1,0,0,internal,0.0,0.0,0.0,0.0,0,False,0,False,-1,1,0.1,0.2,8,8,0,raw,5,False
460,1000.0,8,8,0,8,0,0,3.774461982920947,3.774461982920947,3.774461982920947,0.0,0.0,0.008466487177563282,1.0,0.0,False,0,0,0,0,0,0.0,0.0,0.0,0.0,0.0,0,0.0,0,0,disabled,disabled,True,wrong_key,-1,5,False,raw,0,0.0,0.0,trial:-1,4,False,disabled,0,0,False,raw,0,0.0,0.0,,0,False,disabled,False,raw,0.0,0.0,,,,,,,,False,0,0,0,0,0,0,0.0,0.0,0.8165419999954793,4.7645420000037575,5.7098329999973885,context_reentry_interference,wrong_key_ablation,CRA,wrong_key_ablation,memory_ablation,MockSimulator,42,none,none,-1,0,0,internal,0.0,0.0,0.0,0.0,0,False,0,False,-1,1,0.1,0.2,8,8,0,raw,5,False
461,1000.0,8,8,0,8,0,0,3.765450234977988,3.765450234977988,3.765450234977988,0.0,0.0,0.008894197198210416,1.0,0.0,False,0,0,0,0,0,0.0,0.0,0.0,0.0,0.0,0,0.0,0,0,disabled,disabled,True,wrong_key,-1,5,False,raw,0,0.0,0.0,trial:-1,4,False,disabled,0,0,False,raw,0,0.0,0.0,,0,False,disabled,False,raw,0.0,0.0,,,,,,,,False,0,0,0,0,0,0,0.0,0.0,0.8510830000005853,4.4984169999935375,5.511249999997858,context_reentry_interference,wrong_key_ablation,CRA,wrong_key_ablation,memory_ablation,MockSimulator,42,none,none,-1,0,0,internal,0.0,0.0,0.0,0.0,0,False,0,False,-1,1,0.1,0.2,8,8,0,raw,5,False
462,1000.0,8,8,0,8,0,0,3.7564831389116136,3.7564831389116136,3.7564831389116136,0.0,0.0,0.009301412223160638,1.0,0.0,False,0,0,0,0,0,0.0,0.0,0.0,0.0,0.0,0,0.0,0,0,disabled,disabled,True,wrong_key,-1,5,False,raw,0,0.0,0.0,trial:-1,4,False,disabled,0,0,False,raw,0,0.0,0.0,,0,False,disabled,False,raw,0.0,0.0,,,,,,,,False,0,0,0,0,0,0,0.0,0.0,0.8150000000028967,4.4460409999942385,5.390125000005241,context_reentry_interference,wrong_key_ablation,CRA,wrong_key_ablation,memory_ablation,MockSimulator,42,none,none,-1,0,0,internal,0.0,0.0,0.0,0.0,0,False,0,False,-1,1,0.1,0.2,8,8,0,raw,5,False
463,1000.0,8,8,0,8,0,0,3.747560472028491,3.747560472028491,3.747560472028491,0.0,0.0,0.009688780968233567,1.0,0.0,False,0,0,0,0,0,0.0,0.0,0.0,0.0,0.0,0,0.0,0,0,disabled,disabled,True,wrong_key,-1,5,False,raw,0,0.0,0.0,trial:-1,4,False,disabled,0,0,False,raw,0,0.0,0.0,,0,False,disabled,False,raw,0.0,0.0,,,,,,,,False,0,0,0,0,0,0,0.0,0.0,0.8158339999937425,5.117208000001483,6.062541999995119,context_reentry_interference,wrong_key_ablation,CRA,wrong_key_ablation,memory_ablation,MockSimulator,42,none,none,-1,0,0,internal,0.0,0.0,0.0,0.0,0,False,0,False,-1,1,0.1,0.2,8,8,0,raw,5,False
464,1000.0,8,8,0,8,0,0,3.738682012745977,3.738682012745977,3.738682012745977,0.0,0.0,0.010056934398614315,1.0,0.0,False,0,0,0,0,0,0.0,0.0,0.0,0.0,0.0,0,0.0,0,0,disabled,disabled,True,wrong_key,-1,5,False,raw,0,0.0,0.0,trial:-1,4,False,disabled,0,0,False,raw,0,0.0,0.0,,0,False,disabled,False,raw,0.0,0.0,,,,,,,,False,0,0,0,0,0,0,0.0,0.0,0.9305829999988191,4.668082999998546,5.750625000004561,context_reentry_interference,wrong_key_ablation,CRA,wrong_key_ablation,memory_ablation,MockSimulator,42,none,none,-1,0,0,internal,0.0,0.0,0.0,0.0,0,False,0,False,-1,1,0.1,0.2,8,8,0,raw,5,False
465,1000.0,8,8,0,8,0,0,3.729847540586575,3.729847540586575,3.729847540586575,0.0,0.0,0.01040648617939254,1.0,0.0,False,0,0,0,0,0,0.0,0.0,0.0,0.0,0.0,0,0.0,0,0,disabled,disabled,True,wrong_key,-1,5,False,raw,0,0.0,0.0,trial:-1,4,False,disabled,0,0,False,raw,0,0.0,0.0,,0,False,disabled,False,raw,0.0,0.0,,,,,,,,False,0,0,0,0,0,0,0.0,0.0,0.8187090000006947,4.993249999998284,5.9416250000055015,context_reentry_interference,wrong_key_ablation,CRA,wrong_key_ablation,memory_ablation,MockSimulator,42,none,none,-1,0,0,internal,0.0,0.0,0.0,0.0,0,False,0,False,-1,1,0.1,0.2,8,8,0,raw,5,False
466,1000.0,8,8,0,8,0,0,3.7210568361724246,3.7210568361724246,3.7210568361724246,0.0,0.0,0.010738033115180191,1.0,0.0,False,0,0,0,0,0,0.0,0.0,0.0,0.0,0.0,0,0.0,0,0,disabled,disabled,True,wrong_key,-1,5,False,raw,0,0.0,0.0,trial:-1,4,False,disabled,0,0,False,raw,0,0.0,0.0,,0,False,disabled,False,raw,0.0,0.0,,,,,,,,False,0,0,0,0,0,0,0.0,0.0,0.8491669999983742,5.008416999999099,6.004208999996763,context_reentry_interference,wrong_key_ablation,CRA,wrong_key_ablation,memory_ablation,MockSimulator,42,none,none,-1,0,0,internal,0.0,0.0,0.0,0.0,0,False,0,False,-1,1,0.1,0.2,8,8,0,raw,5,False
467,1000.0,8,8,0,8,0,0,3.7123096812198164,3.7123096812198164,3.7123096812198164,0.0,0.0,0.011052155579064579,1.0,0.0,False,0,0,0,0,0,0.0,0.0,0.0,0.0,0.0,0,0.0,0,0,disabled,disabled,True,wrong_key,-1,5,False,raw,0,0.0,0.0,trial:-1,4,False,disabled,0,0,False,raw,0,0.0,0.0,,0,False,disabled,False,raw,0.0,0.0,,,,,,,,False,0,0,0,0,0,0,0.0,0.0,0.9309170000051381,5.094124999999394,6.175749999997038,context_reentry_interference,wrong_key_ablation,CRA,wrong_key_ablation,memory_ablation,MockSimulator,42,none,none,-1,0,0,internal,0.0,0.0,0.0,0.0,0,False,0,False,-1,1,0.1,0.2,8,8,0,raw,5,False
468,1000.0,8,8,0,8,0,0,3.703605858533736,3.703605858533736,3.703605858533736,0.0,0.0,0.011349417931147517,1.0,0.0,False,0,0,0,0,0,0.0,0.0,0.0,0.0,0.0,0,0.0,0,0,disabled,disabled,True,wrong_key,-1,5,False,raw,0,0.0,0.0,trial:-1,4,False,disabled,0,0,False,raw,0,0.0,0.0,,0,False,disabled,False,raw,0.0,0.0,,,,,,,,False,0,0,0,0,0,0,0.0,0.0,0.9145840000002181,5.06887499999209,6.127334000012752,context_reentry_interference,wrong_key_ablation,CRA,wrong_key_ablation,memory_ablation,MockSimulator,42,none,none,-1,0,0,internal,0.0,0.0,0.0,0.0,0,False,0,False,-1,1,0.1,0.2,8,8,0,raw,5,False
469,1000.0,8,8,0,8,0,0,3.694945152002433,3.694945152002433,3.694945152002433,0.0,0.0,0.011630368926915513,1.0,0.0,False,0,0,0,0,0,0.0,0.0,0.0,0.0,0.0,0,0.0,0,0,disabled,disabled,True,wrong_key,-1,5,False,raw,0,0.0,0.0,trial:-1,4,False,disabled,0,0,False,raw,0,0.0,0.0,,0,False,disabled,False,raw,0.0,0.0,,,,,,,,False,0,0,0,0,0,0,0.0,0.0,1.0056659999975182,5.246541999994747,6.415916999998217,context_reentry_interference,wrong_key_ablation,CRA,wrong_key_ablation,memory_ablation,MockSimulator,42,none,none,-1,0,0,internal,0.0,0.0,0.0,0.0,0,False,0,False,-1,1,0.1,0.2,8,8,0,raw,5,False
470,1000.0,8,8,0,8,0,0,3.686327346592018,3.686327346592018,3.686327346592018,0.0,0.0,0.01189554211568033,1.0,0.0,False,0,0,0,0,0,0.0,0.0,0.0,0.0,0.0,0,0.0,0,0,disabled,disabled,True,wrong_key,-1,5,False,raw,0,0.0,0.0,trial:-1,4,False,disabled,0,0,False,raw,0,0.0,0.0,,0,False,disabled,False,raw,0.0,0.0,,,,,,,,False,0,0,0,0,0,0,0.0,0.0,0.9216250000037007,5.129749999994715,6.200625000005289,context_reentry_interference,wrong_key_ablation,CRA,wrong_key_ablation,memory_ablation,MockSimulator,42,none,none,-1,0,0,internal,0.0,0.0,0.0,0.0,0,False,0,False,-1,1,0.1,0.2,8,8,0,raw,5,False
471,1000.0,8,8,0,8,0,0,3.677752228341089,3.677752228341089,3.677752228341089,0.0,0.0,0.012145456229323788,1.0,0.0,False,0,0,0,0,0,0.0,0.0,0.0,0.0,0.0,0,0.0,0,0,disabled,disabled,True,wrong_key,-1,5,False,raw,0,0.0,0.0,trial:-1,4,False,disabled,0,0,False,raw,0,0.0,0.0,,0,False,disabled,False,raw,0.0,0.0,,,,,,,,False,0,0,0,0,0,0,0.0,0.0,0.91425000000811,5.207584000004317,6.269375000002242,context_reentry_interference,wrong_key_ablation,CRA,wrong_key_ablation,memory_ablation,MockSimulator,42,none,none,-1,0,0,internal,0.0,0.0,0.0,0.0,0,False,0,False,-1,1,0.1,0.2,8,8,0,raw,5,False
472,1000.0,8,8,0,8,0,0,3.6692195843553788,3.6692195843553788,3.6692195843553788,0.0,0.0,0.012380615561575235,1.0,0.0,False,0,0,0,0,0,0.0,0.0,0.0,0.0,0.0,0,0.0,0,0,disabled,disabled,True,wrong_key,-1,5,False,raw,0,0.0,0.0,trial:-1,4,False,disabled,0,0,False,raw,0,0.0,0.0,,0,False,disabled,False,raw,0.0,0.0,,,,,,,,False,0,0,0,0,0,0,0.0,0.0,0.8327919999970845,5.007624999990412,5.977500000000191,context_reentry_interference,wrong_key_ablation,CRA,wrong_key_ablation,memory_ablation,MockSimulator,42,none,none,-1,0,0,internal,0.0,0.0,0.0,0.0,0,False,0,False,-1,1,0.1,0.2,8,8,0,raw,5,False
473,1000.0,8,8,0,8,0,0,3.660729202802435,3.660729202802435,3.660729202802435,0.0,0.0,0.012601510338044896,1.0,0.0,False,0,0,0,0,0,0.0,0.0,0.0,0.0,0.0,0,0.0,0,0,disabled,disabled,True,wrong_key,-1,5,False,raw,0,0.0,0.0,trial:-1,4,False,disabled,0,0,False,raw,0,0.0,0.0,,0,False,disabled,False,raw,0.0,0.0,,,,,,,,False,0,0,0,0,0,0,0.0,0.0,0.9102089999970531,5.126750000002289,6.180249999999887,context_reentry_interference,wrong_key_ablation,CRA,wrong_key_ablation,memory_ablation,MockSimulator,42,none,none,-1,0,0,internal,0.0,0.0,0.0,0.0,0,False,0,False,-1,1,0.1,0.2,8,8,0,raw,5,False
474,1000.0,8,8,0,8,0,0,3.6522808729063247,3.6522808729063247,3.6522808729063247,0.0,0.0,0.01280861707723114,1.0,0.0,False,0,0,0,0,0,0.0,0.0,0.0,0.0,0.0,0,0.0,0,0,disabled,disabled,True,wrong_key,-1,5,False,raw,0,0.0,0.0,trial:-1,4,False,disabled,0,0,False,raw,0,0.0,0.0,,0,False,disabled,False,raw,0.0,0.0,,,,,,,,False,0,0,0,0,0,0,0.0,0.0,0.9067500000128348,5.32845799999393,6.377833000001942,context_reentry_interference,wrong_key_ablation,CRA,wrong_key_ablation,memory_ablation,MockSimulator,42,none,none,-1,0,0,internal,0.0,0.0,0.0,0.0,0,False,0,False,-1,1,0.1,0.2,8,8,0,raw,5,False
475,1000.0,8,8,0,8,0,0,3.643874384942363,3.643874384942363,3.643874384942363,0.0,0.0,0.013002398942714715,1.0,0.0,False,0,0,0,0,0,0.0,0.0,0.0,0.0,0.0,0,0.0,0,0,disabled,disabled,True,wrong_key,-1,5,False,raw,0,0.0,0.0,trial:-1,4,False,disabled,0,0,False,raw,0,0.0,0.0,,0,False,disabled,False,raw,0.0,0.0,,,,,,,,False,0,0,0,0,0,0,0.0,0.0,0.8636670000043978,5.085041000000956,6.089249999988056,context_reentry_interference,wrong_key_ablation,CRA,wrong_key_ablation,memory_ablation,MockSimulator,42,none,none,-1,0,0,internal,0.0,0.0,0.0,0.0,0,False,0,False,-1,1,0.1,0.2,8,8,0,raw,5,False
476,1000.0,8,8,0,8,0,0,3.635509530231872,3.635509530231872,3.635509530231872,0.0,0.0,0.013183306086748057,1.0,0.0,False,0,0,0,0,0,0.0,0.0,0.0,0.0,0.0,0,0.0,0,0,disabled,disabled,True,wrong_key,-1,5,False,raw,0,0.0,0.0,trial:-1,4,False,disabled,0,0,False,raw,0,0.0,0.0,,0,False,disabled,False,raw,0.0,0.0,,,,,,,,False,0,0,0,0,0,0,0.0,0.0,0.9167919999981677,5.0449169999922105,6.109416000001033,context_reentry_interference,wrong_key_ablation,CRA,wrong_key_ablation,memory_ablation,MockSimulator,42,none,none,-1,0,0,internal,0.0,0.0,0.0,0.0,0,False,0,False,-1,1,0.1,0.2,8,8,0,raw,5,False
477,1000.0,8,8,0,8,0,0,3.6271861011369615,3.6271861011369615,3.6271861011369615,0.0,0.0,0.013351775985442979,1.0,0.0,False,0,0,0,0,0,0.0,0.0,0.0,0.0,0.0,0,0.0,0,0,disabled,disabled,True,wrong_key,-1,5,False,raw,0,0.0,0.0,trial:-1,4,False,disabled,0,0,False,raw,0,0.0,0.0,,0,False,disabled,False,raw,0.0,0.0,,,,,,,,False,0,0,0,0,0,0,0.0,0.0,0.8730830000018841,4.939417000002777,5.956874999995421,context_reentry_interference,wrong_key_ablation,CRA,wrong_key_ablation,memory_ablation,MockSimulator,42,none,none,-1,0,0,internal,0.0,0.0,0.0,0.0,0,False,0,False,-1,1,0.1,0.2,8,8,0,raw,5,False
478,1000.0,8,8,0,8,0,0,3.61890389105534,3.61890389105534,3.61890389105534,0.0,0.0,0.013508233765755403,1.0,0.0,False,0,0,0,0,0,0.0,0.0,0.0,0.0,0.0,0,0.0,0,0,disabled,disabled,True,wrong_key,-1,5,False,raw,0,0.0,0.0,trial:-1,4,False,disabled,0,0,False,raw,0,0.0,0.0,,0,False,disabled,False,raw,0.0,0.0,,,,,,,,False,0,0,0,0,0,0,0.0,0.0,0.9331250000030877,5.022542000006069,6.106750000000716,context_reentry_interference,wrong_key_ablation,CRA,wrong_key_ablation,memory_ablation,MockSimulator,42,none,none,-1,0,0,internal,0.0,0.0,0.0,0.0,0,False,0,False,-1,1,0.1,0.2,8,8,0,raw,5,False
479,1000.0,8,8,0,8,0,0,3.610662694415149,3.610662694415149,3.610662694415149,0.0,0.0,0.013653092524461155,1.0,0.0,False,0,0,0,0,0,0.0,0.0,0.0,0.0,0.0,0,0.0,0,0,disabled,disabled,True,wrong_key,-1,5,False,raw,0,0.0,0.0,trial:-1,4,False,disabled,0,0,False,raw,0,0.0,0.0,,0,False,disabled,False,raw,0.0,0.0,,,,,,,,False,0,0,0,0,0,0,0.0,0.0,0.8184999999940601,5.720042000007197,6.668375000003834,context_reentry_interference,wrong_key_ablation,CRA,wrong_key_ablation,memory_ablation,MockSimulator,42,none,none,-1,0,0,internal,0.0,0.0,0.0,0.0,0,False,0,False,-1,1,0.1,0.2,8,8,0,raw,5,False
480,1000.0,8,8,0,8,0,0,3.602462306669824,3.602462306669824,3.602462306669824,-3.017332253540103e-11,3.0173322535401034e-10,0.013786753639312373,1.0,-3.017332253540103e-11,True,0,0,0,0,0,0.0,0.0,0.0,0.0,0.0,0,0.0,0,0,disabled,disabled,True,wrong_key,-1,5,True,internal_wrong_key_context,1,0.01,-0.01,phase:C_interference,4,False,disabled,0,0,False,raw,0,-0.01,-0.01,,0,False,disabled,False,raw,-0.01,-0.01,,,,,,,,False,0,0,0,0,0,0,0.0,0.0,0.8595000000042319,4.7635829999990165,5.778125000006185,context_reentry_interference,wrong_key_ablation,CRA,wrong_key_ablation,memory_ablation,MockSimulator,42,decision,C_interference_decision,12,-1,1,internal,0.01,-0.01,-0.01,-0.01,-1,True,-1,True,480,1,0.1,0.2,8,8,1,internal_wrong_key_context,5,True
481,1000.0,8,8,0,8,0,0,3.594302524292979,3.594302524292979,3.594302524292979,0.0,0.0,0.014309607072559757,1.0,0.0,False,0,0,0,0,0,0.0,0.0,0.0,0.0,0.0,0,0.0,0,0,disabled,disabled,True,wrong_key,-1,5,False,raw,0,0.0,0.0,trial:-1,4,False,disabled,0,0,False,raw,0,0.0,0.0,,0,False,disabled,False,raw,0.0,0.0,,,,,,,,False,0,0,0,0,0,0,0.0,0.0,0.8165830000024243,4.6602500000005875,5.609999999990123,context_reentry_interference,wrong_key_ablation,CRA,wrong_key_ablation,memory_ablation,MockSimulator,42,none,none,-1,0,0,internal,0.0,0.0,0.0,0.0,0,False,0,False,-1,1,0.1,0.2,8,8,0,raw,5,False
482,1000.0,8,8,0,8,0,0,3.586183144773322,3.586183144773322,3.586183144773322,0.0,0.0,0.014806031667021522,1.0,0.0,False,0,0,0,0,0,0.0,0.0,0.0,0.0,0.0,0,0.0,0,0,disabled,disabled,True,wrong_key,-1,5,False,raw,0,0.0,0.0,trial:-1,4,False,disabled,0,0,False,raw,0,0.0,0.0,,0,False,disabled,False,raw,0.0,0.0,,,,,,,,False,0,0,0,0,0,0,0.0,0.0,0.8124160000022584,5.272333999997159,6.211875000005307,context_reentry_interference,wrong_key_ablation,CRA,wrong_key_ablation,memory_ablation,MockSimulator,42,none,none,-1,0,0,internal,0.0,0.0,0.0,0.0,0,False,0,False,-1,1,0.1,0.2,8,8,0,raw,5,False
483,1000.0,8,8,0,8,0,0,3.5781039666095884,3.5781039666095884,3.5781039666095884,0.0,0.0,0.015276875434875792,1.0,0.0,False,0,0,0,0,0,0.0,0.0,0.0,0.0,0.0,0,0.0,0,0,disabled,disabled,True,wrong_key,-1,5,False,raw,0,0.0,0.0,trial:-1,4,False,disabled,0,0,False,raw,0,0.0,0.0,,0,False,disabled,False,raw,0.0,0.0,,,,,,,,False,0,0,0,0,0,0,0.0,0.0,0.8382500000010396,4.779291999994939,5.75516700000378,context_reentry_interference,wrong_key_ablation,CRA,wrong_key_ablation,memory_ablation,MockSimulator,42,none,none,-1,0,0,internal,0.0,0.0,0.0,0.0,0,False,0,False,-1,1,0.1,0.2,8,8,0,raw,5,False
484,1000.0,8,8,0,8,0,0,3.570064789305506,3.570064789305506,3.570064789305506,0.0,0.0,0.015722963039349083,1.0,0.0,False,0,0,0,0,0,0.0,0.0,0.0,0.0,0.0,0,0.0,0,0,disabled,disabled,True,wrong_key,-1,5,False,raw,0,0.0,0.0,trial:-1,4,False,disabled,0,0,False,raw,0,0.0,0.0,,0,False,disabled,False,raw,0.0,0.0,,,,,,,,False,0,0,0,0,0,0,0.0,0.0,0.8199589999975387,4.774457999999981,5.726541999990786,context_reentry_interference,wrong_key_ablation,CRA,wrong_key_ablation,memory_ablation,MockSimulator,42,none,none,-1,0,0,internal,0.0,0.0,0.0,0.0,0,False,0,False,-1,1,0.1,0.2,8,8,0,raw,5,False
485,1000.0,8,8,0,8,0,0,3.562065413364781,3.562065413364781,3.562065413364781,0.0,0.0,0.016145096389469493,1.0,0.0,False,0,0,0,0,0,0.0,0.0,0.0,0.0,0.0,0,0.0,0,0,disabled,disabled,True,wrong_key,-1,5,False,raw,0,0.0,0.0,trial:-1,4,False,disabled,0,0,False,raw,0,0.0,0.0,,0,False,disabled,False,raw,0.0,0.0,,,,,,,,False,0,0,0,0,0,0,0.0,0.0,1.025209000005134,5.089749999996229,6.306166000001667,context_reentry_interference,wrong_key_ablation,CRA,wrong_key_ablation,memory_ablation,MockSimulator,42,none,none,-1,0,0,internal,0.0,0.0,0.0,0.0,0,False,0,False,-1,1,0.1,0.2,8,8,0,raw,5,False
486,1000.0,8,8,0,8,0,0,3.5541056402861115,3.5541056402861115,3.5541056402861115,0.0,0.0,0.016544055220369346,1.0,0.0,False,0,0,0,0,0,0.0,0.0,0.0,0.0,0.0,0,0.0,0,0,disabled,disabled,True,wrong_key,-1,5,False,raw,0,0.0,0.0,trial:-1,4,False,disabled,0,0,False,raw,0,0.0,0.0,,0,False,disabled,False,raw,0.0,0.0,,,,,,,,False,0,0,0,0,0,0,0.0,0.0,0.8306670000024496,4.7510410000057846,5.718041999998036,context_reentry_interference,wrong_key_ablation,CRA,wrong_key_ablation,memory_ablation,MockSimulator,42,none,none,-1,0,0,internal,0.0,0.0,0.0,0.0,0,False,0,False,-1,1,0.1,0.2,8,8,0,raw,5,False
487,1000.0,8,8,0,8,0,0,3.546185272558225,3.546185272558225,3.546185272558225,0.0,0.0,0.016920597659477416,1.0,0.0,False,0,0,0,0,0,0.0,0.0,0.0,0.0,0.0,0,0.0,0,0,disabled,disabled,True,wrong_key,-1,5,False,raw,0,0.0,0.0,trial:-1,4,False,disabled,0,0,False,raw,0,0.0,0.0,,0,False,disabled,False,raw,0.0,0.0,,,,,,,,False,0,0,0,0,0,0,0.0,0.0,0.8144579999935786,5.519208999999137,6.464707999995767,context_reentry_interference,wrong_key_ablation,CRA,wrong_key_ablation,memory_ablation,MockSimulator,42,none,none,-1,0,0,internal,0.0,0.0,0.0,0.0,0,False,0,False,-1,1,0.1,0.2,8,8,0,raw,5,False
488,1000.0,8,8,0,8,0,0,3.5383041136549394,3.5383041136549394,3.5383041136549394,0.0,0.0,0.017275460778933018,1.0,0.0,False,0,0,0,0,0,0.0,0.0,0.0,0.0,0.0,0,0.0,0,0,disabled,disabled,True,wrong_key,-1,5,False,raw,0,0.0,0.0,trial:-1,4,False,disabled,0,0,False,raw,0,0.0,0.0,,0,False,disabled,False,raw,0.0,0.0,,,,,,,,False,0,0,0,0,0,0,0.0,0.0,1.0321660000016664,4.987958999990383,6.186999999997056,context_reentry_interference,wrong_key_ablation,CRA,wrong_key_ablation,memory_ablation,MockSimulator,42,none,none,-1,0,0,internal,0.0,0.0,0.0,0.0,0,False,0,False,-1,1,0.1,0.2,8,8,0,raw,5,False
489,1000.0,8,8,0,8,0,0,3.530461968030252,3.530461968030252,3.530461968030252,0.0,0.0,0.017609361134546603,1.0,0.0,False,0,0,0,0,0,0.0,0.0,0.0,0.0,0.0,0,0.0,0,0,disabled,disabled,True,wrong_key,-1,5,False,raw,0,0.0,0.0,trial:-1,4,False,disabled,0,0,False,raw,0,0.0,0.0,,0,False,disabled,False,raw,0.0,0.0,,,,,,,,False,0,0,0,0,0,0,0.0,0.0,0.8244160000003831,4.81916699999374,5.776291000003653,context_reentry_interference,wrong_key_ablation,CRA,wrong_key_ablation,memory_ablation,MockSimulator,42,none,none,-1,0,0,internal,0.0,0.0,0.0,0.0,0,False,0,False,-1,1,0.1,0.2,8,8,0,raw,5,False
490,1000.0,8,8,0,8,0,0,3.522658641113449,3.522658641113449,3.522658641113449,0.0,0.0,0.017922995291624073,1.0,0.0,False,0,0,0,0,0,0.0,0.0,0.0,0.0,0.0,0,0.0,0,0,disabled,disabled,True,wrong_key,-1,5,False,raw,0,0.0,0.0,trial:-1,4,False,disabled,0,0,False,raw,0,0.0,0.0,,0,False,disabled,False,raw,0.0,0.0,,,,,,,,False,0,0,0,0,0,0,0.0,0.0,0.8284580000008646,5.297917000007146,6.257708000006801,context_reentry_interference,wrong_key_ablation,CRA,wrong_key_ablation,memory_ablation,MockSimulator,42,none,none,-1,0,0,internal,0.0,0.0,0.0,0.0,0,False,0,False,-1,1,0.1,0.2,8,8,0,raw,5,False
491,1000.0,8,8,0,8,0,0,3.5148939393042413,3.5148939393042413,3.5148939393042413,0.0,0.0,0.018217040337964625,1.0,0.0,False,0,0,0,0,0,0.0,0.0,0.0,0.0,0.0,0,0.0,0,0,disabled,disabled,True,wrong_key,-1,5,False,raw,0,0.0,0.0,trial:-1,4,False,disabled,0,0,False,raw,0,0.0,0.0,,0,False,disabled,False,raw,0.0,0.0,,,,,,,,False,0,0,0,0,0,0,0.0,0.0,0.8407499999947277,4.782625000004259,5.761125000006473,context_reentry_interference,wrong_key_ablation,CRA,wrong_key_ablation,memory_ablation,MockSimulator,42,none,none,-1,0,0,internal,0.0,0.0,0.0,0.0,0,False,0,False,-1,1,0.1,0.2,8,8,0,raw,5,False
492,1000.0,8,8,0,8,0,0,3.507167669967926,3.507167669967926,3.507167669967926,0.0,0.0,0.018492154384334904,1.0,0.0,False,0,0,0,0,0,0.0,0.0,0.0,0.0,0.0,0,0.0,0,0,disabled,disabled,True,wrong_key,-1,5,False,raw,0,0.0,0.0,trial:-1,4,False,disabled,0,0,False,raw,0,0.0,0.0,,0,False,disabled,False,raw,0.0,0.0,,,,,,,,False,0,0,0,0,0,0,0.0,0.0,0.8855840000023818,5.829958000006741,6.849875000000338,context_reentry_interference,wrong_key_ablation,CRA,wrong_key_ablation,memory_ablation,MockSimulator,42,none,none,-1,0,0,internal,0.0,0.0,0.0,0.0,0,False,0,False,-1,1,0.1,0.2,8,8,0,raw,5,False
493,1000.0,8,8,0,8,0,0,3.4994796414305687,3.4994796414305687,3.4994796414305687,0.0,0.0,0.018748977052715186,1.0,0.0,False,0,0,0,0,0,0.0,0.0,0.0,0.0,0.0,0,0.0,0,0,disabled,disabled,True,wrong_key,-1,5,False,raw,0,0.0,0.0,trial:-1,4,False,disabled,0,0,False,raw,0,0.0,0.0,,0,False,disabled,False,raw,0.0,0.0,,,,,,,,False,0,0,0,0,0,0,0.0,0.0,0.9582089999895516,5.276333000011846,6.418084000003432,context_reentry_interference,wrong_key_ablation,CRA,wrong_key_ablation,memory_ablation,MockSimulator,42,none,none,-1,0,0,internal,0.0,0.0,0.0,0.0,0,False,0,False,-1,1,0.1,0.2,8,8,0,raw,5,False
494,1000.0,8,8,0,8,0,0,3.491829662974213,3.491829662974213,3.491829662974213,0.0,0.0,0.018988129952606524,1.0,0.0,False,0,0,0,0,0,0.0,0.0,0.0,0.0,0.0,0,0.0,0,0,disabled,disabled,True,wrong_key,-1,5,False,raw,0,0.0,0.0,trial:-1,4,False,disabled,0,0,False,raw,0,0.0,0.0,,0,False,disabled,False,raw,0.0,0.0,,,,,,,,False,0,0,0,0,0,0,0.0,0.0,0.8319169999992937,5.421666000003711,6.39024999999549,context_reentry_interference,wrong_key_ablation,CRA,wrong_key_ablation,memory_ablation,MockSimulator,42,none,none,-1,0,0,internal,0.0,0.0,0.0,0.0,0,False,0,False,-1,1,0.1,0.2,8,8,0,raw,5,False
495,1000.0,8,8,0,8,0,0,3.484217544832112,3.484217544832112,3.484217544832112,0.0,0.0,0.019210217145681125,1.0,0.0,False,0,0,0,0,0,0.0,0.0,0.0,0.0,0.0,0,0.0,0,0,disabled,disabled,True,wrong_key,-1,5,False,raw,0,0.0,0.0,trial:-1,4,False,disabled,0,0,False,raw,0,0.0,0.0,,0,False,disabled,False,raw,0.0,0.0,,,,,,,,False,0,0,0,0,0,0,0.0,0.0,0.8222080000024334,5.890583999999421,6.852709000000345,context_reentry_interference,wrong_key_ablation,CRA,wrong_key_ablation,memory_ablation,MockSimulator,42,none,none,-1,0,0,internal,0.0,0.0,0.0,0.0,0,False,0,False,-1,1,0.1,0.2,8,8,0,raw,5,False
496,1000.0,8,8,0,8,0,0,3.4766430981839833,3.4766430981839833,3.4766430981839833,0.0,0.0,0.019415825599051695,1.0,0.0,False,0,0,0,0,0,0.0,0.0,0.0,0.0,0.0,0,0.0,0,0,disabled,disabled,True,wrong_key,-1,5,False,raw,0,0.0,0.0,trial:-1,4,False,disabled,0,0,False,raw,0,0.0,0.0,,0,False,disabled,False,raw,0.0,0.0,,,,,,,,False,0,0,0,0,0,0,0.0,0.0,0.9373329999959878,5.075292000000786,6.1661669999892865,context_reentry_interference,wrong_key_ablation,CRA,wrong_key_ablation,memory_ablation,MockSimulator,42,none,none,-1,0,0,internal,0.0,0.0,0.0,0.0,0,False,0,False,-1,1,0.1,0.2,8,8,0,raw,5,False
497,1000.0,8,8,0,8,0,0,3.469106135151291,3.469106135151291,3.469106135151291,0.0,0.0,0.01960552562742917,1.0,0.0,False,0,0,0,0,0,0.0,0.0,0.0,0.0,0.0,0,0.0,0,0,disabled,disabled,True,wrong_key,-1,5,False,raw,0,0.0,0.0,trial:-1,4,False,disabled,0,0,False,raw,0,0.0,0.0,,0,False,disabled,False,raw,0.0,0.0,,,,,,,,False,0,0,0,0,0,0,0.0,0.0,0.82391699999107,6.038000000003763,6.997333999990474,context_reentry_interference,wrong_key_ablation,CRA,wrong_key_ablation,memory_ablation,MockSimulator,42,none,none,-1,0,0,internal,0.0,0.0,0.0,0.0,0,False,0,False,-1,1,0.1,0.2,8,8,0,raw,5,False
498,1000.0,8,8,0,8,0,0,3.4616064687925454,3.4616064687925454,3.4616064687925454,0.0,0.0,0.019779871324431927,1.0,0.0,False,0,0,0,0,0,0.0,0.0,0.0,0.0,0.0,0,0.0,0,0,disabled,disabled,True,wrong_key,-1,5,False,raw,0,0.0,0.0,trial:-1,4,False,disabled,0,0,False,raw,0,0.0,0.0,,0,False,disabled,False,raw,0.0,0.0,,,,,,,,False,0,0,0,0,0,0,0.0,0.0,0.8811659999992116,5.154167000000598,6.1947920000022805,context_reentry_interference,wrong_key_ablation,CRA,wrong_key_ablation,memory_ablation,MockSimulator,42,none,none,-1,0,0,internal,0.0,0.0,0.0,0.0,0,False,0,False,-1,1,0.1,0.2,8,8,0,raw,5,False
499,1000.0,8,8,0,8,0,0,3.4541439130986316,3.4541439130986316,3.4541439130986316,0.0,0.0,0.019939400983303598,1.0,0.0,False,0,0,0,0,0,0.0,0.0,0.0,0.0,0.0,0,0.0,0,0,disabled,disabled,True,wrong_key,-1,5,False,raw,0,0.0,0.0,trial:-1,4,False,disabled,0,0,False,raw,0,0.0,0.0,,0,False,disabled,False,raw,0.0,0.0,,,,,,,,False,0,0,0,0,0,0,0.0,0.0,0.8310420000015029,4.894582999995123,5.860292000008371,context_reentry_interference,wrong_key_ablation,CRA,wrong_key_ablation,memory_ablation,MockSimulator,42,none,none,-1,0,0,internal,0.0,0.0,0.0,0.0,0,False,0,False,-1,1,0.1,0.2,8,8,0,raw,5,False
500,1000.0,8,8,0,8,0,0,3.446718282988159,3.446718282988159,3.446718282988159,0.0,0.0,0.020084637507290632,1.0,0.0,False,0,0,0,0,0,0.0,0.0,0.0,0.0,0.0,0,0.0,0,0,disabled,disabled,True,wrong_key,-1,5,False,raw,0,0.0,0.0,trial:-1,4,False,disabled,0,0,False,raw,0,0.0,0.0,,0,False,disabled,False,raw,0.0,0.0,,,,,,,,False,0,0,0,0,0,0,0.0,0.0,0.8279159999915464,5.691499999997518,6.650042000003964,context_reentry_interference,wrong_key_ablation,CRA,wrong_key_ablation,memory_ablation,MockSimulator,42,none,none,-1,0,0,internal,0.0,0.0,0.0,0.0,0,False,0,False,-1,1,0.1,0.2,8,8,0,raw,5,False
501,1000.0,8,8,0,8,0,0,3.439329394302834,3.439329394302834,3.439329394302834,0.0,0.0,0.020216088809924863,1.0,0.0,False,0,0,0,0,0,0.0,0.0,0.0,0.0,0.0,0,0.0,0,0,disabled,disabled,True,wrong_key,-1,5,False,raw,0,0.0,0.0,trial:-1,4,False,disabled,0,0,False,raw,0,0.0,0.0,,0,False,disabled,False,raw,0.0,0.0,,,,,,,,False,0,0,0,0,0,0,0.0,0.0,0.8477499999912652,4.856041000010691,5.853958999992415,context_reentry_interference,wrong_key_ablation,CRA,wrong_key_ablation,memory_ablation,MockSimulator,42,none,none,-1,0,0,internal,0.0,0.0,0.0,0.0,0,False,0,False,-1,1,0.1,0.2,8,8,0,raw,5,False
502,1000.0,8,8,0,8,0,0,3.431977063802856,3.431977063802856,3.431977063802856,0.0,0.0,0.020334248205450812,1.0,0.0,False,0,0,0,0,0,0.0,0.0,0.0,0.0,0.0,0,0.0,0,0,disabled,disabled,True,wrong_key,-1,5,False,raw,0,0.0,0.0,trial:-1,4,False,disabled,0,0,False,raw,0,0.0,0.0,,0,False,disabled,False,raw,0.0,0.0,,,,,,,,False,0,0,0,0,0,0,0.0,0.0,0.8384169999970936,4.813666000003991,5.78112499999861,context_reentry_interference,wrong_key_ablation,CRA,wrong_key_ablation,memory_ablation,MockSimulator,42,none,none,-1,0,0,internal,0.0,0.0,0.0,0.0,0,False,0,False,-1,1,0.1,0.2,8,8,0,raw,5,False
503,1000.0,8,8,0,8,0,0,3.4246611091623365,3.4246611091623365,3.4246611091623365,0.0,0.0,0.02043959478963175,1.0,0.0,False,0,0,0,0,0,0.0,0.0,0.0,0.0,0.0,0,0.0,0,0,disabled,disabled,True,wrong_key,-1,5,False,raw,0,0.0,0.0,trial:-1,4,False,disabled,0,0,False,raw,0,0.0,0.0,,0,False,disabled,False,raw,0.0,0.0,,,,,,,,False,0,0,0,0,0,0,0.0,0.0,1.1002079999968828,5.2928340000022445,6.520374999993805,context_reentry_interference,wrong_key_ablation,CRA,wrong_key_ablation,memory_ablation,MockSimulator,42,none,none,-1,0,0,internal,0.0,0.0,0.0,0.0,0,False,0,False,-1,1,0.1,0.2,8,8,0,raw,5,False
504,1000.0,8,8,0,8,0,0,3.417381348964741,3.417381348964741,3.417381348964741,3.919514597348594e-11,3.9195145973485947e-10,0.02053259381116327,1.0,3.919514597348594e-11,True,0,0,0,0,0,0.0,0.0,0.0,0.0,0.0,0,0.0,0,0,disabled,disabled,True,wrong_key,-1,5,True,internal_wrong_key_context,-1,-0.01,0.01,phase:C_interference,4,False,disabled,0,0,False,raw,0,0.01,0.01,,0,False,disabled,False,raw,0.01,0.01,,,,,,,,False,0,0,0,0,0,0,0.0,0.0,0.8363749999915626,4.9912909999960675,5.965791999997805,context_reentry_interference,wrong_key_ablation,CRA,wrong_key_ablation,memory_ablation,MockSimulator,42,decision,C_interference_decision,13,-1,-1,internal,-0.01,0.01,0.01,0.01,1,True,1,True,504,1,0.1,0.2,8,8,-1,internal_wrong_key_context,5,True
505,1000.0,8,8,0,8,0,0,3.4101376026983523,3.4101376026983523,3.4101376026983523,0.0,0.0,0.02101369703391768,1.0,0.0,False,0,0,0,0,0,0.0,0.0,0.0,0.0,0.0,0,0.0,0,0,disabled,disabled,True,wrong_key,-1,5,False,raw,0,0.0,0.0,trial:-1,4,False,disabled,0,0,False,raw,0,0.0,0.0,,0,False,disabled,False,raw,0.0,0.0,,,,,,,,False,0,0,0,0,0,0,0.0,0.0,0.813667000002738,5.41637499999581,6.359333000006018,context_reentry_interference,wrong_key_ablation,CRA,wrong_key_ablation,memory_ablation,MockSimulator,42,none,none,-1,0,0,internal,0.0,0.0,0.0,0.0,0,False,0,False,-1,1,0.1,0.2,8,8,0,raw,5,False
506,1000.0,8,8,0,8,0,0,3.402929690751761,3.402929690751761,3.402929690751761,0.0,0.0,0.021467343090237446,1.0,0.0,False,0,0,0,0,0,0.0,0.0,0.0,0.0,0.0,0,0.0,0,0,disabled,disabled,True,wrong_key,-1,5,False,raw,0,0.0,0.0,trial:-1,4,False,disabled,0,0,False,raw,0,0.0,0.0,,0,False,disabled,False,raw,0.0,0.0,,,,,,,,False,0,0,0,0,0,0,0.0,0.0,1.0352500000010423,5.01375000000337,6.192124999998327,context_reentry_interference,wrong_key_ablation,CRA,wrong_key_ablation,memory_ablation,MockSimulator,42,none,none,-1,0,0,internal,0.0,0.0,0.0,0.0,0,False,0,False,-1,1,0.1,0.2,8,8,0,raw,5,False
507,1000.0,8,8,0,8,0,0,3.3957574344093717,3.3957574344093717,3.3957574344093717,0.0,0.0,0.021894437825490852,1.0,0.0,False,0,0,0,0,0,0.0,0.0,0.0,0.0,0.0,0,0.0,0,0,disabled,disabled,True,wrong_key,-1,5,False,raw,0,0.0,0.0,trial:-1,4,False,disabled,0,0,False,raw,0,0.0,0.0,,0,False,disabled,False,raw,0.0,0.0,,,,,,,,False,0,0,0,0,0,0,0.0,0.0,0.8193749999918509,4.8990000000088685,5.850874999993039,context_reentry_interference,wrong_key_ablation,CRA,wrong_key_ablation,memory_ablation,MockSimulator,42,none,none,-1,0,0,internal,0.0,0.0,0.0,0.0,0,False,0,False,-1,1,0.1,0.2,8,8,0,raw,5,False
508,1000.0,8,8,0,8,0,0,3.3886206558469367,3.3886206558469367,3.3886206558469367,0.0,0.0,0.022295861834098027,1.0,0.0,False,0,0,0,0,0,0.0,0.0,0.0,0.0,0.0,0,0.0,0,0,disabled,disabled,True,wrong_key,-1,5,False,raw,0,0.0,0.0,trial:-1,4,False,disabled,0,0,False,raw,0,0.0,0.0,,0,False,disabled,False,raw,0.0,0.0,,,,,,,,False,0,0,0,0,0,0,0.0,0.0,0.8141670000014756,5.912917000003404,6.85620900000572,context_reentry_interference,wrong_key_ablation,CRA,wrong_key_ablation,memory_ablation,MockSimulator,42,none,none,-1,0,0,internal,0.0,0.0,0.0,0.0,0,False,0,False,-1,1,0.1,0.2,8,8,0,raw,5,False
509,1000.0,8,8,0,8,0,0,3.38151917812711,3.38151917812711,3.38151917812711,0.0,0.0,0.02267247110723072,1.0,0.0,False,0,0,0,0,0,0.0,0.0,0.0,0.0,0.0,0,0.0,0,0,disabled,disabled,True,wrong_key,-1,5,False,raw,0,0.0,0.0,trial:-1,4,False,disabled,0,0,False,raw,0,0.0,0.0,,0,False,disabled,False,raw,0.0,0.0,,,,,,,,False,0,0,0,0,0,0,0.0,0.0,0.8521250000086411,5.041540999997096,6.037250000005656,context_reentry_interference,wrong_key_ablation,CRA,wrong_key_ablation,memory_ablation,MockSimulator,42,none,none,-1,0,0,internal,0.0,0.0,0.0,0.0,0,False,0,False,-1,1,0.1,0.2,8,8,0,raw,5,False
510,1000.0,8,8,0,8,0,0,3.3744528251950245,3.3744528251950245,3.3744528251950245,0.0,0.0,0.023025097664704466,1.0,0.0,False,0,0,0,0,0,0.0,0.0,0.0,0.0,0.0,0,0.0,0,0,disabled,disabled,True,wrong_key,-1,5,False,raw,0,0.0,0.0,trial:-1,4,False,disabled,0,0,False,raw,0,0.0,0.0,,0,False,disabled,False,raw,0.0,0.0,,,,,,,,False,0,0,0,0,0,0,0.0,0.0,0.8211249999874326,5.343875000008325,6.30012499999566,context_reentry_interference,wrong_key_ablation,CRA,wrong_key_ablation,memory_ablation,MockSimulator,42,none,none,-1,0,0,internal,0.0,0.0,0.0,0.0,0,False,0,False,-1,1,0.1,0.2,8,8,0,raw,5,False
511,1000.0,8,8,0,8,0,0,3.3674214218738894,3.3674214218738894,3.3674214218738894,0.0,0.0,0.023354550171436374,1.0,0.0,False,0,0,0,0,0,0.0,0.0,0.0,0.0,0.0,0,0.0,0,0,disabled,disabled,True,wrong_key,-1,5,False,raw,0,0.0,0.0,trial:-1,4,False,disabled,0,0,False,raw,0,0.0,0.0,,0,False,disabled,False,raw,0.0,0.0,,,,,,,,False,0,0,0,0,0,0,0.0,0.0,0.9356669999931455,5.258499999996502,6.386583999997697,context_reentry_interference,wrong_key_ablation,CRA,wrong_key_ablation,memory_ablation,MockSimulator,42,none,none,-1,0,0,internal,0.0,0.0,0.0,0.0,0,False,0,False,-1,1,0.1,0.2,8,8,0,raw,5,False
512,1000.0,8,8,0,8,0,0,3.3604247938606124,3.3604247938606124,3.3604247938606124,0.0,0.0,0.023661614538833118,1.0,0.0,False,0,0,0,0,0,0.0,0.0,0.0,0.0,0.0,0,0.0,0,0,disabled,disabled,True,wrong_key,-1,5,False,raw,0,0.0,0.0,trial:-1,4,False,disabled,0,0,False,raw,0,0.0,0.0,,0,False,disabled,False,raw,0.0,0.0,,,,,,,,False,0,0,0,0,0,0,0.0,0.0,0.8330830000033984,5.0172920000051136,5.987749999988523,context_reentry_interference,wrong_key_ablation,CRA,wrong_key_ablation,memory_ablation,MockSimulator,42,none,none,-1,0,0,internal,0.0,0.0,0.0,0.0,0,False,0,False,-1,1,0.1,0.2,8,8,0,raw,5,False
513,1000.0,8,8,0,8,0,0,3.353462767721441,3.353462767721441,3.353462767721441,0.0,0.0,0.023947054511465417,1.0,0.0,False,0,0,0,0,0,0.0,0.0,0.0,0.0,0.0,0,0.0,0,0,disabled,disabled,True,wrong_key,-1,5,False,raw,0,0.0,0.0,trial:-1,4,False,disabled,0,0,False,raw,0,0.0,0.0,,0,False,disabled,False,raw,0.0,0.0,,,,,,,,False,0,0,0,0,0,0,0.0,0.0,0.8189999999927977,5.829292000001374,6.780374999991068,context_reentry_interference,wrong_key_ablation,CRA,wrong_key_ablation,memory_ablation,MockSimulator,42,none,none,-1,0,0,internal,0.0,0.0,0.0,0.0,0,False,0,False,-1,1,0.1,0.2,8,8,0,raw,5,False
514,1000.0,8,8,0,8,0,0,3.3465351708876265,3.3465351708876265,3.3465351708876265,0.0,0.0,0.024211612239376894,1.0,0.0,False,0,0,0,0,0,0.0,0.0,0.0,0.0,0.0,0,0.0,0,0,disabled,disabled,True,wrong_key,-1,5,False,raw,0,0.0,0.0,trial:-1,4,False,disabled,0,0,False,raw,0,0.0,0.0,,0,False,disabled,False,raw,0.0,0.0,,,,,,,,False,0,0,0,0,0,0,0.0,0.0,0.8357500000073514,5.031125000002135,6.003125000006548,context_reentry_interference,wrong_key_ablation,CRA,wrong_key_ablation,memory_ablation,MockSimulator,42,none,none,-1,0,0,internal,0.0,0.0,0.0,0.0,0,False,0,False,-1,1,0.1,0.2,8,8,0,raw,5,False
515,1000.0,8,8,0,8,0,0,3.3396418316511105,3.3396418316511105,3.3396418316511105,0.0,0.0,0.024456008836367324,1.0,0.0,False,0,0,0,0,0,0.0,0.0,0.0,0.0,0.0,0,0.0,0,0,disabled,disabled,True,wrong_key,-1,5,False,raw,0,0.0,0.0,trial:-1,4,False,disabled,0,0,False,raw,0,0.0,0.0,,0,False,disabled,False,raw,0.0,0.0,,,,,,,,False,0,0,0,0,0,0,0.0,0.0,0.8156669999976884,5.156541000005177,6.101583999992499,context_reentry_interference,wrong_key_ablation,CRA,wrong_key_ablation,memory_ablation,MockSimulator,42,none,none,-1,0,0,internal,0.0,0.0,0.0,0.0,0,False,0,False,-1,1,0.1,0.2,8,8,0,raw,5,False
516,1000.0,8,8,0,8,0,0,3.3327825791602317,3.3327825791602317,3.3327825791602317,0.0,0.0,0.024680944924582386,1.0,0.0,False,0,0,0,0,0,0.0,0.0,0.0,0.0,0.0,0,0.0,0,0,disabled,disabled,True,wrong_key,-1,5,False,raw,0,0.0,0.0,trial:-1,4,False,disabled,0,0,False,raw,0,0.0,0.0,,0,False,disabled,False,raw,0.0,0.0,,,,,,,,False,0,0,0,0,0,0,0.0,0.0,1.4780000000058635,5.564667000001577,7.186791999998832,context_reentry_interference,wrong_key_ablation,CRA,wrong_key_ablation,memory_ablation,MockSimulator,42,none,none,-1,0,0,internal,0.0,0.0,0.0,0.0,0,False,0,False,-1,1,0.1,0.2,8,8,0,raw,5,False
517,1000.0,8,8,0,8,0,0,3.3259572434154547,3.3259572434154547,3.3259572434154547,0.0,0.0,0.0248871011657343,1.0,0.0,False,0,0,0,0,0,0.0,0.0,0.0,0.0,0.0,0,0.0,0,0,disabled,disabled,True,wrong_key,-1,5,False,raw,0,0.0,0.0,trial:-1,4,False,disabled,0,0,False,raw,0,0.0,0.0,,0,False,disabled,False,raw,0.0,0.0,,,,,,,,False,0,0,0,0,0,0,0.0,0.0,0.8281669999945507,5.602542000005428,6.569040999991671,context_reentry_interference,wrong_key_ablation,CRA,wrong_key_ablation,memory_ablation,MockSimulator,42,none,none,-1,0,0,internal,0.0,0.0,0.0,0.0,0,False,0,False,-1,1,0.1,0.2,8,8,0,raw,5,False
518,1000.0,8,8,0,8,0,0,3.3191656552651203,3.3191656552651203,3.3191656552651203,0.0,0.0,0.025075138779270305,1.0,0.0,False,0,0,0,0,0,0.0,0.0,0.0,0.0,0.0,0,0.0,0,0,disabled,disabled,True,wrong_key,-1,5,False,raw,0,0.0,0.0,trial:-1,4,False,disabled,0,0,False,raw,0,0.0,0.0,,0,False,disabled,False,raw,0.0,0.0,,,,,,,,False,0,0,0,0,0,0,0.0,0.0,0.8250409999988051,6.22187499999427,7.18045799999345,context_reentry_interference,wrong_key_ablation,CRA,wrong_key_ablation,memory_ablation,MockSimulator,42,none,none,-1,0,0,internal,0.0,0.0,0.0,0.0,0,False,0,False,-1,1,0.1,0.2,8,8,0,raw,5,False
519,1000.0,8,8,0,8,0,0,3.312407646401216,3.312407646401216,3.312407646401216,0.0,0.0,0.025245700047798577,1.0,0.0,False,0,0,0,0,0,0.0,0.0,0.0,0.0,0.0,0,0.0,0,0,disabled,disabled,True,wrong_key,-1,5,False,raw,0,0.0,0.0,trial:-1,4,False,disabled,0,0,False,raw,0,0.0,0.0,,0,False,disabled,False,raw,0.0,0.0,,,,,,,,False,0,0,0,0,0,0,0.0,0.0,0.9402499999993097,5.728625000003262,6.822166999995716,context_reentry_interference,wrong_key_ablation,CRA,wrong_key_ablation,memory_ablation,MockSimulator,42,none,none,-1,0,0,internal,0.0,0.0,0.0,0.0,0,False,0,False,-1,1,0.1,0.2,8,8,0,raw,5,False
520,1000.0,8,8,0,8,0,0,3.3056830493551694,3.3056830493551694,3.3056830493551694,0.0,0.0,0.025399408810074006,1.0,0.0,False,0,0,0,0,0,0.0,0.0,0.0,0.0,0.0,0,0.0,0,0,disabled,disabled,True,wrong_key,-1,5,False,raw,0,0.0,0.0,trial:-1,4,False,disabled,0,0,False,raw,0,0.0,0.0,,0,False,disabled,False,raw,0.0,0.0,,,,,,,,False,0,0,0,0,0,0,0.0,0.0,0.8687910000020338,5.898333999994065,6.913250000010862,context_reentry_interference,wrong_key_ablation,CRA,wrong_key_ablation,memory_ablation,MockSimulator,42,none,none,-1,0,0,internal,0.0,0.0,0.0,0.0,0,False,0,False,-1,1,0.1,0.2,8,8,0,raw,5,False
521,1000.0,8,8,0,8,0,0,3.2989916974936606,3.2989916974936606,3.2989916974936606,0.0,0.0,0.0255368709418393,1.0,0.0,False,0,0,0,0,0,0.0,0.0,0.0,0.0,0.0,0,0.0,0,0,disabled,disabled,True,wrong_key,-1,5,False,raw,0,0.0,0.0,trial:-1,4,False,disabled,0,0,False,raw,0,0.0,0.0,,0,False,disabled,False,raw,0.0,0.0,,,,,,,,False,0,0,0,0,0,0,0.0,0.0,1.0841250000055425,5.847875000000613,7.085665999994717,context_reentry_interference,wrong_key_ablation,CRA,wrong_key_ablation,memory_ablation,MockSimulator,42,none,none,-1,0,0,internal,0.0,0.0,0.0,0.0,0,False,0,False,-1,1,0.1,0.2,8,8,0,raw,5,False
522,1000.0,8,8,0,8,0,0,3.2923334250144562,3.2923334250144562,3.2923334250144562,0.0,0.0,0.025658674824809956,1.0,0.0,False,0,0,0,0,0,0.0,0.0,0.0,0.0,0.0,0,0.0,0,0,disabled,disabled,True,wrong_key,-1,5,False,raw,0,0.0,0.0,trial:-1,4,False,disabled,0,0,False,raw,0,0.0,0.0,,0,False,disabled,False,raw,0.0,0.0,,,,,,,,False,0,0,0,0,0,0,0.0,0.0,0.922457999990911,5.668792000008693,6.739624999994476,context_reentry_interference,wrong_key_ablation,CRA,wrong_key_ablation,memory_ablation,MockSimulator,42,none,none,-1,0,0,internal,0.0,0.0,0.0,0.0,0,False,0,False,-1,1,0.1,0.2,8,8,0,raw,5,False
523,1000.0,8,8,0,8,0,0,3.285708066942265,3.285708066942265,3.285708066942265,0.0,0.0,0.025765391804085047,1.0,0.0,False,0,0,0,0,0,0.0,0.0,0.0,0.0,0.0,0,0.0,0,0,disabled,disabled,True,wrong_key,-1,5,False,raw,0,0.0,0.0,trial:-1,4,False,disabled,0,0,False,raw,0,0.0,0.0,,0,False,disabled,False,raw,0.0,0.0,,,,,,,,False,0,0,0,0,0,0,0.0,0.0,1.3715409999974781,5.955959000004896,7.47266700000182,context_reentry_interference,wrong_key_ablation,CRA,wrong_key_ablation,memory_ablation,MockSimulator,42,none,none,-1,0,0,internal,0.0,0.0,0.0,0.0,0,False,0,False,-1,1,0.1,0.2,8,8,0,raw,5,False
524,1000.0,8,8,0,8,0,0,3.2791154591246134,3.2791154591246134,3.2791154591246134,0.0,0.0,0.02585757663425921,1.0,0.0,False,0,0,0,0,0,0.0,0.0,0.0,0.0,0.0,0,0.0,0,0,disabled,disabled,True,wrong_key,-1,5,False,raw,0,0.0,0.0,trial:-1,4,False,disabled,0,0,False,raw,0,0.0,0.0,,0,False,disabled,False,raw,0.0,0.0,,,,,,,,False,0,0,0,0,0,0,0.0,0.0,0.8635420000047134,5.695332999991365,6.701582999994571,context_reentry_interference,wrong_key_ablation,CRA,wrong_key_ablation,memory_ablation,MockSimulator,42,none,none,-1,0,0,internal,0.0,0.0,0.0,0.0,0,False,0,False,-1,1,0.1,0.2,8,8,0,raw,5,False
525,1000.0,8,8,0,8,0,0,3.272555438227741,3.272555438227741,3.272555438227741,0.0,0.0,0.025935767914504776,1.0,0.0,False,0,0,0,0,0,0.0,0.0,0.0,0.0,0.0,0,0.0,0,0,disabled,disabled,True,wrong_key,-1,5,False,raw,0,0.0,0.0,trial:-1,4,False,disabled,0,0,False,raw,0,0.0,0.0,,0,False,disabled,False,raw,0.0,0.0,,,,,,,,False,0,0,0,0,0,0,0.0,0.0,0.910666999999421,6.486207999998328,7.541500000002088,context_reentry_interference,wrong_key_ablation,CRA,wrong_key_ablation,memory_ablation,MockSimulator,42,none,none,-1,0,0,internal,0.0,0.0,0.0,0.0,0,False,0,False,-1,1,0.1,0.2,8,8,0,raw,5,False
526,1000.0,8,8,0,8,0,0,3.2660278417325173,3.2660278417325173,3.2660278417325173,0.0,0.0,0.026000488512886815,1.0,0.0,False,0,0,0,0,0,0.0,0.0,0.0,0.0,0.0,0,0.0,0,0,disabled,disabled,True,wrong_key,-1,5,False,raw,0,0.0,0.0,trial:-1,4,False,disabled,0,0,False,raw,0,0.0,0.0,,0,False,disabled,False,raw,0.0,0.0,,,,,,,,False,0,0,0,0,0,0,0.0,0.0,0.9317920000029289,5.318750000000705,6.4059999999983575,context_reentry_interference,wrong_key_ablation,CRA,wrong_key_ablation,memory_ablation,MockSimulator,42,none,none,-1,0,0,internal,0.0,0.0,0.0,0.0,0,False,0,False,-1,1,0.1,0.2,8,8,0,raw,5,False
527,1000.0,8,8,0,8,0,0,3.25953250793038,3.25953250793038,3.25953250793038,0.0,0.0,0.026052245980167768,1.0,0.0,False,0,0,0,0,0,0.0,0.0,0.0,0.0,0.0,0,0.0,0,0,disabled,disabled,True,wrong_key,-1,5,False,raw,0,0.0,0.0,trial:-1,4,False,disabled,0,0,False,raw,0,0.0,0.0,,0,False,disabled,False,raw,0.0,0.0,,,,,,,,False,0,0,0,0,0,0,0.0,0.0,0.8392089999915697,5.856332999996994,6.829291000002513,context_reentry_interference,wrong_key_ablation,CRA,wrong_key_ablation,memory_ablation,MockSimulator,42,none,none,-1,0,0,internal,0.0,0.0,0.0,0.0,0,False,0,False,-1,1,0.1,0.2,8,8,0,raw,5,False
528,1000.0,8,8,0,8,0,0,3.2530692759192905,3.2530692759192905,3.2530692759192905,-5.091449461955823e-11,5.091449461955823e-10,0.026091532953352328,1.0,-5.091449461955823e-11,True,0,0,0,0,0,0.0,0.0,0.0,0.0,0.0,0,0.0,0,0,disabled,disabled,True,wrong_key,-1,5,True,internal_wrong_key_context,1,0.01,-0.01,phase:C_interference,4,False,disabled,0,0,False,raw,0,-0.01,-0.01,,0,False,disabled,False,raw,-0.01,-0.01,,,,,,,,False,0,0,0,0,0,0,0.0,0.0,0.9045000000043046,5.340208999996321,6.392667000000074,context_reentry_interference,wrong_key_ablation,CRA,wrong_key_ablation,memory_ablation,MockSimulator,42,decision,C_interference_decision,14,-1,1,internal,0.01,-0.01,-0.01,-0.01,-1,True,-1,True,528,1,0.1,0.2,8,8,1,internal_wrong_key_context,5,True
529,1000.0,8,8,0,8,0,0,3.246637985599713,3.246637985599713,3.246637985599713,0.0,0.0,0.026518827549217437,1.0,0.0,False,0,0,0,0,0,0.0,0.0,0.0,0.0,0.0,0,0.0,0,0,disabled,disabled,True,wrong_key,-1,5,False,raw,0,0.0,0.0,trial:-1,4,False,disabled,0,0,False,raw,0,0.0,0.0,,0,False,disabled,False,raw,0.0,0.0,,,,,,,,False,0,0,0,0,0,0,0.0,0.0,0.8202909999965868,5.119500000006383,6.07325000000003,context_reentry_interference,wrong_key_ablation,CRA,wrong_key_ablation,memory_ablation,MockSimulator,42,none,none,-1,0,0,internal,0.0,0.0,0.0,0.0,0,False,0,False,-1,1,0.1,0.2,8,8,0,raw,5,False
530,1000.0,8,8,0,8,0,0,3.2402384776706112,3.2402384776706112,3.2402384776706112,0.0,0.0,0.026918593748066606,1.0,0.0,False,0,0,0,0,0,0.0,0.0,0.0,0.0,0.0,0,0.0,0,0,disabled,disabled,True,wrong_key,-1,5,False,raw,0,0.0,0.0,trial:-1,4,False,disabled,0,0,False,raw,0,0.0,0.0,,0,False,disabled,False,raw,0.0,0.0,,,,,,,,False,0,0,0,0,0,0,0.0,0.0,0.8662500000014006,6.229833999995549,7.225375000004419,context_reentry_interference,wrong_key_ablation,CRA,wrong_key_ablation,memory_ablation,MockSimulator,42,none,none,-1,0,0,internal,0.0,0.0,0.0,0.0,0,False,0,False,-1,1,0.1,0.2,8,8,0,raw,5,False
531,1000.0,8,8,0,8,0,0,3.233870593625465,3.233870593625465,3.233870593625465,0.0,0.0,0.027291761767942117,1.0,0.0,False,0,0,0,0,0,0.0,0.0,0.0,0.0,0.0,0,0.0,0,0,disabled,disabled,True,wrong_key,-1,5,False,raw,0,0.0,0.0,trial:-1,4,False,disabled,0,0,False,raw,0,0.0,0.0,,0,False,disabled,False,raw,0.0,0.0,,,,,,,,False,0,0,0,0,0,0,0.0,0.0,0.8337499999981901,5.252708000000439,6.2246670000121185,context_reentry_interference,wrong_key_ablation,CRA,wrong_key_ablation,memory_ablation,MockSimulator,42,none,none,-1,0,0,internal,0.0,0.0,0.0,0.0,0,False,0,False,-1,1,0.1,0.2,8,8,0,raw,5,False
532,1000.0,8,8,0,8,0,0,3.2275341757483087,3.2275341757483087,3.2275341757483087,0.0,0.0,0.027639235629523383,1.0,0.0,False,0,0,0,0,0,0.0,0.0,0.0,0.0,0.0,0,0.0,0,0,disabled,disabled,True,wrong_key,-1,5,False,raw,0,0.0,0.0,trial:-1,4,False,disabled,0,0,False,raw,0,0.0,0.0,,0,False,disabled,False,raw,0.0,0.0,,,,,,,,False,0,0,0,0,0,0,0.0,0.0,0.8146250000038435,5.960500000000479,6.905791999997746,context_reentry_interference,wrong_key_ablation,CRA,wrong_key_ablation,memory_ablation,MockSimulator,42,none,none,-1,0,0,internal,0.0,0.0,0.0,0.0,0,False,0,False,-1,1,0.1,0.2,8,8,0,raw,5,False
533,1000.0,8,8,0,8,0,0,3.221229067109789,3.221229067109789,3.221229067109789,0.0,0.0,0.027961893831934218,1.0,0.0,False,0,0,0,0,0,0.0,0.0,0.0,0.0,0.0,0,0.0,0,0,disabled,disabled,True,wrong_key,-1,5,False,raw,0,0.0,0.0,trial:-1,4,False,disabled,0,0,False,raw,0,0.0,0.0,,0,False,disabled,False,raw,0.0,0.0,,,,,,,,False,0,0,0,0,0,0,0.0,0.0,1.004207999997675,5.347125000000119,6.497625000008611,context_reentry_interference,wrong_key_ablation,CRA,wrong_key_ablation,memory_ablation,MockSimulator,42,none,none,-1,0,0,internal,0.0,0.0,0.0,0.0,0,False,0,False,-1,1,0.1,0.2,8,8,0,raw,5,False
534,1000.0,8,8,0,8,0,0,3.2149551115632393,3.2149551115632393,3.2149551115632393,0.0,0.0,0.028260590011996812,1.0,0.0,False,0,0,0,0,0,0.0,0.0,0.0,0.0,0.0,0,0.0,0,0,disabled,disabled,True,wrong_key,-1,5,False,raw,0,0.0,0.0,trial:-1,4,False,disabled,0,0,False,raw,0,0.0,0.0,,0,False,disabled,False,raw,0.0,0.0,,,,,,,,False,0,0,0,0,0,0,0.0,0.0,0.8224580000018022,5.201833000000988,6.15683300000569,context_reentry_interference,wrong_key_ablation,CRA,wrong_key_ablation,memory_ablation,MockSimulator,42,none,none,-1,0,0,internal,0.0,0.0,0.0,0.0,0,False,0,False,-1,1,0.1,0.2,8,8,0,raw,5,False
535,1000.0,8,8,0,8,0,0,3.208712153740779,3.208712153740779,3.208712153740779,0.0,0.0,0.02853615358732413,1.0,0.0,False,0,0,0,0,0,0.0,0.0,0.0,0.0,0.0,0,0.0,0,0,disabled,disabled,True,wrong_key,-1,5,False,raw,0,0.0,0.0,trial:-1,4,False,disabled,0,0,False,raw,0,0.0,0.0,,0,False,disabled,False,raw,0.0,0.0,,,,,,,,False,0,0,0,0,0,0,0.0,0.0,0.8162919999961105,5.928582999999321,6.873916999992957,context_reentry_interference,wrong_key_ablation,CRA,wrong_key_ablation,memory_ablation,MockSimulator,42,none,none,-1,0,0,internal,0.0,0.0,0.0,0.0,0,False,0,False,-1,1,0.1,0.2,8,8,0,raw,5,False
536,1000.0,8,8,0,8,0,0,3.202500039049427,3.202500039049427,3.202500039049427,0.0,0.0,0.028789390383633554,1.0,0.0,False,0,0,0,0,0,0.0,0.0,0.0,0.0,0.0,0,0.0,0,0,disabled,disabled,True,wrong_key,-1,5,False,raw,0,0.0,0.0,trial:-1,4,False,disabled,0,0,False,raw,0,0.0,0.0,,0,False,disabled,False,raw,0.0,0.0,,,,,,,,False,0,0,0,0,0,0,0.0,0.0,0.8374169999996184,5.324291999997399,6.299249999997869,context_reentry_interference,wrong_key_ablation,CRA,wrong_key_ablation,memory_ablation,MockSimulator,42,none,none,-1,0,0,internal,0.0,0.0,0.0,0.0,0,False,0,False,-1,1,0.1,0.2,8,8,0,raw,5,False
537,1000.0,8,8,0,8,0,0,3.1963186136672372,3.1963186136672372,3.1963186136672372,0.0,0.0,0.02902108324665567,1.0,0.0,False,0,0,0,0,0,0.0,0.0,0.0,0.0,0.0,0,0.0,0,0,disabled,disabled,True,wrong_key,-1,5,False,raw,0,0.0,0.0,trial:-1,4,False,disabled,0,0,False,raw,0,0.0,0.0,,0,False,disabled,False,raw,0.0,0.0,,,,,,,,False,0,0,0,0,0,0,0.0,0.0,0.8233749999959628,5.952292000003467,6.90699999999822,context_reentry_interference,wrong_key_ablation,CRA,wrong_key_ablation,memory_ablation,MockSimulator,42,none,none,-1,0,0,internal,0.0,0.0,0.0,0.0,0,False,0,False,-1,1,0.1,0.2,8,8,0,raw,5,False
538,1000.0,8,8,0,8,0,0,3.1901677245394535,3.1901677245394535,3.1901677245394535,0.0,0.0,0.029231992639003453,1.0,0.0,False,0,0,0,0,0,0.0,0.0,0.0,0.0,0.0,0,0.0,0,0,disabled,disabled,True,wrong_key,-1,5,False,raw,0,0.0,0.0,trial:-1,4,False,disabled,0,0,False,raw,0,0.0,0.0,,0,False,disabled,False,raw,0.0,0.0,,,,,,,,False,0,0,0,0,0,0,0.0,0.0,1.0177079999920124,5.4090420000108,6.57583299999942,context_reentry_interference,wrong_key_ablation,CRA,wrong_key_ablation,memory_ablation,MockSimulator,42,none,none,-1,0,0,internal,0.0,0.0,0.0,0.0,0,False,0,False,-1,1,0.1,0.2,8,8,0,raw,5,False
539,1000.0,8,8,0,8,0,0,3.1840472193746843,3.1840472193746843,3.1840472193746843,0.0,0.0,0.02942285722235866,1.0,0.0,False,0,0,0,0,0,0.0,0.0,0.0,0.0,0.0,0,0.0,0,0,disabled,disabled,True,wrong_key,-1,5,False,raw,0,0.0,0.0,trial:-1,4,False,disabled,0,0,False,raw,0,0.0,0.0,,0,False,disabled,False,raw,0.0,0.0,,,,,,,,False,0,0,0,0,0,0,0.0,0.0,0.8226249999978563,5.258582999999817,6.21537499999647,context_reentry_interference,wrong_key_ablation,CRA,wrong_key_ablation,memory_ablation,MockSimulator,42,none,none,-1,0,0,internal,0.0,0.0,0.0,0.0,0,False,0,False,-1,1,0.1,0.2,8,8,0,raw,5,False
540,1000.0,8,8,0,8,0,0,3.1779569466410935,3.1779569466410935,3.1779569466410935,3.637586068094338e-11,0.0,0.029594394425324057,1.0,3.637586068094338e-11,False,0,0,0,0,0,0.0,0.0,0.0,0.0,0.0,0,0.0,0,0,disabled,disabled,True,wrong_key,1,6,False,raw,0,0.0055000000000000005,0.0055000000000000005,phase:A_return,4,False,disabled,0,0,False,raw,0,0.0055000000000000005,0.0055000000000000005,,0,False,disabled,False,raw,0.0055000000000000005,0.0055000000000000005,,,,,,,,False,0,0,0,0,0,0,0.0,0.0,0.821583999993436,6.018416000003413,6.970707999997217,context_reentry_interference,wrong_key_ablation,CRA,wrong_key_ablation,memory_ablation,MockSimulator,42,context,A_return_context,15,1,0,internal,0.0055000000000000005,0.0055000000000000005,0.0,0.0,0,False,1,False,-1,1,0.1,0.2,8,8,0,raw,6,False
541,1000.0,8,8,0,8,0,0,3.171896755562613,3.171896755562613,3.171896755562613,0.0,0.0,0.029747300997281893,1.0,0.0,False,0,0,0,0,0,0.0,0.0,0.0,0.0,0.0,0,0.0,0,0,disabled,disabled,True,wrong_key,1,6,False,raw,0,0.0,0.0,trial:-1,4,False,disabled,0,0,False,raw,0,0.0,0.0,,0,False,disabled,False,raw,0.0,0.0,,,,,,,,False,0,0,0,0,0,0,0.0,0.0,0.83149999998966,5.339290999998525,6.306792000003725,context_reentry_interference,wrong_key_ablation,CRA,wrong_key_ablation,memory_ablation,MockSimulator,42,none,none,-1,0,0,internal,0.0,0.0,0.0,0.0,0,False,0,False,-1,1,0.1,0.2,8,8,0,raw,6,False
542,1000.0,8,8,0,8,0,0,3.1658664961151737,3.1658664961151737,3.1658664961151737,0.0,0.0,0.029882253548591288,1.0,0.0,False,0,0,0,0,0,0.0,0.0,0.0,0.0,0.0,0,0.0,0,0,disabled,disabled,True,wrong_key,1,6,False,raw,0,0.0,0.0,trial:-1,4,False,disabled,0,0,False,raw,0,0.0,0.0,,0,False,disabled,False,raw,0.0,0.0,,,,,,,,False,0,0,0,0,0,0,0.0,0.0,0.8190420000033782,5.689665999994986,6.638749999993365,context_reentry_interference,wrong_key_ablation,CRA,wrong_key_ablation,memory_ablation,MockSimulator,42,none,none,-1,0,0,internal,0.0,0.0,0.0,0.0,0,False,0,False,-1,1,0.1,0.2,8,8,0,raw,6,False
543,1000.0,8,8,0,8,0,0,3.159866019022953,3.159866019022953,3.159866019022953,0.0,0.0,0.029999909077449392,1.0,0.0,False,0,0,0,0,0,0.0,0.0,0.0,0.0,0.0,0,0.0,0,0,disabled,disabled,True,wrong_key,1,6,False,raw,0,0.0,0.0,trial:-1,4,False,disabled,0,0,False,raw,0,0.0,0.0,,0,False,disabled,False,raw,0.0,0.0,,,,,,,,False,0,0,0,0,0,0,0.0,0.0,1.0103750000070022,5.477874999996857,6.6951250000073514,context_reentry_interference,wrong_key_ablation,CRA,wrong_key_ablation,memory_ablation,MockSimulator,42,none,none,-1,0,0,internal,0.0,0.0,0.0,0.0,0,False,0,False,-1,1,0.1,0.2,8,8,0,raw,6,False
544,1000.0,8,8,0,8,0,0,3.153895175754646,3.153895175754646,3.153895175754646,0.0,0.0,0.030100905483733738,1.0,0.0,False,0,0,0,0,0,0.0,0.0,0.0,0.0,0.0,0,0.0,0,0,disabled,disabled,True,wrong_key,1,6,False,raw,0,0.0,0.0,trial:-1,4,False,disabled,0,0,False,raw,0,0.0,0.0,,0,False,disabled,False,raw,0.0,0.0,,,,,,,,False,0,0,0,0,0,0,0.0,0.0,0.8254580000084388,5.457749999990824,6.417999999996482,context_reentry_interference,wrong_key_ablation,CRA,wrong_key_ablation,memory_ablation,MockSimulator,42,none,none,-1,0,0,internal,0.0,0.0,0.0,0.0,0,False,0,False,-1,1,0.1,0.2,8,8,0,raw,6,False
545,1000.0,8,8,0,8,0,0,3.147953818519749,3.147953818519749,3.147953818519749,0.0,0.0,0.03018586207013573,1.0,0.0,False,0,0,0,0,0,0.0,0.0,0.0,0.0,0.0,0,0.0,0,0,disabled,disabled,True,wrong_key,1,6,False,raw,0,0.0,0.0,trial:-1,4,False,disabled,0,0,False,raw,0,0.0,0.0,,0,False,disabled,False,raw,0.0,0.0,,,,,,,,False,0,0,0,0,0,0,0.0,0.0,1.3261670000019876,6.140666999996824,7.612291000000937,context_reentry_interference,wrong_key_ablation,CRA,wrong_key_ablation,memory_ablation,MockSimulator,42,none,none,-1,0,0,internal,0.0,0.0,0.0,0.0,0,False,0,False,-1,1,0.1,0.2,8,8,0,raw,6,False
546,1000.0,8,8,0,8,0,0,3.142041800264868,3.142041800264868,3.142041800264868,0.0,0.0,0.03025538003088815,1.0,0.0,False,0,0,0,0,0,0.0,0.0,0.0,0.0,0.0,0,0.0,0,0,disabled,disabled,True,wrong_key,1,6,False,raw,0,0.0,0.0,trial:-1,4,False,disabled,0,0,False,raw,0,0.0,0.0,,0,False,disabled,False,raw,0.0,0.0,,,,,,,,False,0,0,0,0,0,0,0.0,0.0,0.9251249999948641,5.860166999994476,6.923583000002509,context_reentry_interference,wrong_key_ablation,CRA,wrong_key_ablation,memory_ablation,MockSimulator,42,none,none,-1,0,0,internal,0.0,0.0,0.0,0.0,0,False,0,False,-1,1,0.1,0.2,8,8,0,raw,6,False
547,1000.0,8,8,0,8,0,0,3.136158974670039,3.136158974670039,3.136158974670039,0.0,0.0,0.03031004292838242,1.0,0.0,False,0,0,0,0,0,0.0,0.0,0.0,0.0,0.0,0,0.0,0,0,disabled,disabled,True,wrong_key,1,6,False,raw,0,0.0,0.0,trial:-1,4,False,disabled,0,0,False,raw,0,0.0,0.0,,0,False,disabled,False,raw,0.0,0.0,,,,,,,,False,0,0,0,0,0,0,0.0,0.0,0.8162499999997408,6.295750000006706,7.24245899999687,context_reentry_interference,wrong_key_ablation,CRA,wrong_key_ablation,memory_ablation,MockSimulator,42,none,none,-1,0,0,internal,0.0,0.0,0.0,0.0,0,False,0,False,-1,1,0.1,0.2,8,8,0,raw,6,False
548,1000.0,8,8,0,8,0,0,3.130305196145072,3.130305196145072,3.130305196145072,0.0,0.0,0.03035041715796456,1.0,0.0,False,0,0,0,0,0,0.0,0.0,0.0,0.0,0.0,0,0.0,0,0,disabled,disabled,True,wrong_key,1,6,False,raw,0,0.0,0.0,trial:-1,4,False,disabled,0,0,False,raw,0,0.0,0.0,,0,False,disabled,False,raw,0.0,0.0,,,,,,,,False,0,0,0,0,0,0,0.0,0.0,0.8455419999933156,5.6058750000005375,6.5903339999948685,context_reentry_interference,wrong_key_ablation,CRA,wrong_key_ablation,memory_ablation,MockSimulator,42,none,none,-1,0,0,internal,0.0,0.0,0.0,0.0,0,False,0,False,-1,1,0.1,0.2,8,8,0,raw,6,False
549,1000.0,8,8,0,8,0,0,3.1244803198259112,3.1244803198259112,3.1244803198259112,0.0,0.0,0.030377052401192064,1.0,0.0,False,0,0,0,0,0,0.0,0.0,0.0,0.0,0.0,0,0.0,0,0,disabled,disabled,True,wrong_key,1,6,False,raw,0,0.0,0.0,trial:-1,4,False,disabled,0,0,False,raw,0,0.0,0.0,,0,False,disabled,False,raw,0.0,0.0,,,,,,,,False,0,0,0,0,0,0,0.0,0.0,0.920958000008909,6.367124999997031,7.438792000002081,context_reentry_interference,wrong_key_ablation,CRA,wrong_key_ablation,memory_ablation,MockSimulator,42,none,none,-1,0,0,internal,0.0,0.0,0.0,0.0,0,False,0,False,-1,1,0.1,0.2,8,8,0,raw,6,False
550,1000.0,8,8,0,8,0,0,3.118684201571013,3.118684201571013,3.118684201571013,0.0,0.0,0.030390482067827282,1.0,0.0,False,0,0,0,0,0,0.0,0.0,0.0,0.0,0.0,0,0.0,0,0,disabled,disabled,True,wrong_key,1,6,False,raw,0,0.0,0.0,trial:-1,4,False,disabled,0,0,False,raw,0,0.0,0.0,,0,False,disabled,False,raw,0.0,0.0,,,,,,,,False,0,0,0,0,0,0,0.0,0.0,0.9398750000002565,5.675457999998912,6.809958000005167,context_reentry_interference,wrong_key_ablation,CRA,wrong_key_ablation,memory_ablation,MockSimulator,42,none,none,-1,0,0,internal,0.0,0.0,0.0,0.0,0,False,0,False,-1,1,0.1,0.2,8,8,0,raw,6,False
551,1000.0,8,8,0,8,0,0,3.1129166979577416,3.1129166979577416,3.1129166979577416,0.0,0.0,0.030391223726836614,1.0,0.0,False,0,0,0,0,0,0.0,0.0,0.0,0.0,0.0,0,0.0,0,0,disabled,disabled,True,wrong_key,1,6,False,raw,0,0.0,0.0,trial:-1,4,False,disabled,0,0,False,raw,0,0.0,0.0,,0,False,disabled,False,raw,0.0,0.0,,,,,,,,False,0,0,0,0,0,0,0.0,0.0,0.9148749999923211,6.107833000001506,7.1684170000025915,context_reentry_interference,wrong_key_ablation,CRA,wrong_key_ablation,memory_ablation,MockSimulator,42,none,none,-1,0,0,internal,0.0,0.0,0.0,0.0,0,False,0,False,-1,1,0.1,0.2,8,8,0,raw,6,False
552,1000.0,8,8,0,8,0,0,3.107177666278786,3.107177666278786,3.107177666278786,0.0,0.0,0.03037977952665844,1.0,0.0,False,0,0,0,0,0,0.0,0.0,0.0,0.0,0.0,0,0.0,0,0,disabled,disabled,True,wrong_key,1,6,False,raw,0,0.0,0.0,trial:-1,4,False,disabled,0,0,False,raw,0,0.0,0.0,,0,False,disabled,False,raw,0.0,0.0,,,,,,,,False,0,0,0,0,0,0,0.0,0.0,1.0569580000066026,6.356499999995435,7.622458000000165,context_reentry_interference,wrong_key_ablation,CRA,wrong_key_ablation,memory_ablation,MockSimulator,42,none,none,-1,0,0,internal,0.0,0.0,0.0,0.0,0,False,0,False,-1,1,0.1,0.2,8,8,0,raw,6,False
553,1000.0,8,8,0,8,0,0,3.1014669645385893,3.1014669645385893,3.1014669645385893,0.0,0.0,0.03035663660499666,1.0,0.0,False,0,0,0,0,0,0.0,0.0,0.0,0.0,0.0,0,0.0,0,0,disabled,disabled,True,wrong_key,1,6,False,raw,0,0.0,0.0,trial:-1,4,False,disabled,0,0,False,raw,0,0.0,0.0,,0,False,disabled,False,raw,0.0,0.0,,,,,,,,False,0,0,0,0,0,0,0.0,0.0,0.9890829999932294,6.145334000009939,7.29583400000422,context_reentry_interference,wrong_key_ablation,CRA,wrong_key_ablation,memory_ablation,MockSimulator,42,none,none,-1,0,0,internal,0.0,0.0,0.0,0.0,0,False,0,False,-1,1,0.1,0.2,8,8,0,raw,6,False
554,1000.0,8,8,0,8,0,0,3.0957844514498007,3.0957844514498007,3.0957844514498007,0.0,0.0,0.03032226748839069,1.0,0.0,False,0,0,0,0,0,0.0,0.0,0.0,0.0,0.0,0,0.0,0,0,disabled,disabled,True,wrong_key,1,6,False,raw,0,0.0,0.0,trial:-1,4,False,disabled,0,0,False,raw,0,0.0,0.0,,0,False,disabled,False,raw,0.0,0.0,,,,,,,,False,0,0,0,0,0,0,0.0,0.0,1.1092499999989514,6.4099169999991545,7.662999999993758,context_reentry_interference,wrong_key_ablation,CRA,wrong_key_ablation,memory_ablation,MockSimulator,42,none,none,-1,0,0,internal,0.0,0.0,0.0,0.0,0,False,0,False,-1,1,0.1,0.2,8,8,0,raw,6,False
555,1000.0,8,8,0,8,0,0,3.0901299864297425,3.0901299864297425,3.0901299864297425,0.0,0.0,0.030277130481806955,1.0,0.0,False,0,0,0,0,0,0.0,0.0,0.0,0.0,0.0,0,0.0,0,0,disabled,disabled,True,wrong_key,1,6,False,raw,0,0.0,0.0,trial:-1,4,False,disabled,0,0,False,raw,0,0.0,0.0,,0,False,disabled,False,raw,0.0,0.0,,,,,,,,False,0,0,0,0,0,0,0.0,0.0,0.8352079999980333,5.442000000002167,6.415000000004056,context_reentry_interference,wrong_key_ablation,CRA,wrong_key_ablation,memory_ablation,MockSimulator,42,none,none,-1,0,0,internal,0.0,0.0,0.0,0.0,0,False,0,False,-1,1,0.1,0.2,8,8,0,raw,6,False
556,1000.0,8,8,0,8,0,0,3.0845034295968956,3.0845034295968956,3.0845034295968956,0.0,0.0,0.030221670048491214,1.0,0.0,False,0,0,0,0,0,0.0,0.0,0.0,0.0,0.0,0,0.0,0,0,disabled,disabled,True,wrong_key,1,6,False,raw,0,0.0,0.0,trial:-1,4,False,disabled,0,0,False,raw,0,0.0,0.0,,0,False,disabled,False,raw,0.0,0.0,,,,,,,,False,0,0,0,0,0,0,0.0,0.0,0.8190829999961124,6.3560000000109085,7.307333999989396,context_reentry_interference,wrong_key_ablation,CRA,wrong_key_ablation,memory_ablation,MockSimulator,42,none,none,-1,0,0,internal,0.0,0.0,0.0,0.0,0,False,0,False,-1,1,0.1,0.2,8,8,0,raw,6,False
557,1000.0,8,8,0,8,0,0,3.0789046417674024,3.0789046417674024,3.0789046417674024,0.0,0.0,0.030156317180315383,1.0,0.0,False,0,0,0,0,0,0.0,0.0,0.0,0.0,0.0,0,0.0,0,0,disabled,disabled,True,wrong_key,1,6,False,raw,0,0.0,0.0,trial:-1,4,False,disabled,0,0,False,raw,0,0.0,0.0,,0,False,disabled,False,raw,0.0,0.0,,,,,,,,False,0,0,0,0,0,0,0.0,0.0,0.8320830000059232,5.872166999992601,6.842625000004432,context_reentry_interference,wrong_key_ablation,CRA,wrong_key_ablation,memory_ablation,MockSimulator,42,none,none,-1,0,0,internal,0.0,0.0,0.0,0.0,0,False,0,False,-1,1,0.1,0.2,8,8,0,raw,6,False
558,1000.0,8,8,0,8,0,0,3.073333484451589,3.073333484451589,3.073333484451589,0.0,0.0,0.030081489758847186,1.0,0.0,False,0,0,0,0,0,0.0,0.0,0.0,0.0,0.0,0,0.0,0,0,disabled,disabled,True,wrong_key,1,6,False,raw,0,0.0,0.0,trial:-1,4,False,disabled,0,0,False,raw,0,0.0,0.0,,0,False,disabled,False,raw,0.0,0.0,,,,,,,,False,0,0,0,0,0,0,0.0,0.0,0.9096249999913653,6.296917000000235,7.352124999997045,context_reentry_interference,wrong_key_ablation,CRA,wrong_key_ablation,memory_ablation,MockSimulator,42,none,none,-1,0,0,internal,0.0,0.0,0.0,0.0,0,False,0,False,-1,1,0.1,0.2,8,8,0,raw,6,False
559,1000.0,8,8,0,8,0,0,3.0677898198504994,3.0677898198504994,3.0677898198504994,0.0,0.0,0.029997592907365592,1.0,0.0,False,0,0,0,0,0,0.0,0.0,0.0,0.0,0.0,0,0.0,0,0,disabled,disabled,True,wrong_key,1,6,False,raw,0,0.0,0.0,trial:-1,4,False,disabled,0,0,False,raw,0,0.0,0.0,,0,False,disabled,False,raw,0.0,0.0,,,,,,,,False,0,0,0,0,0,0,0.0,0.0,1.0868340000058652,6.175374999997985,7.416250000005675,context_reentry_interference,wrong_key_ablation,CRA,wrong_key_ablation,memory_ablation,MockSimulator,42,none,none,-1,0,0,internal,0.0,0.0,0.0,0.0,0,False,0,False,-1,1,0.1,0.2,8,8,0,raw,6,False
560,1000.0,8,8,0,8,0,0,3.0622735108524535,3.0622735108524535,3.0622735108524535,0.0,0.0,0.029905019334039724,1.0,0.0,False,0,0,0,0,0,0.0,0.0,0.0,0.0,0.0,0,0.0,0,0,disabled,disabled,True,wrong_key,1,6,False,raw,0,0.0,0.0,trial:-1,4,False,disabled,0,0,False,raw,0,0.0,0.0,,0,False,disabled,False,raw,0.0,0.0,,,,,,,,False,0,0,0,0,0,0,0.0,0.0,0.9290830000026062,6.77025000000242,7.849582999995164,context_reentry_interference,wrong_key_ablation,CRA,wrong_key_ablation,memory_ablation,MockSimulator,42,none,none,-1,0,0,internal,0.0,0.0,0.0,0.0,0,False,0,False,-1,1,0.1,0.2,8,8,0,raw,6,False
561,1000.0,8,8,0,8,0,0,3.056784421029618,3.056784421029618,3.056784421029618,0.0,0.0,0.029804149666483943,1.0,0.0,False,0,0,0,0,0,0.0,0.0,0.0,0.0,0.0,0,0.0,0,0,disabled,disabled,True,wrong_key,1,6,False,raw,0,0.0,0.0,trial:-1,4,False,disabled,0,0,False,raw,0,0.0,0.0,,0,False,disabled,False,raw,0.0,0.0,,,,,,,,False,0,0,0,0,0,0,0.0,0.0,0.9678330000042479,6.301957999994556,7.452584000006368,context_reentry_interference,wrong_key_ablation,CRA,wrong_key_ablation,memory_ablation,MockSimulator,42,none,none,-1,0,0,internal,0.0,0.0,0.0,0.0,0,False,0,False,-1,1,0.1,0.2,8,8,0,raw,6,False
562,1000.0,8,8,0,8,0,0,3.0513224146345963,3.0513224146345963,3.0513224146345963,0.0,0.0,0.029695352777896776,1.0,0.0,False,0,0,0,0,0,0.0,0.0,0.0,0.0,0.0,0,0.0,0,0,disabled,disabled,True,wrong_key,1,6,False,raw,0,0.0,0.0,trial:-1,4,False,disabled,0,0,False,raw,0,0.0,0.0,,0,False,disabled,False,raw,0.0,0.0,,,,,,,,False,0,0,0,0,0,0,0.0,0.0,0.9090830000104688,5.7553749999925685,6.814667000000441,context_reentry_interference,wrong_key_ablation,CRA,wrong_key_ablation,memory_ablation,MockSimulator,42,none,none,-1,0,0,internal,0.0,0.0,0.0,0.0,0,False,0,False,-1,1,0.1,0.2,8,8,0,raw,6,False
563,1000.0,8,8,0,8,0,0,3.045887356597034,3.045887356597034,3.045887356597034,0.0,0.0,0.029578986104986504,1.0,0.0,False,0,0,0,0,0,0.0,0.0,0.0,0.0,0.0,0,0.0,0,0,disabled,disabled,True,wrong_key,1,6,False,raw,0,0.0,0.0,trial:-1,4,False,disabled,0,0,False,raw,0,0.0,0.0,,0,False,disabled,False,raw,0.0,0.0,,,,,,,,False,0,0,0,0,0,0,0.0,0.0,1.3398330000029546,6.048707999994463,7.532624999996074,context_reentry_interference,wrong_key_ablation,CRA,wrong_key_ablation,memory_ablation,MockSimulator,42,none,none,-1,0,0,internal,0.0,0.0,0.0,0.0,0,False,0,False,-1,1,0.1,0.2,8,8,0,raw,6,False
564,1000.0,8,8,0,8,0,0,3.0404791125202437,3.0404791125202437,3.0404791125202437,-3.306896425540307e-11,-0.0,0.029455395957881485,1.0,-3.306896425540307e-11,False,0,0,0,0,0,0.0,0.0,0.0,0.0,0.0,0,0.0,0,0,disabled,disabled,True,wrong_key,-1,7,False,raw,0,-0.005,-0.005,intruder:564,4,False,disabled,0,0,False,raw,0,-0.005,-0.005,,0,False,disabled,False,raw,-0.005,-0.005,,,,,,,,False,0,0,0,0,0,0,0.0,0.0,0.8340409999902931,6.104792000002135,7.077582999997389,context_reentry_interference,wrong_key_ablation,CRA,wrong_key_ablation,memory_ablation,MockSimulator,42,context,A_return_interfering_context,15,-1,0,internal,-0.005,-0.005,0.0,0.0,0,False,-1,False,-1,1,0.1,0.2,8,8,0,raw,7,False
565,1000.0,8,8,0,8,0,0,3.035097548677842,3.035097548677842,3.035097548677842,0.0,0.0,0.02932491782221867,1.0,0.0,False,0,0,0,0,0,0.0,0.0,0.0,0.0,0.0,0,0.0,0,0,disabled,disabled,True,wrong_key,-1,7,False,raw,0,0.0,0.0,trial:-1,4,False,disabled,0,0,False,raw,0,0.0,0.0,,0,False,disabled,False,raw,0.0,0.0,,,,,,,,False,0,0,0,0,0,0,0.0,0.0,0.9053749999878846,6.624417000011817,7.676082999992673,context_reentry_interference,wrong_key_ablation,CRA,wrong_key_ablation,memory_ablation,MockSimulator,42,none,none,-1,0,0,internal,0.0,0.0,0.0,0.0,0,False,0,False,-1,1,0.1,0.2,8,8,0,raw,7,False
566,1000.0,8,8,0,8,0,0,3.029742532010411,3.029742532010411,3.029742532010411,0.0,0.0,0.029187876653599214,1.0,0.0,False,0,0,0,0,0,0.0,0.0,0.0,0.0,0.0,0,0.0,0,0,disabled,disabled,True,wrong_key,-1,7,False,raw,0,0.0,0.0,trial:-1,4,False,disabled,0,0,False,raw,0,0.0,0.0,,0,False,disabled,False,raw,0.0,0.0,,,,,,,,False,0,0,0,0,0,0,0.0,0.0,0.936457999998197,5.73450000000264,6.823959000001878,context_reentry_interference,wrong_key_ablation,CRA,wrong_key_ablation,memory_ablation,MockSimulator,42,none,none,-1,0,0,internal,0.0,0.0,0.0,0.0,0,False,0,False,-1,1,0.1,0.2,8,8,0,raw,7,False
567,1000.0,8,8,0,8,0,0,3.024413930122167,3.024413930122167,3.024413930122167,0.0,0.0,0.029044587164595653,1.0,0.0,False,0,0,0,0,0,0.0,0.0,0.0,0.0,0.0,0,0.0,0,0,disabled,disabled,True,wrong_key,-1,7,False,raw,0,0.0,0.0,trial:-1,4,False,disabled,0,0,False,raw,0,0.0,0.0,,0,False,disabled,False,raw,0.0,0.0,,,,,,,,False,0,0,0,0,0,0,0.0,0.0,0.8147499999893171,6.223500000004378,7.169417000000067,context_reentry_interference,wrong_key_ablation,CRA,wrong_key_ablation,memory_ablation,MockSimulator,42,none,none,-1,0,0,internal,0.0,0.0,0.0,0.0,0,False,0,False,-1,1,0.1,0.2,8,8,0,raw,7,False
568,1000.0,8,8,0,8,0,0,3.019111611277653,3.019111611277653,3.019111611277653,0.0,0.0,0.028895354104490793,1.0,0.0,False,0,0,0,0,0,0.0,0.0,0.0,0.0,0.0,0,0.0,0,0,disabled,disabled,True,wrong_key,-1,7,False,raw,0,0.0,0.0,trial:-1,4,False,disabled,0,0,False,raw,0,0.0,0.0,,0,False,disabled,False,raw,0.0,0.0,,,,,,,,False,0,0,0,0,0,0,0.0,0.0,0.854833999994753,5.669499999996219,6.6857909999953336,context_reentry_interference,wrong_key_ablation,CRA,wrong_key_ablation,memory_ablation,MockSimulator,42,none,none,-1,0,0,internal,0.0,0.0,0.0,0.0,0,False,0,False,-1,1,0.1,0.2,8,8,0,raw,7,False
569,1000.0,8,8,0,8,0,0,3.0138354443984468,3.0138354443984468,3.0138354443984468,0.0,0.0,0.02874047253192429,1.0,0.0,False,0,0,0,0,0,0.0,0.0,0.0,0.0,0.0,0,0.0,0,0,disabled,disabled,True,wrong_key,-1,7,False,raw,0,0.0,0.0,trial:-1,4,False,disabled,0,0,False,raw,0,0.0,0.0,,0,False,disabled,False,raw,0.0,0.0,,,,,,,,False,0,0,0,0,0,0,0.0,0.0,0.830792000002134,5.570457999994005,6.532040999999822,context_reentry_interference,wrong_key_ablation,CRA,wrong_key_ablation,memory_ablation,MockSimulator,42,none,none,-1,0,0,internal,0.0,0.0,0.0,0.0,0,False,0,False,-1,1,0.1,0.2,8,8,0,raw,7,False
570,1000.0,8,8,0,8,0,0,3.00858529905988,3.00858529905988,3.00858529905988,0.0,0.0,0.028580228080618646,1.0,0.0,False,0,0,0,0,0,0.0,0.0,0.0,0.0,0.0,0,0.0,0,0,disabled,disabled,True,wrong_key,-1,7,False,raw,0,0.0,0.0,trial:-1,4,False,disabled,0,0,False,raw,0,0.0,0.0,,0,False,disabled,False,raw,0.0,0.0,,,,,,,,False,0,0,0,0,0,0,0.0,0.0,1.2677080000003116,6.069582999998602,7.478124999991564,context_reentry_interference,wrong_key_ablation,CRA,wrong_key_ablation,memory_ablation,MockSimulator,42,none,none,-1,0,0,internal,0.0,0.0,0.0,0.0,0,False,0,False,-1,1,0.1,0.2,8,8,0,raw,7,False
571,1000.0,8,8,0,8,0,0,3.003361045487782,3.003361045487782,3.003361045487782,0.0,0.0,0.02841489721835246,1.0,0.0,False,0,0,0,0,0,0.0,0.0,0.0,0.0,0.0,0,0.0,0,0,disabled,disabled,True,wrong_key,-1,7,False,raw,0,0.0,0.0,trial:-1,4,False,disabled,0,0,False,raw,0,0.0,0.0,,0,False,disabled,False,raw,0.0,0.0,,,,,,,,False,0,0,0,0,0,0,0.0,0.0,0.8397499999972524,5.598915999996734,6.575916000002735,context_reentry_interference,wrong_key_ablation,CRA,wrong_key_ablation,memory_ablation,MockSimulator,42,none,none,-1,0,0,internal,0.0,0.0,0.0,0.0,0,False,0,False,-1,1,0.1,0.2,8,8,0,raw,7,False
572,1000.0,8,8,0,8,0,0,2.998162554555231,2.998162554555231,2.998162554555231,0.0,0.0,0.028244747499344677,1.0,0.0,False,0,0,0,0,0,0.0,0.0,0.0,0.0,0.0,0,0.0,0,0,disabled,disabled,True,wrong_key,-1,7,False,raw,0,0.0,0.0,trial:-1,4,False,disabled,0,0,False,raw,0,0.0,0.0,,0,False,disabled,False,raw,0.0,0.0,,,,,,,,False,0,0,0,0,0,0,0.0,0.0,0.815665999994053,6.461375000000658,7.407125000000292,context_reentry_interference,wrong_key_ablation,CRA,wrong_key_ablation,memory_ablation,MockSimulator,42,none,none,-1,0,0,internal,0.0,0.0,0.0,0.0,0,False,0,False,-1,1,0.1,0.2,8,8,0,raw,7,False
573,1000.0,8,8,0,8,0,0,2.992989697779329,2.992989697779329,2.992989697779329,0.0,0.0,0.028070037810209864,1.0,0.0,False,0,0,0,0,0,0.0,0.0,0.0,0.0,0.0,0,0.0,0,0,disabled,disabled,True,wrong_key,-1,7,False,raw,0,0.0,0.0,trial:-1,4,False,disabled,0,0,False,raw,0,0.0,0.0,,0,False,disabled,False,raw,0.0,0.0,,,,,,,,False,0,0,0,0,0,0,0.0,0.0,0.8359589999997752,5.6978749999956335,6.671832999998628,context_reentry_interference,wrong_key_ablation,CRA,wrong_key_ablation,memory_ablation,MockSimulator,42,none,none,-1,0,0,internal,0.0,0.0,0.0,0.0,0,False,0,False,-1,1,0.1,0.2,8,8,0,raw,7,False
574,1000.0,8,8,0,8,0,0,2.98784234731799,2.98784234731799,2.98784234731799,0.0,0.0,0.027891018609640706,1.0,0.0,False,0,0,0,0,0,0.0,0.0,0.0,0.0,0.0,0,0.0,0,0,disabled,disabled,True,wrong_key,-1,7,False,raw,0,0.0,0.0,trial:-1,4,False,disabled,0,0,False,raw,0,0.0,0.0,,0,False,disabled,False,raw,0.0,0.0,,,,,,,,False,0,0,0,0,0,0,0.0,0.0,0.8337919999945598,6.853792000001135,7.821124999992435,context_reentry_interference,wrong_key_ablation,CRA,wrong_key_ablation,memory_ablation,MockSimulator,42,none,none,-1,0,0,internal,0.0,0.0,0.0,0.0,0,False,0,False,-1,1,0.1,0.2,8,8,0,raw,7,False
575,1000.0,8,8,0,8,0,0,2.9827203759667418,2.9827203759667418,2.9827203759667418,0.0,0.0,0.027707932161970227,1.0,0.0,False,0,0,0,0,0,0.0,0.0,0.0,0.0,0.0,0,0.0,0,0,disabled,disabled,True,wrong_key,-1,7,False,raw,0,0.0,0.0,trial:-1,4,False,disabled,0,0,False,raw,0,0.0,0.0,,0,False,disabled,False,raw,0.0,0.0,,,,,,,,False,0,0,0,0,0,0,0.0,0.0,0.8713750000026721,6.039541999996345,7.055082999997353,context_reentry_interference,wrong_key_ablation,CRA,wrong_key_ablation,memory_ablation,MockSimulator,42,none,none,-1,0,0,internal,0.0,0.0,0.0,0.0,0,False,0,False,-1,1,0.1,0.2,8,8,0,raw,7,False
576,1000.0,8,8,0,8,0,0,2.9776236571555463,2.9776236571555463,2.9776236571555463,0.0,0.0,0.027521012764762712,1.0,0.0,False,0,0,0,0,0,0.0,0.0,0.0,0.0,0.0,0,0.0,0,0,disabled,disabled,True,wrong_key,-1,7,False,raw,0,0.0,0.0,trial:-1,4,False,disabled,0,0,False,raw,0,0.0,0.0,,0,False,disabled,False,raw,0.0,0.0,,,,,,,,False,0,0,0,0,0,0,0.0,0.0,0.920749999991699,6.324834000011492,7.3970410000043785,context_reentry_interference,wrong_key_ablation,CRA,wrong_key_ablation,memory_ablation,MockSimulator,42,none,none,-1,0,0,internal,0.0,0.0,0.0,0.0,0,False,0,False,-1,1,0.1,0.2,8,8,0,raw,7,False
577,1000.0,8,8,0,8,0,0,2.9725520649456367,2.9725520649456367,2.9725520649456367,0.0,0.0,0.027330486970578712,1.0,0.0,False,0,0,0,0,0,0.0,0.0,0.0,0.0,0.0,0,0.0,0,0,disabled,disabled,True,wrong_key,-1,7,False,raw,0,0.0,0.0,trial:-1,4,False,disabled,0,0,False,raw,0,0.0,0.0,,0,False,disabled,False,raw,0.0,0.0,,,,,,,,False,0,0,0,0,0,0,0.0,0.0,0.9528749999958563,6.292750000000069,7.399625000005017,context_reentry_interference,wrong_key_ablation,CRA,wrong_key_ablation,memory_ablation,MockSimulator,42,none,none,-1,0,0,internal,0.0,0.0,0.0,0.0,0,False,0,False,-1,1,0.1,0.2,8,8,0,raw,7,False
578,1000.0,8,8,0,8,0,0,2.9675054740263684,2.9675054740263684,2.9675054740263684,0.0,0.0,0.027136573803056167,1.0,0.0,False,0,0,0,0,0,0.0,0.0,0.0,0.0,0.0,0,0.0,0,0,disabled,disabled,True,wrong_key,-1,7,False,raw,0,0.0,0.0,trial:-1,4,False,disabled,0,0,False,raw,0,0.0,0.0,,0,False,disabled,False,raw,0.0,0.0,,,,,,,,False,0,0,0,0,0,0,0.0,0.0,0.8301249999931315,5.724166000007358,6.69095899999661,context_reentry_interference,wrong_key_ablation,CRA,wrong_key_ablation,memory_ablation,MockSimulator,42,none,none,-1,0,0,internal,0.0,0.0,0.0,0.0,0,False,0,False,-1,1,0.1,0.2,8,8,0,raw,7,False
579,1000.0,8,8,0,8,0,0,2.9624837597120854,2.9624837597120854,2.9624837597120854,0.0,0.0,0.026939484967446293,1.0,0.0,False,0,0,0,0,0,0.0,0.0,0.0,0.0,0.0,0,0.0,0,0,disabled,disabled,True,wrong_key,-1,7,False,raw,0,0.0,0.0,trial:-1,4,False,disabled,0,0,False,raw,0,0.0,0.0,,0,False,disabled,False,raw,0.0,0.0,,,,,,,,False,0,0,0,0,0,0,0.0,0.0,1.2827919999978121,6.187416000003054,7.603875000000926,context_reentry_interference,wrong_key_ablation,CRA,wrong_key_ablation,memory_ablation,MockSimulator,42,none,none,-1,0,0,internal,0.0,0.0,0.0,0.0,0,False,0,False,-1,1,0.1,0.2,8,8,0,raw,7,False
580,1000.0,8,8,0,8,0,0,2.9574867979390036,2.9574867979390036,2.9574867979390036,0.0,0.0,0.026739425055739587,1.0,0.0,False,0,0,0,0,0,0.0,0.0,0.0,0.0,0.0,0,0.0,0,0,disabled,disabled,True,wrong_key,-1,7,False,raw,0,0.0,0.0,trial:-1,4,False,disabled,0,0,False,raw,0,0.0,0.0,,0,False,disabled,False,raw,0.0,0.0,,,,,,,,False,0,0,0,0,0,0,0.0,0.0,0.8376660000095626,5.719208999991565,6.694707999997718,context_reentry_interference,wrong_key_ablation,CRA,wrong_key_ablation,memory_ablation,MockSimulator,42,none,none,-1,0,0,internal,0.0,0.0,0.0,0.0,0,False,0,False,-1,1,0.1,0.2,8,8,0,raw,7,False
581,1000.0,8,8,0,8,0,0,2.95251446526211,2.95251446526211,2.95251446526211,0.0,0.0,0.02653659174651417,1.0,0.0,False,0,0,0,0,0,0.0,0.0,0.0,0.0,0.0,0,0.0,0,0,disabled,disabled,True,wrong_key,-1,7,False,raw,0,0.0,0.0,trial:-1,4,False,disabled,0,0,False,raw,0,0.0,0.0,,0,False,disabled,False,raw,0.0,0.0,,,,,,,,False,0,0,0,0,0,0,0.0,0.0,0.85020900000643,6.600999999989199,7.588166000005003,context_reentry_interference,wrong_key_ablation,CRA,wrong_key_ablation,memory_ablation,MockSimulator,42,none,none,-1,0,0,internal,0.0,0.0,0.0,0.0,0,False,0,False,-1,1,0.1,0.2,8,8,0,raw,7,False
582,1000.0,8,8,0,8,0,0,2.9475666388520754,2.9475666388520754,2.9475666388520754,0.0,0.0,0.026331175999635477,1.0,0.0,False,0,0,0,0,0,0.0,0.0,0.0,0.0,0.0,0,0.0,0,0,disabled,disabled,True,wrong_key,-1,7,False,raw,0,0.0,0.0,trial:-1,4,False,disabled,0,0,False,raw,0,0.0,0.0,,0,False,disabled,False,raw,0.0,0.0,,,,,,,,False,0,0,0,0,0,0,0.0,0.0,0.8370420000005652,5.72254099999725,6.698833000001514,context_reentry_interference,wrong_key_ablation,CRA,wrong_key_ablation,memory_ablation,MockSimulator,42,none,none,-1,0,0,internal,0.0,0.0,0.0,0.0,0,False,0,False,-1,1,0.1,0.2,8,8,0,raw,7,False
583,1000.0,8,8,0,8,0,0,2.942643196492184,2.942643196492184,2.942643196492184,0.0,0.0,0.026123362245933326,1.0,0.0,False,0,0,0,0,0,0.0,0.0,0.0,0.0,0.0,0,0.0,0,0,disabled,disabled,True,wrong_key,-1,7,False,raw,0,0.0,0.0,trial:-1,4,False,disabled,0,0,False,raw,0,0.0,0.0,,0,False,disabled,False,raw,0.0,0.0,,,,,,,,False,0,0,0,0,0,0,0.0,0.0,0.823166000003539,6.403000000005932,7.357291000005262,context_reentry_interference,wrong_key_ablation,CRA,wrong_key_ablation,memory_ablation,MockSimulator,42,none,none,-1,0,0,internal,0.0,0.0,0.0,0.0,0,False,0,False,-1,1,0.1,0.2,8,8,0,raw,7,False
584,1000.0,8,8,0,8,0,0,2.937744016575279,2.937744016575279,2.937744016575279,0.0,0.0,0.025913328571979408,1.0,0.0,False,0,0,0,0,0,0.0,0.0,0.0,0.0,0.0,0,0.0,0,0,disabled,disabled,True,wrong_key,-1,7,False,raw,0,0.0,0.0,trial:-1,4,False,disabled,0,0,False,raw,0,0.0,0.0,,0,False,disabled,False,raw,0.0,0.0,,,,,,,,False,0,0,0,0,0,0,0.0,0.0,0.893083999997657,5.9188749999918855,7.013041000007547,context_reentry_interference,wrong_key_ablation,CRA,wrong_key_ablation,memory_ablation,MockSimulator,42,none,none,-1,0,0,internal,0.0,0.0,0.0,0.0,0,False,0,False,-1,1,0.1,0.2,8,8,0,raw,7,False
585,1000.0,8,8,0,8,0,0,2.9328689781007204,2.9328689781007204,2.9328689781007204,0.0,0.0,0.02570124690008527,1.0,0.0,False,0,0,0,0,0,0.0,0.0,0.0,0.0,0.0,0,0.0,0,0,disabled,disabled,True,wrong_key,-1,7,False,raw,0,0.0,0.0,trial:-1,4,False,disabled,0,0,False,raw,0,0.0,0.0,,0,False,disabled,False,raw,0.0,0.0,,,,,,,,False,0,0,0,0,0,0,0.0,0.0,0.8499580000034257,6.062416999995435,7.046708999993712,context_reentry_interference,wrong_key_ablation,CRA,wrong_key_ablation,memory_ablation,MockSimulator,42,none,none,-1,0,0,internal,0.0,0.0,0.0,0.0,0,False,0,False,-1,1,0.1,0.2,8,8,0,raw,7,False
586,1000.0,8,8,0,8,0,0,2.928017960671362,2.928017960671362,2.928017960671362,0.0,0.0,0.02548728316363811,1.0,0.0,False,0,0,0,0,0,0.0,0.0,0.0,0.0,0.0,0,0.0,0,0,disabled,disabled,True,wrong_key,-1,7,False,raw,0,0.0,0.0,trial:-1,4,False,disabled,0,0,False,raw,0,0.0,0.0,,0,False,disabled,False,raw,0.0,0.0,,,,,,,,False,0,0,0,0,0,0,0.0,0.0,0.9639999999961901,5.898082999991061,7.057415999994987,context_reentry_interference,wrong_key_ablation,CRA,wrong_key_ablation,memory_ablation,MockSimulator,42,none,none,-1,0,0,internal,0.0,0.0,0.0,0.0,0,False,0,False,-1,1,0.1,0.2,8,8,0,raw,7,False
587,1000.0,8,8,0,8,0,0,2.923190844490541,2.923190844490541,2.923190844490541,0.0,0.0,0.0252715974778888,1.0,0.0,False,0,0,0,0,0,0.0,0.0,0.0,0.0,0.0,0,0.0,0,0,disabled,disabled,True,wrong_key,-1,7,False,raw,0,0.0,0.0,trial:-1,4,False,disabled,0,0,False,raw,0,0.0,0.0,,0,False,disabled,False,raw,0.0,0.0,,,,,,,,False,0,0,0,0,0,0,0.0,0.0,0.8260419999999158,5.745250000003921,6.704624999997577,context_reentry_interference,wrong_key_ablation,CRA,wrong_key_ablation,memory_ablation,MockSimulator,42,none,none,-1,0,0,internal,0.0,0.0,0.0,0.0,0,False,0,False,-1,1,0.1,0.2,8,8,0,raw,7,False
588,1000.0,8,8,0,8,0,0,2.9183875103590813,2.9183875103590813,2.9183875103590813,-3.306896425540307e-11,-0.0,0.02505434430630401,1.0,-3.306896425540307e-11,False,0,0,0,0,0,0.0,0.0,0.0,0.0,0.0,0,0.0,0,0,disabled,disabled,True,wrong_key,-1,8,False,raw,0,-0.005,-0.005,intruder:588,4,False,disabled,0,0,False,raw,0,-0.005,-0.005,,0,False,disabled,False,raw,-0.005,-0.005,,,,,,,,False,0,0,0,0,0,0,0.0,0.0,0.8138329999951566,6.6509589999981245,7.593708000001698,context_reentry_interference,wrong_key_ablation,CRA,wrong_key_ablation,memory_ablation,MockSimulator,42,context,A_return_interfering_context,15,-1,0,internal,-0.005,-0.005,0.0,0.0,0,False,-1,False,-1,1,0.1,0.2,8,8,0,raw,8,False
589,1000.0,8,8,0,8,0,0,2.913607839672316,2.913607839672316,2.913607839672316,0.0,0.0,0.024835672622591454,1.0,0.0,False,0,0,0,0,0,0.0,0.0,0.0,0.0,0.0,0,0.0,0,0,disabled,disabled,True,wrong_key,-1,8,False,raw,0,0.0,0.0,trial:-1,4,False,disabled,0,0,False,raw,0,0.0,0.0,,0,False,disabled,False,raw,0.0,0.0,,,,,,,,False,0,0,0,0,0,0,0.0,0.0,0.8357079999967709,5.834042000003592,6.808666000011954,context_reentry_interference,wrong_key_ablation,CRA,wrong_key_ablation,memory_ablation,MockSimulator,42,none,none,-1,0,0,internal,0.0,0.0,0.0,0.0,0,False,0,False,-1,1,0.1,0.2,8,8,0,raw,8,False
590,1000.0,8,8,0,8,0,0,2.9088517144171204,2.9088517144171204,2.9088517144171204,0.0,0.0,0.02461572606850488,1.0,0.0,False,0,0,0,0,0,0.0,0.0,0.0,0.0,0.0,0,0.0,0,0,disabled,disabled,True,wrong_key,-1,8,False,raw,0,0.0,0.0,trial:-1,4,False,disabled,0,0,False,raw,0,0.0,0.0,,0,False,disabled,False,raw,0.0,0.0,,,,,,,,False,0,0,0,0,0,0,0.0,0.0,0.8255829999939124,6.66175000000635,7.623249999994641,context_reentry_interference,wrong_key_ablation,CRA,wrong_key_ablation,memory_ablation,MockSimulator,42,none,none,-1,0,0,internal,0.0,0.0,0.0,0.0,0,False,0,False,-1,1,0.1,0.2,8,8,0,raw,8,False
591,1000.0,8,8,0,8,0,0,2.9041190171689637,2.9041190171689637,2.9041190171689637,0.0,0.0,0.02439464310753273,1.0,0.0,False,0,0,0,0,0,0.0,0.0,0.0,0.0,0.0,0,0.0,0,0,disabled,disabled,True,wrong_key,-1,8,False,raw,0,0.0,0.0,trial:-1,4,False,disabled,0,0,False,raw,0,0.0,0.0,,0,False,disabled,False,raw,0.0,0.0,,,,,,,,False,0,0,0,0,0,0,0.0,0.0,0.856917000007229,5.827374999995527,6.83095799999478,context_reentry_interference,wrong_key_ablation,CRA,wrong_key_ablation,memory_ablation,MockSimulator,42,none,none,-1,0,0,internal,0.0,0.0,0.0,0.0,0,False,0,False,-1,1,0.1,0.2,8,8,0,raw,8,False
592,1000.0,8,8,0,8,0,0,2.8994096310889703,2.8994096310889703,2.8994096310889703,0.0,0.0,0.024172557174572062,1.0,0.0,False,0,0,0,0,0,0.0,0.0,0.0,0.0,0.0,0,0.0,0,0,disabled,disabled,True,wrong_key,-1,8,False,raw,0,0.0,0.0,trial:-1,4,False,disabled,0,0,False,raw,0,0.0,0.0,,0,False,disabled,False,raw,0.0,0.0,,,,,,,,False,0,0,0,0,0,0,0.0,0.0,0.8204580000068518,6.547041999994008,7.498625000010861,context_reentry_interference,wrong_key_ablation,CRA,wrong_key_ablation,memory_ablation,MockSimulator,42,none,none,-1,0,0,internal,0.0,0.0,0.0,0.0,0,False,0,False,-1,1,0.1,0.2,8,8,0,raw,8,False
593,1000.0,8,8,0,8,0,0,2.8947234399210027,2.8947234399210027,2.8947234399210027,0.0,0.0,0.023949596821686812,1.0,0.0,False,0,0,0,0,0,0.0,0.0,0.0,0.0,0.0,0,0.0,0,0,disabled,disabled,True,wrong_key,-1,8,False,raw,0,0.0,0.0,trial:-1,4,False,disabled,0,0,False,raw,0,0.0,0.0,,0,False,disabled,False,raw,0.0,0.0,,,,,,,,False,0,0,0,0,0,0,0.0,0.0,1.1932500000000346,6.024249999995845,7.370334000000867,context_reentry_interference,wrong_key_ablation,CRA,wrong_key_ablation,memory_ablation,MockSimulator,42,none,none,-1,0,0,internal,0.0,0.0,0.0,0.0,0,False,0,False,-1,1,0.1,0.2,8,8,0,raw,8,False
594,1000.0,8,8,0,8,0,0,2.8900603279887513,2.8900603279887513,2.8900603279887513,0.0,0.0,0.02372588586004714,1.0,0.0,False,0,0,0,0,0,0.0,0.0,0.0,0.0,0.0,0,0.0,0,0,disabled,disabled,True,wrong_key,-1,8,False,raw,0,0.0,0.0,trial:-1,4,False,disabled,0,0,False,raw,0,0.0,0.0,,0,False,disabled,False,raw,0.0,0.0,,,,,,,,False,0,0,0,0,0,0,0.0,0.0,0.8300829999967618,5.828624999992371,6.793708000003562,context_reentry_interference,wrong_key_ablation,CRA,wrong_key_ablation,memory_ablation,MockSimulator,42,none,none,-1,0,0,internal,0.0,0.0,0.0,0.0,0,False,0,False,-1,1,0.1,0.2,8,8,0,raw,8,False
595,1000.0,8,8,0,8,0,0,2.885420180192845,2.885420180192845,2.885420180192845,0.0,0.0,0.023501543498144383,1.0,0.0,False,0,0,0,0,0,0.0,0.0,0.0,0.0,0.0,0,0.0,0,0,disabled,disabled,True,wrong_key,-1,8,False,raw,0,0.0,0.0,trial:-1,4,False,disabled,0,0,False,raw,0,0.0,0.0,,0,False,disabled,False,raw,0.0,0.0,,,,,,,,False,0,0,0,0,0,0,0.0,0.0,1.294125000001145,6.7398749999938445,8.179083999991121,context_reentry_interference,wrong_key_ablation,CRA,wrong_key_ablation,memory_ablation,MockSimulator,42,none,none,-1,0,0,internal,0.0,0.0,0.0,0.0,0,False,0,False,-1,1,0.1,0.2,8,8,0,raw,8,False
596,1000.0,8,8,0,8,0,0,2.880802882007973,2.880802882007973,2.880802882007973,0.0,0.0,0.023276684476373714,1.0,0.0,False,0,0,0,0,0,0.0,0.0,0.0,0.0,0.0,0,0.0,0,0,disabled,disabled,True,wrong_key,-1,8,False,raw,0,0.0,0.0,trial:-1,4,False,disabled,0,0,False,raw,0,0.0,0.0,,0,False,disabled,False,raw,0.0,0.0,,,,,,,,False,0,0,0,0,0,0,0.0,0.0,0.8357500000073514,6.069749999994656,7.043167000006179,context_reentry_interference,wrong_key_ablation,CRA,wrong_key_ablation,memory_ablation,MockSimulator,42,none,none,-1,0,0,internal,0.0,0.0,0.0,0.0,0,False,0,False,-1,1,0.1,0.2,8,8,0,raw,8,False
597,1000.0,8,8,0,8,0,0,2.876208319480022,2.876208319480022,2.876208319480022,0.0,0.0,0.023051419198074616,1.0,0.0,False,0,0,0,0,0,0.0,0.0,0.0,0.0,0.0,0,0.0,0,0,disabled,disabled,True,wrong_key,-1,8,False,raw,0,0.0,0.0,trial:-1,4,False,disabled,0,0,False,raw,0,0.0,0.0,,0,False,disabled,False,raw,0.0,0.0,,,,,,,,False,0,0,0,0,0,0,0.0,0.0,0.9332080000064025,6.51179199999774,7.58983299999727,context_reentry_interference,wrong_key_ablation,CRA,wrong_key_ablation,memory_ablation,MockSimulator,42,none,none,-1,0,0,internal,0.0,0.0,0.0,0.0,0,False,0,False,-1,1,0.1,0.2,8,8,0,raw,8,False
598,1000.0,8,8,0,8,0,0,2.8716363792232262,2.8716363792232262,2.8716363792232262,0.0,0.0,0.02282585385711693,1.0,0.0,False,0,0,0,0,0,0.0,0.0,0.0,0.0,0.0,0,0.0,0,0,disabled,disabled,True,wrong_key,-1,8,False,raw,0,0.0,0.0,trial:-1,4,False,disabled,0,0,False,raw,0,0.0,0.0,,0,False,disabled,False,raw,0.0,0.0,,,,,,,,False,0,0,0,0,0,0,0.0,0.0,0.8350419999914038,5.901125000008278,6.874415999988059,context_reentry_interference,wrong_key_ablation,CRA,wrong_key_ablation,memory_ablation,MockSimulator,42,none,none,-1,0,0,internal,0.0,0.0,0.0,0.0,0,False,0,False,-1,1,0.1,0.2,8,8,0,raw,8,False
599,1000.0,8,8,0,8,0,0,2.8670869484173336,2.8670869484173336,2.8670869484173336,0.0,0.0,0.022600090562118324,1.0,0.0,False,0,0,0,0,0,0.0,0.0,0.0,0.0,0.0,0,0.0,0,0,disabled,disabled,True,wrong_key,-1,8,False,raw,0,0.0,0.0,trial:-1,4,False,disabled,0,0,False,raw,0,0.0,0.0,,0,False,disabled,False,raw,0.0,0.0,,,,,,,,False,0,0,0,0,0,0,0.0,0.0,0.8216670000109616,6.555374999990704,7.509749999996984,context_reentry_interference,wrong_key_ablation,CRA,wrong_key_ablation,memory_ablation,MockSimulator,42,none,none,-1,0,0,internal,0.0,0.0,0.0,0.0,0,False,0,False,-1,1,0.1,0.2,8,8,0,raw,8,False
600,1000.0,8,8,0,8,0,0,2.862559914804785,2.862559914804785,2.862559914804785,0.0,0.0,0.022374227457376817,1.0,0.0,False,0,0,0,0,0,0.0,0.0,0.0,0.0,0.0,0,0.0,0,0,disabled,disabled,True,wrong_key,-1,8,False,raw,0,0.0,0.0,trial:-1,4,False,disabled,0,0,False,raw,0,0.0,0.0,,0,False,disabled,False,raw,0.0,0.0,,,,,,,,False,0,0,0,0,0,0,0.0,0.0,0.8408329999980424,5.873167000004287,6.851041999993868,context_reentry_interference,wrong_key_ablation,CRA,wrong_key_ablation,memory_ablation,MockSimulator,42,none,none,-1,0,0,internal,0.0,0.0,0.0,0.0,0,False,0,False,-1,1,0.1,0.2,8,8,0,raw,8,False
601,1000.0,8,8,0,8,0,0,2.858055166687908,2.858055166687908,2.858055166687908,0.0,0.0,0.02214835884060012,1.0,0.0,False,0,0,0,0,0,0.0,0.0,0.0,0.0,0.0,0,0.0,0,0,disabled,disabled,True,wrong_key,-1,8,False,raw,0,0.0,0.0,trial:-1,4,False,disabled,0,0,False,raw,0,0.0,0.0,,0,False,disabled,False,raw,0.0,0.0,,,,,,,,False,0,0,0,0,0,0,0.0,0.0,0.8242499999937536,6.483833000004324,7.439665999996237,context_reentry_interference,wrong_key_ablation,CRA,wrong_key_ablation,memory_ablation,MockSimulator,42,none,none,-1,0,0,internal,0.0,0.0,0.0,0.0,0,False,0,False,-1,1,0.1,0.2,8,8,0,raw,8,False
602,1000.0,8,8,0,8,0,0,2.8535725929261258,2.8535725929261258,2.8535725929261258,0.0,0.0,0.021922575277511545,1.0,0.0,False,0,0,0,0,0,0.0,0.0,0.0,0.0,0.0,0,0.0,0,0,disabled,disabled,True,wrong_key,-1,8,False,raw,0,0.0,0.0,trial:-1,4,False,disabled,0,0,False,raw,0,0.0,0.0,,0,False,disabled,False,raw,0.0,0.0,,,,,,,,False,0,0,0,0,0,0,0.0,0.0,1.0490419999911182,6.023917000007373,7.251667000005568,context_reentry_interference,wrong_key_ablation,CRA,wrong_key_ablation,memory_ablation,MockSimulator,42,none,none,-1,0,0,internal,0.0,0.0,0.0,0.0,0,False,0,False,-1,1,0.1,0.2,8,8,0,raw,8,False
603,1000.0,8,8,0,8,0,0,2.849112082933175,2.849112082933175,2.849112082933175,0.0,0.0,0.02169696371341027,1.0,0.0,False,0,0,0,0,0,0.0,0.0,0.0,0.0,0.0,0,0.0,0,0,disabled,disabled,True,wrong_key,-1,8,False,raw,0,0.0,0.0,trial:-1,4,False,disabled,0,0,False,raw,0,0.0,0.0,,0,False,disabled,False,raw,0.0,0.0,,,,,,,,False,0,0,0,0,0,0,0.0,0.0,0.825958999996601,6.010541000009084,6.968499999999267,context_reentry_interference,wrong_key_ablation,CRA,wrong_key_ablation,memory_ablation,MockSimulator,42,none,none,-1,0,0,internal,0.0,0.0,0.0,0.0,0,False,0,False,-1,1,0.1,0.2,8,8,0,raw,8,False
604,1000.0,8,8,0,8,0,0,2.8446735266743444,2.8446735266743444,2.8446735266743444,0.0,0.0,0.02147160758176204,1.0,0.0,False,0,0,0,0,0,0.0,0.0,0.0,0.0,0.0,0,0.0,0,0,disabled,disabled,True,wrong_key,-1,8,False,raw,0,0.0,0.0,trial:-1,4,False,disabled,0,0,False,raw,0,0.0,0.0,,0,False,disabled,False,raw,0.0,0.0,,,,,,,,False,0,0,0,0,0,0,0.0,0.0,1.003749999995307,6.2648749999993925,7.465874999994071,context_reentry_interference,wrong_key_ablation,CRA,wrong_key_ablation,memory_ablation,MockSimulator,42,none,none,-1,0,0,internal,0.0,0.0,0.0,0.0,0,False,0,False,-1,1,0.1,0.2,8,8,0,raw,8,False
605,1000.0,8,8,0,8,0,0,2.8402568146637233,2.8402568146637233,2.8402568146637233,0.0,0.0,0.02124658690989438,1.0,0.0,False,0,0,0,0,0,0.0,0.0,0.0,0.0,0.0,0,0.0,0,0,disabled,disabled,True,wrong_key,-1,8,False,raw,0,0.0,0.0,trial:-1,4,False,disabled,0,0,False,raw,0,0.0,0.0,,0,False,disabled,False,raw,0.0,0.0,,,,,,,,False,0,0,0,0,0,0,0.0,0.0,0.8365830000087726,6.02220899999395,6.9962080000038895,context_reentry_interference,wrong_key_ablation,CRA,wrong_key_ablation,memory_ablation,MockSimulator,42,none,none,-1,0,0,internal,0.0,0.0,0.0,0.0,0,False,0,False,-1,1,0.1,0.2,8,8,0,raw,8,False
606,1000.0,8,8,0,8,0,0,2.835861837961463,2.835861837961463,2.835861837961463,0.0,0.0,0.021021978421868717,1.0,0.0,False,0,0,0,0,0,0.0,0.0,0.0,0.0,0.0,0,0.0,0,0,disabled,disabled,True,wrong_key,-1,8,False,raw,0,0.0,0.0,trial:-1,4,False,disabled,0,0,False,raw,0,0.0,0.0,,0,False,disabled,False,raw,0.0,0.0,,,,,,,,False,0,0,0,0,0,0,0.0,0.0,0.8519169999914311,6.528250000002345,7.516375000008679,context_reentry_interference,wrong_key_ablation,CRA,wrong_key_ablation,memory_ablation,MockSimulator,42,none,none,-1,0,0,internal,0.0,0.0,0.0,0.0,0,False,0,False,-1,1,0.1,0.2,8,8,0,raw,8,False
607,1000.0,8,8,0,8,0,0,2.831488488171055,2.831488488171055,2.831488488171055,0.0,0.0,0.02079785563860012,1.0,0.0,False,0,0,0,0,0,0.0,0.0,0.0,0.0,0.0,0,0.0,0,0,disabled,disabled,True,wrong_key,-1,8,False,raw,0,0.0,0.0,trial:-1,4,False,disabled,0,0,False,raw,0,0.0,0.0,,0,False,disabled,False,raw,0.0,0.0,,,,,,,,False,0,0,0,0,0,0,0.0,0.0,0.8317089999962946,5.959500000003004,6.929249999998888,context_reentry_interference,wrong_key_ablation,CRA,wrong_key_ablation,memory_ablation,MockSimulator,42,none,none,-1,0,0,internal,0.0,0.0,0.0,0.0,0,False,0,False,-1,1,0.1,0.2,8,8,0,raw,8,False
608,1000.0,8,8,0,8,0,0,2.8271366574366206,2.8271366574366206,2.8271366574366206,0.0,0.0,0.020574288975293526,1.0,0.0,False,0,0,0,0,0,0.0,0.0,0.0,0.0,0.0,0,0.0,0,0,disabled,disabled,True,wrong_key,-1,8,False,raw,0,0.0,0.0,trial:-1,4,False,disabled,0,0,False,raw,0,0.0,0.0,,0,False,disabled,False,raw,0.0,0.0,,,,,,,,False,0,0,0,0,0,0,0.0,0.0,0.819292000002747,6.62925000000314,7.579874999990466,context_reentry_interference,wrong_key_ablation,CRA,wrong_key_ablation,memory_ablation,MockSimulator,42,none,none,-1,0,0,internal,0.0,0.0,0.0,0.0,0,False,0,False,-1,1,0.1,0.2,8,8,0,raw,8,False
609,1000.0,8,8,0,8,0,0,2.8228062384402137,2.8228062384402137,2.8228062384402137,0.0,0.0,0.020351345836263753,1.0,0.0,False,0,0,0,0,0,0.0,0.0,0.0,0.0,0.0,0,0.0,0,0,disabled,disabled,True,wrong_key,-1,8,False,raw,0,0.0,0.0,trial:-1,4,False,disabled,0,0,False,raw,0,0.0,0.0,,0,False,disabled,False,raw,0.0,0.0,,,,,,,,False,0,0,0,0,0,0,0.0,0.0,0.8539589999969621,6.074416000004135,7.068415999995636,context_reentry_interference,wrong_key_ablation,CRA,wrong_key_ablation,memory_ablation,MockSimulator,42,none,none,-1,0,0,internal,0.0,0.0,0.0,0.0,0,False,0,False,-1,1,0.1,0.2,8,8,0,raw,8,False
610,1000.0,8,8,0,8,0,0,2.8184971243991384,2.8184971243991384,2.8184971243991384,0.0,0.0,0.02012909070720505,1.0,0.0,False,0,0,0,0,0,0.0,0.0,0.0,0.0,0.0,0,0.0,0,0,disabled,disabled,True,wrong_key,-1,8,False,raw,0,0.0,0.0,trial:-1,4,False,disabled,0,0,False,raw,0,0.0,0.0,,0,False,disabled,False,raw,0.0,0.0,,,,,,,,False,0,0,0,0,0,0,0.0,0.0,0.8389169999958312,6.829041000003144,7.806959000006941,context_reentry_interference,wrong_key_ablation,CRA,wrong_key_ablation,memory_ablation,MockSimulator,42,none,none,-1,0,0,internal,0.0,0.0,0.0,0.0,0,False,0,False,-1,1,0.1,0.2,8,8,0,raw,8,False
611,1000.0,8,8,0,8,0,0,2.8142092090632795,2.8142092090632795,2.8142092090632795,0.0,0.0,0.019907585244974192,1.0,0.0,False,0,0,0,0,0,0.0,0.0,0.0,0.0,0.0,0,0.0,0,0,disabled,disabled,True,wrong_key,-1,8,False,raw,0,0.0,0.0,trial:-1,4,False,disabled,0,0,False,raw,0,0.0,0.0,,0,False,disabled,False,raw,0.0,0.0,,,,,,,,False,0,0,0,0,0,0,0.0,0.0,0.9696249999961992,6.121792000001847,7.25895800000842,context_reentry_interference,wrong_key_ablation,CRA,wrong_key_ablation,memory_ablation,MockSimulator,42,none,none,-1,0,0,internal,0.0,0.0,0.0,0.0,0,False,0,False,-1,1,0.1,0.2,8,8,0,raw,8,False
612,1000.0,8,8,0,8,0,0,2.809942386712447,2.809942386712447,2.809942386712447,6.613792851080614e-11,-6.613792851080615e-10,0.019686888364949685,1.0,6.613792851080614e-11,False,0,0,0,0,0,0.0,0.0,0.0,0.0,0.0,0,0.0,0,0,disabled,disabled,True,wrong_key,-1,8,True,internal_wrong_key_context,-1,-0.01,0.01,phase:A_return,4,False,disabled,0,0,False,raw,0,0.01,0.01,,0,False,disabled,False,raw,0.01,0.01,,,,,,,,False,0,0,0,0,0,0,0.0,0.0,0.8321669999986625,6.997832999999787,7.9697919999972555,context_reentry_interference,wrong_key_ablation,CRA,wrong_key_ablation,memory_ablation,MockSimulator,42,decision,A_return_decision,15,1,-1,internal,-0.01,0.01,-0.01,-0.01,-1,True,1,False,612,1,0.1,0.2,8,8,-1,internal_wrong_key_context,8,True
613,1000.0,8,8,0,8,0,0,2.8056965521537314,2.8056965521537314,2.8056965521537314,0.0,0.0,0.01946705632602817,1.0,0.0,False,0,0,0,0,0,0.0,0.0,0.0,0.0,0.0,0,0.0,0,0,disabled,disabled,True,wrong_key,-1,8,False,raw,0,0.0,0.0,trial:-1,4,False,disabled,0,0,False,raw,0,0.0,0.0,,0,False,disabled,False,raw,0.0,0.0,,,,,,,,False,0,0,0,0,0,0,0.0,0.0,1.1435419999941132,6.24704199999826,7.548041999996258,context_reentry_interference,wrong_key_ablation,CRA,wrong_key_ablation,memory_ablation,MockSimulator,42,none,none,-1,0,0,internal,0.0,0.0,0.0,0.0,0,False,0,False,-1,1,0.1,0.2,8,8,0,raw,8,False
614,1000.0,8,8,0,8,0,0,2.801471600718875,2.801471600718875,2.801471600718875,0.0,0.0,0.019248142813317538,1.0,0.0,False,0,0,0,0,0,0.0,0.0,0.0,0.0,0.0,0,0.0,0,0,disabled,disabled,True,wrong_key,-1,8,False,raw,0,0.0,0.0,trial:-1,4,False,disabled,0,0,False,raw,0,0.0,0.0,,0,False,disabled,False,raw,0.0,0.0,,,,,,,,False,0,0,0,0,0,0,0.0,0.0,0.9371249999929887,6.959124999994515,8.050000000011437,context_reentry_interference,wrong_key_ablation,CRA,wrong_key_ablation,memory_ablation,MockSimulator,42,none,none,-1,0,0,internal,0.0,0.0,0.0,0.0,0,False,0,False,-1,1,0.1,0.2,8,8,0,raw,8,False
615,1000.0,8,8,0,8,0,0,2.7972674282616548,2.7972674282616548,2.7972674282616548,0.0,0.0,0.019030199018584916,1.0,0.0,False,0,0,0,0,0,0.0,0.0,0.0,0.0,0.0,0,0.0,0,0,disabled,disabled,True,wrong_key,-1,8,False,raw,0,0.0,0.0,trial:-1,4,False,disabled,0,0,False,raw,0,0.0,0.0,,0,False,disabled,False,raw,0.0,0.0,,,,,,,,False,0,0,0,0,0,0,0.0,0.0,0.8740840000029948,6.290915999997537,7.319124999995097,context_reentry_interference,wrong_key_ablation,CRA,wrong_key_ablation,memory_ablation,MockSimulator,42,none,none,-1,0,0,internal,0.0,0.0,0.0,0.0,0,False,0,False,-1,1,0.1,0.2,8,8,0,raw,8,False
616,1000.0,8,8,0,8,0,0,2.7930839311552793,2.7930839311552793,2.7930839311552793,0.0,0.0,0.018813273718516276,1.0,0.0,False,0,0,0,0,0,0.0,0.0,0.0,0.0,0.0,0,0.0,0,0,disabled,disabled,True,wrong_key,-1,8,False,raw,0,0.0,0.0,trial:-1,4,False,disabled,0,0,False,raw,0,0.0,0.0,,0,False,disabled,False,raw,0.0,0.0,,,,,,,,False,0,0,0,0,0,0,0.0,0.0,0.8256250000044929,6.167332999993391,7.1276669999917885,context_reentry_interference,wrong_key_ablation,CRA,wrong_key_ablation,memory_ablation,MockSimulator,42,none,none,-1,0,0,internal,0.0,0.0,0.0,0.0,0,False,0,False,-1,1,0.1,0.2,8,8,0,raw,8,False
617,1000.0,8,8,0,8,0,0,2.7889210062897973,2.7889210062897973,2.7889210062897973,0.0,0.0,0.018597413350842945,1.0,0.0,False,0,0,0,0,0,0.0,0.0,0.0,0.0,0.0,0,0.0,0,0,disabled,disabled,True,wrong_key,-1,8,False,raw,0,0.0,0.0,trial:-1,4,False,disabled,0,0,False,raw,0,0.0,0.0,,0,False,disabled,False,raw,0.0,0.0,,,,,,,,False,0,0,0,0,0,0,0.0,0.0,1.3667090000097915,6.599040999986983,8.100541999993993,context_reentry_interference,wrong_key_ablation,CRA,wrong_key_ablation,memory_ablation,MockSimulator,42,none,none,-1,0,0,internal,0.0,0.0,0.0,0.0,0,False,0,False,-1,1,0.1,0.2,8,8,0,raw,8,False
618,1000.0,8,8,0,8,0,0,2.784778551069521,2.784778551069521,2.784778551069521,0.0,0.0,0.01838266208838914,1.0,0.0,False,0,0,0,0,0,0.0,0.0,0.0,0.0,0.0,0,0.0,0,0,disabled,disabled,True,wrong_key,-1,8,False,raw,0,0.0,0.0,trial:-1,4,False,disabled,0,0,False,raw,0,0.0,0.0,,0,False,disabled,False,raw,0.0,0.0,,,,,,,,False,0,0,0,0,0,0,0.0,0.0,0.8403750000098853,6.09274999999343,7.071041999992644,context_reentry_interference,wrong_key_ablation,CRA,wrong_key_ablation,memory_ablation,MockSimulator,42,none,none,-1,0,0,internal,0.0,0.0,0.0,0.0,0,False,0,False,-1,1,0.1,0.2,8,8,0,raw,8,False
619,1000.0,8,8,0,8,0,0,2.7806564634104585,2.7806564634104585,2.7806564634104585,0.0,0.0,0.018169061911093153,1.0,0.0,False,0,0,0,0,0,0.0,0.0,0.0,0.0,0.0,0,0.0,0,0,disabled,disabled,True,wrong_key,-1,8,False,raw,0,0.0,0.0,trial:-1,4,False,disabled,0,0,False,raw,0,0.0,0.0,,0,False,disabled,False,raw,0.0,0.0,,,,,,,,False,0,0,0,0,0,0,0.0,0.0,0.8232499999962783,6.96795800000416,7.9209579999997,context_reentry_interference,wrong_key_ablation,CRA,wrong_key_ablation,memory_ablation,MockSimulator,42,none,none,-1,0,0,internal,0.0,0.0,0.0,0.0,0,False,0,False,-1,1,0.1,0.2,8,8,0,raw,8,False
620,1000.0,8,8,0,8,0,0,2.776554641737766,2.776554641737766,2.776554641737766,0.0,0.0,0.01795665267605365,1.0,0.0,False,0,0,0,0,0,0.0,0.0,0.0,0.0,0.0,0,0.0,0,0,disabled,disabled,True,wrong_key,-1,8,False,raw,0,0.0,0.0,trial:-1,4,False,disabled,0,0,False,raw,0,0.0,0.0,,0,False,disabled,False,raw,0.0,0.0,,,,,,,,False,0,0,0,0,0,0,0.0,0.0,0.8561660000054871,6.337041999998405,7.335624999996071,context_reentry_interference,wrong_key_ablation,CRA,wrong_key_ablation,memory_ablation,MockSimulator,42,none,none,-1,0,0,internal,0.0,0.0,0.0,0.0,0,False,0,False,-1,1,0.1,0.2,8,8,0,raw,8,False
621,1000.0,8,8,0,8,0,0,2.7724729849832053,2.7724729849832053,2.7724729849832053,0.0,0.0,0.017745472185651288,1.0,0.0,False,0,0,0,0,0,0.0,0.0,0.0,0.0,0.0,0,0.0,0,0,disabled,disabled,True,wrong_key,-1,8,False,raw,0,0.0,0.0,trial:-1,4,False,disabled,0,0,False,raw,0,0.0,0.0,,0,False,disabled,False,raw,0.0,0.0,,,,,,,,False,0,0,0,0,0,0,0.0,0.0,0.8145839999968985,6.922332999991454,7.868084000008935,context_reentry_interference,wrong_key_ablation,CRA,wrong_key_ablation,memory_ablation,MockSimulator,42,none,none,-1,0,0,internal,0.0,0.0,0.0,0.0,0,False,0,False,-1,1,0.1,0.2,8,8,0,raw,8,False
622,1000.0,8,8,0,8,0,0,2.7684113925826175,2.7684113925826175,2.7684113925826175,0.0,0.0,0.0175355562537946,1.0,0.0,False,0,0,0,0,0,0.0,0.0,0.0,0.0,0.0,0,0.0,0,0,disabled,disabled,True,wrong_key,-1,8,False,raw,0,0.0,0.0,trial:-1,4,False,disabled,0,0,False,raw,0,0.0,0.0,,0,False,disabled,False,raw,0.0,0.0,,,,,,,,False,0,0,0,0,0,0,0.0,0.0,0.8655839999960335,6.761625000009985,7.770041999989985,context_reentry_interference,wrong_key_ablation,CRA,wrong_key_ablation,memory_ablation,MockSimulator,42,none,none,-1,0,0,internal,0.0,0.0,0.0,0.0,0,False,0,False,-1,1,0.1,0.2,8,8,0,raw,8,False
623,1000.0,8,8,0,8,0,0,2.7643697644734093,2.7643697644734093,2.7643697644734093,0.0,0.0,0.017326938770337922,1.0,0.0,False,0,0,0,0,0,0.0,0.0,0.0,0.0,0.0,0,0.0,0,0,disabled,disabled,True,wrong_key,-1,8,False,raw,0,0.0,0.0,trial:-1,4,False,disabled,0,0,False,raw,0,0.0,0.0,,0,False,disabled,False,raw,0.0,0.0,,,,,,,,False,0,0,0,0,0,0,0.0,0.0,0.9176249999995889,6.913582999999335,7.979708999997115,context_reentry_interference,wrong_key_ablation,CRA,wrong_key_ablation,memory_ablation,MockSimulator,42,none,none,-1,0,0,internal,0.0,0.0,0.0,0.0,0,False,0,False,-1,1,0.1,0.2,8,8,0,raw,8,False
624,1000.0,8,8,0,8,0,0,2.7603480010920523,2.7603480010920523,2.7603480010920523,0.0,0.0,0.017119651763717988,1.0,0.0,False,0,0,0,0,0,0.0,0.0,0.0,0.0,0.0,0,0.0,0,0,disabled,disabled,True,wrong_key,-1,8,False,raw,0,0.0,0.0,trial:-1,4,False,disabled,0,0,False,raw,0,0.0,0.0,,0,False,disabled,False,raw,0.0,0.0,,,,,,,,False,0,0,0,0,0,0,0.0,0.0,0.9174580000035348,6.832750000000942,7.892459000004237,context_reentry_interference,wrong_key_ablation,CRA,wrong_key_ablation,memory_ablation,MockSimulator,42,none,none,-1,0,0,internal,0.0,0.0,0.0,0.0,0,False,0,False,-1,1,0.1,0.2,8,8,0,raw,8,False
625,1000.0,8,8,0,8,0,0,2.7563460033715916,2.7563460033715916,2.7563460033715916,0.0,0.0,0.01691372546185472,1.0,0.0,False,0,0,0,0,0,0.0,0.0,0.0,0.0,0.0,0,0.0,0,0,disabled,disabled,True,wrong_key,-1,8,False,raw,0,0.0,0.0,trial:-1,4,False,disabled,0,0,False,raw,0,0.0,0.0,,0,False,disabled,False,raw,0.0,0.0,,,,,,,,False,0,0,0,0,0,0,0.0,0.0,0.9153750000052696,7.1856249999910915,8.247667000006231,context_reentry_interference,wrong_key_ablation,CRA,wrong_key_ablation,memory_ablation,MockSimulator,42,none,none,-1,0,0,internal,0.0,0.0,0.0,0.0,0,False,0,False,-1,1,0.1,0.2,8,8,0,raw,8,False
626,1000.0,8,8,0,8,0,0,2.7523636727391714,2.7523636727391714,2.7523636727391714,0.0,0.0,0.016709188351360493,1.0,0.0,False,0,0,0,0,0,0.0,0.0,0.0,0.0,0.0,0,0.0,0,0,disabled,disabled,True,wrong_key,-1,8,False,raw,0,0.0,0.0,trial:-1,4,False,disabled,0,0,False,raw,0,0.0,0.0,,0,False,disabled,False,raw,0.0,0.0,,,,,,,,False,0,0,0,0,0,0,0.0,0.0,0.8317079999926591,6.135791999994922,7.105584000001386,context_reentry_interference,wrong_key_ablation,CRA,wrong_key_ablation,memory_ablation,MockSimulator,42,none,none,-1,0,0,internal,0.0,0.0,0.0,0.0,0,False,0,False,-1,1,0.1,0.2,8,8,0,raw,8,False
627,1000.0,8,8,0,8,0,0,2.748400911113569,2.748400911113569,2.748400911113569,0.0,0.0,0.016506067235101292,1.0,0.0,False,0,0,0,0,0,0.0,0.0,0.0,0.0,0.0,0,0.0,0,0,disabled,disabled,True,wrong_key,-1,8,False,raw,0,0.0,0.0,trial:-1,4,False,disabled,0,0,False,raw,0,0.0,0.0,,0,False,disabled,False,raw,0.0,0.0,,,,,,,,False,0,0,0,0,0,0,0.0,0.0,0.8195000000057462,6.371665999992615,7.324124999996684,context_reentry_interference,wrong_key_ablation,CRA,wrong_key_ablation,memory_ablation,MockSimulator,42,none,none,-1,0,0,internal,0.0,0.0,0.0,0.0,0,False,0,False,-1,1,0.1,0.2,8,8,0,raw,8,False
628,1000.0,8,8,0,8,0,0,2.744457620902746,2.744457620902746,2.744457620902746,0.0,0.0,0.016304387288151916,1.0,0.0,False,0,0,0,0,0,0.0,0.0,0.0,0.0,0.0,0,0.0,0,0,disabled,disabled,True,wrong_key,-1,8,False,raw,0,0.0,0.0,trial:-1,4,False,disabled,0,0,False,raw,0,0.0,0.0,,0,False,disabled,False,raw,0.0,0.0,,,,,,,,False,0,0,0,0,0,0,0.0,0.0,0.836667000001512,6.826291999999512,7.800291999998876,context_reentry_interference,wrong_key_ablation,CRA,wrong_key_ablation,memory_ablation,MockSimulator,42,none,none,-1,0,0,internal,0.0,0.0,0.0,0.0,0,False,0,False,-1,1,0.1,0.2,8,8,0,raw,8,False
629,1000.0,8,8,0,8,0,0,2.7405337050014023,2.7405337050014023,2.7405337050014023,0.0,0.0,0.016104172112186475,1.0,0.0,False,0,0,0,0,0,0.0,0.0,0.0,0.0,0.0,0,0.0,0,0,disabled,disabled,True,wrong_key,-1,8,False,raw,0,0.0,0.0,trial:-1,4,False,disabled,0,0,False,raw,0,0.0,0.0,,0,False,disabled,False,raw,0.0,0.0,,,,,,,,False,0,0,0,0,0,0,0.0,0.0,0.9188340000036987,6.863832999997044,7.934792000000357,context_reentry_interference,wrong_key_ablation,CRA,wrong_key_ablation,memory_ablation,MockSimulator,42,none,none,-1,0,0,internal,0.0,0.0,0.0,0.0,0,False,0,False,-1,1,0.1,0.2,8,8,0,raw,8,False
630,1000.0,8,8,0,8,0,0,2.7366290667885553,2.7366290667885553,2.7366290667885553,0.0,0.0,0.01590544378834439,1.0,0.0,False,0,0,0,0,0,0.0,0.0,0.0,0.0,0.0,0,0.0,0,0,disabled,disabled,True,wrong_key,-1,8,False,raw,0,0.0,0.0,trial:-1,4,False,disabled,0,0,False,raw,0,0.0,0.0,,0,False,disabled,False,raw,0.0,0.0,,,,,,,,False,0,0,0,0,0,0,0.0,0.0,0.8798749999954225,6.370833000005405,7.418916000005993,context_reentry_interference,wrong_key_ablation,CRA,wrong_key_ablation,memory_ablation,MockSimulator,42,none,none,-1,0,0,internal,0.0,0.0,0.0,0.0,0,False,0,False,-1,1,0.1,0.2,8,8,0,raw,8,False
631,1000.0,8,8,0,8,0,0,2.7327436101251203,2.7327436101251203,2.7327436101251203,0.0,0.0,0.015708222928611116,1.0,0.0,False,0,0,0,0,0,0.0,0.0,0.0,0.0,0.0,0,0.0,0,0,disabled,disabled,True,wrong_key,-1,8,False,raw,0,0.0,0.0,trial:-1,4,False,disabled,0,0,False,raw,0,0.0,0.0,,0,False,disabled,False,raw,0.0,0.0,,,,,,,,False,0,0,0,0,0,0,0.0,0.0,0.8191659999994272,6.411958999990475,7.3610000000030595,context_reentry_interference,wrong_key_ablation,CRA,wrong_key_ablation,memory_ablation,MockSimulator,42,none,none,-1,0,0,internal,0.0,0.0,0.0,0.0,0,False,0,False,-1,1,0.1,0.2,8,8,0,raw,8,False
632,1000.0,8,8,0,8,0,0,2.7288772393515073,2.7288772393515073,2.7288772393515073,0.0,0.0,0.015512528725751833,1.0,0.0,False,0,0,0,0,0,0.0,0.0,0.0,0.0,0.0,0,0.0,0,0,disabled,disabled,True,wrong_key,-1,8,False,raw,0,0.0,0.0,trial:-1,4,False,disabled,0,0,False,raw,0,0.0,0.0,,0,False,disabled,False,raw,0.0,0.0,,,,,,,,False,0,0,0,0,0,0,0.0,0.0,0.8774169999981041,6.328832999997758,7.358124999996107,context_reentry_interference,wrong_key_ablation,CRA,wrong_key_ablation,memory_ablation,MockSimulator,42,none,none,-1,0,0,internal,0.0,0.0,0.0,0.0,0,False,0,False,-1,1,0.1,0.2,8,8,0,raw,8,False
633,1000.0,8,8,0,8,0,0,2.725029859285231,2.725029859285231,2.725029859285231,0.0,0.0,0.015318379001835476,1.0,0.0,False,0,0,0,0,0,0.0,0.0,0.0,0.0,0.0,0,0.0,0,0,disabled,disabled,True,wrong_key,-1,8,False,raw,0,0.0,0.0,trial:-1,4,False,disabled,0,0,False,raw,0,0.0,0.0,,0,False,disabled,False,raw,0.0,0.0,,,,,,,,False,0,0,0,0,0,0,0.0,0.0,0.8320419999989781,6.197291000006544,7.164833999993903,context_reentry_interference,wrong_key_ablation,CRA,wrong_key_ablation,memory_ablation,MockSimulator,42,none,none,-1,0,0,internal,0.0,0.0,0.0,0.0,0,False,0,False,-1,1,0.1,0.2,8,8,0,raw,8,False
634,1000.0,8,8,0,8,0,0,2.7212013752185307,2.7212013752185307,2.7212013752185307,0.0,0.0,0.015125790255385475,1.0,0.0,False,0,0,0,0,0,0.0,0.0,0.0,0.0,0.0,0,0.0,0,0,disabled,disabled,True,wrong_key,-1,8,False,raw,0,0.0,0.0,trial:-1,4,False,disabled,0,0,False,raw,0,0.0,0.0,,0,False,disabled,False,raw,0.0,0.0,,,,,,,,False,0,0,0,0,0,0,0.0,0.0,0.836667000001512,6.505833000005623,7.475041000006399,context_reentry_interference,wrong_key_ablation,CRA,wrong_key_ablation,memory_ablation,MockSimulator,42,none,none,-1,0,0,internal,0.0,0.0,0.0,0.0,0,False,0,False,-1,1,0.1,0.2,8,8,0,raw,8,False
635,1000.0,8,8,0,8,0,0,2.717391692916002,2.717391692916002,2.717391692916002,0.0,0.0,0.01493477770719274,1.0,0.0,False,0,0,0,0,0,0.0,0.0,0.0,0.0,0.0,0,0.0,0,0,disabled,disabled,True,wrong_key,-1,8,False,raw,0,0.0,0.0,trial:-1,4,False,disabled,0,0,False,raw,0,0.0,0.0,,0,False,disabled,False,raw,0.0,0.0,,,,,,,,False,0,0,0,0,0,0,0.0,0.0,0.8399169999933065,6.678625000006377,7.654957999989165,context_reentry_interference,wrong_key_ablation,CRA,wrong_key_ablation,memory_ablation,MockSimulator,42,none,none,-1,0,0,internal,0.0,0.0,0.0,0.0,0,False,0,False,-1,1,0.1,0.2,8,8,0,raw,8,False
636,1000.0,8,8,0,8,0,0,2.7136007186122413,2.7136007186122413,2.7136007186122413,-6.5476549225698e-12,-6.5476549225698e-11,0.014745355344825559,1.0,-6.5476549225698e-12,False,0,0,0,0,0,0.0,0.0,0.0,0.0,0.0,0,0.0,0,0,disabled,disabled,True,wrong_key,-1,8,True,internal_wrong_key_context,1,0.01,-0.01,phase:A_return,4,False,disabled,0,0,False,raw,0,-0.01,-0.01,,0,False,disabled,False,raw,-0.01,-0.01,,,,,,,,False,0,0,0,0,0,0,0.0,0.0,0.9163339999957998,7.1469580000069755,8.206708000003005,context_reentry_interference,wrong_key_ablation,CRA,wrong_key_ablation,memory_ablation,MockSimulator,42,decision,A_return_decision,16,1,1,internal,0.01,-0.01,0.01,0.01,1,True,-1,False,636,1,0.1,0.2,8,8,1,internal_wrong_key_context,8,True
637,1000.0,8,8,0,8,0,0,2.709828359009501,2.709828359009501,2.709828359009501,0.0,0.0,0.014557535965870188,1.0,0.0,False,0,0,0,0,0,0.0,0.0,0.0,0.0,0.0,0,0.0,0,0,disabled,disabled,True,wrong_key,-1,8,False,raw,0,0.0,0.0,trial:-1,4,False,disabled,0,0,False,raw,0,0.0,0.0,,0,False,disabled,False,raw,0.0,0.0,,,,,,,,False,0,0,0,0,0,0,0.0,0.0,0.8411660000007259,6.302250000004506,7.284208000001513,context_reentry_interference,wrong_key_ablation,CRA,wrong_key_ablation,memory_ablation,MockSimulator,42,none,none,-1,0,0,internal,0.0,0.0,0.0,0.0,0,False,0,False,-1,1,0.1,0.2,8,8,0,raw,8,False
638,1000.0,8,8,0,8,0,0,2.706074521275359,2.706074521275359,2.706074521275359,0.0,0.0,0.0143713312199351,1.0,0.0,False,0,0,0,0,0,0.0,0.0,0.0,0.0,0.0,0,0.0,0,0,disabled,disabled,True,wrong_key,-1,8,False,raw,0,0.0,0.0,trial:-1,4,False,disabled,0,0,False,raw,0,0.0,0.0,,0,False,disabled,False,raw,0.0,0.0,,,,,,,,False,0,0,0,0,0,0,0.0,0.0,0.8232499999962783,6.624125000001868,7.580500000003099,context_reentry_interference,wrong_key_ablation,CRA,wrong_key_ablation,memory_ablation,MockSimulator,42,none,none,-1,0,0,internal,0.0,0.0,0.0,0.0,0,False,0,False,-1,1,0.1,0.2,8,8,0,raw,8,False
639,1000.0,8,8,0,8,0,0,2.7023391130403955,2.7023391130403955,2.7023391130403955,0.0,0.0,0.01418675164945107,1.0,0.0,False,0,0,0,0,0,0.0,0.0,0.0,0.0,0.0,0,0.0,0,0,disabled,disabled,True,wrong_key,-1,8,False,raw,0,0.0,0.0,trial:-1,4,False,disabled,0,0,False,raw,0,0.0,0.0,,0,False,disabled,False,raw,0.0,0.0,,,,,,,,False,0,0,0,0,0,0,0.0,0.0,0.8417920000027834,6.275708000003988,7.2542080000062015,context_reentry_interference,wrong_key_ablation,CRA,wrong_key_ablation,memory_ablation,MockSimulator,42,none,none,-1,0,0,internal,0.0,0.0,0.0,0.0,0,False,0,False,-1,1,0.1,0.2,8,8,0,raw,8,False
640,1000.0,8,8,0,8,0,0,2.6986220423958853,2.6986220423958853,2.6986220423958853,0.0,0.0,0.014003806729298426,1.0,0.0,False,0,0,0,0,0,0.0,0.0,0.0,0.0,0.0,0,0.0,0,0,disabled,disabled,True,wrong_key,-1,8,False,raw,0,0.0,0.0,trial:-1,4,False,disabled,0,0,False,raw,0,0.0,0.0,,0,False,disabled,False,raw,0.0,0.0,,,,,,,,False,0,0,0,0,0,0,0.0,0.0,0.821792000010646,7.147082999992449,8.10020900000552,context_reentry_interference,wrong_key_ablation,CRA,wrong_key_ablation,memory_ablation,MockSimulator,42,none,none,-1,0,0,internal,0.0,0.0,0.0,0.0,0,False,0,False,-1,1,0.1,0.2,8,8,0,raw,8,False
641,1000.0,8,8,0,8,0,0,2.6949232178914997,2.6949232178914997,2.6949232178914997,0.0,0.0,0.013822504905292108,1.0,0.0,False,0,0,0,0,0,0.0,0.0,0.0,0.0,0.0,0,0.0,0,0,disabled,disabled,True,wrong_key,-1,8,False,raw,0,0.0,0.0,trial:-1,4,False,disabled,0,0,False,raw,0,0.0,0.0,,0,False,disabled,False,raw,0.0,0.0,,,,,,,,False,0,0,0,0,0,0,0.0,0.0,0.9229169999969145,6.819165999999655,7.892792000006921,context_reentry_interference,wrong_key_ablation,CRA,wrong_key_ablation,memory_ablation,MockSimulator,42,none,none,-1,0,0,internal,0.0,0.0,0.0,0.0,0,False,0,False,-1,1,0.1,0.2,8,8,0,raw,8,False
642,1000.0,8,8,0,8,0,0,2.69124254853302,2.69124254853302,2.69124254853302,0.0,0.0,0.013642853631554323,1.0,0.0,False,0,0,0,0,0,0.0,0.0,0.0,0.0,0.0,0,0.0,0,0,disabled,disabled,True,wrong_key,-1,8,False,raw,0,0.0,0.0,trial:-1,4,False,disabled,0,0,False,raw,0,0.0,0.0,,0,False,disabled,False,raw,0.0,0.0,,,,,,,,False,0,0,0,0,0,0,0.0,0.0,0.850499999998533,7.172541000002752,8.16108300000451,context_reentry_interference,wrong_key_ablation,CRA,wrong_key_ablation,memory_ablation,MockSimulator,42,none,none,-1,0,0,internal,0.0,0.0,0.0,0.0,0,False,0,False,-1,1,0.1,0.2,8,8,0,raw,8,False
643,1000.0,8,8,0,8,0,0,2.687579943780062,2.687579943780062,2.687579943780062,0.0,0.0,0.013464859406803932,1.0,0.0,False,0,0,0,0,0,0.0,0.0,0.0,0.0,0.0,0,0.0,0,0,disabled,disabled,True,wrong_key,-1,8,False,raw,0,0.0,0.0,trial:-1,4,False,disabled,0,0,False,raw,0,0.0,0.0,,0,False,disabled,False,raw,0.0,0.0,,,,,,,,False,0,0,0,0,0,0,0.0,0.0,0.8675840000051949,6.3968329999966045,7.405875000003448,context_reentry_interference,wrong_key_ablation,CRA,wrong_key_ablation,memory_ablation,MockSimulator,42,none,none,-1,0,0,internal,0.0,0.0,0.0,0.0,0,False,0,False,-1,1,0.1,0.2,8,8,0,raw,8,False
644,1000.0,8,8,0,8,0,0,2.6839353135438153,2.6839353135438153,2.6839353135438153,0.0,0.0,0.013288527809590934,1.0,0.0,False,0,0,0,0,0,0.0,0.0,0.0,0.0,0.0,0,0.0,0,0,disabled,disabled,True,wrong_key,-1,8,False,raw,0,0.0,0.0,trial:-1,4,False,disabled,0,0,False,raw,0,0.0,0.0,,0,False,disabled,False,raw,0.0,0.0,,,,,,,,False,0,0,0,0,0,0,0.0,0.0,0.8502910000061092,6.867834000004791,7.859457999998654,context_reentry_interference,wrong_key_ablation,CRA,wrong_key_ablation,memory_ablation,MockSimulator,42,none,none,-1,0,0,internal,0.0,0.0,0.0,0.0,0,False,0,False,-1,1,0.1,0.2,8,8,0,raw,8,False
645,1000.0,8,8,0,8,0,0,2.680308568184787,2.680308568184787,2.680308568184787,0.0,0.0,0.013113863532503735,1.0,0.0,False,0,0,0,0,0,0.0,0.0,0.0,0.0,0.0,0,0.0,0,0,disabled,disabled,True,wrong_key,-1,8,False,raw,0,0.0,0.0,trial:-1,4,False,disabled,0,0,False,raw,0,0.0,0.0,,0,False,disabled,False,raw,0.0,0.0,,,,,,,,False,0,0,0,0,0,0,0.0,0.0,0.9562919999979158,6.591042000010816,7.6912920000040685,context_reentry_interference,wrong_key_ablation,CRA,wrong_key_ablation,memory_ablation,MockSimulator,42,none,none,-1,0,0,internal,0.0,0.0,0.0,0.0,0,False,0,False,-1,1,0.1,0.2,8,8,0,raw,8,False
646,1000.0,8,8,0,8,0,0,2.676699618510564,2.676699618510564,2.676699618510564,0.0,0.0,0.012940870415376188,1.0,0.0,False,0,0,0,0,0,0.0,0.0,0.0,0.0,0.0,0,0.0,0,0,disabled,disabled,True,wrong_key,-1,8,False,raw,0,0.0,0.0,trial:-1,4,False,disabled,0,0,False,raw,0,0.0,0.0,,0,False,disabled,False,raw,0.0,0.0,,,,,,,,False,0,0,0,0,0,0,0.0,0.0,0.8331249999997681,7.123375000006149,8.0958750000093,context_reentry_interference,wrong_key_ablation,CRA,wrong_key_ablation,memory_ablation,MockSimulator,42,none,none,-1,0,0,internal,0.0,0.0,0.0,0.0,0,False,0,False,-1,1,0.1,0.2,8,8,0,raw,8,False
647,1000.0,8,8,0,8,0,0,2.6731083757735807,2.6731083757735807,2.6731083757735807,0.0,0.0,0.012769551477520742,1.0,0.0,False,0,0,0,0,0,0.0,0.0,0.0,0.0,0.0,0,0.0,0,0,disabled,disabled,True,wrong_key,-1,8,False,raw,0,0.0,0.0,trial:-1,4,False,disabled,0,0,False,raw,0,0.0,0.0,,0,False,disabled,False,raw,0.0,0.0,,,,,,,,False,0,0,0,0,0,0,0.0,0.0,0.9186249999970642,6.608333000002631,7.671500000000719,context_reentry_interference,wrong_key_ablation,CRA,wrong_key_ablation,memory_ablation,MockSimulator,42,none,none,-1,0,0,internal,0.0,0.0,0.0,0.0,0,False,0,False,-1,1,0.1,0.2,8,8,0,raw,8,False
648,1000.0,8,8,0,8,0,0,2.6695347516689036,2.6695347516689036,2.6695347516689036,0.0,0.0,0.012599908949013364,1.0,0.0,False,0,0,0,0,0,0.0,0.0,0.0,0.0,0.0,0,0.0,0,0,disabled,disabled,True,wrong_key,-1,8,False,raw,0,0.0,0.0,trial:-1,4,False,disabled,0,0,False,raw,0,0.0,0.0,,0,False,disabled,False,raw,0.0,0.0,,,,,,,,False,0,0,0,0,0,0,0.0,0.0,0.8331659999925023,6.771624999998949,7.738958000004459,context_reentry_interference,wrong_key_ablation,CRA,wrong_key_ablation,memory_ablation,MockSimulator,42,none,none,-1,0,0,internal,0.0,0.0,0.0,0.0,0,False,0,False,-1,1,0.1,0.2,8,8,0,raw,8,False
649,1000.0,8,8,0,8,0,0,2.6659786583320204,2.6659786583320204,2.6659786583320204,0.0,0.0,0.012431944301055271,1.0,0.0,False,0,0,0,0,0,0.0,0.0,0.0,0.0,0.0,0,0.0,0,0,disabled,disabled,True,wrong_key,-1,8,False,raw,0,0.0,0.0,trial:-1,4,False,disabled,0,0,False,raw,0,0.0,0.0,,0,False,disabled,False,raw,0.0,0.0,,,,,,,,False,0,0,0,0,0,0,0.0,0.0,0.9086250000081009,6.641000000001895,7.759167000003231,context_reentry_interference,wrong_key_ablation,CRA,wrong_key_ablation,memory_ablation,MockSimulator,42,none,none,-1,0,0,internal,0.0,0.0,0.0,0.0,0,False,0,False,-1,1,0.1,0.2,8,8,0,raw,8,False
650,1000.0,8,8,0,8,0,0,2.6624400083366435,2.6624400083366435,2.6624400083366435,0.0,0.0,0.012265658275435897,1.0,0.0,False,0,0,0,0,0,0.0,0.0,0.0,0.0,0.0,0,0.0,0,0,disabled,disabled,True,wrong_key,-1,8,False,raw,0,0.0,0.0,trial:-1,4,False,disabled,0,0,False,raw,0,0.0,0.0,,0,False,disabled,False,raw,0.0,0.0,,,,,,,,False,0,0,0,0,0,0,0.0,0.0,0.8900830000015958,6.396041999991553,7.424416999995742,context_reentry_interference,wrong_key_ablation,CRA,wrong_key_ablation,memory_ablation,MockSimulator,42,none,none,-1,0,0,internal,0.0,0.0,0.0,0.0,0,False,0,False,-1,1,0.1,0.2,8,8,0,raw,8,False
651,1000.0,8,8,0,8,0,0,2.6589187146925277,2.6589187146925277,2.6589187146925277,0.0,0.0,0.012101050913120876,1.0,0.0,False,0,0,0,0,0,0.0,0.0,0.0,0.0,0.0,0,0.0,0,0,disabled,disabled,True,wrong_key,-1,8,False,raw,0,0.0,0.0,trial:-1,4,False,disabled,0,0,False,raw,0,0.0,0.0,,0,False,disabled,False,raw,0.0,0.0,,,,,,,,False,0,0,0,0,0,0,0.0,0.0,1.2540830000062897,6.889999999998508,8.317208000008236,context_reentry_interference,wrong_key_ablation,CRA,wrong_key_ablation,memory_ablation,MockSimulator,42,none,none,-1,0,0,internal,0.0,0.0,0.0,0.0,0,False,0,False,-1,1,0.1,0.2,8,8,0,raw,8,False
652,1000.0,8,8,0,8,0,0,2.6554146908432914,2.6554146908432914,2.6554146908432914,0.0,0.0,0.011938121581988282,1.0,0.0,False,0,0,0,0,0,0.0,0.0,0.0,0.0,0.0,0,0.0,0,0,disabled,disabled,True,wrong_key,-1,8,False,raw,0,0.0,0.0,trial:-1,4,False,disabled,0,0,False,raw,0,0.0,0.0,,0,False,disabled,False,raw,0.0,0.0,,,,,,,,False,0,0,0,0,0,0,0.0,0.0,0.8345829999996113,6.370709000009356,7.342874999991977,context_reentry_interference,wrong_key_ablation,CRA,wrong_key_ablation,memory_ablation,MockSimulator,42,none,none,-1,0,0,internal,0.0,0.0,0.0,0.0,0,False,0,False,-1,1,0.1,0.2,8,8,0,raw,8,False
653,1000.0,8,8,0,8,0,0,2.6519278506642556,2.6519278506642556,2.6519278506642556,0.0,0.0,0.011776869003735743,1.0,0.0,False,0,0,0,0,0,0.0,0.0,0.0,0.0,0.0,0,0.0,0,0,disabled,disabled,True,wrong_key,-1,8,False,raw,0,0.0,0.0,trial:-1,4,False,disabled,0,0,False,raw,0,0.0,0.0,,0,False,disabled,False,raw,0.0,0.0,,,,,,,,False,0,0,0,0,0,0,0.0,0.0,0.8738329999999905,7.592334000008805,8.598000000006323,context_reentry_interference,wrong_key_ablation,CRA,wrong_key_ablation,memory_ablation,MockSimulator,42,none,none,-1,0,0,internal,0.0,0.0,0.0,0.0,0,False,0,False,-1,1,0.1,0.2,8,8,0,raw,8,False
654,1000.0,8,8,0,8,0,0,2.6484581084602894,2.6484581084602894,2.6484581084602894,0.0,0.0,0.01161729127998051,1.0,0.0,False,0,0,0,0,0,0.0,0.0,0.0,0.0,0.0,0,0.0,0,0,disabled,disabled,True,wrong_key,-1,8,False,raw,0,0.0,0.0,trial:-1,4,False,disabled,0,0,False,raw,0,0.0,0.0,,0,False,disabled,False,raw,0.0,0.0,,,,,,,,False,0,0,0,0,0,0,0.0,0.0,0.9203750000068567,6.403332999994404,7.477667000003407,context_reentry_interference,wrong_key_ablation,CRA,wrong_key_ablation,memory_ablation,MockSimulator,42,none,none,-1,0,0,internal,0.0,0.0,0.0,0.0,0,False,0,False,-1,1,0.1,0.2,8,8,0,raw,8,False
655,1000.0,8,8,0,8,0,0,2.645005378963668,2.645005378963668,2.645005378963668,0.0,0.0,0.011459385917573993,1.0,0.0,False,0,0,0,0,0,0.0,0.0,0.0,0.0,0.0,0,0.0,0,0,disabled,disabled,True,wrong_key,-1,8,False,raw,0,0.0,0.0,trial:-1,4,False,disabled,0,0,False,raw,0,0.0,0.0,,0,False,disabled,False,raw,0.0,0.0,,,,,,,,False,0,0,0,0,0,0,0.0,0.0,0.8121249999959446,7.29891699999996,8.24120899999059,context_reentry_interference,wrong_key_ablation,CRA,wrong_key_ablation,memory_ablation,MockSimulator,42,none,none,-1,0,0,internal,0.0,0.0,0.0,0.0,0,False,0,False,-1,1,0.1,0.2,8,8,0,raw,8,False
656,1000.0,8,8,0,8,0,0,2.6415695773319396,2.6415695773319396,2.6415695773319396,0.0,0.0,0.011303149853151744,1.0,0.0,False,0,0,0,0,0,0.0,0.0,0.0,0.0,0.0,0,0.0,0,0,disabled,disabled,True,wrong_key,-1,8,False,raw,0,0.0,0.0,trial:-1,4,False,disabled,0,0,False,raw,0,0.0,0.0,,0,False,disabled,False,raw,0.0,0.0,,,,,,,,False,0,0,0,0,0,0,0.0,0.0,0.9268749999904458,6.698124999999777,7.775458000011781,context_reentry_interference,wrong_key_ablation,CRA,wrong_key_ablation,memory_ablation,MockSimulator,42,none,none,-1,0,0,internal,0.0,0.0,0.0,0.0,0,False,0,False,-1,1,0.1,0.2,8,8,0,raw,8,False
657,1000.0,8,8,0,8,0,0,2.6381506191458075,2.6381506191458075,2.6381506191458075,0.0,0.0,0.011148579476939355,1.0,0.0,False,0,0,0,0,0,0.0,0.0,0.0,0.0,0.0,0,0.0,0,0,disabled,disabled,True,wrong_key,-1,8,False,raw,0,0.0,0.0,trial:-1,4,False,disabled,0,0,False,raw,0,0.0,0.0,,0,False,disabled,False,raw,0.0,0.0,,,,,,,,False,0,0,0,0,0,0,0.0,0.0,0.9147500000068476,7.290374999996629,8.350041999989344,context_reentry_interference,wrong_key_ablation,CRA,wrong_key_ablation,memory_ablation,MockSimulator,42,none,none,-1,0,0,internal,0.0,0.0,0.0,0.0,0,False,0,False,-1,1,0.1,0.2,8,8,0,raw,8,False
658,1000.0,8,8,0,8,0,0,2.634748420407017,2.634748420407017,2.634748420407017,0.0,0.0,0.010995670655834202,1.0,0.0,False,0,0,0,0,0,0.0,0.0,0.0,0.0,0.0,0,0.0,0,0,disabled,disabled,True,wrong_key,-1,8,False,raw,0,0.0,0.0,trial:-1,4,False,disabled,0,0,False,raw,0,0.0,0.0,,0,False,disabled,False,raw,0.0,0.0,,,,,,,,False,0,0,0,0,0,0,0.0,0.0,0.8350419999914038,6.442875000004733,7.415707999996357,context_reentry_interference,wrong_key_ablation,CRA,wrong_key_ablation,memory_ablation,MockSimulator,42,none,none,-1,0,0,internal,0.0,0.0,0.0,0.0,0,False,0,False,-1,1,0.1,0.2,8,8,0,raw,8,False
659,1000.0,8,8,0,8,0,0,2.6313628975362553,2.6313628975362553,2.6313628975362553,0.0,0.0,0.01084441875578248,1.0,0.0,False,0,0,0,0,0,0.0,0.0,0.0,0.0,0.0,0,0.0,0,0,disabled,disabled,True,wrong_key,-1,8,False,raw,0,0.0,0.0,trial:-1,4,False,disabled,0,0,False,raw,0,0.0,0.0,,0,False,disabled,False,raw,0.0,0.0,,,,,,,,False,0,0,0,0,0,0,0.0,0.0,0.8184590000013259,7.127749999995103,8.077749999998218,context_reentry_interference,wrong_key_ablation,CRA,wrong_key_ablation,memory_ablation,MockSimulator,42,none,none,-1,0,0,internal,0.0,0.0,0.0,0.0,0,False,0,False,-1,1,0.1,0.2,8,8,0,raw,8,False
660,1000.0,8,8,0,8,0,0,2.6279939673710646,2.6279939673710646,2.6279939673710646,6.482178373344096e-13,-6.482178373344096e-12,0.01069481866347049,1.0,6.482178373344096e-13,False,0,0,0,0,0,0.0,0.0,0.0,0.0,0.0,0,0.0,0,0,disabled,disabled,True,wrong_key,-1,8,True,internal_wrong_key_context,-1,-0.01,0.01,phase:A_return,4,False,disabled,0,0,False,raw,0,0.01,0.01,,0,False,disabled,False,raw,0.01,0.01,,,,,,,,False,0,0,0,0,0,0,0.0,0.0,0.836083000010035,6.530416999993349,7.504833999988136,context_reentry_interference,wrong_key_ablation,CRA,wrong_key_ablation,memory_ablation,MockSimulator,42,decision,A_return_decision,17,1,-1,internal,-0.01,0.01,-0.01,-0.01,-1,True,0,False,660,1,0.1,0.2,8,8,-1,internal_wrong_key_context,8,True
661,1000.0,8,8,0,8,0,0,2.6246415471637596,2.6246415471637596,2.6246415471637596,0.0,0.0,0.010546864807348668,1.0,0.0,False,0,0,0,0,0,0.0,0.0,0.0,0.0,0.0,0,0.0,0,0,disabled,disabled,True,wrong_key,-1,8,False,raw,0,0.0,0.0,trial:-1,4,False,disabled,0,0,False,raw,0,0.0,0.0,,0,False,disabled,False,raw,0.0,0.0,,,,,,,,False,0,0,0,0,0,0,0.0,0.0,0.8168329999875823,7.304959000009603,8.252415999990603,context_reentry_interference,wrong_key_ablation,CRA,wrong_key_ablation,memory_ablation,MockSimulator,42,none,none,-1,0,0,internal,0.0,0.0,0.0,0.0,0,False,0,False,-1,1,0.1,0.2,8,8,0,raw,8,False
662,1000.0,8,8,0,8,0,0,2.621305554579362,2.621305554579362,2.621305554579362,0.0,0.0,0.010400551178006331,1.0,0.0,False,0,0,0,0,0,0.0,0.0,0.0,0.0,0.0,0,0.0,0,0,disabled,disabled,True,wrong_key,-1,8,False,raw,0,0.0,0.0,trial:-1,4,False,disabled,0,0,False,raw,0,0.0,0.0,,0,False,disabled,False,raw,0.0,0.0,,,,,,,,False,0,0,0,0,0,0,0.0,0.0,0.8320410000095535,6.522416999999336,7.491875000013692,context_reentry_interference,wrong_key_ablation,CRA,wrong_key_ablation,memory_ablation,MockSimulator,42,none,none,-1,0,0,internal,0.0,0.0,0.0,0.0,0,False,0,False,-1,1,0.1,0.2,8,8,0,raw,8,False
663,1000.0,8,8,0,8,0,0,2.61798590769354,2.61798590769354,2.61798590769354,0.0,0.0,0.010255871347914747,1.0,0.0,False,0,0,0,0,0,0.0,0.0,0.0,0.0,0.0,0,0.0,0,0,disabled,disabled,True,wrong_key,-1,8,False,raw,0,0.0,0.0,trial:-1,4,False,disabled,0,0,False,raw,0,0.0,0.0,,0,False,disabled,False,raw,0.0,0.0,,,,,,,,False,0,0,0,0,0,0,0.0,0.0,0.822083000002749,7.226083000006156,8.183500000001231,context_reentry_interference,wrong_key_ablation,CRA,wrong_key_ablation,memory_ablation,MockSimulator,42,none,none,-1,0,0,internal,0.0,0.0,0.0,0.0,0,False,0,False,-1,1,0.1,0.2,8,8,0,raw,8,False
664,1000.0,8,8,0,8,0,0,2.6146825249905605,2.6146825249905605,2.6146825249905605,0.0,0.0,0.010112818490555625,1.0,0.0,False,0,0,0,0,0,0.0,0.0,0.0,0.0,0.0,0,0.0,0,0,disabled,disabled,True,wrong_key,-1,8,False,raw,0,0.0,0.0,trial:-1,4,False,disabled,0,0,False,raw,0,0.0,0.0,,0,False,disabled,False,raw,0.0,0.0,,,,,,,,False,0,0,0,0,0,0,0.0,0.0,0.8389160000064066,6.511208999995688,7.488707999996791,context_reentry_interference,wrong_key_ablation,CRA,wrong_key_ablation,memory_ablation,MockSimulator,42,none,none,-1,0,0,internal,0.0,0.0,0.0,0.0,0,False,0,False,-1,1,0.1,0.2,8,8,0,raw,8,False
665,1000.0,8,8,0,8,0,0,2.611395325361252,2.611395325361252,2.611395325361252,0.0,0.0,0.009971385398951703,1.0,0.0,False,0,0,0,0,0,0.0,0.0,0.0,0.0,0.0,0,0.0,0,0,disabled,disabled,True,wrong_key,-1,8,False,raw,0,0.0,0.0,trial:-1,4,False,disabled,0,0,False,raw,0,0.0,0.0,,0,False,disabled,False,raw,0.0,0.0,,,,,,,,False,0,0,0,0,0,0,0.0,0.0,0.8270830000043361,7.001791999996954,7.962374999991084,context_reentry_interference,wrong_key_ablation,CRA,wrong_key_ablation,memory_ablation,MockSimulator,42,none,none,-1,0,0,internal,0.0,0.0,0.0,0.0,0,False,0,False,-1,1,0.1,0.2,8,8,0,raw,8,False
666,1000.0,8,8,0,8,0,0,2.608124228100977,2.608124228100977,2.608124228100977,0.0,0.0,0.009831564503615713,1.0,0.0,False,0,0,0,0,0,0.0,0.0,0.0,0.0,0.0,0,0.0,0,0,disabled,disabled,True,wrong_key,-1,8,False,raw,0,0.0,0.0,trial:-1,4,False,disabled,0,0,False,raw,0,0.0,0.0,,0,False,disabled,False,raw,0.0,0.0,,,,,,,,False,0,0,0,0,0,0,0.0,0.0,0.8464579999980515,6.597374999998351,7.597625000002495,context_reentry_interference,wrong_key_ablation,CRA,wrong_key_ablation,memory_ablation,MockSimulator,42,none,none,-1,0,0,internal,0.0,0.0,0.0,0.0,0,False,0,False,-1,1,0.1,0.2,8,8,0,raw,8,False
667,1000.0,8,8,0,8,0,0,2.6048691529076122,2.6048691529076122,2.6048691529076122,0.0,0.0,0.009693347889933583,1.0,0.0,False,0,0,0,0,0,0.0,0.0,0.0,0.0,0.0,0,0.0,0,0,disabled,disabled,True,wrong_key,-1,8,False,raw,0,0.0,0.0,trial:-1,4,False,disabled,0,0,False,raw,0,0.0,0.0,,0,False,disabled,False,raw,0.0,0.0,,,,,,,,False,0,0,0,0,0,0,0.0,0.0,0.8307500000057644,7.411874999988299,8.379542000000129,context_reentry_interference,wrong_key_ablation,CRA,wrong_key_ablation,memory_ablation,MockSimulator,42,none,none,-1,0,0,internal,0.0,0.0,0.0,0.0,0,False,0,False,-1,1,0.1,0.2,8,8,0,raw,8,False
668,1000.0,8,8,0,8,0,0,2.601630019879544,2.601630019879544,2.601630019879544,0.0,0.0,0.009556727314997293,1.0,0.0,False,0,0,0,0,0,0.0,0.0,0.0,0.0,0.0,0,0.0,0,0,disabled,disabled,True,wrong_key,-1,8,False,raw,0,0.0,0.0,trial:-1,4,False,disabled,0,0,False,raw,0,0.0,0.0,,0,False,disabled,False,raw,0.0,0.0,,,,,,,,False,0,0,0,0,0,0,0.0,0.0,0.8937919999993937,6.665707999999881,7.719875000006482,context_reentry_interference,wrong_key_ablation,CRA,wrong_key_ablation,memory_ablation,MockSimulator,42,none,none,-1,0,0,internal,0.0,0.0,0.0,0.0,0,False,0,False,-1,1,0.1,0.2,8,8,0,raw,8,False
669,1000.0,8,8,0,8,0,0,2.5984067495136687,2.5984067495136687,2.5984067495136687,0.0,0.0,0.009421694223902481,1.0,0.0,False,0,0,0,0,0,0.0,0.0,0.0,0.0,0.0,0,0.0,0,0,disabled,disabled,True,wrong_key,-1,8,False,raw,0,0.0,0.0,trial:-1,4,False,disabled,0,0,False,raw,0,0.0,0.0,,0,False,disabled,False,raw,0.0,0.0,,,,,,,,False,0,0,0,0,0,0,0.0,0.0,0.8261669999996002,7.574417000000722,8.53437499999643,context_reentry_interference,wrong_key_ablation,CRA,wrong_key_ablation,memory_ablation,MockSimulator,42,none,none,-1,0,0,internal,0.0,0.0,0.0,0.0,0,False,0,False,-1,1,0.1,0.2,8,8,0,raw,8,False
670,1000.0,8,8,0,8,0,0,2.5951992627034057,2.5951992627034057,2.5951992627034057,0.0,0.0,0.009288239765525463,1.0,0.0,False,0,0,0,0,0,0.0,0.0,0.0,0.0,0.0,0,0.0,0,0,disabled,disabled,True,wrong_key,-1,8,False,raw,0,0.0,0.0,trial:-1,4,False,disabled,0,0,False,raw,0,0.0,0.0,,0,False,disabled,False,raw,0.0,0.0,,,,,,,,False,0,0,0,0,0,0,0.0,0.0,0.8756670000025224,6.698583000002145,7.724999999993543,context_reentry_interference,wrong_key_ablation,CRA,wrong_key_ablation,memory_ablation,MockSimulator,42,none,none,-1,0,0,internal,0.0,0.0,0.0,0.0,0,False,0,False,-1,1,0.1,0.2,8,8,0,raw,8,False
671,1000.0,8,8,0,8,0,0,2.592007480736721,2.592007480736721,2.592007480736721,0.0,0.0,0.009156354807793962,1.0,0.0,False,0,0,0,0,0,0.0,0.0,0.0,0.0,0.0,0,0.0,0,0,disabled,disabled,True,wrong_key,-1,8,False,raw,0,0.0,0.0,trial:-1,4,False,disabled,0,0,False,raw,0,0.0,0.0,,0,False,disabled,False,raw,0.0,0.0,,,,,,,,False,0,0,0,0,0,0,0.0,0.0,0.8284590000045,7.304915999995387,8.266042000002471,context_reentry_interference,wrong_key_ablation,CRA,wrong_key_ablation,memory_ablation,MockSimulator,42,none,none,-1,0,0,internal,0.0,0.0,0.0,0.0,0,False,0,False,-1,1,0.1,0.2,8,8,0,raw,8,False
672,1000.0,8,8,0,8,0,0,2.588831325294157,2.588831325294157,2.588831325294157,0.0,0.0,0.009026029952465512,1.0,0.0,False,0,0,0,0,0,0.0,0.0,0.0,0.0,0.0,0,0.0,0,0,disabled,disabled,True,wrong_key,-1,8,False,raw,0,0.0,0.0,trial:-1,4,False,disabled,0,0,False,raw,0,0.0,0.0,,0,False,disabled,False,raw,0.0,0.0,,,,,,,,False,0,0,0,0,0,0,0.0,0.0,0.8590000000054943,7.020624999995562,8.033166999993568,context_reentry_interference,wrong_key_ablation,CRA,wrong_key_ablation,memory_ablation,MockSimulator,42,none,none,-1,0,0,internal,0.0,0.0,0.0,0.0,0,False,0,False,-1,1,0.1,0.2,8,8,0,raw,8,False
673,1000.0,8,8,0,8,0,0,2.5856707184468752,2.5856707184468752,2.5856707184468752,0.0,0.0,0.008897255549427083,1.0,0.0,False,0,0,0,0,0,0.0,0.0,0.0,0.0,0.0,0,0.0,0,0,disabled,disabled,True,wrong_key,-1,8,False,raw,0,0.0,0.0,trial:-1,4,False,disabled,0,0,False,raw,0,0.0,0.0,,0,False,disabled,False,raw,0.0,0.0,,,,,,,,False,0,0,0,0,0,0,0.0,0.0,0.9172079999899552,7.747042000005422,8.812250000005406,context_reentry_interference,wrong_key_ablation,CRA,wrong_key_ablation,memory_ablation,MockSimulator,42,none,none,-1,0,0,internal,0.0,0.0,0.0,0.0,0,False,0,False,-1,1,0.1,0.2,8,8,0,raw,8,False
674,1000.0,8,8,0,8,0,0,2.582525582654711,2.582525582654711,2.582525582654711,0.0,0.0,0.008770021710529206,1.0,0.0,False,0,0,0,0,0,0.0,0.0,0.0,0.0,0.0,0,0.0,0,0,disabled,disabled,True,wrong_key,-1,8,False,raw,0,0.0,0.0,trial:-1,4,False,disabled,0,0,False,raw,0,0.0,0.0,,0,False,disabled,False,raw,0.0,0.0,,,,,,,,False,0,0,0,0,0,0,0.0,0.0,0.8936250000033397,7.278708000001188,8.33654099999137,context_reentry_interference,wrong_key_ablation,CRA,wrong_key_ablation,memory_ablation,MockSimulator,42,none,none,-1,0,0,internal,0.0,0.0,0.0,0.0,0,False,0,False,-1,1,0.1,0.2,8,8,0,raw,8,False
675,1000.0,8,8,0,8,0,0,2.5793958407642306,2.5793958407642306,2.5793958407642306,0.0,0.0,0.008644318322967472,1.0,0.0,False,0,0,0,0,0,0.0,0.0,0.0,0.0,0.0,0,0.0,0,0,disabled,disabled,True,wrong_key,-1,8,False,raw,0,0.0,0.0,trial:-1,4,False,disabled,0,0,False,raw,0,0.0,0.0,,0,False,disabled,False,raw,0.0,0.0,,,,,,,,False,0,0,0,0,0,0,0.0,0.0,0.8263749999883885,7.330958000011378,8.29141699999525,context_reentry_interference,wrong_key_ablation,CRA,wrong_key_ablation,memory_ablation,MockSimulator,42,none,none,-1,0,0,internal,0.0,0.0,0.0,0.0,0,False,0,False,-1,1,0.1,0.2,8,8,0,raw,8,False
676,1000.0,8,8,0,8,0,0,2.576281416006805,2.576281416006805,2.576281416006805,0.0,0.0,0.008520135062223997,1.0,0.0,False,0,0,0,0,0,0.0,0.0,0.0,0.0,0.0,0,0.0,0,0,disabled,disabled,True,wrong_key,-1,8,False,raw,0,0.0,0.0,trial:-1,4,False,disabled,0,0,False,raw,0,0.0,0.0,,0,False,disabled,False,raw,0.0,0.0,,,,,,,,False,0,0,0,0,0,0,0.0,0.0,0.8727500000134114,6.878999999997859,7.897624999998243,context_reentry_interference,wrong_key_ablation,CRA,wrong_key_ablation,memory_ablation,MockSimulator,42,none,none,-1,0,0,internal,0.0,0.0,0.0,0.0,0,False,0,False,-1,1,0.1,0.2,8,8,0,raw,8,False
677,1000.0,8,8,0,8,0,0,2.5731822319966895,2.5731822319966895,2.5731822319966895,0.0,0.0,0.008397461404581072,1.0,0.0,False,0,0,0,0,0,0.0,0.0,0.0,0.0,0.0,0,0.0,0,0,disabled,disabled,True,wrong_key,-1,8,False,raw,0,0.0,0.0,trial:-1,4,False,disabled,0,0,False,raw,0,0.0,0.0,,0,False,disabled,False,raw,0.0,0.0,,,,,,,,False,0,0,0,0,0,0,0.0,0.0,0.9151669999880596,8.547958000008293,9.609791999992012,context_reentry_interference,wrong_key_ablation,CRA,wrong_key_ablation,memory_ablation,MockSimulator,42,none,none,-1,0,0,internal,0.0,0.0,0.0,0.0,0,False,0,False,-1,1,0.1,0.2,8,8,0,raw,8,False
678,1000.0,8,8,0,8,0,0,2.5700982127291154,2.5700982127291154,2.5700982127291154,0.0,0.0,0.008276286639218975,1.0,0.0,False,0,0,0,0,0,0.0,0.0,0.0,0.0,0.0,0,0.0,0,0,disabled,disabled,True,wrong_key,-1,8,False,raw,0,0.0,0.0,trial:-1,4,False,disabled,0,0,False,raw,0,0.0,0.0,,0,False,disabled,False,raw,0.0,0.0,,,,,,,,False,0,0,0,0,0,0,0.0,0.0,0.8475409999988415,6.707374999990634,7.70829200000378,context_reentry_interference,wrong_key_ablation,CRA,wrong_key_ablation,memory_ablation,MockSimulator,42,none,none,-1,0,0,internal,0.0,0.0,0.0,0.0,0,False,0,False,-1,1,0.1,0.2,8,8,0,raw,8,False
679,1000.0,8,8,0,8,0,0,2.567029282578389,2.567029282578389,2.567029282578389,0.0,0.0,0.00815659987990953,1.0,0.0,False,0,0,0,0,0,0.0,0.0,0.0,0.0,0.0,0,0.0,0,0,disabled,disabled,True,wrong_key,-1,8,False,raw,0,0.0,0.0,trial:-1,4,False,disabled,0,0,False,raw,0,0.0,0.0,,0,False,disabled,False,raw,0.0,0.0,,,,,,,,False,0,0,0,0,0,0,0.0,0.0,0.8189170000036938,7.308875000006765,8.259500000008302,context_reentry_interference,wrong_key_ablation,CRA,wrong_key_ablation,memory_ablation,MockSimulator,42,none,none,-1,0,0,internal,0.0,0.0,0.0,0.0,0,False,0,False,-1,1,0.1,0.2,8,8,0,raw,8,False
680,1000.0,8,8,0,8,0,0,2.5639753662960003,2.5639753662960003,2.5639753662960003,0.0,0.0,0.008038390076316775,1.0,0.0,False,0,0,0,0,0,0.0,0.0,0.0,0.0,0.0,0,0.0,0,0,disabled,disabled,True,wrong_key,-1,8,False,raw,0,0.0,0.0,trial:-1,4,False,disabled,0,0,False,raw,0,0.0,0.0,,0,False,disabled,False,raw,0.0,0.0,,,,,,,,False,0,0,0,0,0,0,0.0,0.0,0.8401249999963056,6.72558299999082,7.704291999999668,context_reentry_interference,wrong_key_ablation,CRA,wrong_key_ablation,memory_ablation,MockSimulator,42,none,none,-1,0,0,internal,0.0,0.0,0.0,0.0,0,False,0,False,-1,1,0.1,0.2,8,8,0,raw,8,False
681,1000.0,8,8,0,8,0,0,2.5609363890087438,2.5609363890087438,2.5609363890087438,0.0,0.0,0.007921646024915767,1.0,0.0,False,0,0,0,0,0,0.0,0.0,0.0,0.0,0.0,0,0.0,0,0,disabled,disabled,True,wrong_key,-1,8,False,raw,0,0.0,0.0,trial:-1,4,False,disabled,0,0,False,raw,0,0.0,0.0,,0,False,disabled,False,raw,0.0,0.0,,,,,,,,False,0,0,0,0,0,0,0.0,0.0,0.8284580000008646,7.659750000001964,8.622041999998942,context_reentry_interference,wrong_key_ablation,CRA,wrong_key_ablation,memory_ablation,MockSimulator,42,none,none,-1,0,0,internal,0.0,0.0,0.0,0.0,0,False,0,False,-1,1,0.1,0.2,8,8,0,raw,8,False
682,1000.0,8,8,0,8,0,0,2.5579122762168445,2.5579122762168445,2.5579122762168445,0.0,0.0,0.007806356379540271,1.0,0.0,False,0,0,0,0,0,0.0,0.0,0.0,0.0,0.0,0,0.0,0,0,disabled,disabled,True,wrong_key,-1,8,False,raw,0,0.0,0.0,trial:-1,4,False,disabled,0,0,False,raw,0,0.0,0.0,,0,False,disabled,False,raw,0.0,0.0,,,,,,,,False,0,0,0,0,0,0,0.0,0.0,0.8399169999933065,7.292207999995526,8.270667000005005,context_reentry_interference,wrong_key_ablation,CRA,wrong_key_ablation,memory_ablation,MockSimulator,42,none,none,-1,0,0,internal,0.0,0.0,0.0,0.0,0,False,0,False,-1,1,0.1,0.2,8,8,0,raw,8,False
683,1000.0,8,8,0,8,0,0,2.5549029537920966,2.5549029537920966,2.5549029537920966,0.0,0.0,0.0076925096615698295,1.0,0.0,False,0,0,0,0,0,0.0,0.0,0.0,0.0,0.0,0,0.0,0,0,disabled,disabled,True,wrong_key,-1,8,False,raw,0,0.0,0.0,trial:-1,4,False,disabled,0,0,False,raw,0,0.0,0.0,,0,False,disabled,False,raw,0.0,0.0,,,,,,,,False,0,0,0,0,0,0,0.0,0.0,0.8261250000032305,7.499999999993179,8.456708000011304,context_reentry_interference,wrong_key_ablation,CRA,wrong_key_ablation,memory_ablation,MockSimulator,42,none,none,-1,0,0,internal,0.0,0.0,0.0,0.0,0,False,0,False,-1,1,0.1,0.2,8,8,0,raw,8,False
684,1000.0,8,8,0,8,0,0,2.55190834797601,2.55190834797601,2.55190834797601,-6.417356589610648e-14,-6.417356589610648e-13,0.00758009426976639,1.0,-6.417356589610648e-14,False,0,0,0,0,0,0.0,0.0,0.0,0.0,0.0,0,0.0,0,0,disabled,disabled,True,wrong_key,-1,8,True,internal_wrong_key_context,1,0.01,-0.01,phase:A_return,4,False,disabled,0,0,False,raw,0,-0.01,-0.01,,0,False,disabled,False,raw,-0.01,-0.01,,,,,,,,False,0,0,0,0,0,0,0.0,0.0,0.9351249999980382,7.543083000001616,8.619917000004307,context_reentry_interference,wrong_key_ablation,CRA,wrong_key_ablation,memory_ablation,MockSimulator,42,decision,A_return_decision,18,1,1,internal,0.01,-0.01,0.01,0.01,1,True,0,False,684,1,0.1,0.2,8,8,1,internal_wrong_key_context,8,True
685,1000.0,8,8,0,8,0,0,2.5489283853779656,2.5489283853779656,2.5489283853779656,0.0,0.0,0.00746909848977046,1.0,0.0,False,0,0,0,0,0,0.0,0.0,0.0,0.0,0.0,0,0.0,0,0,disabled,disabled,True,wrong_key,-1,8,False,raw,0,0.0,0.0,trial:-1,4,False,disabled,0,0,False,raw,0,0.0,0.0,,0,False,disabled,False,raw,0.0,0.0,,,,,,,,False,0,0,0,0,0,0,0.0,0.0,0.9191669999921714,7.933667000003197,9.002415999987079,context_reentry_interference,wrong_key_ablation,CRA,wrong_key_ablation,memory_ablation,MockSimulator,42,none,none,-1,0,0,internal,0.0,0.0,0.0,0.0,0,False,0,False,-1,1,0.1,0.2,8,8,0,raw,8,False
686,1000.0,8,8,0,8,0,0,2.545962992973382,2.545962992973382,2.545962992973382,0.0,0.0,0.00735951050326646,1.0,0.0,False,0,0,0,0,0,0.0,0.0,0.0,0.0,0.0,0,0.0,0,0,disabled,disabled,True,wrong_key,-1,8,False,raw,0,0.0,0.0,trial:-1,4,False,disabled,0,0,False,raw,0,0.0,0.0,,0,False,disabled,False,raw,0.0,0.0,,,,,,,,False,0,0,0,0,0,0,0.0,0.0,0.8657919999990327,7.420917000004579,8.430000000004156,context_reentry_interference,wrong_key_ablation,CRA,wrong_key_ablation,memory_ablation,MockSimulator,42,none,none,-1,0,0,internal,0.0,0.0,0.0,0.0,0,False,0,False,-1,1,0.1,0.2,8,8,0,raw,8,False
687,1000.0,8,8,0,8,0,0,2.5430120981018898,2.5430120981018898,2.5430120981018898,0.0,0.0,0.007251318396826713,1.0,0.0,False,0,0,0,0,0,0.0,0.0,0.0,0.0,0.0,0,0.0,0,0,disabled,disabled,True,wrong_key,-1,8,False,raw,0,0.0,0.0,trial:-1,4,False,disabled,0,0,False,raw,0,0.0,0.0,,0,False,disabled,False,raw,0.0,0.0,,,,,,,,False,0,0,0,0,0,0,0.0,0.0,0.9509580000042206,7.564541999997232,8.660040999998841,context_reentry_interference,wrong_key_ablation,CRA,wrong_key_ablation,memory_ablation,MockSimulator,42,none,none,-1,0,0,internal,0.0,0.0,0.0,0.0,0,False,0,False,-1,1,0.1,0.2,8,8,0,raw,8,False
688,1000.0,8,8,0,8,0,0,2.5400756284655133,2.5400756284655133,2.5400756284655133,0.0,0.0,0.007144510170443249,1.0,0.0,False,0,0,0,0,0,0.0,0.0,0.0,0.0,0.0,0,0.0,0,0,disabled,disabled,True,wrong_key,-1,8,False,raw,0,0.0,0.0,trial:-1,4,False,disabled,0,0,False,raw,0,0.0,0.0,,0,False,disabled,False,raw,0.0,0.0,,,,,,,,False,0,0,0,0,0,0,0.0,0.0,0.9388330000064116,7.636167000001137,8.729625000000851,context_reentry_interference,wrong_key_ablation,CRA,wrong_key_ablation,memory_ablation,MockSimulator,42,none,none,-1,0,0,internal,0.0,0.0,0.0,0.0,0,False,0,False,-1,1,0.1,0.2,8,8,0,raw,8,False
689,1000.0,8,8,0,8,0,0,2.537153512126865,2.537153512126865,2.537153512126865,0.0,0.0,0.007039073745756392,1.0,0.0,False,0,0,0,0,0,0.0,0.0,0.0,0.0,0.0,0,0.0,0,0,disabled,disabled,True,wrong_key,-1,8,False,raw,0,0.0,0.0,trial:-1,4,False,disabled,0,0,False,raw,0,0.0,0.0,,0,False,disabled,False,raw,0.0,0.0,,,,,,,,False,0,0,0,0,0,0,0.0,0.0,1.1149999999986449,7.857333000004019,9.425708000009081,context_reentry_interference,wrong_key_ablation,CRA,wrong_key_ablation,memory_ablation,MockSimulator,42,none,none,-1,0,0,internal,0.0,0.0,0.0,0.0,0,False,0,False,-1,1,0.1,0.2,8,8,0,raw,8,False
690,1000.0,8,8,0,8,0,0,2.5342456775073456,2.5342456775073456,2.5342456775073456,0.0,0.0,0.006934996973988833,1.0,0.0,False,0,0,0,0,0,0.0,0.0,0.0,0.0,0.0,0,0.0,0,0,disabled,disabled,True,wrong_key,-1,8,False,raw,0,0.0,0.0,trial:-1,4,False,disabled,0,0,False,raw,0,0.0,0.0,,0,False,disabled,False,raw,0.0,0.0,,,,,,,,False,0,0,0,0,0,0,0.0,0.0,0.8904169999937039,8.014125000002537,9.05362500000706,context_reentry_interference,wrong_key_ablation,CRA,wrong_key_ablation,memory_ablation,MockSimulator,42,none,none,-1,0,0,internal,0.0,0.0,0.0,0.0,0,False,0,False,-1,1,0.1,0.2,8,8,0,raw,8,False
691,1000.0,8,8,0,8,0,0,2.531352053385356,2.531352053385356,2.531352053385356,0.0,0.0,0.006832267643593673,1.0,0.0,False,0,0,0,0,0,0.0,0.0,0.0,0.0,0.0,0,0.0,0,0,disabled,disabled,True,wrong_key,-1,8,False,raw,0,0.0,0.0,trial:-1,4,False,disabled,0,0,False,raw,0,0.0,0.0,,0,False,disabled,False,raw,0.0,0.0,,,,,,,,False,0,0,0,0,0,0,0.0,0.0,0.9017920000076174,7.3528749999951515,8.402958999994325,context_reentry_interference,wrong_key_ablation,CRA,wrong_key_ablation,memory_ablation,MockSimulator,42,none,none,-1,0,0,internal,0.0,0.0,0.0,0.0,0,False,0,False,-1,1,0.1,0.2,8,8,0,raw,8,False
692,1000.0,8,8,0,8,0,0,2.5284725688945158,2.5284725688945158,2.5284725688945158,0.0,0.0,0.006730873487624724,1.0,0.0,False,0,0,0,0,0,0.0,0.0,0.0,0.0,0.0,0,0.0,0,0,disabled,disabled,True,wrong_key,-1,8,False,raw,0,0.0,0.0,trial:-1,4,False,disabled,0,0,False,raw,0,0.0,0.0,,0,False,disabled,False,raw,0.0,0.0,,,,,,,,False,0,0,0,0,0,0,0.0,0.0,0.9105419999997366,7.778666999996631,8.835750000002918,context_reentry_interference,wrong_key_ablation,CRA,wrong_key_ablation,memory_ablation,MockSimulator,42,none,none,-1,0,0,internal,0.0,0.0,0.0,0.0,0,False,0,False,-1,1,0.1,0.2,8,8,0,raw,8,False
693,1000.0,8,8,0,8,0,0,2.525607153521891,2.525607153521891,2.525607153521891,0.0,0.0,0.006630802190837095,1.0,0.0,False,0,0,0,0,0,0.0,0.0,0.0,0.0,0.0,0,0.0,0,0,disabled,disabled,True,wrong_key,-1,8,False,raw,0,0.0,0.0,trial:-1,4,False,disabled,0,0,False,raw,0,0.0,0.0,,0,False,disabled,False,raw,0.0,0.0,,,,,,,,False,0,0,0,0,0,0,0.0,0.0,0.9126250000122127,7.57354199998872,8.648084000000722,context_reentry_interference,wrong_key_ablation,CRA,wrong_key_ablation,memory_ablation,MockSimulator,42,none,none,-1,0,0,internal,0.0,0.0,0.0,0.0,0,False,0,False,-1,1,0.1,0.2,8,8,0,raw,8,False
694,1000.0,8,8,0,8,0,0,2.522755737106234,2.522755737106234,2.522755737106234,0.0,0.0,0.006532041396525921,1.0,0.0,False,0,0,0,0,0,0.0,0.0,0.0,0.0,0.0,0,0.0,0,0,disabled,disabled,True,wrong_key,-1,8,False,raw,0,0.0,0.0,trial:-1,4,False,disabled,0,0,False,raw,0,0.0,0.0,,0,False,disabled,False,raw,0.0,0.0,,,,,,,,False,0,0,0,0,0,0,0.0,0.0,0.8685829999990347,8.200958999992736,9.212625000003527,context_reentry_interference,wrong_key_ablation,CRA,wrong_key_ablation,memory_ablation,MockSimulator,42,none,none,-1,0,0,internal,0.0,0.0,0.0,0.0,0,False,0,False,-1,1,0.1,0.2,8,8,0,raw,8,False
695,1000.0,8,8,0,8,0,0,2.519918249836226,2.519918249836226,2.519918249836226,0.0,0.0,0.006434578713110859,1.0,0.0,False,0,0,0,0,0,0.0,0.0,0.0,0.0,0.0,0,0.0,0,0,disabled,disabled,True,wrong_key,-1,8,False,raw,0,0.0,0.0,trial:-1,4,False,disabled,0,0,False,raw,0,0.0,0.0,,0,False,disabled,False,raw,0.0,0.0,,,,,,,,False,0,0,0,0,0,0,0.0,0.0,0.9042500000049358,7.71366699999021,8.764958000000433,context_reentry_interference,wrong_key_ablation,CRA,wrong_key_ablation,memory_ablation,MockSimulator,42,none,none,-1,0,0,internal,0.0,0.0,0.0,0.0,0,False,0,False,-1,1,0.1,0.2,8,8,0,raw,8,False
696,1000.0,8,8,0,8,0,0,2.517094622248734,2.517094622248734,2.517094622248734,0.0,0.0,0.0063384017204737905,1.0,0.0,False,0,0,0,0,0,0.0,0.0,0.0,0.0,0.0,0,0.0,0,0,disabled,disabled,True,wrong_key,-1,8,False,raw,0,0.0,0.0,trial:-1,4,False,disabled,0,0,False,raw,0,0.0,0.0,,0,False,disabled,False,raw,0.0,0.0,,,,,,,,False,0,0,0,0,0,0,0.0,0.0,0.8840830000025335,8.973666999992247,10.006125000003863,context_reentry_interference,wrong_key_ablation,CRA,wrong_key_ablation,memory_ablation,MockSimulator,42,none,none,-1,0,0,internal,0.0,0.0,0.0,0.0,0,False,0,False,-1,1,0.1,0.2,8,8,0,raw,8,False
697,1000.0,8,8,0,8,0,0,2.5142847852270735,2.5142847852270735,2.5142847852270735,0.0,0.0,0.006243497976056959,1.0,0.0,False,0,0,0,0,0,0.0,0.0,0.0,0.0,0.0,0,0.0,0,0,disabled,disabled,True,wrong_key,-1,8,False,raw,0,0.0,0.0,trial:-1,4,False,disabled,0,0,False,raw,0,0.0,0.0,,0,False,disabled,False,raw,0.0,0.0,,,,,,,,False,0,0,0,0,0,0,0.0,0.0,0.9078340000030494,7.824624999997809,8.886291999999685,context_reentry_interference,wrong_key_ablation,CRA,wrong_key_ablation,memory_ablation,MockSimulator,42,none,none,-1,0,0,internal,0.0,0.0,0.0,0.0,0,False,0,False,-1,1,0.1,0.2,8,8,0,raw,8,False
698,1000.0,8,8,0,8,0,0,2.51148866999928,2.51148866999928,2.51148866999928,0.0,0.0,0.006149855020728612,1.0,0.0,False,0,0,0,0,0,0.0,0.0,0.0,0.0,0.0,0,0.0,0,0,disabled,disabled,True,wrong_key,-1,8,False,raw,0,0.0,0.0,trial:-1,4,False,disabled,0,0,False,raw,0,0.0,0.0,,0,False,disabled,False,raw,0.0,0.0,,,,,,,,False,0,0,0,0,0,0,0.0,0.0,1.3017909999888388,8.1923340000003,9.812916000001337,context_reentry_interference,wrong_key_ablation,CRA,wrong_key_ablation,memory_ablation,MockSimulator,42,none,none,-1,0,0,internal,0.0,0.0,0.0,0.0,0,False,0,False,-1,1,0.1,0.2,8,8,0,raw,8,False
699,1000.0,8,8,0,8,0,0,2.5087062081363913,2.5087062081363913,2.5087062081363913,0.0,0.0,0.006057460384422976,1.0,0.0,False,0,0,0,0,0,0.0,0.0,0.0,0.0,0.0,0,0.0,0,0,disabled,disabled,True,wrong_key,-1,8,False,raw,0,0.0,0.0,trial:-1,4,False,disabled,0,0,False,raw,0,0.0,0.0,,0,False,disabled,False,raw,0.0,0.0,,,,,,,,False,0,0,0,0,0,0,0.0,0.0,2.24404099999731,8.678208999995718,11.392291999996473,context_reentry_interference,wrong_key_ablation,CRA,wrong_key_ablation,memory_ablation,MockSimulator,42,none,none,-1,0,0,internal,0.0,0.0,0.0,0.0,0,False,0,False,-1,1,0.1,0.2,8,8,0,raw,8,False
700,1000.0,8,8,0,8,0,0,2.505937331550735,2.505937331550735,2.505937331550735,0.0,0.0,0.005966301591561274,1.0,0.0,False,0,0,0,0,0,0.0,0.0,0.0,0.0,0.0,0,0.0,0,0,disabled,disabled,True,wrong_key,-1,8,False,raw,0,0.0,0.0,trial:-1,4,False,disabled,0,0,False,raw,0,0.0,0.0,,0,False,disabled,False,raw,0.0,0.0,,,,,,,,False,0,0,0,0,0,0,0.0,0.0,0.8975000000077671,8.218999999996868,9.267665999999508,context_reentry_interference,wrong_key_ablation,CRA,wrong_key_ablation,memory_ablation,MockSimulator,42,none,none,-1,0,0,internal,0.0,0.0,0.0,0.0,0,False,0,False,-1,1,0.1,0.2,8,8,0,raw,8,False
701,1000.0,8,8,0,8,0,0,2.5031819724942284,2.5031819724942284,2.5031819724942284,0.0,0.0,0.005876366166260271,1.0,0.0,False,0,0,0,0,0,0.0,0.0,0.0,0.0,0.0,0,0.0,0,0,disabled,disabled,True,wrong_key,-1,8,False,raw,0,0.0,0.0,trial:-1,4,False,disabled,0,0,False,raw,0,0.0,0.0,,0,False,disabled,False,raw,0.0,0.0,,,,,,,,False,0,0,0,0,0,0,0.0,0.0,1.0570000000029722,8.73745799999881,9.948667000003297,context_reentry_interference,wrong_key_ablation,CRA,wrong_key_ablation,memory_ablation,MockSimulator,42,none,none,-1,0,0,internal,0.0,0.0,0.0,0.0,0,False,0,False,-1,1,0.1,0.2,8,8,0,raw,8,False
702,1000.0,8,8,0,8,0,0,2.500440063556681,2.500440063556681,2.500440063556681,0.0,0.0,0.005787641637334684,1.0,0.0,False,0,0,0,0,0,0.0,0.0,0.0,0.0,0.0,0,0.0,0,0,disabled,disabled,True,wrong_key,-1,8,False,raw,0,0.0,0.0,trial:-1,4,False,disabled,0,0,False,raw,0,0.0,0.0,,0,False,disabled,False,raw,0.0,0.0,,,,,,,,False,0,0,0,0,0,0,0.0,0.0,0.9163329999921643,10.172957999998289,11.240290999992908,context_reentry_interference,wrong_key_ablation,CRA,wrong_key_ablation,memory_ablation,MockSimulator,42,none,none,-1,0,0,internal,0.0,0.0,0.0,0.0,0,False,0,False,-1,1,0.1,0.2,8,8,0,raw,8,False
703,1000.0,8,8,0,8,0,0,2.497711537664115,2.497711537664115,2.497711537664115,0.0,0.0,0.005700115543099616,1.0,0.0,False,0,0,0,0,0,0.0,0.0,0.0,0.0,0.0,0,0.0,0,0,disabled,disabled,True,wrong_key,-1,8,False,raw,0,0.0,0.0,trial:-1,4,False,disabled,0,0,False,raw,0,0.0,0.0,,0,False,disabled,False,raw,0.0,0.0,,,,,,,,False,0,0,0,0,0,0,0.0,0.0,0.890458000000649,16.696874999993838,17.74379199999032,context_reentry_interference,wrong_key_ablation,CRA,wrong_key_ablation,memory_ablation,MockSimulator,42,none,none,-1,0,0,internal,0.0,0.0,0.0,0.0,0,False,0,False,-1,1,0.1,0.2,8,8,0,raw,8,False
704,1000.0,8,8,0,8,0,0,2.4949963280770824,2.4949963280770824,2.4949963280770824,0.0,0.0,0.0056137754359790164,1.0,0.0,False,0,0,0,0,0,0.0,0.0,0.0,0.0,0.0,0,0.0,0,0,disabled,disabled,True,wrong_key,-1,8,False,raw,0,0.0,0.0,trial:-1,4,False,disabled,0,0,False,raw,0,0.0,0.0,,0,False,disabled,False,raw,0.0,0.0,,,,,,,,False,0,0,0,0,0,0,0.0,0.0,1.2085420000005342,8.922624999996742,10.540457999994146,context_reentry_interference,wrong_key_ablation,CRA,wrong_key_ablation,memory_ablation,MockSimulator,42,none,none,-1,0,0,internal,0.0,0.0,0.0,0.0,0,False,0,False,-1,1,0.1,0.2,8,8,0,raw,8,False
705,1000.0,8,8,0,8,0,0,2.4922943683890013,2.4922943683890013,2.4922943683890013,0.0,0.0,0.005528608886926001,1.0,0.0,False,0,0,0,0,0,0.0,0.0,0.0,0.0,0.0,0,0.0,0,0,disabled,disabled,True,wrong_key,-1,8,False,raw,0,0.0,0.0,trial:-1,4,False,disabled,0,0,False,raw,0,0.0,0.0,,0,False,disabled,False,raw,0.0,0.0,,,,,,,,False,0,0,0,0,0,0,0.0,0.0,1.7861249999953088,10.711708000002318,12.657957999991254,context_reentry_interference,wrong_key_ablation,CRA,wrong_key_ablation,memory_ablation,MockSimulator,42,none,none,-1,0,0,internal,0.0,0.0,0.0,0.0,0,False,0,False,-1,1,0.1,0.2,8,8,0,raw,8,False
706,1000.0,8,8,0,8,0,0,2.4896055925244926,2.4896055925244926,2.4896055925244926,0.0,0.0,0.005444603489660716,1.0,0.0,False,0,0,0,0,0,0.0,0.0,0.0,0.0,0.0,0,0.0,0,0,disabled,disabled,True,wrong_key,-1,8,False,raw,0,0.0,0.0,trial:-1,4,False,disabled,0,0,False,raw,0,0.0,0.0,,0,False,disabled,False,raw,0.0,0.0,,,,,,,,False,0,0,0,0,0,0,0.0,0.0,1.0153750000085893,8.775958000001083,9.957249999999362,context_reentry_interference,wrong_key_ablation,CRA,wrong_key_ablation,memory_ablation,MockSimulator,42,none,none,-1,0,0,internal,0.0,0.0,0.0,0.0,0,False,0,False,-1,1,0.1,0.2,8,8,0,raw,8,False
707,1000.0,8,8,0,8,0,0,2.4869299347377294,2.4869299347377294,2.4869299347377294,0.0,0.0,0.005361746864731271,1.0,0.0,False,0,0,0,0,0,0.0,0.0,0.0,0.0,0.0,0,0.0,0,0,disabled,disabled,True,wrong_key,-1,8,False,raw,0,0.0,0.0,trial:-1,4,False,disabled,0,0,False,raw,0,0.0,0.0,,0,False,disabled,False,raw,0.0,0.0,,,,,,,,False,0,0,0,0,0,0,0.0,0.0,0.9492079999944281,8.763375000000906,9.872500000000173,context_reentry_interference,wrong_key_ablation,CRA,wrong_key_ablation,memory_ablation,MockSimulator,42,none,none,-1,0,0,internal,0.0,0.0,0.0,0.0,0,False,0,False,-1,1,0.1,0.2,8,8,0,raw,8,False
708,1000.0,8,8,0,8,0,0,2.484267329610794,2.484267329610794,2.484267329610794,6.3531830237145416e-15,-6.353183023714542e-14,0.005280026663403139,1.0,6.3531830237145416e-15,False,0,0,0,0,0,0.0,0.0,0.0,0.0,0.0,0,0.0,0,0,disabled,disabled,True,wrong_key,-1,8,True,internal_wrong_key_context,-1,-0.01,0.01,phase:A_return,4,False,disabled,0,0,False,raw,0,0.01,0.01,,0,False,disabled,False,raw,0.01,0.01,,,,,,,,False,0,0,0,0,0,0,0.0,0.0,0.8821670000003223,8.36000000001036,9.39116600000034,context_reentry_interference,wrong_key_ablation,CRA,wrong_key_ablation,memory_ablation,MockSimulator,42,decision,A_return_decision,19,1,-1,internal,-0.01,0.01,-0.01,-0.01,-1,True,0,False,708,1,0.1,0.2,8,8,-1,internal_wrong_key_context,8,True
709,1000.0,8,8,0,8,0,0,2.481617712052041,2.481617712052041,2.481617712052041,0.0,0.0,0.005199430571382241,1.0,0.0,False,0,0,0,0,0,0.0,0.0,0.0,0.0,0.0,0,0.0,0,0,disabled,disabled,True,wrong_key,-1,8,False,raw,0,0.0,0.0,trial:-1,4,False,disabled,0,0,False,raw,0,0.0,0.0,,0,False,disabled,False,raw,0.0,0.0,,,,,,,,False,0,0,0,0,0,0,0.0,0.0,0.8817080000085298,13.465874999994298,14.494124999998803,context_reentry_interference,wrong_key_ablation,CRA,wrong_key_ablation,memory_ablation,MockSimulator,42,none,none,-1,0,0,internal,0.0,0.0,0.0,0.0,0,False,0,False,-1,1,0.1,0.2,8,8,0,raw,8,False
710,1000.0,8,8,0,8,0,0,2.4789810172944704,2.4789810172944704,2.4789810172944704,0.0,0.0,0.0051199463123768165,1.0,0.0,False,0,0,0,0,0,0.0,0.0,0.0,0.0,0.0,0,0.0,0,0,disabled,disabled,True,wrong_key,-1,8,False,raw,0,0.0,0.0,trial:-1,4,False,disabled,0,0,False,raw,0,0.0,0.0,,0,False,disabled,False,raw,0.0,0.0,,,,,,,,False,0,0,0,0,0,0,0.0,0.0,0.889833000002227,7.553624999999897,8.591792000004261,context_reentry_interference,wrong_key_ablation,CRA,wrong_key_ablation,memory_ablation,MockSimulator,42,none,none,-1,0,0,internal,0.0,0.0,0.0,0.0,0,False,0,False,-1,1,0.1,0.2,8,8,0,raw,8,False
711,1000.0,8,8,0,8,0,0,2.476357180894109,2.476357180894109,2.476357180894109,0.0,0.0,0.005041561651503056,1.0,0.0,False,0,0,0,0,0,0.0,0.0,0.0,0.0,0.0,0,0.0,0,0,disabled,disabled,True,wrong_key,-1,8,False,raw,0,0.0,0.0,trial:-1,4,False,disabled,0,0,False,raw,0,0.0,0.0,,0,False,disabled,False,raw,0.0,0.0,,,,,,,,False,0,0,0,0,0,0,0.0,0.0,2.1024170000032427,7.972792000003892,10.226459000008958,context_reentry_interference,wrong_key_ablation,CRA,wrong_key_ablation,memory_ablation,MockSimulator,42,none,none,-1,0,0,internal,0.0,0.0,0.0,0.0,0,False,0,False,-1,1,0.1,0.2,8,8,0,raw,8,False
712,1000.0,8,8,0,8,0,0,2.4737461387283997,2.4737461387283997,2.4737461387283997,0.0,0.0,0.004964264398539296,1.0,0.0,False,0,0,0,0,0,0.0,0.0,0.0,0.0,0.0,0,0.0,0,0,disabled,disabled,True,wrong_key,-1,8,False,raw,0,0.0,0.0,trial:-1,4,False,disabled,0,0,False,raw,0,0.0,0.0,,0,False,disabled,False,raw,0.0,0.0,,,,,,,,False,0,0,0,0,0,0,0.0,0.0,0.8359579999961397,7.031374999996842,8.005332999999837,context_reentry_interference,wrong_key_ablation,CRA,wrong_key_ablation,memory_ablation,MockSimulator,42,none,none,-1,0,0,internal,0.0,0.0,0.0,0.0,0,False,0,False,-1,1,0.1,0.2,8,8,0,raw,8,False
713,1000.0,8,8,0,8,0,0,2.4711478269945966,2.4711478269945966,2.4711478269945966,0.0,0.0,0.004888042411033485,1.0,0.0,False,0,0,0,0,0,0.0,0.0,0.0,0.0,0.0,0,0.0,0,0,disabled,disabled,True,wrong_key,-1,8,False,raw,0,0.0,0.0,trial:-1,4,False,disabled,0,0,False,raw,0,0.0,0.0,,0,False,disabled,False,raw,0.0,0.0,,,,,,,,False,0,0,0,0,0,0,0.0,0.0,1.7031250000059117,7.444999999989932,9.281500000000165,context_reentry_interference,wrong_key_ablation,CRA,wrong_key_ablation,memory_ablation,MockSimulator,42,none,none,-1,0,0,internal,0.0,0.0,0.0,0.0,0,False,0,False,-1,1,0.1,0.2,8,8,0,raw,8,False
714,1000.0,8,8,0,8,0,0,2.4685621822081716,2.4685621822081716,2.4685621822081716,0.0,0.0,0.00481288359726849,1.0,0.0,False,0,0,0,0,0,0.0,0.0,0.0,0.0,0.0,0,0.0,0,0,disabled,disabled,True,wrong_key,-1,8,False,raw,0,0.0,0.0,trial:-1,4,False,disabled,0,0,False,raw,0,0.0,0.0,,0,False,disabled,False,raw,0.0,0.0,,,,,,,,False,0,0,0,0,0,0,0.0,0.0,0.8452920000081576,7.967499999992356,8.952999999991107,context_reentry_interference,wrong_key_ablation,CRA,wrong_key_ablation,memory_ablation,MockSimulator,42,none,none,-1,0,0,internal,0.0,0.0,0.0,0.0,0,False,0,False,-1,1,0.1,0.2,8,8,0,raw,8,False
715,1000.0,8,8,0,8,0,0,2.4659891412012263,2.4659891412012263,2.4659891412012263,0.0,0.0,0.004738775919089683,1.0,0.0,False,0,0,0,0,0,0.0,0.0,0.0,0.0,0.0,0,0.0,0,0,disabled,disabled,True,wrong_key,-1,8,False,raw,0,0.0,0.0,trial:-1,4,False,disabled,0,0,False,raw,0,0.0,0.0,,0,False,disabled,False,raw,0.0,0.0,,,,,,,,False,0,0,0,0,0,0,0.0,0.0,0.884374999998272,7.147332999991818,8.20891700000459,context_reentry_interference,wrong_key_ablation,CRA,wrong_key_ablation,memory_ablation,MockSimulator,42,none,none,-1,0,0,internal,0.0,0.0,0.0,0.0,0,False,0,False,-1,1,0.1,0.2,8,8,0,raw,8,False
716,1000.0,8,8,0,8,0,0,2.463428641120914,2.463428641120914,2.463428641120914,0.0,0.0,0.004665707394599119,1.0,0.0,False,0,0,0,0,0,0.0,0.0,0.0,0.0,0.0,0,0.0,0,0,disabled,disabled,True,wrong_key,-1,8,False,raw,0,0.0,0.0,trial:-1,4,False,disabled,0,0,False,raw,0,0.0,0.0,,0,False,disabled,False,raw,0.0,0.0,,,,,,,,False,0,0,0,0,0,0,0.0,0.0,0.8498340000073767,8.28679099998908,9.274374999989732,context_reentry_interference,wrong_key_ablation,CRA,wrong_key_ablation,memory_ablation,MockSimulator,42,none,none,-1,0,0,internal,0.0,0.0,0.0,0.0,0,False,0,False,-1,1,0.1,0.2,8,8,0,raw,8,False
717,1000.0,8,8,0,8,0,0,2.4608806194278676,2.4608806194278676,2.4608806194278676,0.0,0.0,0.004593666100720543,1.0,0.0,False,0,0,0,0,0,0.0,0.0,0.0,0.0,0.0,0,0.0,0,0,disabled,disabled,True,wrong_key,-1,8,False,raw,0,0.0,0.0,trial:-1,4,False,disabled,0,0,False,raw,0,0.0,0.0,,0,False,disabled,False,raw,0.0,0.0,,,,,,,,False,0,0,0,0,0,0,0.0,0.0,0.8518749999950614,7.156209000001468,8.150958000001651,context_reentry_interference,wrong_key_ablation,CRA,wrong_key_ablation,memory_ablation,MockSimulator,42,none,none,-1,0,0,internal,0.0,0.0,0.0,0.0,0,False,0,False,-1,1,0.1,0.2,8,8,0,raw,8,False
718,1000.0,8,8,0,8,0,0,2.4583450138946352,2.4583450138946352,2.4583450138946352,0.0,0.0,0.00452264017563927,1.0,0.0,False,0,0,0,0,0,0.0,0.0,0.0,0.0,0.0,0,0.0,0,0,disabled,disabled,True,wrong_key,-1,8,False,raw,0,0.0,0.0,trial:-1,4,False,disabled,0,0,False,raw,0,0.0,0.0,,0,False,disabled,False,raw,0.0,0.0,,,,,,,,False,0,0,0,0,0,0,0.0,0.0,0.8317089999962946,8.500375000011218,9.470416999988629,context_reentry_interference,wrong_key_ablation,CRA,wrong_key_ablation,memory_ablation,MockSimulator,42,none,none,-1,0,0,internal,0.0,0.0,0.0,0.0,0,False,0,False,-1,1,0.1,0.2,8,8,0,raw,8,False
719,1000.0,8,8,0,8,0,0,2.4558217626041263,2.4558217626041263,2.4558217626041263,0.0,0.0,0.00445261782112096,1.0,0.0,False,0,0,0,0,0,0.0,0.0,0.0,0.0,0.0,0,0.0,0,0,disabled,disabled,True,wrong_key,-1,8,False,raw,0,0.0,0.0,trial:-1,4,False,disabled,0,0,False,raw,0,0.0,0.0,,0,False,disabled,False,raw,0.0,0.0,,,,,,,,False,0,0,0,0,0,0,0.0,0.0,0.8492919999980586,7.764874999992344,8.766417000003912,context_reentry_interference,wrong_key_ablation,CRA,wrong_key_ablation,memory_ablation,MockSimulator,42,none,none,-1,0,0,internal,0.0,0.0,0.0,0.0,0,False,0,False,-1,1,0.1,0.2,8,8,0,raw,8,False
