step,dt_ms,n_polyps,n_alive,n_juvenile,n_adult,births_this_step,deaths_this_step,mean_trophic_health,min_trophic_health,max_trophic_health,colony_prediction,raw_dopamine,mean_directional_accuracy_ema,capital,position_size,direction_correct,n_edges,n_gap_junctions,n_ff,n_lat,n_fb,I_union_bits,changepoint_probability,spinnaker_wall_ms,host_compute_wall_ms,total_step_wall_ms,test_name,case_label,ablation,backend,seed,sensory_return_1m,target_return_1m,task_signal_horizon,target_signal_horizon,target_signal_sign,target_signal_nonzero,prediction_sign,strict_direction_correct,mean_readout_weight,min_readout_weight,max_readout_weight,mean_abs_readout_weight,pending_horizons,matured_horizons
0,1000.0,16,2,2,0,1,0,9.955099854322787,9.955099854322787,9.955099854322787,0.07485969068749909,0.6343111408558778,0.5,1.0,0.06773584855928876,True,2,0,2,0,0,0.0,0.0,1.5025419999998846,1.0237909999997186,2.5554169999999488,no_trophic_selection_ablation,intact,intact,MockSimulator,43,0.01,0.01,0.01,0.01,1,True,1,True,0.2815905570427939,0.25,0.3131811140855878,0.2815905570427939,1,0
1,1000.0,16,2,2,0,0,0,9.904296989541766,9.903105747571104,9.90548823151243,-0.08531995147822029,0.6927372765483959,0.5002,0.9993226415144071,-0.03226415144071125,True,2,0,2,0,0,0.0,0.0,1.4202919999997121,0.25495800000019386,1.7137919999994367,no_trophic_selection_ablation,intact,intact,MockSimulator,43,-0.01,-0.01,-0.01,-0.01,-1,True,-1,True,0.35058269414059073,0.3190237276548396,0.3821416606263418,0.35058269414059073,2,1
2,1000.0,16,2,2,0,0,0,9.85377827438504,9.851383198832545,9.856173349937535,0.10561617329944986,0.7841903941388254,0.500494,0.999,0.06773584855928876,True,2,0,2,0,0,0.0,0.0,1.3959169999999688,0.23962499999985454,1.6735000000007716,no_trophic_selection_ablation,intact,intact,MockSimulator,43,0.01,0.01,0.01,0.01,1,True,1,True,0.4286511508603327,0.3971237433410673,0.46017855837959803,0.4286511508603327,2,3
3,1000.0,16,2,2,0,0,0,9.803542112139375,9.799930789797248,9.807153434481501,-0.12855671131030666,0.8579611273521838,0.50097616,0.9983226415144071,-0.03226415144071125,True,2,0,2,0,0,0.0,0.0,1.3963750000005604,0.24124999999930452,1.6740830000001594,no_trophic_selection_ablation,intact,intact,MockSimulator,43,-0.01,-0.01,-0.01,-0.01,-1,True,-1,True,0.5140186124446907,0.4825227323329446,0.5455144925564368,0.5140186124446907,2,5
4,1000.0,16,2,2,0,0,0,9.753586915104762,9.748747109562983,9.758426720646543,0.15353801953543778,0.9113407942774093,0.501638836,0.998,0.06773584855928876,True,2,0,2,0,0,0.0,0.0,1.4077910000001026,0.22812499999957936,1.672541999999666,no_trophic_selection_ablation,intact,intact,MockSimulator,43,0.01,0.01,0.01,0.01,1,True,1,True,0.604638673259987,0.5731742890283527,0.6361030574916213,0.604638673259987,2,7
5,1000.0,16,2,2,0,0,0,9.703911104543316,9.697830754596469,9.709991454490165,-0.17987766949587775,0.9466791825295092,0.5024746144960001,0.9973226415144071,-0.03226415144071125,True,2,0,2,0,0,0.0,0.0,1.429292000000082,0.22445799999992744,1.6910839999999538,no_trophic_selection_ablation,intact,intact,MockSimulator,43,-0.01,-0.01,-0.01,-0.01,-1,True,-1,True,0.698701952839678,0.6672690329922752,0.7301348726870807,0.698701952839678,2,9
6,1000.0,16,2,2,0,0,0,9.65451311062845,9.647180328694883,9.661845892562019,0.2069706283133344,0.9686352932823448,0.5034763063177601,0.997,0.06773584855928876,True,2,0,2,0,0,0.0,0.0,1.4617910000005452,0.30058399999965957,1.7990409999999457,no_trophic_selection_ablation,intact,intact,MockSimulator,43,0.01,0.01,0.01,0.01,1,True,1,True,0.7948667802150728,0.7634652932875174,0.8262682671426281,0.7948667802150728,2,11
7,1000.0,16,2,2,0,0,0,9.605391372394358,9.59679444294758,9.613988301841134,-0.23435982468160793,0.9817432355760541,0.5046369406208513,0.9963226415144071,-0.03226415144071125,True,2,0,2,0,0,0.0,0.0,1.4515410000006668,0.2524999999993227,1.7473749999998844,no_trophic_selection_ablation,intact,intact,MockSimulator,43,-0.01,-0.01,-0.01,-0.01,-1,True,-1,True,0.8922462369924631,0.8608761515518353,0.9236163224330909,0.8922462369924631,2,13
8,1000.0,16,2,2,0,0,0,9.556544337685768,9.546671715697997,9.566416959673539,0.2617314941096329,0.9893988983099026,0.5059497590292917,0.996,0.06773584855928876,True,2,0,2,0,0,0.0,0.0,1.4024580000002729,0.23374999999958845,1.6752920000007165,no_trophic_selection_ablation,intact,intact,MockSimulator,43,0.01,0.01,0.01,0.01,1,True,1,True,0.990293880586461,0.9589551652312737,1.0216325959416481,0.990293880586461,2,15
9,1000.0,16,2,2,0,0,0,9.507970463108006,9.496810772505775,9.519130153710238,-0.2888795751885285,0.9938267862125297,0.5074082099251462,0.9953226415144071,-0.03226415144071125,True,2,0,2,0,0,0.0,0.0,1.4002909999994984,0.48437500000009237,1.9214160000000646,no_trophic_selection_ablation,intact,intact,MockSimulator,43,-0.01,-0.01,-0.01,-0.01,-1,True,-1,True,1.0886862653271274,1.0573788886872955,1.1199936419669596,1.0886862653271274,2,17
10,1000.0,16,3,3,0,1,0,6.306445475984877,4.736063090922784,9.447210246109066,0.31566941109659263,0.9962695426513136,0.5090059428815548,0.995,0.06773584855928876,True,4,0,4,0,0,0.0,0.0,1.4117910000006617,1.2901249999996978,2.7388750000003625,no_trophic_selection_ablation,intact,intact,MockSimulator,43,0.01,0.01,0.01,0.01,1,True,1,True,0.8748163555512877,0.25,1.218500602590124,0.8748163555512877,2,19
11,1000.0,16,3,3,0,0,0,6.272542453015528,4.706802335284859,9.39786877638704,-0.3156410446947221,0.9961426636711784,0.510736803235737,0.9943226415144071,-0.03226415144071125,True,4,0,4,0,0,0.0,0.0,1.4236670000000728,0.5007499999996057,1.9757499999997208,no_trophic_selection_ablation,intact,intact,MockSimulator,43,-0.01,-0.01,-0.01,-0.01,-1,True,-1,True,0.9735558055628543,0.3493642663671178,1.3168963683546515,0.9735558055628543,3,21
12,1000.0,16,3,3,0,0,0,6.238839307000876,4.677722360984528,9.348785010322594,0.33503961830953166,0.9972735272593342,0.5119705735894069,0.994,0.06773584855928876,True,4,0,4,0,0,0.0,0.0,1.41124999999942,0.4982920000005109,1.9612919999998368,no_trophic_selection_ablation,intact,intact,MockSimulator,43,0.01,0.01,0.01,0.01,1,True,1,True,1.0723096024832246,0.4487422548266841,1.4153068247122302,1.0723096024832246,3,24
13,1000.0,16,3,3,0,0,0,6.2053348422904255,4.648822051102854,9.29995760196524,-0.355311589261172,0.998095385720079,0.5133506984076357,0.9933226415144071,-0.03226415144071125,True,4,0,4,0,0,0.0,0.0,1.3958340000002067,0.4937500000004036,1.941042000000337,no_trophic_selection_ablation,intact,intact,MockSimulator,43,-0.01,-0.01,-0.01,-0.01,-1,True,-1,True,1.1710468314527496,0.5481030511438654,1.513701056459526,1.1710468314527496,3,27
14,1000.0,16,3,3,0,0,0,6.19423732737221,4.641793286243365,9.273872591773177,0.3760992138773224,0.9986752205763623,0.5148708300036996,0.993,0.06773584855928876,True,4,0,4,0,0,0.07751470751470757,0.0,1.4491660000004458,0.6595000000002571,2.160541999999488,no_trophic_selection_ablation,intact,intact,MockSimulator,43,0.01,0.01,0.01,0.01,1,True,1,True,1.2697433066789332,0.6474224701503578,1.6120548774607026,1.2697433066789332,3,30
15,1000.0,16,3,3,0,0,0,6.1891450270044155,4.64156036193993,9.251482432850072,-0.39714761122938863,0.9990778042545922,0.5165248160565579,0.9923226415144071,-0.03226415144071125,True,4,0,4,0,0,0.35302562021312056,0.0,1.4126670000003116,0.5454159999995767,2.0156250000002984,no_trophic_selection_ablation,intact,intact,MockSimulator,43,-0.01,-0.01,-0.01,-0.01,-1,True,-1,True,1.3683813437977133,0.7466828281056667,1.7103506030087012,1.3683813437977133,3,33
16,1000.0,16,3,3,0,0,0,6.186453264807931,4.6436792795877375,9.22920921462372,0.41826949457708335,0.999355071159091,0.5183066943353004,0.992,0.06773584855928876,True,4,0,4,0,0,0.39982329761741564,0.0,1.3905000000002943,0.5387920000003987,1.9841659999997319,no_trophic_selection_ablation,intact,intact,MockSimulator,43,0.01,0.01,0.01,0.01,1,True,1,True,1.4669484695698245,0.8458716523934702,1.8085757595216017,1.4669484695698245,3,36
17,1000.0,16,3,3,0,0,0,6.183336761018325,4.6457851059548085,9.207052326329075,-0.4393237345826513,0.9995456591004798,0.5202106875564706,0.9913226415144071,-0.03226415144071125,True,4,0,4,0,0,0.4094378841927857,0.0,1.4116660000000891,0.5395419999993933,2.002416999999923,no_trophic_selection_ablation,intact,intact,MockSimulator,43,-0.01,-0.01,-0.01,-0.01,-1,True,-1,True,1.565436087010303,0.9449803466511246,1.906721749672128,1.565436087010303,3,39
18,1000.0,16,3,3,0,0,0,6.180660655157932,4.647877921922829,9.185011160391024,0.4602018082758401,0.9996768881927776,0.5222311983710598,0.991,0.06773584855928876,True,4,0,4,0,0,0.34721751846364857,0.0,1.3965830000000068,0.5467079999998958,2.008333000000029,no_trophic_selection_ablation,intact,intact,MockSimulator,43,0.01,0.01,0.01,0.01,1,True,1,True,1.6638383397425702,1.0440030551237514,2.0047827167417336,1.6638383397425702,3,42
19,1000.0,16,3,3,0,0,0,6.175733138369694,4.648515559282604,9.163085112407739,-0.48081894011156534,0.9997676875659314,0.524362804478043,0.9903226415144071,-0.03226415144071125,True,4,0,4,0,0,0.3512515619055865,0.0,1.3920000000000599,0.5500000000004945,1.9927500000003207,no_trophic_selection_ablation,intact,intact,MockSimulator,43,-0.01,-0.01,-0.01,-0.01,-1,True,-1,True,1.762151270159421,1.1429358208252207,2.1027547027815854,1.762151270159421,3,45
20,1000.0,16,4,4,0,1,0,4.629813814332868,2.3636950852351264,9.141273581134095,0.5011081510712109,0.9998309331721666,0.5266002538613983,0.99,0.06773584855928876,True,6,0,6,0,0,0.3757063993961385,0.0,1.3850839999998144,1.4027500000004522,2.839208999999343,no_trophic_selection_ablation,intact,intact,MockSimulator,43,0.01,0.01,0.01,0.01,1,True,1,True,1.4577791591548586,0.25,2.2006350413960205,1.4577791591548586,3,48
21,1000.0,16,4,4,0,0,0,4.627738688432689,2.353731138612084,9.119575968465194,-0.5210161550743252,0.9998753585365734,0.5289384601476282,0.9893226415144071,-0.03226415144071125,True,6,0,6,0,0,0.39240055180457656,0.0,1.4542499999992131,0.9259590000008089,2.4465419999994964,no_trophic_selection_ablation,intact,intact,MockSimulator,43,-0.01,-0.01,-0.01,-0.01,-1,True,-1,True,1.5563089158493613,0.34973753585365736,2.298421942208282,1.5563089158493613,4,51
22,1000.0,16,4,4,0,0,0,4.6346918353360165,2.370481186099719,9.09799167941995,0.5405004622119923,0.9999068541544058,0.5306692962968173,0.989,0.06773584855928876,True,6,0,6,0,0,0.41319075194260213,0.0,1.6529999999992384,0.8523340000001767,2.6311669999996568,no_trophic_selection_ablation,intact,intact,MockSimulator,43,0.01,0.01,0.01,0.01,1,True,1,True,1.6547432923489522,0.4493784837332443,2.396114205681514,1.6547432923489522,4,55
23,1000.0,16,4,4,0,0,0,4.637934560312015,2.380519141504924,9.076520122124784,-0.5595272838612614,0.9999294120365786,0.5325193236159796,0.9883226415144071,-0.03226415144071125,True,6,0,6,0,0,0.517360294155623,0.0,1.4622920000002537,0.6855410000001783,2.222416999999588,no_trophic_selection_ablation,intact,intact,MockSimulator,43,-0.01,-0.01,-0.01,-0.01,-1,True,-1,True,1.7530814902602612,0.548922046453169,2.4937110326794905,1.7530814902602612,4,59
24,1000.0,16,4,4,0,0,0,4.644789443545954,2.3970986009221753,9.05516070779739,0.5780699824636242,0.9999457388444133,0.5344830821238568,0.988,0.06773584855928876,True,6,0,6,0,0,0.5447677015630306,0.0,1.501207999999643,0.8005420000003483,2.372042000000185,no_trophic_selection_ablation,intact,intact,MockSimulator,43,0.01,0.01,0.01,0.01,1,True,1,True,1.8513229826544424,0.6483676982911571,2.591211895531252,1.8513229826544424,4,63
25,1000.0,16,4,4,0,0,0,4.650681852703561,2.413572481061968,9.033912850730589,-0.5961078964507723,0.9999576856472342,0.5365552825619724,0.9873226415144071,-0.03226415144071125,True,6,0,6,0,0,0.6513366881320173,0.0,1.70841600000049,0.8259999999999934,2.607665999999398,no_trophic_selection_ablation,intact,intact,MockSimulator,43,-0.01,-0.01,-0.01,-0.01,-1,True,-1,True,1.9494674282365114,0.7477150991575894,2.6886164522004443,1.9494674282365114,4,67
26,1000.0,16,4,4,0,0,0,4.657420933787403,2.429941454261291,9.012775968276273,0.6136254285664385,0.9999665229276608,0.5387308017497139,0.987,0.06773584855928876,True,6,0,6,0,0,0.6773768002832408,0.0,1.4762080000005895,0.6709579999997217,2.220083000000095,no_trophic_selection_ablation,intact,intact,MockSimulator,43,0.01,0.01,0.01,0.01,1,True,1,True,2.047514613101041,0.8469640363511979,2.78592448804101,2.047514613101041,4,71
27,1000.0,16,4,4,0,0,0,4.663522158791898,2.4462061885756405,8.991749480829421,-0.6306113215995088,0.9999731320502215,0.5410046780569209,0.9863226415144071,-0.03226415144071125,True,6,0,6,0,0,0.6945604947486803,0.0,1.4056249999994108,0.6570000000003517,2.129124999999732,no_trophic_selection_ablation,intact,intact,MockSimulator,43,-0.01,-0.01,-0.01,-0.01,-1,True,-1,True,2.1454644116929615,0.9461143855198688,2.883135876757991,2.1454644116929615,4,75
28,1000.0,16,4,4,0,0,0,4.670144811109392,2.4623673478062824,8.970832811812212,0.6470580699653012,0.9999781275809341,0.5433721069911397,0.986,0.06773584855928876,True,6,0,6,0,0,0.7076718599844303,0.0,1.8472919999998894,0.8920410000001766,2.8045829999996386,no_trophic_selection_ablation,intact,intact,MockSimulator,43,0.01,0.01,0.01,0.01,1,True,1,True,2.243316760039362,1.0451660838924424,2.9802505536393262,2.243316760039362,4,79
29,1000.0,16,4,4,0,0,0,4.676381406690204,2.4784255915273454,8.950025387658206,-0.6629614312088026,0.9999819431365342,0.5458284368967671,0.9853226415144071,-0.03226415144071125,True,6,0,6,0,0,0.7244183478516084,0.0,1.4550409999998237,0.7113749999998475,2.2399999999995757,no_trophic_selection_ablation,intact,intact,MockSimulator,43,-0.01,-0.01,-0.01,-0.01,-1,True,-1,True,2.3410716375929765,1.1441191121222034,3.0772684973993405,2.3410716375929765,4,83
30,1000.0,16,5,5,0,1,0,3.746310074454063,1.3187225701410277,8.929326637796626,0.6783200124916786,0.9999848864146891,0.5483691647633729,0.985,0.06773584855928876,True,8,0,8,0,0,0.7362441713709797,0.0,1.4205409999998864,1.5786670000004221,3.066291000000554,no_trophic_selection_ablation,intact,intact,MockSimulator,43,0.01,0.01,0.01,0.01,1,True,1,True,2.000983243677482,0.25,3.17418971754341,2.000983243677482,4,87
31,1000.0,16,5,5,0,0,0,3.7523191366096333,1.3157294251853788,8.908735994636704,-0.6931349143511469,0.9999871784784337,0.5509899321405558,0.9843226415144071,-0.03226415144071125,True,8,0,8,0,0,0.752505612103187,0.0,1.4535829999999805,0.7492919999991798,2.2867920000004816,no_trophic_selection_ablation,intact,intact,MockSimulator,43,-0.01,-0.01,-0.01,-0.01,-1,True,-1,True,2.0989809782816478,0.34974871784784334,3.27101424567371,2.0989809782816478,5,91
32,1000.0,16,5,5,0,0,0,3.7654017233415202,1.341573563055619,8.88825289355212,0.7074094192139688,0.9999889790479176,0.5529832436249458,0.984,0.06773584855928876,True,8,0,8,0,0,0.7745365614778863,0.0,1.4535829999999805,0.7574999999997445,2.2958339999998856,no_trophic_selection_ablation,intact,intact,MockSimulator,43,0.01,0.01,0.01,0.01,1,True,1,True,2.1968808952081575,0.4493978670347873,3.367742129332828,2.1968808952081575,5,96
33,1000.0,16,5,5,0,0,0,3.7746638155736543,1.359179332548212,8.867876772865523,-0.7211487156321326,0.9999904049880841,0.5550764266771039,0.9833226415144071,-0.03226415144071125,True,8,0,8,0,0,0.7981703079057505,0.0,1.502583999999807,0.7537080000004082,2.3369999999998115,no_trophic_selection_ablation,intact,intact,MockSimulator,43,-0.01,-0.01,-0.01,-0.01,-1,True,-1,True,2.294683054811758,0.5489475096665609,3.464373427702303,2.294683054811758,5,101
34,1000.0,16,5,5,0,0,0,3.7875506763015614,1.3847172131158596,8.84760707383312,0.734359651753528,0.9999915422410225,0.5572646891097257,0.983,0.06773584855928876,True,8,0,8,0,0,0.8240026105237668,0.0,1.4487080000007424,1.3011669999993813,2.8300830000000943,no_trophic_selection_ablation,intact,intact,MockSimulator,43,0.01,0.01,0.01,0.01,1,True,1,True,2.3923875259810488,0.6483977163809965,3.560908208498703,2.3923875259810488,5,106
35,1000.0,16,5,5,0,0,0,3.798713630256779,1.4098605812640947,8.827443240629359,-0.7470505132665155,0.9999924548127109,0.5595433904743718,0.9823226415144071,-0.03226415144071125,True,8,0,8,0,0,0.9457452638140387,0.0,1.4912090000001044,0.8396250000002325,2.419791999999532,no_trophic_selection_ablation,intact,intact,MockSimulator,43,-0.01,-0.01,-0.01,-0.01,-1,True,-1,True,2.489994383936339,0.7477485641458865,3.6573465457714756,2.489994383936339,5,111
36,1000.0,16,5,5,0,0,0,3.8113923367097406,1.4350412343146814,8.807384720331694,0.7592308223323022,0.9999931905618056,0.5619080379087883,0.982,0.06773584855928876,True,8,0,8,0,0,0.9654429376783789,0.0,1.447833000000287,0.7825830000003364,2.3119999999998697,no_trophic_selection_ablation,intact,intact,MockSimulator,43,0.01,0.01,0.01,0.01,1,True,1,True,2.587503708608583,0.8470001346379212,3.7536885182818844,2.587503708608583,5,116
37,1000.0,16,5,5,0,0,0,3.8224671480472905,1.4600444011668192,8.787430962905411,-0.7709111548830838,0.9999937857229088,0.5643542820896383,0.9813226415144071,-0.03226415144071125,True,8,0,8,0,0,0.9748736089511563,0.0,1.4747090000000185,0.7828749999996276,2.3640000000000327,no_trophic_selection_ablation,intact,intact,MockSimulator,43,-0.01,-0.01,-0.01,-0.01,-1,True,-1,True,2.6849155834722653,0.9461525130755742,3.849934208335893,2.6849155834722653,5,121
38,1000.0,16,5,5,0,0,0,3.8349402495653266,1.4848713328345533,8.767581421188554,0.782102974305317,0.9999942677928322,0.5668779132880908,0.981,0.06773584855928876,True,8,0,8,0,0,0.9841698195631556,0.0,1.446666999999735,0.7829580000002778,2.3106249999997885,no_trophic_selection_ablation,intact,intact,MockSimulator,43,0.01,0.01,0.01,0.01,1,True,1,True,2.7822300946680762,1.045205787341782,3.946083700906841,2.7822300946680762,5,126
39,1000.0,16,5,5,0,0,0,3.8458676892355825,1.5095232715141387,8.747835550876916,-0.7928184799571008,0.9999946578913698,0.5694748575257693,0.9803226415144071,-0.03226415144071125,True,8,0,8,0,0,0.9908148643332004,0.0,1.4652499999998625,0.8193749999998445,2.364709000000076,no_trophic_selection_ablation,intact,intact,MockSimulator,43,-0.01,-0.01,-0.01,-0.01,-1,True,-1,True,2.8794473303625447,1.1441600473435771,4.042137082995071,2.8794473303625447,5,131
40,1000.0,16,6,6,0,1,0,3.215115136082998,0.8453822079644555,8.728192810509118,0.8030704692877603,0.9999949722365494,0.5721411728286254,0.98,0.06773584855928876,True,10,0,10,0,0,1.0009878705275495,0.0,1.476333000000274,1.7240420000002032,3.2805829999995595,no_trophic_selection_ablation,intact,intact,MockSimulator,43,0.01,0.01,0.01,0.01,1,True,1,True,2.522139483546531,0.25,4.1380944431357305,2.522139483546531,5,136
41,1000.0,16,6,6,0,0,0,3.225185285677323,0.8462345454041661,8.708652661451755,-0.8128722125362111,0.9999952234233875,0.574873045576357,0.9793226415144071,-0.03226415144071125,True,10,0,10,0,0,1.0130609197521663,0.0,1.5594160000000912,0.98445899999966,2.651082999999943,no_trophic_selection_ablation,intact,intact,MockSimulator,43,-0.01,-0.01,-0.01,-0.01,-1,True,-1,True,2.6196168664053228,0.34974952234233875,4.233955871034933,2.6196168664053228,6,141
42,1000.0,16,6,6,0,0,0,3.241470622560396,0.8720484071271282,8.689214567884633,0.8222373391398727,0.9999954211930855,0.5769849198983449,0.979,0.06773584855928876,True,10,0,10,0,0,1.0280800998460968,0.0,30.530415999999505,1.0886250000003983,31.715417000000024,no_trophic_selection_ablation,intact,intact,MockSimulator,43,0.01,0.01,0.01,0.01,1,True,1,True,2.716996791658227,0.44939931493930496,4.329721457283207,2.716996791658227,6,147
43,1000.0,16,6,6,0,0,0,3.2539200631218925,0.8931790346069519,8.669877996786072,-0.8311797350835844,0.9999955731523077,0.5791823700292227,0.9783226415144071,-0.03226415144071125,True,10,0,10,0,0,1.0555443375111806,0.0,1.465042000000416,0.8650829999998777,2.432624999999966,no_trophic_selection_ablation,intact,intact,MockSimulator,43,-0.01,-0.01,-0.01,-0.01,-1,True,-1,True,2.8142793521817993,0.5489494729395964,4.425391293141154,2.8142793521817993,6,153
44,1000.0,16,6,6,0,0,0,3.2699603200573435,0.9187000548145507,8.65064241791829,0.8397134504920587,0.99999568517881,0.581461128186906,0.978,0.06773584855928876,True,10,0,10,0,0,1.0798150387515788,0.0,1.463915999999621,0.8751250000003097,2.434750000000818,no_trophic_selection_ablation,intact,intact,MockSimulator,43,0.01,0.01,0.01,0.01,1,True,1,True,2.9114646413474983,0.6484000919845379,4.520965470365894,2.9114646413474983,6,159
45,1000.0,16,6,6,0,0,0,3.283144766620136,0.9440618739240414,8.631507303812862,-0.8478526168143654,0.9999957618416999,0.5838170630702704,0.9773226415144071,-0.03226415144071125,True,10,0,10,0,0,1.148873236324269,0.0,1.4809170000003036,0.8769170000002546,2.4534589999998246,no_trophic_selection_ablation,intact,intact,MockSimulator,43,-0.01,-0.01,-0.01,-0.01,-1,True,-1,True,3.0085527528903206,0.7477512680767233,4.616444081079698,3.0085527528903206,6,165
46,1000.0,16,6,6,0,0,0,3.298937583451432,0.9692654850379501,8.61247212975626,0.8556113729855899,0.9999958066144808,0.5862461761070253,0.977,0.06773584855928876,True,10,0,10,0,0,1.1836494209270025,0.0,1.4624579999997778,0.8802919999997272,2.4375830000007426,no_trophic_selection_ablation,intact,intact,MockSimulator,43,0.01,0.01,0.01,0.01,1,True,1,True,3.1055437807988784,0.8470030974700947,4.711827217660066,3.1055437807988784,6,171
47,1000.0,16,6,6,0,0,0,3.3120775096622297,0.9943118750637915,8.593536373775459,-0.8630037999734336,0.9999958221300946,0.588744597797082,0.9763226415144071,-0.03226415144071125,True,10,0,10,0,0,1.2026629158048605,0.0,1.4732500000000925,0.9006249999998772,2.469125000000183,no_trophic_selection_ablation,intact,intact,MockSimulator,43,-0.01,-0.01,-0.01,-0.01,-1,True,-1,True,3.2024378192310894,0.946155676585634,4.807114972655416,3.2024378192310894,6,177
48,1000.0,16,6,6,0,0,0,3.3276254426826366,1.0192020247527138,8.57469951662363,0.8700438631393559,0.9999958102890035,0.5913085841490936,0.976,0.06773584855928876,True,10,0,10,0,0,1.2213012243028616,0.0,1.462917000000452,1.0183750000001268,2.576375000000297,no_trophic_selection_ablation,intact,intact,MockSimulator,43,0.01,0.01,0.01,0.01,1,True,1,True,3.2992349624407584,1.0452091019379488,4.90230743871166,3.2992349624407584,6,183
49,1000.0,16,6,4,2,0,0,3.3406135163590194,1.0439369087379016,8.555961041765897,-0.8767453618594572,0.9999957724198137,0.5939345132079059,0.9753226415144071,-0.03226415144071125,True,10,0,10,0,0,1.2250069256310132,0.0,1.537792000000593,0.9813329999994735,2.62741600000016,no_trophic_selection_ablation,intact,intact,MockSimulator,43,-0.01,-0.01,-0.01,-0.01,-1,True,-1,True,3.395935304720299,1.1441634700779924,4.997404708514931,3.395935304720299,6,189
50,1000.0,16,6,4,2,0,0,3.355920009602883,1.0685174955727408,8.537320435365174,0.8831218858683634,0.9999957093283969,0.5966188816707061,0.975,0.06773584855928876,True,10,0,10,0,0,1.2431284631349033,0.0,1.4825830000004814,0.9250839999994653,2.504166000000474,no_trophic_selection_ablation,intact,intact,MockSimulator,43,0.01,0.01,0.01,0.01,1,True,1,True,3.492538940348419,1.243018877540754,5.092406874739256,3.492538940348419,6,195
51,1000.0,16,6,4,2,0,0,3.3687003991032882,1.0929447477687444,8.518777186268075,-0.8891867778049569,0.9999956214026438,0.599358301589711,0.9743226415144071,-0.03226415144071125,True,10,0,10,0,0,1.2366397992932985,0.0,1.4565000000006378,0.9249579999996982,2.4756249999997593,no_trophic_selection_ablation,intact,intact,MockSimulator,43,-0.01,-0.01,-0.01,-0.01,-1,True,-1,True,3.5890459635483345,1.3417754208034776,5.187314030004781,3.5890459635483345,6,200
52,1000.0,16,6,4,2,0,0,3.3837693103790514,1.1172196218332417,8.500330785990895,0.8949531014578189,0.9999955086272948,0.6021494971592876,0.974,0.06773584855928876,True,10,0,10,0,0,1.260535714698647,0.0,1.4594580000002466,0.9265000000002743,2.4808329999999046,no_trophic_selection_ablation,intact,intact,MockSimulator,43,0.01,0.01,0.01,0.01,1,True,1,True,3.685456468447516,1.4404331962454036,5.282126266837505,3.685456468447516,6,200
53,1000.0,16,6,4,2,0,0,3.3963612985698117,1.1413430683068329,8.481980728705672,-0.9004336152263357,0.9999953706543937,0.6049893015854452,0.9733226415144071,-0.03226415144071125,True,10,0,10,0,0,1.2567628986878852,0.0,1.4493340000001353,0.953707999999942,2.496542000000268,no_trophic_selection_ablation,intact,intact,MockSimulator,43,-0.01,-0.01,-0.01,-0.01,-1,True,-1,True,3.781770549044508,1.5389923001145975,5.376843677636107,3.781770549044508,6,200
54,1000.0,16,6,4,2,0,0,3.411196246742453,1.1653160318006093,8.463726511226312,0.905640750334781,0.9999952067972803,0.6078746540356927,0.973,0.06773584855928876,True,10,0,10,0,0,1.2514822711597824,0.0,1.464083000000116,0.9479999999992827,2.509041999999795,no_trophic_selection_ablation,intact,intact,MockSimulator,43,0.01,0.01,0.01,0.01,1,True,1,True,3.8779882991751915,1.637452828494211,5.471466354638199,3.8779882991751915,6,200
55,1000.0,16,6,4,2,0,0,3.4235527566217194,1.1891394510331426,8.445567632994793,-0.9105865933575041,0.9999950160791222,0.6108025966672962,0.9723226415144071,-0.03226415144071125,True,10,0,10,0,0,1.2553228722974632,0.0,1.565540999999726,1.0872090000004775,2.7499579999998858,no_trophic_selection_ablation,intact,intact,MockSimulator,43,-0.01,-0.01,-0.01,-0.01,-1,True,-1,True,3.974109812483928,1.735814877273629,5.565994389891473,3.974109812483928,6,200
56,1000.0,16,6,4,2,0,0,3.438157801845153,1.2128142588672421,8.427503596067437,0.9152828726367945,0.9999947972134798,0.6137702717320213,0.972,0.06773584855928876,True,10,0,10,0,0,1.2407553709113515,0.0,1.4590410000003828,0.9735419999996608,2.533042000000485,no_trophic_selection_ablation,intact,intact,MockSimulator,43,0.01,0.01,0.01,0.01,1,True,1,True,4.070135182392792,1.8340785421177033,5.66042787522293,4.070135182392792,6,200
57,1000.0,16,7,5,2,1,0,2.9573487485951055,0.7629235257089109,8.409533905101258,-0.9197409481977428,0.9999945486381869,0.6167749187554904,0.9713226415144071,-0.03226415144071125,True,12,0,12,0,0,1.2358866092367826,0.0,1.455500000000498,1.8543749999997416,3.4045830000000166,no_trophic_selection_ablation,intact,intact,MockSimulator,43,-0.01,-0.01,-0.01,-0.01,-1,True,-1,True,3.6066267160636154,0.25,5.754766902211526,3.6066267160636154,6,200
58,1000.0,16,7,5,2,0,0,2.9763878928124847,0.7981980131149023,8.391658067340376,0.9239718047890075,0.9999942684865593,0.6198138717893279,0.971,0.06773584855928876,True,12,0,12,0,0,1.2433666154309906,0.0,1.4909589999998474,1.0314160000000072,2.6319170000004277,no_trophic_selection_ablation,intact,intact,MockSimulator,43,0.01,0.01,0.01,0.01,1,True,1,True,3.7030195161962083,0.34974942684865595,5.849011562157971,3.7030195161962083,7,200
59,1000.0,16,7,4,3,0,0,2.988421427469631,0.8103480192937124,8.373875592602511,-0.927986047701962,0.9999939546109812,0.6221321335370572,0.9703226415144071,-0.03226415144071125,True,12,0,12,0,0,1.2527580808394054,0.0,1.4888329999998007,1.0528750000000642,2.6503749999999826,no_trophic_selection_ablation,intact,intact,MockSimulator,43,-0.01,-0.01,-0.01,-0.01,-1,True,-1,True,3.79931589214111,0.44939907288290537,5.943161946056911,3.79931589214111,7,200
60,1000.0,16,7,4,3,0,0,3.0071821950885,0.8452257243272232,8.35618599326553,0.9317939010453555,0.999993604546946,0.6245097392661616,0.97,0.06773584855928876,True,12,0,12,0,0,1.2689584651545447,0.0,1.4709160000005994,1.1286669999996946,2.7080829999999168,no_trophic_selection_ablation,intact,intact,MockSimulator,43,0.01,0.01,0.01,0.01,1,True,1,True,3.8955159367036636,0.5489490342647171,6.037218144565549,3.8955159367036636,7,200
61,1000.0,16,7,4,3,0,0,3.0199009766269973,0.8661578789512879,8.33858878425409,-0.9354052081759329,0.9999932155290023,0.626943387912687,0.9693226415144071,-0.03226415144071125,True,12,0,12,0,0,1.2895979856023674,0.0,1.5141249999999218,1.1226250000007099,2.753999999999479,no_trophic_selection_ablation,intact,intact,MockSimulator,43,-0.01,-0.01,-0.01,-0.01,-1,True,-1,True,3.9916197423198603,0.6483994067833526,6.131180247973884,3.9916197423198603,7,200
62,1000.0,16,7,4,3,0,0,3.038380513608812,0.900568644501657,8.321083483026325,0.9388294340092402,0.9999927844487236,0.6294298867176449,0.969,0.06773584855928876,True,12,0,12,0,0,1.357093161104454,0.0,1.467082999999647,1.0407500000004788,2.6168330000002626,no_trophic_selection_ablation,intact,intact,MockSimulator,43,0.01,0.01,0.01,0.01,1,True,1,True,4.087627401022413,0.7477502858214415,6.225048346170782,4.087627401022413,7,200
63,1000.0,16,7,4,3,0,0,3.05146123354064,0.9240127636570417,8.303669609560618,-0.9420756689570218,0.9999923078646505,0.6319661482152393,0.9683226415144071,-0.03226415144071125,True,12,0,12,0,0,1.369056493324483,0.0,1.4680839999998696,1.0344159999995384,2.6102080000001138,no_trophic_selection_ablation,intact,intact,MockSimulator,43,-0.01,-0.01,-0.01,-0.01,-1,True,-1,True,4.183539004407854,0.8470017663220852,6.318822528611076,4.183539004407854,7,200
64,1000.0,16,7,4,3,0,0,3.0696593574727054,0.9579394797916356,8.286346686342442,0.9451526342598167,0.999991781954644,0.634549187298243,0.968,0.06773584855928876,True,12,0,12,0,0,1.3780099897479312,0.0,1.4507919999999785,1.0476669999999189,2.606208000000443,no_trophic_selection_ablation,intact,intact,MockSimulator,43,0.01,0.01,0.01,0.01,1,True,1,True,4.279354643598912,0.9461539427512276,6.412502884277929,4.279354643598912,7,200
65,1000.0,16,7,4,3,0,0,3.0825760114982086,0.9815852938096313,8.269114238351259,-0.9480686885037852,0.9999912025208377,0.6371761183586403,0.9673226415144071,-0.03226415144071125,True,12,0,12,0,0,1.3829930893988633,0.0,1.462208000000409,1.1245830000001789,2.6943749999999156,no_trophic_selection_ablation,intact,intact,MockSimulator,43,-0.01,-0.01,-0.01,-0.01,-1,True,-1,True,4.375074409207396,1.04520690906056,6.506089501645734,4.375074409207396,7,200
66,1000.0,16,7,4,3,0,0,3.1004968999132805,1.0150303228796536,8.251971793047497,0.9508318351309604,0.9999905649364391,0.6398441525017025,0.967,0.06773584855928876,True,12,0,12,0,0,1.3882845697412263,0.0,1.4649999999996055,1.1894159999998877,2.761540999999923,no_trophic_selection_ablation,intact,intact,MockSimulator,43,0.01,0.01,0.01,0.01,1,True,1,True,4.470698391291832,1.1441607586451434,6.599582468637732,4.470698391291832,7,200
67,1000.0,16,7,4,3,0,0,3.113218567031184,1.0384881015587168,8.234918880359597,-0.953449730770421,0.9999898641463247,0.6425505948316987,0.966322641514407,-0.03226415144071125,True,12,0,12,0,0,1.3977832330864652,0.0,1.4778330000000395,1.1430829999996561,2.74341700000047,no_trophic_selection_ablation,intact,intact,MockSimulator,43,-0.01,-0.01,-0.01,-0.01,-1,True,-1,True,4.566226679315174,1.2430155843011308,6.692981872583728,4.566226679315174,7,200
68,1000.0,16,7,4,3,0,0,3.1308665969290628,1.0714570468721645,8.217955032671114,0.9559296942357582,0.9999890946081108,0.6452928418074945,0.966,0.06773584855928876,True,12,0,12,0,0,1.4034647608747726,0.0,1.4742919999992665,1.0944160000008196,2.6780000000004023,no_trophic_selection_ablation,intact,intact,MockSimulator,43,0.01,0.01,0.01,0.01,1,True,1,True,4.66165936209667,1.3417714781776409,6.786287800171955,4.66165936209667,7,200
69,1000.0,16,7,3,4,0,0,3.1433587119746145,1.0945639867872057,8.2010797848079,-0.9582787160502344,0.9999882502887866,0.6480683786663257,0.965322641514407,-0.03226415144071125,True,12,0,12,0,0,1.40618594813012,0.0,1.4796249999999844,1.0930409999998503,2.6815419999994816,no_trophic_selection_ablation,intact,intact,MockSimulator,43,-0.01,-0.01,-0.01,-0.01,-1,True,-1,True,4.756996527763451,1.4404285317283418,6.879500337400661,4.756996527763451,7,200
70,1000.0,16,7,3,4,0,0,3.1607385116291624,1.1270637668845793,8.184292674025349,0.9605034683765619,0.9999873245997236,0.6508747769140807,0.965,0.06773584855928876,True,12,0,12,0,0,1.4022729552432844,0.0,1.4719169999999338,1.0930829999997727,2.67362500000079,no_trophic_selection_ablation,intact,intact,MockSimulator,43,0.01,0.01,0.01,0.01,1,True,1,True,4.85223826369566,1.5389868356565857,6.972619569523233,4.85223826369566,7,200
71,1000.0,16,7,3,4,0,0,3.172954078417381,1.14968683589365,8.167593239995703,-0.9626103152419662,0.9999863103895973,0.653709691880459,0.964322641514407,-0.03226415144071125,True,12,0,12,0,0,1.4036035484459424,0.0,1.4877499999998989,1.128165999999986,2.72383300000012,no_trophic_selection_ablation,intact,intact,MockSimulator,43,-0.01,-0.01,-0.01,-0.01,-1,True,-1,True,4.947384656470924,1.637446479859889,7.06564558099267,4.947384656470924,7,200
72,1000.0,16,7,3,4,0,0,3.190070639698046,1.1817254244591153,8.150981024795435,0.9646053229624525,0.9999851998729047,0.6565708603374165,0.964,0.06773584855928876,True,12,0,12,0,0,1.4029030302511316,0.0,1.5046249999999262,1.282416999999647,2.8952920000007154,no_trophic_selection_ablation,intact,intact,MockSimulator,43,0.01,0.01,0.01,0.01,1,True,1,True,5.042435791801744,1.7358075533673194,7.158578455398968,5.042435791801744,7,200
73,1000.0,16,7,3,4,0,0,3.202022147384337,1.2038852429510778,8.134455572892687,-0.966494270681757,0.9999839846193412,0.6594560981793435,0.963322641514407,-0.03226415144071125,True,12,0,12,0,0,1.4028472995447165,0.0,1.5128329999996026,1.1556669999999158,2.782084000000573,no_trophic_selection_ablation,intact,intact,MockSimulator,43,-0.01,-0.01,-0.01,-0.01,-1,True,-1,True,5.137391754471876,1.8340701442758862,7.251418275405503,5.137391754471876,7,200
74,1000.0,16,7,3,4,0,0,3.2188803014070535,1.2354703744332647,8.118016431134782,0.9682826609515873,0.9999826554753332,0.6623632981634584,0.963,0.06773584855928876,True,12,0,12,0,0,1.3954472796446957,0.0,1.4513330000003322,1.1165829999999488,2.6776249999995727,no_trophic_selection_ablation,intact,intact,MockSimulator,43,0.01,0.01,0.01,0.01,1,True,1,True,5.232252628264938,1.9322343396791437,7.344165122677631,5.232252628264938,7,200
75,1000.0,16,7,3,4,0,0,3.230515590589607,1.2570404626449379,8.101663148735796,-0.9699757302893243,0.9999812025499923,0.665290427708937,0.962322641514407,-0.03226415144071125,True,12,0,12,0,0,1.389496053726364,0.0,1.4462090000000316,1.124083000000553,2.6774999999998883,no_trophic_selection_ablation,intact,intact,MockSimulator,43,-0.01,-0.01,-0.01,-0.01,-1,True,-1,True,5.327018495891672,2.030300225594464,7.436819077809952,5.327018495891672,7,200
76,1000.0,16,8,4,4,1,0,2.8412305052733346,0.7716021758604231,8.085395277264197,0.9715784596585566,0.999979615129129,0.6682355267533311,0.962,0.06773584855928876,True,14,0,14,0,0,1.384321152727387,0.0,1.4405840000000225,2.0057499999994732,3.554750000000162,no_trophic_selection_ablation,intact,intact,MockSimulator,43,0.01,0.01,0.01,0.01,1,True,1,True,4.7752282590451065,0.25,7.529380220245055,4.7752282590451065,7,200
77,1000.0,16,8,4,4,0,0,2.8519075310653177,0.7723239141620083,8.06921237063055,-0.9730955848256062,0.9999778816578961,0.6711967056648659,0.961322641514407,-0.03226415144071125,True,14,0,14,0,0,1.3919764291951022,0.0,1.5049999999998676,1.1833330000001752,2.8100829999999632,no_trophic_selection_ablation,intact,intact,MockSimulator,43,-0.01,-0.01,-0.01,-0.01,-1,True,-1,True,4.870450818951851,0.3497477881657896,7.621848628190599,4.870450818951851,8,200
78,1000.0,16,8,4,4,0,0,2.8708413781682873,0.7968382018283334,8.053113985075283,0.9745316065527048,0.9999759896467222,0.6733972217520292,0.961,0.06773584855928876,True,14,0,14,0,0,1.398441078046555,0.0,1.6082910000001505,1.3335000000003205,3.0959999999993215,no_trophic_selection_ablation,intact,intact,MockSimulator,43,0.01,0.01,0.01,0.01,1,True,1,True,4.9655779670975715,0.4493956393422961,7.714224378527081,4.9655779670975715,8,200
79,1000.0,16,8,3,5,0,0,2.8818348623327688,0.8151498487812955,8.037099679156517,-0.9758908005947131,0.999973925650767,0.67564123851344,0.960322641514407,-0.03226415144071125,True,14,0,14,0,0,1.415928361113349,0.0,1.4905000000000612,1.2354580000000226,2.8548749999997014,no_trophic_selection_ablation,intact,intact,MockSimulator,43,-0.01,-0.01,-0.01,-0.01,-1,True,-1,True,5.06060978169555,0.5489436362680304,7.806507546713631,5.06060978169555,8,200
80,1000.0,16,8,3,5,0,0,2.900501200190463,0.8394149501121632,8.021169013737966,0.9771772274723198,0.9999716751672013,0.6779261357156936,0.96,0.06773584855928876,True,14,0,14,0,0,1.420864154700764,0.0,1.503500000000102,1.2248330000002028,2.8525000000003686,no_trophic_selection_ablation,intact,intact,MockSimulator,43,0.01,0.01,0.01,0.01,1,True,1,True,5.155546339430575,0.6483918601484826,7.898698206683637,5.155546339430575,8,200
81,1000.0,16,8,3,5,0,0,2.9116645353799893,0.8618645940540375,8.005321551976888,-0.9783947419995462,0.9999692226116244,0.6802493805344517,0.959322641514407,-0.03226415144071125,True,14,0,14,0,0,1.4629800298507387,0.0,1.4842919999997761,1.2231250000001026,2.8303750000002736,no_trophic_selection_ablation,intact,intact,MockSimulator,43,-0.01,-0.01,-0.01,-0.01,-1,True,-1,True,5.250387715352307,0.7477403905494965,7.990796430738116,5.250387715352307,8,200
82,1000.0,16,8,3,5,0,0,2.930066131258,0.8858578816745957,7.9895568593121125,0.9795470025481986,0.9999665512061137,0.6826085251061732,0.959,0.06773584855928876,True,14,0,14,0,0,1.4906293936208046,0.0,1.5334999999998544,1.2692499999999995,2.9263330000004473,no_trophic_selection_ablation,intact,intact,MockSimulator,43,0.01,0.01,0.01,0.01,1,True,1,True,5.345133982757566,0.8469893052795584,8.08280228942799,5.345133982757566,8,200
83,1000.0,16,8,3,5,0,0,2.9413166233040324,0.9093998117949691,7.973874503452121,-0.9806374800356779,0.9999636429527989,0.685001204142812,0.958322641514407,-0.03226415144071125,True,14,0,14,0,0,1.5079849585075653,0.0,1.6067079999997347,1.724792000000086,3.459000000000323,no_trophic_selection_ablation,intact,intact,MockSimulator,43,-0.01,-0.01,-0.01,-0.01,-1,True,-1,True,5.439785213070088,0.9461386802695587,8.174715851433842,5.439785213070088,8,200
84,1000.0,16,8,3,5,0,0,2.959456115989801,0.9331165117165237,7.958274054363197,0.9816694666263308,0.9999604785121088,0.6874251326079428,0.958,0.06773584855928876,True,14,0,14,0,0,1.5152122692065157,0.0,1.5569170000002686,1.2639999999999318,2.9552080000003755,no_trophic_selection_ablation,intact,intact,MockSimulator,43,0.01,0.01,0.01,0.01,1,True,1,True,5.534341475708229,1.0451885894405,8.266537183433618,5.534341475708229,8,200
85,1000.0,16,8,3,5,0,0,2.970539632561186,0.9566952140066165,7.942755084257625,-0.9826460841393709,0.9999570371737538,0.6898781034528113,0.957322641514407,-0.03226415144071125,True,14,0,14,0,0,1.5210932409099902,0.0,1.465458000000197,1.2446669999999216,2.832708000000572,no_trophic_selection_ablation,intact,intact,MockSimulator,43,-0.01,-0.01,-0.01,-0.01,-1,True,-1,True,5.628802837949896,1.1441391045684348,8.35826634996756,5.628802837949896,8,200
86,1000.0,16,8,3,5,0,0,2.9884213218821243,0.9801367216161789,7.927317167581968,0.9835702921593229,0.9999532967246074,0.6923579854108418,0.957,0.06773584855928876,True,14,0,14,0,0,1.529580983193843,0.0,1.4691670000006596,1.2514999999995169,2.8427080000001936,no_trophic_selection_ablation,intact,intact,MockSimulator,43,0.01,0.01,0.01,0.01,1,True,1,True,5.7231693647844075,1.2429902951363272,8.449903413290054,5.7231693647844075,8,200
87,1000.0,16,8,3,5,0,0,2.9993507858397654,1.0034418328241042,7.911959881005397,-0.9844448958470232,0.9999492334174211,0.6948627208491701,0.956322641514407,-0.03226415144071125,True,14,0,14,0,0,1.5390037053761665,0.0,1.4900419999994696,1.2919580000003705,2.9057500000000402,no_trophic_selection_ablation,intact,intact,MockSimulator,43,-0.01,-0.01,-0.01,-0.01,-1,True,-1,True,5.817441118761366,1.341742228182933,8.541448433218505,5.817441118761366,8,200
88,1000.0,16,8,3,5,0,0,3.0169787426020966,1.0266113412644318,7.896682803408079,0.9852725534514424,0.9999448218277935,0.6973903236758009,0.956,0.06773584855928876,True,14,0,14,0,0,1.5426657355560076,0.0,1.4859999999998763,1.3726670000000496,2.9820830000000242,no_trophic_selection_ablation,intact,intact,MockSimulator,43,0.01,0.01,0.01,0.01,1,True,1,True,5.911618159825383,1.4403949681375294,8.632901466968066,5.911618159825383,8,200
89,1000.0,16,8,2,6,0,0,3.027679702243363,1.0496460359533744,7.881485515869633,-0.9860557835240711,0.999940034821021,0.6999388773010268,0.955322641514407,-0.03226415144071125,True,14,0,14,0,0,1.543156421351,0.0,1.5021250000000208,1.3082920000000442,2.9402499999999776,no_trophic_selection_ablation,intact,intact,MockSimulator,43,-0.01,-0.01,-0.01,-0.01,-1,True,-1,True,6.005700545147661,1.5389485766514939,8.724262568983201,6.005700545147661,8,200
90,1000.0,16,8,2,6,0,0,3.045058515850631,1.0725467013161867,7.86636760165764,0.9867969718392751,0.9999348433976336,0.7025065326517733,0.955,0.06773584855928876,True,14,0,14,0,0,1.5429168042661452,0.0,1.5137090000001407,1.2831250000004957,2.919665999999488,no_trophic_selection_ablation,intact,intact,MockSimulator,43,0.01,0.01,0.01,0.01,1,True,1,True,6.0996883289422765,1.6374031124146058,8.815531790753981,6.0996883289422765,8,200
91,1000.0,16,8,2,6,0,0,3.055518627446131,1.0953141172138787,7.851328646216216,-0.9874983780250222,0.999929216658874,0.7050915062375696,0.954322641514407,-0.03226415144071125,True,14,0,14,0,0,1.5442860160584937,0.0,1.4955830000005221,1.2867079999994147,2.9045000000005317,no_trophic_selection_ablation,intact,intact,MockSimulator,43,-0.01,-0.01,-0.01,-0.01,-1,True,-1,True,6.1935815622792205,1.7357586309680786,8.906709180629115,6.1935815622792205,8,200
92,1000.0,16,8,2,6,0,0,3.072652924580368,1.1179490589697731,7.836368237154648,0.9881621419096034,0.999923121640307,0.7076920782668732,0.954,0.06773584855928876,True,14,0,14,0,0,1.5490719168428164,0.0,1.488458999999942,1.2980000000002434,2.9095420000002647,no_trophic_selection_ablation,intact,intact,MockSimulator,43,0.01,0.01,0.01,0.01,1,True,1,True,6.2873802928809726,1.8340151845011412,8.997794783612516,6.2873802928809726,8,200
93,1000.0,16,8,2,6,0,0,3.0829016281015176,1.1404522973959075,7.82148596423608,-0.9887902895905848,0.9999165232765209,0.7103065908125097,0.953322641514407,-0.03226415144071125,True,14,0,14,0,0,1.5495616275375719,0.0,1.5202500000004449,1.2990839999993398,2.9426250000001986,no_trophic_selection_ablation,intact,intact,MockSimulator,43,-0.01,-0.01,-0.01,-0.01,-1,True,-1,True,6.381084564915744,1.9321728216442922,9.088788641156556,6.381084564915744,8,200
94,1000.0,16,9,3,6,1,0,2.7553740015884802,0.752305137367709,7.806681419366267,0.9893847392330992,0.9999093842223501,0.712933446025014,0.953,0.06773584855928876,True,16,0,16,0,0,1.556246785262763,0.0,1.6083749999999952,2.347250000000578,4.077999999999804,no_trophic_selection_ablation,intact,intact,MockSimulator,43,0.01,0.01,0.01,0.01,1,True,1,True,5.783061705576056,0.25,9.179690790937634,5.783061705576056,8,200
95,1000.0,16,9,3,6,0,0,2.764879958228012,0.7528614594337072,7.791954196582384,-0.9899473066049064,0.9999016648175026,0.715571104392693,0.952322641514407,-0.03226415144071125,True,16,0,16,0,0,1.5598860634127316,0.0,1.5008330000005898,1.3684999999998837,3.0082499999997125,no_trophic_selection_ablation,intact,intact,MockSimulator,43,-0.01,-0.01,-0.01,-0.01,-1,True,-1,True,5.877268810352231,0.34974016648175027,9.270501266628449,5.877268810352231,9,200
96,1000.0,16,9,3,6,0,0,2.7837883559191354,0.7767737002652154,7.777303892041892,0.9904797103562533,0.9998933228949729,0.717467149631431,0.952,0.06773584855928876,True,16,0,16,0,0,1.5621401674427702,0.0,1.483750000000228,1.422499999999438,3.0434579999996103,no_trophic_selection_ablation,intact,intact,MockSimulator,43,0.01,0.01,0.01,0.01,1,True,1,True,5.971380873831375,0.4493797586047658,9.361220097651318,5.971380873831375,9,200
97,1000.0,16,9,3,6,0,0,2.7933521839141586,0.7936764969170148,7.7627301040114665,-0.9909835770526594,0.9998843137464152,0.7194011246188624,0.951322641514407,-0.03226415144071125,True,16,0,16,0,0,1.5739286847265017,0.0,1.6032079999996895,1.6198750000002704,3.379041999999721,no_trophic_selection_ablation,intact,intact,MockSimulator,43,-0.01,-0.01,-0.01,-0.01,-1,True,-1,True,6.065397924332185,0.5489188102208026,9.451847308928308,6.065397924332185,9,200
98,1000.0,16,9,3,6,0,0,2.8120059191275892,0.817358172790415,7.748232432855982,0.9914604459691492,0.9998745899173667,0.7213707537469439,0.951,0.06773584855928876,True,16,0,16,0,0,1.5795015918225168,0.0,1.5513750000000215,1.5996669999998048,3.3007500000001855,no_trophic_selection_ablation,intact,intact,MockSimulator,43,0.01,0.01,0.01,0.01,1,True,1,True,6.1593199853995895,0.6483573504023185,9.542382920611114,6.1593199853995895,9,200
99,1000.0,16,9,3,6,0,0,2.821752436209715,0.8381997433820901,7.733810481027549,-0.991911773654383,0.999864101174309,0.7233738372600546,0.950322641514407,-0.03226415144071125,True,16,0,16,0,0,1.6388304258425297,0.0,1.7594580000004356,1.980291999999828,3.9893339999999,no_trophic_selection_ablation,intact,intact,MockSimulator,43,-0.01,-0.01,-0.01,-0.01,-1,True,-1,True,6.25314707553162,0.747695403169347,9.632826947807935,6.25314707553162,9,200
100,1000.0,16,9,3,6,0,0,2.840154147007725,0.8616299065511285,7.719463853054619,0.9923389382733725,0.9998527942863686,0.7254082491311421,0.95,0.06773584855928876,True,16,0,16,0,0,1.654150788373287,0.0,1.5522910000003165,1.4606669999999156,3.171458999999821,no_trophic_selection_ablation,intact,intact,MockSimulator,43,0.01,0.01,0.01,0.01,1,True,1,True,6.346879207884727,0.8469329871948146,9.723179400288764,6.346879207884727,9,200
101,1000.0,16,9,3,6,0,0,2.84984917983546,0.8833613940382382,7.705192155531134,-0.9927432437372785,0.9998406129951382,0.7274719349924821,0.949322641514407,-0.03226415144071125,True,16,0,16,0,0,1.6719066437638244,0.0,1.4982919999999567,1.4213330000005797,3.0601670000001135,no_trophic_selection_ablation,intact,intact,MockSimulator,43,-0.01,-0.01,-0.01,-0.01,-1,True,-1,True,6.440516389976356,0.9460701155071336,9.813440282187988,6.440516389976356,9,200
102,1000.0,16,9,3,6,0,0,2.8680025684320203,0.9065364381449486,7.690994997105741,0.9931259236289129,0.9998274977825665,0.729562910119716,0.949,0.06773584855928876,True,16,0,16,0,0,1.6827120181650024,0.0,1.528959000000718,1.4314579999998855,3.100209000000298,no_trophic_selection_ablation,intact,intact,MockSimulator,43,0.01,0.01,0.01,0.01,1,True,1,True,6.534058623364635,1.0451067951698831,9.903609591684056,6.534058623364635,9,200
103,1000.0,16,9,3,6,0,0,2.8775882231898757,0.9283979844823449,7.676871988471063,-0.9934881449322791,0.9998133858447484,0.7316792574678636,0.948322641514407,-0.03226415144071125,True,16,0,16,0,0,1.6965012407516005,0.0,1.5381669999996461,2.135749999999881,3.8237499999995705,no_trophic_selection_ablation,intact,intact,MockSimulator,43,-0.01,-0.01,-0.01,-0.01,-1,True,-1,True,6.627505903325746,1.1440430269591881,9.993687320676848,6.627505903325746,9,200
104,1000.0,16,9,3,6,0,0,2.8954972066393148,0.9513186159943511,7.662822742353019,0.993831011574539,0.9997982108457694,0.7338191257580373,0.948,0.06773584855928876,True,16,0,16,0,0,1.7011738083396901,0.0,1.5637499999998639,1.4975420000000739,3.2097919999998226,no_trophic_selection_ablation,intact,intact,MockSimulator,43,0.01,0.01,0.01,0.01,1,True,1,True,6.720858218506999,1.242878805016806,10.08367345444075,6.720858218506999,9,200
105,1000.0,16,9,3,6,0,0,2.904878900692337,0.973027859145432,7.64884687350021,-0.9941555677884439,0.9997819028968057,0.735980727613617,0.947322641514407,-0.03226415144071125,True,16,0,16,0,0,1.7036496310345166,0.0,1.5057089999999107,1.471582999999832,3.1167500000002235,no_trophic_selection_ablation,intact,intact,MockSimulator,43,-0.01,-0.01,-0.01,-0.01,-1,True,-1,True,6.814115550578172,1.3416141165014699,10.17356797127599,6.814115550578172,9,200
106,1000.0,16,9,2,7,0,0,2.9225479897112474,0.9956963756082662,7.634943998673348,0.99446280130326,0.9997643882957417,0.7381623377446703,0.947,0.06773584855928876,True,16,0,16,0,0,1.7187121465720363,0.0,1.5162079999999634,1.4556670000001048,3.112209000000199,no_trophic_selection_ablation,intact,intact,MockSimulator,43,0.01,0.01,0.01,0.01,1,True,1,True,6.907277873857168,1.4402489412145425,10.263370842134288,6.907277873857168,9,200
107,1000.0,16,9,2,7,0,0,2.9317728429232734,1.017260330340145,7.621113736634754,-0.9947536463718363,0.9997455895130654,0.7403622911794361,0.946322641514407,-0.03226415144071125,True,16,0,16,0,0,1.719063832668141,0.0,1.4998340000005328,1.4693330000001836,3.1097090000002936,no_trophic_selection_ablation,intact,intact,MockSimulator,43,-0.01,-0.01,-0.01,-0.01,-1,True,-1,True,7.0003451549346165,1.5387832512246344,10.35308203024346,7.0003451549346165,9,200
108,1000.0,16,9,2,7,0,0,2.9492061283924316,1.0396789766939,7.607355708137899,0.9950289866414127,0.9997254249171266,0.7425789815417133,0.946,0.06773584855928876,True,16,0,16,0,0,1.7133037711709482,0.0,1.508874999999854,1.7225409999994667,3.3712499999998258,no_trophic_selection_ablation,intact,intact,MockSimulator,43,0.01,0.01,0.01,0.01,1,True,1,True,7.093317352271394,1.6372170104651225,10.442701490704929,7.093317352271394,9,200
109,1000.0,16,9,2,7,0,0,2.95817374620083,1.0609713547797468,7.593669535917005,-0.9952896578753687,0.9997038087684534,0.7448108593730277,0.945322641514407,-0.03226415144071125,True,16,0,16,0,0,1.7148566226841844,0.0,1.5389580000002567,1.5240419999997812,3.21495899999924,no_trophic_selection_ablation,intact,intact,MockSimulator,43,-0.01,-0.01,-0.01,-0.01,-1,True,-1,True,7.186194415795969,1.7355501743315027,10.53222917009107,7.186194415795969,9,200
110,1000.0,16,9,2,7,0,0,2.971639610132957,1.083143076687508,7.580054844676703,0.9955364505330304,-0.9996806509305738,0.7470564304984728,0.9456452830288141,0.06773584855928876,False,16,0,16,0,0,1.7195635105728897,0.0,1.5096660000004647,1.5028749999999036,3.1522500000003006,no_trophic_selection_ablation,intact,intact,MockSimulator,43,0.01,-0.01,-0.01,-0.01,-1,True,1,False,6.879104026101,1.4339104288779991,10.221792745641807,6.879104026101,9,200
111,1000.0,16,9,2,7,0,0,2.9534223555452774,1.0770243799154269,7.540465268826632,-0.99462685788384,-0.9996524157507987,0.7489142544351509,0.946322641514407,-0.03226415144071125,False,16,0,16,0,0,1.719189867342103,0.0,1.4741249999996597,1.4374169999999964,3.0483339999998194,no_trophic_selection_ablation,intact,intact,MockSimulator,43,-0.01,0.01,0.01,0.01,1,True,-1,False,6.57232919734966,1.1325807937238814,9.911675228170926,6.57232919734966,9,200
112,1000.0,16,9,2,7,0,0,2.9376011579347097,1.073219246361232,7.503362612127024,0.9935338530475613,-0.9996213857891,0.7503989428421625,0.9466452830288141,0.06773584855928876,False,16,0,16,0,0,1.717771835661746,0.0,1.5124590000006322,1.4811659999995896,3.130082999999395,no_trophic_selection_ablation,intact,intact,MockSimulator,43,0.01,-0.01,-0.01,-0.01,-1,True,1,False,6.26587045241558,0.8315617971934275,9.601877137206026,6.26587045241558,9,200
113,1000.0,16,9,2,7,0,0,2.9196073473233306,1.0671566095039404,7.464173589177935,-0.9922210243091092,-0.9995871465607991,0.7515246780111196,0.947322641514407,-0.03226415144071125,False,16,0,16,0,0,1.7152696671226657,0.0,1.4994999999995429,1.6351249999999595,3.270999999999802,no_trophic_selection_ablation,intact,intact,MockSimulator,43,-0.01,0.01,0.01,0.01,1,True,-1,False,5.959728437994926,0.5308540914279942,9.292399116100581,5.959728437994926,9,200
114,1000.0,16,9,2,7,0,0,2.901732183697354,1.0611282206027752,7.425189245064068,0.9906449245742326,-0.9995491849821457,0.7523052241961814,0.9476452830288141,0.06773584855928876,False,16,0,16,0,0,1.7123876951874903,0.0,1.5467080000002298,1.5147500000001202,3.20641700000035,no_trophic_selection_ablation,intact,intact,MockSimulator,43,0.01,-0.01,-0.01,-0.01,-1,True,1,False,5.653903954062286,0.23045848184192252,8.983241961489837,5.653903954062286,9,200
115,1000.0,16,9,2,7,0,0,2.8839748331115427,1.0551338861903514,7.386408510776238,-0.9887537850551101,-0.9995068596118343,0.7527539386626364,0.948322641514407,-0.03226415144071125,False,16,0,16,0,0,1.7120255013676493,0.0,1.5098329999991833,1.503667000000597,3.1529169999995332,no_trophic_selection_ablation,intact,intact,MockSimulator,43,-0.01,0.01,0.01,0.01,1,True,-1,False,5.348397992224673,-0.06962403452346969,8.674406661644797,5.363869999896556,9,200
116,1000.0,16,9,2,7,0,0,2.8663344680202836,1.049173413892185,7.347830322888541,0.9864860235591616,-0.9994593601271075,0.7528837824607547,0.9486452830288141,0.06773584855928876,False,16,0,16,0,0,1.7093801821275036,0.0,1.507000000000147,1.4890419999993298,3.1360840000003165,no_trophic_selection_ablation,intact,intact,MockSimulator,43,0.01,-0.01,-0.01,-0.01,-1,True,1,False,5.065421994197141,-0.16950034650165696,8.36589444694502,5.1030887378641765,9,200
117,1000.0,16,9,2,7,0,0,2.8488102672228686,1.0432466124205197,7.309453623529204,-0.9837685274971555,-0.9994056527024597,0.7527517753759276,0.949322641514407,-0.03226415144071125,False,16,0,16,0,0,1.7049962077485805,0.0,1.5075830000004231,1.5178329999994133,3.1653330000001034,no_trophic_selection_ablation,intact,intact,MockSimulator,43,-0.01,0.01,0.01,0.01,1,True,-1,False,4.782743890896707,-0.2692714114254013,8.057706856687338,4.842581982324573,9,200
118,1000.0,16,9,2,7,0,0,2.831401415809288,1.0373532915681871,7.2712773603515695,0.9805146960524629,-0.999344404509813,0.7523683395059538,0.9496452830288141,0.06773584855928876,False,16,0,16,0,0,1.6990643599133382,0.0,1.509790999999261,1.6900420000007799,3.339208999999954,no_trophic_selection_ablation,intact,intact,MockSimulator,43,0.01,-0.01,-0.01,-0.01,-1,True,1,False,4.500365479086416,-0.3689365804649572,7.749845828477706,4.5823513858564064,9,200
119,1000.0,16,9,2,7,0,0,2.8141071051065527,1.031493262202503,7.23330048650524,-0.976622234182961,-0.999273879413405,0.7517435848050731,0.950322641514407,-0.03226415144071125,False,16,0,16,0,0,1.6946427597330045,0.0,1.5192920000002275,1.5377919999997047,3.2015000000003013,no_trophic_selection_ablation,intact,intact,MockSimulator,43,-0.01,0.01,0.01,0.01,1,True,-1,False,4.218289035992495,-0.46849503182583274,7.442313818825206,4.322399043064902,9,200
120,1000.0,16,9,2,7,0,0,2.796926532625521,1.0256663362591978,7.195521960607376,0.9719707049917534,-0.9991917908228287,0.7508873174008696,0.9506452830288141,0.06773584855928876,False,16,0,16,0,0,1.6920643353340719,0.0,1.49712500000021,1.5397499999991737,3.17550000000022,no_trophic_selection_ablation,intact,intact,MockSimulator,43,0.01,-0.01,-0.01,-0.01,-1,True,1,False,3.9365174717279396,-0.5679457158762897,7.1351139677595325,4.06272763081156,9,200
121,1000.0,16,9,2,7,0,0,2.779858902008243,1.01987232673638,7.157940746714132,-0.9664188687943902,-0.9990950927959102,0.7498090477033565,0.951322641514407,-0.03226415144071125,False,16,0,16,0,0,1.6868032250906646,0.0,1.4945419999996545,1.527499999999904,3.1612499999997823,no_trophic_selection_ablation,intact,intact,MockSimulator,43,-0.01,0.01,0.01,0.01,1,True,-1,False,3.6550545395906813,-0.6672872794400044,6.828250325953,3.8323766354996422,9,200
122,1000.0,16,9,2,7,0,0,2.762903422975801,1.0141110476885362,7.120555814292256,0.9598018698181091,-0.9989796778164,0.7485179983112282,0.9516452830288141,0.06773584855928876,False,16,0,16,0,0,1.6795760119729994,0.0,1.507582999999535,1.5223750000004088,3.172541999999723,no_trophic_selection_ablation,intact,intact,MockSimulator,43,0.01,-0.01,-0.01,-0.01,-1,True,1,False,3.3961046784980105,-0.7665179599422045,6.521728172282127,3.6176485491029027,9,200
123,1000.0,16,9,2,7,0,0,2.7460593112766443,1.0083823142205626,7.083366138190828,-0.9519283784433401,-0.9988399347216922,0.7470675561645926,0.952322641514407,-0.03226415144071125,False,16,0,16,0,0,1.6783027144229798,0.0,1.5964999999997787,1.6705830000001143,3.4071249999998443,no_trophic_selection_ablation,intact,intact,MockSimulator,43,-0.01,0.01,0.01,0.01,1,True,-1,False,3.137449479390635,-0.8656354354544316,6.215554463693337,3.4031646921125533,9,200
124,1000.0,16,9,2,7,0,0,2.7293257886354283,1.0026859424818313,7.04637069861315,0.9425778623011714,-0.998668090210973,0.7454646133933868,0.9526452830288141,0.06773584855928876,False,16,0,16,0,0,1.6731085736103788,0.0,1.4813340000001674,1.5435410000002037,3.166249999999593,no_trophic_selection_ablation,intact,intact,MockSimulator,43,0.01,-0.01,-0.01,-0.01,-1,True,1,False,2.8790968513017736,-0.9646366090400744,5.909738482166351,3.188931597264791,9,200
125,1000.0,16,9,1,8,0,0,2.7127020827023225,0.9970217496602907,7.009568481088778,-0.9314982477508655,-0.9984532140875702,0.7437158501994522,0.953322641514407,-0.03226415144071125,False,16,0,16,0,0,1.6671406458912061,0.0,1.4996670000000378,1.5738329999992473,3.21345800000028,no_trophic_selection_ablation,intact,intact,MockSimulator,43,-0.01,0.01,0.01,0.01,1,True,-1,False,2.6210574886280935,-1.0635172938397912,5.604292779457914,2.9749580982490396,9,200
126,1000.0,16,9,1,8,0,0,2.696187427002818,0.9913895539765978,6.97295847644571,0.9184043483615383,-0.9981796893241089,0.7418277405768067,0.9536452830288141,0.06773584855928876,False,16,0,16,0,0,1.6611017414602793,0.0,1.5249580000000762,1.556791999999696,3.2213329999999374,no_trophic_selection_ablation,intact,intact,MockSimulator,43,0.01,-0.01,-0.01,-0.01,-1,True,1,False,2.3633460660899703,-1.1622717454783622,5.299234579881224,2.7612563168490336,9,200
127,1000.0,16,9,1,8,0,0,2.6797810608880024,0.9857891746782849,6.936539680782706,-0.9029775821388835,-0.9978248216705896,0.739806557887876,0.954322641514407,-0.03226415144071125,False,16,0,16,0,0,1.660073928906309,0.0,1.4962499999997547,1.611667000000594,3.2465420000002965,no_trophic_selection_ablation,intact,intact,MockSimulator,43,-0.01,0.01,0.01,0.01,1,True,-1,False,2.1059830433747297,-1.2608919558999427,4.994587898800167,2.578474927683809,9,200
128,1000.0,16,9,1,8,0,0,2.6634822294853007,0.9802204320339585,6.900311095441767,0.8848676754710689,-0.9973550391604122,0.7376583802991606,0.9546452830288141,0.06773584855928876,False,16,0,16,0,0,1.6603006937069438,0.0,1.5302500000000663,1.8032919999999564,3.4716670000003447,no_trophic_selection_ablation,intact,intact,MockSimulator,43,0.01,-0.01,-0.01,-0.01,-1,True,1,False,1.871160884527259,-1.3593665678600841,4.690386799153243,2.4096706128960563,9,200
129,1000.0,16,9,1,8,0,0,2.6472901836496994,0.9746831473275313,6.864271726980743,-0.8636972578455286,-0.9967197536976046,0.7354335405241721,0.955322641514407,-0.03226415144071125,False,16,0,16,0,0,1.6544069520927334,0.0,1.5327910000006995,1.6268749999994725,3.306667000000374,no_trophic_selection_ablation,intact,intact,MockSimulator,43,-0.01,0.01,0.01,0.01,1,True,-1,False,1.6367217811132906,-1.4576791766619843,4.386680486244808,2.2411409833335596,9,200
130,1000.0,16,9,1,8,0,0,2.631204179915414,0.9691771428524867,6.828420587146096,0.839070484395577,-0.9958412916555012,0.7331359643213968,0.9556452830288141,0.06773584855928876,False,16,0,16,0,0,1.6451675966724792,0.0,1.4833339999995587,1.6028750000005587,3.2228339999997857,no_trophic_selection_ablation,intact,intact,MockSimulator,43,0.01,-0.01,-0.01,-0.01,-1,True,1,False,1.4027220912792275,-1.5558056266508724,4.083541418261913,2.072926293740976,9,200
131,1000.0,16,9,1,8,0,0,2.6152234804480288,0.9637022419061759,6.792756692845798,-0.8105870838972833,-0.9945981631310135,0.7307694510838563,0.956322641514407,-0.03226415144071125,False,16,0,16,0,0,1.6373723876226371,0.0,1.4797499999996688,1.5886670000000436,3.2040840000000514,no_trophic_selection_ablation,intact,intact,MockSimulator,43,-0.01,0.01,0.01,0.01,1,True,-1,False,1.169246464457378,-1.6537096373373228,3.7810784279043474,1.905087006925399,9,200
132,1000.0,16,9,1,8,0,0,2.599347352997077,0.9582582687841468,6.757279066122378,0.7778635340206839,-0.9927969962755857,0.728337677323422,0.9566452830288141,0.06773584855928876,False,16,0,16,0,0,1.6326760824394073,0.0,1.508333000000306,1.5917920000001473,3.2361659999997627,no_trophic_selection_ablation,intact,intact,MockSimulator,43,0.01,-0.01,-0.01,-0.01,-1,True,1,False,0.9364245855286176,-1.7513356273275442,3.4794582505937677,1.7525445262468236,9,200
133,1000.0,16,9,1,8,0,0,2.583575070849077,0.952845048774505,6.721986734126098,-0.7405634698427327,-0.9901253143376493,0.725844200066305,0.957322641514407,-0.03226415144071125,False,16,0,16,0,0,1.6293320686901627,0.0,1.5824589999997585,1.7314160000001522,3.4786669999995468,no_trophic_selection_ablation,intact,intact,MockSimulator,43,-0.01,0.01,0.01,0.01,1,True,-1,False,0.7264617056940295,-1.8485968231339815,3.178941198041879,1.6297766655237529,9,200
134,1000.0,16,9,1,8,0,0,2.5679059127810016,0.9474624081523075,6.686878729088279,0.6984400688349429,-0.9860726690840875,0.723336904606321,0.9576452830288141,0.06773584855928876,False,16,0,16,0,0,1.6235555305301475,0.0,1.517583999999239,1.649375000000397,3.309749999999667,no_trophic_selection_ablation,intact,intact,MockSimulator,43,0.01,-0.01,-0.01,-0.01,-1,True,1,False,0.5175643471816946,-1.9453554932192565,2.879940456118611,1.507626895970174,9,200
135,1000.0,16,9,1,8,0,0,2.5523391630141985,0.9421101741739867,6.651954088294765,-0.6513942690524427,-0.9798023883808912,0.7208173410624877,0.958322641514407,-0.03226415144071125,False,16,0,16,0,0,1.6190330484322546,0.0,1.5064589999997935,1.6531250000006992,3.2980419999999455,no_trophic_selection_ablation,intact,intact,MockSimulator,43,-0.01,0.01,0.01,0.01,1,True,-1,False,0.31019961195410267,-2.0413903765641264,2.583119799148225,1.397357111801986,9,200
136,1000.0,16,9,1,8,0,0,2.536874111168734,0.9367881750718068,6.617211854059524,0.2909210521170533,-0.7677726666135056,0.718287003076343,0.9586452830288141,0.06773584855928876,False,16,0,16,0,0,1.616438913980418,0.0,1.5047499999996106,1.6514580000004386,3.295291999999783,no_trophic_selection_ablation,intact,intact,MockSimulator,43,0.01,-0.01,-0.01,-0.01,-1,True,1,False,0.1648656864262642,-2.116126252848913,2.350204879365025,1.336244102842467,9,200
137,1000.0,16,9,1,8,0,0,2.5215100522181646,0.9314962400483515,6.582651073698383,-0.23241835277861486,-0.6660729511980862,0.7157917738954411,0.959322641514407,0.0,False,16,0,16,0,0,1.6096707345384544,0.0,1.5242500000001158,1.6697090000006298,3.333375000000416,no_trophic_selection_ablation,intact,intact,MockSimulator,43,-0.01,0.01,0.01,0.01,1,True,-1,False,0.03888704106908842,-2.1806174217158723,2.1480327891262343,1.2831021847575512,9,200
138,1000.0,16,9,1,8,0,0,2.5125231839418505,0.9325202033269214,6.55455949761148,0.1779150760927473,-0.5439684725292807,0.7133312613027671,0.959322641514407,0.0,False,16,0,16,0,0,1.6029974905625135,0.0,1.6418749999997928,1.810666999999988,3.5920000000002617,no_trophic_selection_ablation,intact,intact,MockSimulator,43,0.01,-0.01,-0.01,-0.01,-1,True,1,False,-0.06390144633862259,-2.232833651547084,1.982694214578324,1.239510423598294,9,200
139,1000.0,16,9,1,8,0,0,2.4973145480647783,0.9272523781606963,6.5203259418243835,-0.13067233439566173,-0.416885870005251,0.7109050747264641,0.959322641514407,0.0,False,16,0,16,0,0,1.599728110498373,0.0,1.5190839999998929,1.695415999999561,3.3581250000001006,no_trophic_selection_ablation,intact,intact,MockSimulator,43,-0.01,0.01,0.01,0.01,1,True,-1,False,-0.14258265367105358,-2.2722894048960622,1.8556457593621702,1.2058464566187317,9,200
140,1000.0,16,9,1,8,0,0,2.4989035435549924,0.9387369128443102,6.503000951920006,0.09272117619979997,-0.302455007345018,0.7085128253309144,0.959322641514407,0.0,False,16,0,16,0,0,1.5909641392694596,0.0,1.5230409999995587,1.7140000000006594,3.37766699999964,no_trophic_selection_ablation,intact,intact,MockSimulator,43,0.01,-0.01,-0.01,-0.01,-1,True,1,False,-0.19957046129366374,-2.300262616225668,1.7630536113993027,1.181116331813056,9,200
141,1000.0,16,9,1,8,0,0,2.483774431895325,0.9334339693624389,6.469036679270987,0.22937451440268788,0.6443528952282215,0.7061541261035182,0.959322641514407,0.0,True,16,0,16,0,0,1.585400536091603,0.0,1.5004169999999206,1.7050000000002896,3.343709000000139,no_trophic_selection_ablation,intact,intact,MockSimulator,43,-0.01,0.01,0.01,0.01,1,True,1,True,-0.3210819932643674,-2.3623976431322644,1.567984689219437,1.1654276724606285,9,200
142,1000.0,16,9,1,8,0,0,2.5028249063039705,0.9563261524957468,6.461295789565635,-0.2780444268690421,0.725836831127422,0.7038285919373078,0.959322641514407,0.0,True,16,0,16,0,0,1.5817479925760454,0.0,1.521958000000545,1.8557919999997452,3.517084000000281,no_trophic_selection_ablation,intact,intact,MockSimulator,43,0.01,-0.01,-0.01,-0.01,-1,True,-1,True,-0.4417337164590067,-2.4326189286018742,1.3486656551919909,1.140067683750587,9,200
143,1000.0,16,9,0,9,0,0,2.496755607773639,0.9600590998165749,6.436688505148738,0.3333265593979184,0.7979992312662115,0.701580284153971,0.959322641514407,0.0,True,16,0,16,0,0,1.5752500950879318,0.0,1.5271249999999625,1.8031660000001892,3.4827919999997903,no_trophic_selection_ablation,intact,intact,MockSimulator,43,-0.01,0.01,0.01,0.01,1,True,1,True,-0.5742918546202497,-2.5099862327998936,1.1079172201569354,1.112327641691296,9,200
144,1000.0,16,9,0,9,0,0,2.5169084960209327,0.9828008770586646,6.429116565473335,-0.5412587283461708,0.9424323720375665,0.6994070439118594,0.959322641514407,0.0,True,16,0,16,0,0,1.5702615599159406,0.0,1.7122079999998263,1.8155420000001143,3.6898750000000646,no_trophic_selection_ablation,intact,intact,MockSimulator,43,0.01,-0.01,-0.01,-0.01,-1,True,-1,True,-0.7307896247718906,-2.6017194837708506,0.8240795913255086,1.0848908184384933,9,200
145,1000.0,16,9,0,9,0,0,2.521683213835741,0.9973847577325249,6.41568255286689,0.5591504360445179,0.9469685334232366,0.6973067678324374,0.959322641514407,0.0,True,16,0,16,0,0,1.562052842512367,0.0,1.5062919999992985,1.7524580000003454,3.396874999999966,no_trophic_selection_ablation,intact,intact,MockSimulator,43,-0.01,0.01,0.01,0.01,1,True,1,True,-0.8668431788638085,-2.6938146176294038,0.5391649517072121,1.0943278002136465,9,200
146,1000.0,16,9,0,9,0,0,2.5416192609837096,1.019915681591048,6.408220324368808,-0.5767039011562531,0.9509698229280533,0.6953218510897387,0.959322641514407,0.0,True,16,0,16,0,0,1.5584506707225465,0.0,1.5271249999999625,1.7972500000000835,3.463250000000251,no_trophic_selection_ablation,intact,intact,MockSimulator,43,0.01,-0.01,-0.01,-0.01,-1,True,-1,True,-1.0033386434412188,-2.7862177853045798,0.2533348398770889,1.1037998037793,9,200
147,1000.0,16,9,0,9,0,0,2.5491030197408713,1.0372179194566833,6.397824724283014,0.5938842208993279,0.9544967186796655,0.6934485194207259,0.959322641514407,0.0,True,16,0,16,0,0,1.5479049984287556,0.0,1.6110830000002352,1.979958999999809,3.7288330000002645,no_trophic_selection_ablation,intact,intact,MockSimulator,43,-0.01,0.01,0.01,0.01,1,True,1,True,-1.1402070530515074,-2.878881239387242,-0.03326751056668786,1.1402070530515074,9,200
148,1000.0,16,9,0,9,0,0,2.5688056985499172,1.0595238249927807,6.390455764748512,-0.6106624107177929,0.9576038956367243,0.6916831033891491,0.959322641514407,0.0,True,16,0,16,0,0,1.5415826003777635,0.0,1.5373340000000013,1.773958000000242,3.460374999999516,no_trophic_selection_ablation,intact,intact,MockSimulator,43,0.01,-0.01,-0.01,-0.01,-1,True,-1,True,-1.2348272355621281,-2.971762747711527,-0.1289946326197936,1.2348272355621281,9,200
149,1000.0,16,9,0,9,0,0,2.57696265501496,1.077507972818924,6.381058991791505,0.6270148138241782,0.9603402695750766,0.6901109245910669,0.959322641514407,0.0,True,16,0,16,0,0,1.5410556823567854,0.0,1.4917089999997302,1.7650409999996342,3.3955410000006125,no_trophic_selection_ablation,intact,intact,MockSimulator,43,-0.01,0.01,0.01,0.01,1,True,1,True,-1.3296264352840739,-3.064825011921323,-0.2248996649446815,1.3296264352840739,9,200
150,1000.0,16,10,1,9,1,0,2.336786979381605,0.762703386335276,6.373777597354057,-0.6429225580413349,0.9627492513086275,0.6887249597035524,0.959322641514407,0.0,True,18,0,18,0,0,1.5369377495616856,0.0,1.4988749999993445,2.6855840000008513,4.324332999999569,no_trophic_selection_ablation,intact,intact,MockSimulator,43,0.01,-0.01,-0.01,-0.01,-1,True,-1,True,-1.2571145605816871,-3.1580351120402645,0.25,1.3071145605816872,9,200
151,1000.0,16,10,1,9,0,0,2.344724406473906,0.7619333457118125,6.364441773545446,0.6583710573920991,0.964869133591654,0.687518389041702,0.959322641514407,0.0,True,18,0,18,0,0,1.5370565532645228,0.0,1.509125000000111,2.0368340000000984,3.6962499999999565,no_trophic_selection_ablation,intact,intact,MockSimulator,43,-0.01,0.01,0.01,0.01,1,True,1,True,-1.3716417420521039,-3.2513639902873894,-0.039710740077496226,1.3716417420521039,10,200
152,1000.0,16,10,1,9,0,0,2.3657932985189474,0.7856778579193823,6.357247168535733,-0.6733495557882871,0.9667335348952829,0.6861929342262866,0.959322641514407,0.0,True,18,0,18,0,0,1.5327346889868707,0.0,1.5124159999997389,1.883499999999927,3.553457999999843,no_trophic_selection_ablation,intact,intact,MockSimulator,43,0.01,-0.01,-0.01,-0.01,-1,True,-1,True,-1.46694345379958,-3.3447859797866304,-0.13634438282694702,1.46694345379958,10,200
153,1000.0,16,10,1,9,0,0,2.3736682680493972,0.7990610992512207,6.346624344095852,0.6878507097643565,0.9683718694519734,0.6850454902478711,0.959322641514407,0.0,True,18,0,18,0,0,1.5366543539388289,0.0,1.5314160000006183,1.8897499999992462,3.5742079999998566,no_trophic_selection_ablation,intact,intact,MockSimulator,43,-0.01,0.01,0.01,0.01,1,True,1,True,-1.562313697290978,-3.438278380752041,-0.23304522538931743,1.562313697290978,10,200
154,1000.0,16,10,1,9,0,0,2.3944763096396238,0.8225969033296439,6.339522797050639,-0.7018702073617371,0.9698098041210121,0.6840694668549018,0.959322641514407,0.0,True,18,0,18,0,0,1.5528767632069043,0.0,1.5237499999996018,1.8569160000003748,3.5343750000000895,no_trophic_selection_ablation,intact,intact,MockSimulator,43,0.01,-0.01,-0.01,-0.01,-1,True,-1,True,-1.6577323640057884,-3.5318210827833902,-0.32979316057602936,1.6577323640057884,10,200
155,1000.0,16,10,1,9,0,0,2.4025077956651013,0.8394048683901586,6.329041853799164,0.7154064201547777,0.9710696967146092,0.6832584662015521,0.959322641514407,0.0,True,18,0,18,0,0,1.5830524353129265,0.0,1.5297919999994747,1.8555420000003764,3.5380000000007072,no_trophic_selection_ablation,intact,intact,MockSimulator,43,-0.01,0.01,0.01,0.01,1,True,1,True,-1.7531816013132435,-3.625396231372068,-0.4265703370869143,1.7531816013132435,10,200
156,1000.0,16,10,1,9,0,0,2.4230721974872726,0.8627138859873912,6.322032137663819,-0.728460085749158,0.9721709953018625,0.6826062777875943,0.959322641514407,0.0,True,18,0,18,0,0,1.6068371350119834,0.0,1.6369580000006323,2.019250000000028,3.8106669999997678,no_trophic_selection_ablation,intact,intact,MockSimulator,43,0.01,-0.01,-0.01,-0.01,-1,True,-1,True,-1.8486455192421165,-3.7189879346708823,-0.5233608662800135,1.8486455192421165,10,200
157,1000.0,16,10,1,9,0,0,2.431147831036573,0.8803900639989698,6.311846461014499,0.7410340181203305,0.9731306051736286,0.6821068735237142,0.959322641514407,0.0,True,18,0,18,0,0,1.6171061938444744,0.0,1.5252500000002556,1.8966659999994917,3.5791249999999053,no_trophic_selection_ablation,intact,intact,MockSimulator,43,-0.01,0.01,0.01,0.01,1,True,1,True,-1.9441099342402375,-3.812582007253574,-0.6201505659310964,1.9441099342402375,10,200
158,1000.0,16,10,1,9,0,0,2.451464419095882,0.9034686894317762,6.3049265540323685,-0.753132843545602,0.9739632119419099,0.6817544029192744,0.959322641514407,0.0,True,18,0,18,0,0,1.6295330222905058,0.0,1.701042000000541,2.1517499999994527,4.01237500000029,no_trophic_selection_ablation,intact,intact,MockSimulator,43,0.01,-0.01,-0.01,-0.01,-1,True,-1,True,-2.039562145500188,-3.9061657464405117,-0.7169267365593563,2.039562145500188,10,200
159,1000.0,16,10,1,9,0,0,2.459480081420898,0.9213025677205857,6.294993513840191,0.7647627599580689,0.9746815723630421,0.6815431883896026,0.959322641514407,0.0,True,18,0,18,0,0,1.6371364822872216,0.0,1.5952920000001924,2.1441250000000522,3.9055829999998792,no_trophic_selection_ablation,intact,intact,MockSimulator,43,-0.01,0.01,0.01,0.01,1,True,1,True,-2.134990740590992,-3.9997277379303755,-0.8136779670591012,2.134990740590992,10,200
160,1000.0,16,10,1,9,0,0,2.4795525310045172,0.9441512096155682,6.288161627465316,-0.7759313179044816,0.9752967650915779,0.68146772067995,0.959322641514407,0.0,True,18,0,18,0,0,1.6448083110581546,0.0,2.777124999999714,2.101208000000021,5.04712499999993,no_trophic_selection_ablation,intact,intact,MockSimulator,43,0.01,-0.01,-0.01,-0.01,-1,True,-1,True,-2.230385426359559,-4.0932576867016035,-0.9103939656011999,2.230385426359559,10,200
161,1000.0,16,10,1,9,0,0,2.4874201195450323,0.9619006877309635,6.278404316959387,0.7866472213466726,0.9758184143664926,0.6815226544033276,0.959322641514407,0.0,True,18,0,18,0,0,1.6442113278155261,0.0,1.5296669999997903,1.9420000000005544,3.6284169999998284,no_trophic_selection_ablation,intact,intact,MockSimulator,43,-0.01,0.01,0.01,0.01,1,True,1,True,-2.3257368823698483,-4.186746270451551,-1.0070654130722478,2.3257368823698483,10,200
162,1000.0,16,10,1,9,0,0,2.5072526348724233,0.9845211133492665,6.2716590736605395,-0.7969201468404548,0.9762548800666984,0.6817028036894982,0.959322641514407,0.0,True,18,0,18,0,0,1.652167370614432,0.0,1.5636670000001018,1.933375000000126,3.651459000000301,no_trophic_selection_ablation,intact,intact,MockSimulator,43,0.01,-0.01,-0.01,-0.01,-1,True,-1,True,-2.421036633494148,-4.280185012187769,-1.1036838356658454,2.421036633494148,10,200
163,1000.0,16,10,1,9,0,0,2.5150146758748013,1.00218848352319,6.262118783573479,0.8067605796514572,0.9766134270230931,0.6820031379424606,0.959322641514407,0.1,True,18,0,18,0,0,1.6611558244743376,0.0,1.514916999999727,1.9443329999999648,3.6123329999995235,no_trophic_selection_ablation,intact,intact,MockSimulator,43,-0.01,0.01,0.01,0.01,1,True,1,True,-2.5162769395629634,-4.373566169877892,-1.2002414945324889,2.5162769395629634,10,200
164,1000.0,16,10,1,9,0,0,2.534611085593431,1.024582437306123,6.255458597358315,-0.8161796656028009,0.976900367165778,0.6824187777038287,0.958322641514407,0.0,True,18,0,18,0,0,1.6655084202295063,0.0,1.8833750000002425,2.295874999999725,4.333667000000041,no_trophic_selection_ablation,intact,intact,MockSimulator,43,0.01,-0.01,-0.01,-0.01,-1,True,-1,True,-2.6114506993399784,-4.466882640424591,-1.2967312897545342,2.6114506993399784,10,200
165,1000.0,16,10,1,9,0,0,2.5421881708408467,1.0420766598124047,6.246051461188596,0.825189077447082,0.9771211867299313,0.6829449906195652,0.958322641514407,0.1,True,18,0,18,0,0,1.6652598607340927,0.0,1.5396669999994117,1.9807910000002593,3.6863750000000195,no_trophic_selection_ablation,intact,intact,MockSimulator,43,-0.01,0.01,0.01,0.01,1,True,1,True,-2.7065513673136317,-4.560127876457159,-1.393146677137773,2.7065513673136317,10,200
166,1000.0,16,10,1,9,0,0,2.561552794694359,1.0642463881614028,6.2394751923713,-0.8338008947433586,0.9772806518347719,0.6835771875075906,0.957322641514407,0.0,True,18,0,18,0,0,1.6589629845318195,0.0,1.517875000000224,1.9336249999994948,3.605166999999909,no_trophic_selection_ablation,intact,intact,MockSimulator,43,0.01,-0.01,-0.01,-0.01,-1,True,-1,True,-2.801572881129795,-4.653295813764179,-1.4894815956441123,2.801572881129795,10,200
167,1000.0,16,10,1,9,0,0,2.5689057854920216,1.0815238454036034,6.230156853551776,0.8420274961992338,0.9773829038921265,0.6843109185238472,0.957322641514407,0.1,True,18,0,18,0,0,1.6633545772567446,0.0,1.488624999999466,1.9394579999998385,3.5794999999998467,no_trophic_selection_ablation,intact,intact,MockSimulator,43,-0.01,0.01,0.01,0.01,1,True,1,True,-2.896509598637878,-4.7463808083396275,-1.5857304044376808,2.896509598637878,10,200
168,1000.0,16,10,1,9,0,0,2.588043148806326,1.1034718272821047,6.223663600067157,-0.8498814635923178,0.9774315377921438,0.6851418694244504,0.956322641514407,0.0,True,18,0,18,0,0,1.6688296425789488,0.0,1.4935000000004806,2.121291999999997,3.7795000000002688,no_trophic_selection_ablation,intact,intact,MockSimulator,43,0.01,-0.01,-0.01,-0.01,-1,True,-1,True,-2.9913562428184544,-4.839377581310503,-1.6818878278124574,2.9913562428184544,10,200
169,1000.0,16,11,2,9,1,0,2.3592751879948044,0.7509443346984247,6.214459463114989,0.8573754963559881,0.9774296736329641,0.6860658579216201,0.956322641514407,0.1,True,20,0,20,0,0,1.66800322047703,0.0,1.5571250000006032,2.855582999999662,4.57087500000064,no_trophic_selection_ablation,intact,intact,MockSimulator,43,-0.01,0.01,0.01,0.01,1,True,1,True,-2.7828253217626657,-4.932281171092488,0.25,2.8282798672172116,10,200
170,1000.0,16,11,2,9,0,0,2.3790959489479024,0.7728617787586594,6.208048194924946,-0.8645223360453469,0.977380014591229,0.6870788301311332,0.955322641514407,0.0,True,20,0,20,0,0,1.6728041207545372,0.0,1.5176669999998893,2.0288329999997856,3.7133329999994302,no_trophic_selection_ablation,intact,intact,MockSimulator,43,0.01,-0.01,-0.01,-0.01,-1,True,-1,True,-2.8955510436198666,-5.025086891380519,-0.04346400437736872,2.8955510436198666,11,200
171,1000.0,16,11,2,9,0,0,2.3859547115837696,0.7815989609753329,6.197704845858243,0.8713346998679417,0.9772849011442589,0.6877187113290438,0.955322641514407,0.1,True,20,0,20,0,0,1.6781360675001435,0.0,1.5393750000001205,2.0610840000001573,3.7734159999995853,no_trophic_selection_ablation,intact,intact,MockSimulator,43,-0.01,0.01,0.01,0.01,1,True,1,True,-2.990383982690673,-5.117790294603564,-0.14114903048741725,2.990383982690673,11,200
172,1000.0,16,11,2,9,0,0,2.405449330290095,0.8033577989322379,6.191381084711924,-0.877825222579178,0.9771463539417783,0.6884581657469855,0.954322641514407,0.0,True,20,0,20,0,0,1.6889048263015765,0.0,1.5314589999997352,2.2612500000001035,3.962417000000329,no_trophic_selection_ablation,intact,intact,MockSimulator,43,0.01,-0.01,-0.01,-0.01,-1,True,-1,True,-3.0851082341021594,-5.210387139703139,-0.23872251685110768,3.0851082341021594,11,200
173,1000.0,16,11,2,9,0,0,2.412204492365906,0.8184834687587951,6.1806081491607285,0.8840064060130495,0.9769661151190605,0.6892929545036779,0.954322641514407,0.1,True,20,0,20,0,0,1.705990308704071,0.0,1.57491700000012,2.079582999999552,3.8318329999995626,no_trophic_selection_ablation,intact,intact,MockSimulator,43,-0.01,0.01,0.01,0.01,1,True,1,True,-3.1797197373799637,-5.302873364075341,-0.3361804058461626,3.1797197373799637,11,200
174,1000.0,16,11,2,9,0,0,2.43149234443251,0.840051467395073,6.174373681691641,-0.8898905756232581,0.9767456801030882,0.6902189684438038,0.953322641514407,0.0,True,20,0,20,0,0,1.7265244168555105,0.0,1.593957999999951,2.0551250000000465,3.8190409999998565,no_trophic_selection_ablation,intact,intact,MockSimulator,43,0.01,-0.01,-0.01,-0.01,-1,True,-1,True,-3.274214585652892,-5.395245058721574,-0.4335187934506253,3.274214585652892,11,200
175,1000.0,16,11,2,9,0,0,2.438101529794226,0.8566241925592992,6.163612873313222,0.8954898433843181,0.9764863294053875,0.6912322246445232,0.953322641514407,0.1,True,20,0,20,0,0,1.7259931721430126,0.0,1.5299159999999645,2.1025420000002626,3.8002500000002826,no_trophic_selection_ablation,intact,intact,MockSimulator,43,-0.01,0.01,0.01,0.01,1,True,1,True,-3.368589004007778,-5.487498446603391,-0.5307339075977134,3.368589004007778,11,200
176,1000.0,16,11,2,9,0,0,2.457168676580967,0.8779948522515129,6.157467169814323,-0.9008160764983772,0.9761891522489188,0.6923288630098363,0.952322641514407,0.0,True,20,0,20,0,0,1.7350972026148215,0.0,1.5428750000001656,2.2081250000001162,3.9192080000001184,no_trophic_selection_ablation,intact,intact,MockSimulator,43,0.01,-0.01,-0.01,-0.01,-1,True,-1,True,-3.4628393302286624,-5.57962986338168,-0.6278220889150076,3.4628393302286624,11,200
177,1000.0,16,11,2,9,0,0,2.4635694963343373,0.8947716710663254,6.146768271780286,0.9058808713321542,0.9758550713242242,0.693505142950679,0.952322641514407,0.1,True,20,0,20,0,0,1.733135853747716,0.0,1.5724580000000543,2.1408330000003417,3.8881660000003038,no_trophic_selection_ablation,intact,intact,MockSimulator,43,-0.01,0.01,0.01,0.01,1,True,1,True,-3.556961998030857,-5.6716357406507205,-0.724779773958515,3.556961998030857,11,200
178,1000.0,16,11,2,9,0,0,2.4824244147492096,0.9159449568658289,6.1407105453005135,-0.9106955320974734,0.9754848603473707,0.6947574401486841,0.951322641514407,0.0,True,20,0,20,0,0,1.7431036547289764,0.0,1.515582999999765,2.0611669999999194,3.7436250000002502,no_trophic_selection_ablation,intact,intact,MockSimulator,43,0.01,-0.01,-0.01,-0.01,-1,True,-1,True,-3.650953522067563,-5.763512590944806,-0.8216034802192936,3.650953522067563,11,200
179,1000.0,16,11,2,9,0,0,2.488645226469948,0.9326587147658651,6.130125880323145,0.915271053771213,0.9750791635964328,0.6960822434015888,0.951322641514407,0.1,True,20,0,20,0,0,1.7468329213409959,0.0,1.5121659999994819,2.078749999999907,3.7560409999999322,no_trophic_selection_ablation,intact,intact,MockSimulator,43,-0.01,0.01,0.01,0.01,1,True,1,True,-3.744810484905138,-5.855256994713505,-0.9182897930987176,3.744810484905138,11,200
180,1000.0,16,11,2,9,0,0,2.5072965483325276,0.9536359741544256,6.1241550747473,-0.9196181088329933,0.9746385089424675,0.6974761515483177,0.950322641514407,0.0,True,20,0,20,0,0,1.754077588207191,0.0,1.5212080000006623,2.0683329999995337,3.76658299999999,no_trophic_selection_ablation,intact,intact,MockSimulator,43,0.01,-0.01,-0.01,-0.01,-1,True,-1,True,-3.83852952531448,-5.946865588613038,-1.0148353541998656,3.83852952531448,11,200
181,1000.0,16,11,2,9,0,0,2.513346674073101,0.9702206787527659,6.113696131597818,0.9237470373840889,0.9741633234966263,0.6989358704718168,0.950322641514407,0.1,True,20,0,20,0,0,1.7631343278729252,0.0,1.5770829999999236,2.207084000000137,3.9629999999997167,no_trophic_selection_ablation,intact,intact,MockSimulator,43,-0.01,0.01,0.01,0.01,1,True,1,True,-3.932107328138828,-6.0383350553740875,-1.1112368511953283,3.932107328138828,11,200
182,1000.0,16,11,2,9,0,0,2.5317980174482155,0.9910035936829221,6.107811136322384,-0.9276678402871524,0.9736539432424753,0.7004582101777567,0.949322641514407,0.0,True,20,0,20,0,0,1.765019787491874,0.0,1.5317079999999095,2.115500000000381,3.8183749999998184,no_trophic_selection_ablation,intact,intact,MockSimulator,43,0.01,-0.01,-0.01,-0.01,-1,True,-1,True,-4.025540615134936,-6.1296621146429615,-1.2074910086683805,4.025540615134936,11,200
183,1000.0,16,11,2,9,0,0,2.5376163139414447,1.0073775582679123,6.097413451802137,0.9313901749534188,0.9731106257700923,0.7020400819472703,0.949322641514407,0.1,True,20,0,20,0,0,1.766142203296961,0.0,1.5231250000002916,2.122958999999369,3.8139590000003665,no_trophic_selection_ablation,intact,intact,MockSimulator,43,-0.01,0.01,0.01,0.01,1,True,1,True,-4.118826137096811,-6.220843515105328,-1.3035945802367215,4.118826137096811,11,200
184,1000.0,16,11,2,9,0,0,2.5558614240514363,1.0279682246343917,6.091613498706479,-0.9349233534738022,0.9725335573377525,0.7036784955619323,0.948322641514407,0.0,True,20,0,20,0,0,1.7677849410588005,0.0,1.5262920000003177,2.1455829999998954,3.842249999999936,no_trophic_selection_ablation,intact,intact,MockSimulator,43,0.01,-0.01,-0.01,-0.01,-1,True,-1,True,-4.211960666693489,-6.311876027323997,-1.3995443413902602,4.211960666693489,11,200
185,1000.0,16,11,2,9,0,0,2.5614493023724743,1.0441259413250505,6.081273742668704,0.938276342778516,0.9719228634122666,0.7053705565992289,0.948322641514407,0.1,True,20,0,20,0,0,1.7696418018246458,0.0,1.6632080000000826,2.2719999999996077,4.102000000000494,no_trophic_selection_ablation,intact,intact,MockSimulator,43,-0.01,0.01,0.01,0.01,1,True,1,True,-4.304940992368023,-6.4027564376379,-1.4953370833900965,4.304940992368023,11,200
186,1000.0,16,11,2,9,0,0,2.579493664219517,1.0645264726760937,6.07555808503687,-0.9414577665733267,0.9712786137700904,0.7071134637968088,0.947322641514407,0.0,True,20,0,20,0,0,1.7718035620830754,0.0,1.5615000000002155,2.1419579999992777,3.878499999999896,no_trophic_selection_ablation,intact,intact,MockSimulator,43,0.01,-0.01,-0.01,-0.01,-1,True,-1,True,-4.397763912752664,-6.493481542577271,-1.5909696076837154,4.397763912752664,11,200
187,1000.0,16,11,2,9,0,0,2.5848528330994296,1.0804662769370055,6.065273004977872,0.9444759087892964,0.9706008313762126,0.7089045064838458,0.947322641514407,0.1,True,20,0,20,0,0,1.7737232333868747,0.0,1.5267500000000211,2.145875000000075,3.8403340000003894,no_trophic_selection_ablation,intact,intact,MockSimulator,43,-0.01,0.01,0.01,0.01,1,True,1,True,-4.490426231977532,-6.584048144172315,-1.6864387212136531,4.490426231977532,11,200
188,1000.0,16,11,2,9,0,0,2.6027006651725735,1.100678784497674,6.0596409169812775,-0.947338718340248,0.9698894959762994,0.7107410620778826,0.946322641514407,0.0,True,20,0,20,0,0,1.7761496181860057,0.0,1.5347090000004115,2.14937500000012,3.8531659999998524,no_trophic_selection_ablation,intact,intact,MockSimulator,43,0.01,-0.01,-0.01,-0.01,-1,True,-1,True,-4.582924755343185,-6.674453045625773,-1.7817412320900694,4.582924755343185,11,200
189,1000.0,16,11,2,9,0,0,2.6078160645000534,1.1163831507077997,6.049390480395407,0.9500538149710616,0.9691445517101571,0.7126205936455643,0.946322641514407,0.1,True,20,0,20,0,0,1.7745633478422427,0.0,1.6487500000001987,2.337041999999734,4.154250000000026,no_trophic_selection_ablation,intact,intact,MockSimulator,43,-0.01,0.01,0.01,0.01,1,True,1,True,-4.675256285758857,-6.764693047751162,-1.8768739460289952,4.675256285758857,11,200
190,1000.0,16,12,3,9,1,0,2.4066779289816678,0.7681172310098116,6.043841344623372,-0.9526284960314464,0.9683659095310256,0.7145406475257077,0.945322641514407,0.0,True,22,0,22,0,0,1.776894032982681,0.0,1.5458329999997744,3.0731670000001543,4.7964159999995815,no_trophic_selection_ablation,intact,intact,MockSimulator,43,0.01,-0.01,-0.01,-0.01,-1,True,-1,True,-4.3492994853906835,-6.854764945656513,0.25,4.3909661520573495,11,200
191,1000.0,16,12,3,9,0,0,2.4116466932454244,0.7664176430083146,6.033355400947788,0.9550697439985978,0.9675534538499265,0.7164988510131871,0.945322641514407,0.1,True,22,0,22,0,0,1.7795518502286534,0.0,1.5660830000001624,2.2365839999993753,3.985917000000505,no_trophic_selection_ablation,intact,intact,MockSimulator,43,-0.01,0.01,0.01,0.01,1,True,1,True,-4.457831422187783,-6.944665526095849,-0.04051603615497798,4.457831422187783,12,200
192,1000.0,16,12,3,9,0,0,2.430325915927843,0.7927962247239027,6.027890014173229,-0.9573842346181933,0.966707044033719,0.7179492404263876,0.944322641514407,0.0,True,22,0,22,0,0,1.7833515664509152,0.0,1.54766700000053,2.235541999999313,3.9662920000003155,no_trophic_selection_ablation,intact,intact,MockSimulator,43,0.01,-0.01,-0.01,-0.01,-1,True,-1,True,-4.550044295168969,-7.034391564973125,-0.1371462245221949,4.550044295168969,12,200
193,1000.0,16,12,3,9,0,0,2.4350628088699096,0.8034783955464588,6.016320613387128,0.9595783455217202,0.9658265203033624,0.7194550147226547,0.944322641514407,0.1,True,22,0,22,0,0,1.7880129706948402,0.0,1.6336660000000336,2.3900420000000366,4.236167000000179,no_trophic_selection_ablation,intact,intact,MockSimulator,43,-0.01,0.01,0.01,0.01,1,True,1,True,-4.642076902904136,-7.123939825438487,-0.23359173032800895,4.642076902904136,12,200
194,1000.0,16,12,3,9,0,0,2.453497422863983,0.8296252015784848,6.010944196946959,-0.9616581652191152,0.9649117045002595,0.7210133783509007,0.943322641514407,0.0,True,22,0,22,0,0,1.792898921005552,0.0,1.5384159999998204,2.2553749999998374,3.9794579999998803,no_trophic_selection_ablation,intact,intact,MockSimulator,43,0.01,-0.01,-0.01,-0.01,-1,True,-1,True,-4.733925996451257,-7.2133070560630745,-0.32984930904770693,4.733925996451257,12,200
195,1000.0,16,12,3,9,0,0,2.458045821939981,0.8430241184498257,5.999210563235176,0.9636295023539753,0.9639624054073205,0.7226216254281278,0.943322641514407,0.1,True,22,0,22,0,0,1.8076443685239285,0.0,1.5501249999996247,2.250166999999692,3.9829170000000857,no_trophic_selection_ablation,intact,intact,MockSimulator,43,-0.01,0.01,0.01,0.01,1,True,1,True,-4.8255883109955375,-7.302489989547743,-0.42591570027939124,4.8255883109955375,12,200
196,1000.0,16,12,3,9,0,0,2.476297823263582,0.8689236079453501,5.993923510215479,-0.9654978951449733,0.9629784189272789,0.7242771372709255,0.942322641514407,0.0,True,22,0,22,0,0,1.8273989528422296,0.0,1.543167000000345,2.2415000000002294,3.968459000000202,no_trophic_selection_ablation,intact,intact,MockSimulator,43,0.01,-0.01,-0.01,-0.01,-1,True,-1,True,-4.9170605645772705,-7.391485341450923,-0.5217876264718397,4.9170605645772705,12,200
197,1000.0,16,12,3,9,0,0,2.4806955719520016,0.8828480474479623,5.982260981646755,0.9672686209252046,0.9619595329552122,0.7259773799898399,0.942322641514407,0.1,True,22,0,22,0,0,1.8381587190517141,0.0,1.640541999999634,2.3965830000003407,4.253791999999201,no_trophic_selection_ablation,intact,intact,MockSimulator,43,-0.01,0.01,0.01,0.01,1,True,1,True,-5.008339457308214,-7.480289809404994,-0.6174617921408891,5.008339457308214,12,200
198,1000.0,16,12,3,9,0,0,2.4987584511537153,0.9084984805230546,5.977062453942464,-0.9689467057233938,0.9609055270784964,0.7277199021450894,0.941322641514407,0.0,True,22,0,22,0,0,1.8441863067933433,0.0,1.589124999999747,2.308625000000397,4.086415999999815,no_trophic_selection_ablation,intact,intact,MockSimulator,43,0.01,-0.01,-0.01,-0.01,-1,True,-1,True,-5.099421670558755,-7.568900072303438,-0.7129348830565979,5.099421670558755,12,200
199,1000.0,16,12,2,10,0,0,2.502923859122505,0.9223192045490972,5.9654338453560385,0.9705369338188817,0.9598161770993544,0.729502332462133,0.941322641514407,0.1,True,22,0,22,0,0,1.8475641901307034,0.0,1.5591249999999945,2.268791999999742,4.0115410000005625,no_trophic_selection_ablation,intact,intact,MockSimulator,43,-0.01,0.01,0.01,0.01,1,True,1,True,-5.190303866598133,-7.65731278994107,-0.8082035658834767,5.190303866598133,12,200
200,1000.0,16,12,2,10,0,0,2.520795708243161,0.9477227874176622,5.960323203452335,-0.9720438572307976,0.9586912543407229,0.7313223776056368,0.940322641514407,0.0,True,22,0,22,0,0,1.8528764704555414,0.0,1.5466249999995796,2.3175829999999564,4.04762500000011,no_trophic_selection_ablation,intact,intact,MockSimulator,43,0.01,-0.01,-0.01,-0.01,-1,True,-1,True,-5.280982688165607,-7.745524602585202,-0.9032644877516656,5.280982688165607,12,200
201,1000.0,16,12,2,10,0,0,2.5247297356255047,0.9613025333978259,5.9487368014250706,0.9734718050898192,0.9575305298947553,0.7331778200104156,0.940322641514407,0.1,True,22,0,22,0,0,1.857542516560195,0.0,1.5882080000002574,2.403417000000019,4.215583000000578,no_trophic_selection_ablation,intact,intact,MockSimulator,43,-0.01,0.01,0.01,0.01,1,True,1,True,-5.371454758466917,-7.833532130972092,-0.9981142762533894,5.371454758466917,12,200
202,1000.0,16,12,2,10,0,0,2.542418641877783,0.9864623169079689,5.94371336586759,-0.9748248928661136,0.9563337735998166,0.735066515767961,0.939322641514407,0.0,True,22,0,22,0,0,1.8655408811870062,0.0,1.5538749999999268,2.298167000000184,4.036166999999757,no_trophic_selection_ablation,intact,intact,MockSimulator,43,0.01,-0.01,-0.01,-0.01,-1,True,-1,True,-5.461716681068432,-7.921331976201102,-1.0927495393371176,5.461716681068432,12,200
203,1000.0,16,12,2,10,0,0,2.5461176181558964,0.9997621659479199,5.932163644801764,0.9761070314151541,0.9551007580736987,0.7369863925672004,0.939322641514407,0.1,True,22,0,22,0,0,1.8668809475633203,0.0,1.5599999999995617,2.2778329999999514,4.020958000000796,no_trophic_selection_ablation,intact,intact,MockSimulator,43,-0.01,0.01,0.01,0.01,1,True,1,True,-5.551765040194733,-8.00892072003227,-1.1871668656051504,5.551765040194733,12,200
204,1000.0,16,12,2,10,0,0,2.563622279492035,1.0246814252643173,5.92722676854427,-0.977321935825406,0.953831257412568,0.7389354476881631,0.938322641514407,0.0,True,22,0,22,0,0,1.8726627464341004,0.0,1.5620829999996033,2.379417000000217,4.1341250000002105,no_trophic_selection_ablation,intact,intact,MockSimulator,43,0.01,-0.01,-0.01,-0.01,-1,True,-1,True,-5.6415964008957955,-8.096294925053495,-1.281362824480802,5.6415964008957955,12,200
205,1000.0,16,12,2,10,0,0,2.5670799794576618,1.0376855845157227,5.915703318520032,0.9784731340401914,0.9525250510545408,0.7409117460472603,0.938322641514407,0.1,True,22,0,22,0,0,1.8748386994059008,0.0,1.5886670000000436,2.377708000000034,4.161584000000218,no_trophic_selection_ablation,intact,intact,MockSimulator,43,-0.01,0.01,0.01,0.01,1,True,1,True,-5.731207309600351,-8.183451135233897,-1.3753339667617752,5.731207309600351,12,200
206,1000.0,16,12,2,10,0,0,2.584404919960425,1.0623676730878802,5.91085241226529,-0.9795639752457841,0.9511819222404838,0.7429134182929183,0.937322641514407,0.0,True,22,0,22,0,0,1.8805094239043356,0.0,1.5537499999993543,2.33762500000001,4.075417000000137,no_trophic_selection_ablation,intact,intact,MockSimulator,43,0.01,-0.01,-0.01,-0.01,-1,True,-1,True,-5.820594294514801,-8.27038587632271,-1.4690768250190618,5.820594294514801,12,200
207,1000.0,16,12,2,10,0,0,2.587628676422227,1.075080416250457,5.899357918927967,0.9805976380064202,0.9498016617435061,0.7449386589503313,0.937322641514407,0.1,True,22,0,22,0,0,1.8853061141171397,0.0,1.5595419999998583,2.3256659999999485,4.067291999999334,no_trophic_selection_ablation,intact,intact,MockSimulator,43,-0.01,0.01,0.01,0.01,1,True,1,True,-5.909753866394635,-8.357095656620738,-1.5625879143683934,5.909753866394635,12,200
208,1000.0,16,12,2,10,0,0,2.6047741623302896,1.099528639828155,5.894592382429804,-0.9815771381444164,0.9483840661231683,0.7469857246141305,0.936322641514407,0.0,True,22,0,22,0,0,1.8845801893775098,0.0,1.5460830000000314,2.4303749999994295,4.170959000000529,no_trophic_selection_ablation,intact,intact,MockSimulator,43,0.01,-0.01,-0.01,-0.01,-1,True,-1,True,-5.998682519140558,-8.443576967576433,-1.655863733066342,5.998682519140558,12,200
209,1000.0,16,12,2,10,0,0,2.6077189407084176,1.1119034503554355,5.883076978276001,0.9825053363526057,0.9469289413486337,0.7490529321877976,0.936322641514407,0.1,True,22,0,22,0,0,1.8831524915300966,0.0,1.567500000000166,2.411417000000249,4.169540999999555,no_trophic_selection_ablation,intact,intact,MockSimulator,43,-0.01,0.01,0.01,0.01,1,True,1,True,-6.087376730756282,-8.529826284743722,-1.7489007634681388,6.087376730756282,12,200
210,1000.0,16,12,2,10,0,0,2.6246833479377374,1.136121384926138,5.8783964748743065,-0.9833849455418537,0.9454361008714344,0.7511386571686723,0.935322641514407,0.0,True,22,0,22,0,0,1.8824079793263584,0.0,1.5760000000000218,2.3831669999996308,4.143249999999377,no_trophic_selection_ablation,intact,intact,MockSimulator,43,0.01,-0.01,-0.01,-0.01,-1,True,-1,True,-6.175832964112668,-8.615840068546122,-1.8416954727918142,6.175832964112668,12,200
211,1000.0,16,12,2,10,0,0,2.627364463170949,1.1481724737243462,5.866870639614415,0.9842185379158884,0.9439053691639249,0.753241331977437,0.935322641514407,0.1,True,22,0,22,0,0,1.8856569938559975,0.0,1.5547920000003046,2.3500419999997746,4.08658300000031,no_trophic_selection_ablation,intact,intact,MockSimulator,43,-0.01,0.01,0.01,0.01,1,True,1,True,-6.264047668064948,-8.701614765393968,-1.9342443142354149,6.264047668064948,12,200
212,1000.0,16,12,2,10,0,0,2.644157049431547,1.1721635840373708,5.862274779673335,-0.985008551779514,0.9423365796308129,0.7553594443309836,0.934322641514407,0.0,True,22,0,22,0,0,1.8860720098537689,0.0,1.5752920000000614,2.520124999999318,4.27916599999989,no_trophic_selection_ablation,intact,intact,MockSimulator,43,0.01,-0.01,-0.01,-0.01,-1,True,-1,True,-6.3520172783599635,-8.787146808591654,-2.0265437278842606,6.3520172783599635,12,200
213,1000.0,16,12,2,10,0,0,2.6465787957026725,1.183894383754293,5.850738151793717,0.9857572980762432,0.9407295780797703,0.7574915356575973,0.934322641514407,0.1,True,22,0,22,0,0,1.889769837544728,0.0,1.577875000000617,2.4255000000001914,4.193167000000386,no_trophic_selection_ablation,intact,intact,MockSimulator,43,-0.01,0.01,0.01,0.01,1,True,1,True,-6.43973821888958,-8.87243261959104,-2.1185901419643534,6.43973821888958,12,200
214,1000.0,16,13,3,10,1,0,2.45834069848815,0.764511271736382,5.846226549600544,-0.9864669666637315,0.939084220488113,0.7596361995534141,0.933322641514407,0.0,True,24,0,24,0,0,1.8887437932394837,0.0,1.5663330000004194,3.30516699999972,5.055083000000238,no_trophic_selection_ablation,intact,intact,MockSimulator,43,0.01,-0.01,-0.01,-0.01,-1,True,-1,True,-6.005883294818001,-8.957468609020259,0.25,6.044344833279539,12,200
215,1000.0,16,13,3,10,0,0,2.4608529325682733,0.7623623389788937,5.834466262624565,0.9871396323258699,0.9374003764186438,0.7617920802791351,0.933322641514407,0.1,True,24,0,24,0,0,1.8916554551417883,0.0,1.5751250000004546,2.4985419999996594,4.270458000000588,no_trophic_selection_ablation,intact,intact,MockSimulator,43,-0.01,0.01,0.01,0.01,1,True,1,True,-6.108038993417642,-9.042251178053103,-0.03147011292559318,6.108038993417642,13,200
216,1000.0,16,13,3,10,0,0,2.4785223028194148,0.7874382937192103,5.830039646253222,-0.987777260531439,0.9356779266549002,0.7633731303250482,0.932322641514407,0.0,True,24,0,24,0,0,1.8966790711469175,0.0,1.6805829999997357,2.6146249999996485,4.499125000000603,no_trophic_selection_ablation,intact,intact,MockSimulator,43,0.01,-0.01,-0.01,-0.01,-1,True,-1,True,-6.195498747089715,-9.12677671954054,-0.12500643547815762,6.195498747089715,13,200
217,1000.0,16,13,3,10,0,0,2.480775020184889,0.7965928901403868,5.817323700878733,0.9883817129402468,0.9339167665723057,0.7649862215370129,0.932322641514407,0.1,True,24,0,24,0,0,1.901768918380478,0.0,1.5838749999996793,2.465458000000531,4.255458999999462,no_trophic_selection_ablation,intact,intact,MockSimulator,43,-0.01,0.01,0.01,0.01,1,True,1,True,-6.282694924999855,-9.21104161947823,-0.21827310569991004,6.282694924999855,13,200
218,1000.0,16,13,2,11,0,0,2.498229978121527,0.8214655742124469,5.8129866177314105,-0.9889547526675487,0.9321168036531047,0.7666294398483691,0.931322641514407,0.0,True,24,0,24,0,0,1.9041578474660374,0.0,1.562999999999981,2.4420420000001997,4.20391699999989,no_trophic_selection_ablation,intact,intact,MockSimulator,43,0.01,-0.01,-0.01,-0.01,-1,True,-1,True,-6.369623910440167,-9.295042258224063,-0.31126651295952057,6.369623910440167,13,200
219,1000.0,16,13,2,11,0,0,2.5002483535148863,0.833060003485371,5.800074572863331,0.9894980493091331,0.9302779608205138,0.7683009349386561,0.931322641514407,0.1,True,24,0,24,0,0,1.9203831009655854,0.0,1.5582919999994616,2.4537499999999213,4.206167000000427,no_trophic_selection_ablation,intact,intact,MockSimulator,43,-0.01,0.01,0.01,0.01,1,True,1,True,-6.456282082611778,-9.37877501204789,-0.4039830425286124,6.456282082611778,13,200
