step,dt_ms,n_polyps,n_alive,n_juvenile,n_adult,births_this_step,deaths_this_step,mean_trophic_health,min_trophic_health,max_trophic_health,colony_prediction,raw_dopamine,mean_directional_accuracy_ema,capital,position_size,direction_correct,n_edges,n_gap_junctions,n_ff,n_lat,n_fb,motif_message_total,ff_message_total,lat_message_total,fb_message_total,graph_context_mean_abs,graph_context_nonzero_count,macro_eligibility_trace_abs_sum,macro_eligibility_trace_nonzero_count,macro_eligibility_matured_updates,macro_eligibility_trace_mode,macro_eligibility_credit_mode,context_memory_enabled,context_memory_mode,context_memory_value,context_memory_updates,context_memory_feature_active,context_memory_feature_source,context_memory_visible_cue_sign,context_memory_raw_observation,context_memory_bound_observation,context_memory_key,context_memory_slot_count,predictive_context_enabled,predictive_context_mode,predictive_context_value,predictive_context_updates,predictive_context_feature_active,predictive_context_feature_source,predictive_context_visible_signal,predictive_context_raw_observation,predictive_context_bound_observation,predictive_context_key,predictive_context_slot_count,composition_routing_enabled,composition_routing_mode,composition_routing_feature_active,composition_routing_feature_source,composition_routing_raw_observation,composition_routing_bound_observation,composition_routing_event_type,composition_routing_phase,composition_routing_skill_a,composition_routing_skill_b,composition_routing_selected_skill,composition_routing_context,composition_routing_true_skill,composition_routing_router_correct,composition_routing_module_updates,composition_routing_router_updates,composition_routing_module_uses,composition_routing_router_uses,composition_routing_correct_route_uses,composition_routing_pre_feedback_select_steps,I_union_bits,changepoint_probability,spinnaker_wall_ms,host_compute_wall_ms,total_step_wall_ms,task,model,model_family,variant,variant_group,backend,seed,event_type,phase,trial_id,context_sign,decision_cue_sign,memory_runner,raw_sensory_return_1m,sensory_return_1m,target_return_1m,target_signal_horizon,target_signal_sign,target_signal_nonzero,prediction_sign,strict_direction_correct,feedback_due_step,configured_horizon_bars,configured_readout_lr,configured_delayed_readout_lr,configured_initial_population,configured_max_population,visible_cue_sign,feature_source,context_updates,feature_active
0,1000.0,8,8,8,0,0,0,19.910199708645575,19.910199708645575,19.910199708645575,0.04122661942889728,0.0,0.5,1.0,0.04122661942889728,False,0,0,0,0,0,0.0,0.0,0.0,0.0,0.0,0,0.0,0,0,disabled,disabled,True,normal,1,1,False,raw,0,0.0055000000000000005,0.0055000000000000005,phase:A0,0,False,disabled,0,0,False,raw,0,0.0055000000000000005,0.0055000000000000005,,0,False,disabled,False,raw,0.0055000000000000005,0.0055000000000000005,,,,,,,,False,0,0,0,0,0,0,0.0,0.0,0.9316660000138199,0.39637500000822,1.4630419999832611,context_reentry_interference,v1_5_single_slot,CRA,v1_5_single_slot,single_slot_baseline,MockSimulator,43,context,A0_context,0,1,0,internal,0.0055000000000000005,0.0055000000000000005,0.0,0.0,0,False,1,False,-1,1,0.1,0.2,8,8,0,raw,1,False
1,1000.0,8,8,8,0,0,0,19.82084699960904,19.82084699960904,19.82084699960904,0.0,0.0,0.49979999999999997,1.0,0.0,False,0,0,0,0,0,0.0,0.0,0.0,0.0,0.0,0,0.0,0,0,disabled,disabled,True,normal,1,1,False,raw,0,0.0,0.0,trial:-1,0,False,disabled,0,0,False,raw,0,0.0,0.0,,0,False,disabled,False,raw,0.0,0.0,,,,,,,,False,0,0,0,0,0,0,0.0,0.0,0.7844589999876916,0.3397080000127062,1.2480000000039126,context_reentry_interference,v1_5_single_slot,CRA,v1_5_single_slot,single_slot_baseline,MockSimulator,43,none,none,-1,0,0,internal,0.0,0.0,0.0,0.0,0,False,0,False,-1,1,0.1,0.2,8,8,0,raw,1,False
2,1000.0,8,8,8,0,0,0,19.731939640573223,19.731939640573223,19.731939640573223,0.0,0.0,0.49940799999999996,1.0,0.0,False,0,0,0,0,0,0.0,0.0,0.0,0.0,0.0,0,0.0,0,0,disabled,disabled,True,normal,1,1,False,raw,0,0.0,0.0,trial:-1,0,False,disabled,0,0,False,raw,0,0.0,0.0,,0,False,disabled,False,raw,0.0,0.0,,,,,,,,False,0,0,0,0,0,0,0.0,0.0,0.7771669999954156,0.3329580000013266,1.2321670000119411,context_reentry_interference,v1_5_single_slot,CRA,v1_5_single_slot,single_slot_baseline,MockSimulator,43,none,none,-1,0,0,internal,0.0,0.0,0.0,0.0,0,False,0,False,-1,1,0.1,0.2,8,8,0,raw,1,False
3,1000.0,8,8,8,0,0,0,19.64347541035469,19.64347541035469,19.64347541035469,0.0,0.0,0.49883175999999996,1.0,0.0,False,0,0,0,0,0,0.0,0.0,0.0,0.0,0.0,0,0.0,0,0,disabled,disabled,True,normal,1,1,False,raw,0,0.0,0.0,trial:-1,0,False,disabled,0,0,False,raw,0,0.0,0.0,,0,False,disabled,False,raw,0.0,0.0,,,,,,,,False,0,0,0,0,0,0,0.0,0.0,0.7781249999823103,0.33154199999785305,1.230708999997887,context_reentry_interference,v1_5_single_slot,CRA,v1_5_single_slot,single_slot_baseline,MockSimulator,43,none,none,-1,0,0,internal,0.0,0.0,0.0,0.0,0,False,0,False,-1,1,0.1,0.2,8,8,0,raw,1,False
4,1000.0,8,8,8,0,0,0,19.555452098848193,19.555452098848193,19.555452098848193,0.0,0.0,0.4980788063999999,1.0,0.0,False,0,0,0,0,0,0.0,0.0,0.0,0.0,0.0,0,0.0,0,0,disabled,disabled,True,normal,1,1,False,raw,0,0.0,0.0,trial:-1,0,False,disabled,0,0,False,raw,0,0.0,0.0,,0,False,disabled,False,raw,0.0,0.0,,,,,,,,False,0,0,0,0,0,0,0.0,0.0,0.7781670000213126,0.3284999999948468,1.2285419999784608,context_reentry_interference,v1_5_single_slot,CRA,v1_5_single_slot,single_slot_baseline,MockSimulator,43,none,none,-1,0,0,internal,0.0,0.0,0.0,0.0,0,False,0,False,-1,1,0.1,0.2,8,8,0,raw,1,False
5,1000.0,8,8,8,0,0,0,19.467867506971437,19.467867506971437,19.467867506971437,0.0,0.0,0.4971564382399999,1.0,0.0,False,0,0,0,0,0,0.0,0.0,0.0,0.0,0.0,0,0.0,0,0,disabled,disabled,True,normal,1,1,False,raw,0,0.0,0.0,trial:-1,0,False,disabled,0,0,False,raw,0,0.0,0.0,,0,False,disabled,False,raw,0.0,0.0,,,,,,,,False,0,0,0,0,0,0,0.0,0.0,0.7877089999794862,0.3303330000221649,1.2394590000042172,context_reentry_interference,v1_5_single_slot,CRA,v1_5_single_slot,single_slot_baseline,MockSimulator,43,none,none,-1,0,0,internal,0.0,0.0,0.0,0.0,0,False,0,False,-1,1,0.1,0.2,8,8,0,raw,1,False
6,1000.0,8,8,8,0,0,0,19.380719446610097,19.380719446610097,19.380719446610097,0.0,0.0,0.49607173328383986,1.0,0.0,False,0,0,0,0,0,0.0,0.0,0.0,0.0,0.0,0,0.0,0,0,disabled,disabled,True,normal,1,1,False,raw,0,0.0,0.0,trial:-1,0,False,disabled,0,0,False,raw,0,0.0,0.0,,0,False,disabled,False,raw,0.0,0.0,,,,,,,,False,0,0,0,0,0,0,0.0,0.0,0.7829159999914737,0.33108400000969596,1.2345839999738928,context_reentry_interference,v1_5_single_slot,CRA,v1_5_single_slot,single_slot_baseline,MockSimulator,43,none,none,-1,0,0,internal,0.0,0.0,0.0,0.0,0,False,0,False,-1,1,0.1,0.2,8,8,0,raw,1,False
7,1000.0,8,8,8,0,0,0,19.29400574056311,19.29400574056311,19.29400574056311,0.0,0.0,0.4948315539506303,1.0,0.0,False,0,0,0,0,0,0.0,0.0,0.0,0.0,0.0,0,0.0,0,0,disabled,disabled,True,normal,1,1,False,raw,0,0.0,0.0,trial:-1,0,False,disabled,0,0,False,raw,0,0.0,0.0,,0,False,disabled,False,raw,0.0,0.0,,,,,,,,False,0,0,0,0,0,0,0.0,0.0,0.7767920000105732,0.45579099997894446,1.355457999977716,context_reentry_interference,v1_5_single_slot,CRA,v1_5_single_slot,single_slot_baseline,MockSimulator,43,none,none,-1,0,0,internal,0.0,0.0,0.0,0.0,0,False,0,False,-1,1,0.1,0.2,8,8,0,raw,1,False
8,1000.0,8,8,8,0,0,0,19.207724222488253,19.207724222488253,19.207724222488253,0.0,0.0,0.4934425530974355,1.0,0.0,False,0,0,0,0,0,0.0,0.0,0.0,0.0,0.0,0,0.0,0,0,disabled,disabled,True,normal,1,1,False,raw,0,0.0,0.0,trial:-1,0,False,disabled,0,0,False,raw,0,0.0,0.0,,0,False,disabled,False,raw,0.0,0.0,,,,,,,,False,0,0,0,0,0,0,0.0,0.0,0.8891249999862794,0.46929199999112825,1.4965420000123686,context_reentry_interference,v1_5_single_slot,CRA,v1_5_single_slot,single_slot_baseline,MockSimulator,43,none,none,-1,0,0,internal,0.0,0.0,0.0,0.0,0,False,0,False,-1,1,0.1,0.2,8,8,0,raw,1,False
9,1000.0,8,8,8,0,0,0,19.121872736847966,19.121872736847966,19.121872736847966,0.0,0.0,0.49191117965678827,1.0,0.0,False,0,0,0,0,0,0.0,0.0,0.0,0.0,0.0,0,0.0,0,0,disabled,disabled,True,normal,1,1,False,raw,0,0.0,0.0,trial:-1,0,False,disabled,0,0,False,raw,0,0.0,0.0,,0,False,disabled,False,raw,0.0,0.0,,,,,,,,False,0,0,0,0,0,0,0.0,0.0,0.824917000016967,0.632707999983495,1.6505829999857724,context_reentry_interference,v1_5_single_slot,CRA,v1_5_single_slot,single_slot_baseline,MockSimulator,43,none,none,-1,0,0,internal,0.0,0.0,0.0,0.0,0,False,0,False,-1,1,0.1,0.2,8,8,0,raw,1,False
10,1000.0,8,8,8,0,0,0,19.036449138855495,19.036449138855495,19.036449138855495,0.0,0.0,0.49024368413252795,1.0,0.0,False,0,0,0,0,0,0.0,0.0,0.0,0.0,0.0,0,0.0,0,0,disabled,disabled,True,normal,1,1,False,raw,0,0.0,0.0,trial:-1,0,False,disabled,0,0,False,raw,0,0.0,0.0,,0,False,disabled,False,raw,0.0,0.0,,,,,,,,False,0,0,0,0,0,0,0.0,0.0,0.7802500000195778,0.5337919999988117,1.4363749999972697,context_reentry_interference,v1_5_single_slot,CRA,v1_5_single_slot,single_slot_baseline,MockSimulator,43,none,none,-1,0,0,internal,0.0,0.0,0.0,0.0,0,False,0,False,-1,1,0.1,0.2,8,8,0,raw,1,False
11,1000.0,8,8,8,0,0,0,18.95145129442124,18.95145129442124,18.95145129442124,0.0,0.0,0.4884461239573753,1.0,0.0,False,0,0,0,0,0,0.0,0.0,0.0,0.0,0.0,0,0.0,0,0,disabled,disabled,True,normal,1,1,False,raw,0,0.0,0.0,trial:-1,0,False,disabled,0,0,False,raw,0,0.0,0.0,,0,False,disabled,False,raw,0.0,0.0,,,,,,,,False,0,0,0,0,0,0,0.0,0.0,0.7832499999835818,0.5336250000027576,1.4386670000021695,context_reentry_interference,v1_5_single_slot,CRA,v1_5_single_slot,single_slot_baseline,MockSimulator,43,none,none,-1,0,0,internal,0.0,0.0,0.0,0.0,0,False,0,False,-1,1,0.1,0.2,8,8,0,raw,1,False
12,1000.0,8,8,8,0,0,0,18.866877080099428,18.866877080099428,18.866877080099428,0.0,0.0,0.4865243687155758,1.0,0.0,False,0,0,0,0,0,0.0,0.0,0.0,0.0,0.0,0,0.0,0,0,disabled,disabled,True,normal,1,1,False,raw,0,0.0,0.0,trial:-1,0,False,disabled,0,0,False,raw,0,0.0,0.0,,0,False,disabled,False,raw,0.0,0.0,,,,,,,,False,0,0,0,0,0,0,0.0,0.0,0.7786250000094697,0.535249999984444,1.434167000013531,context_reentry_interference,v1_5_single_slot,CRA,v1_5_single_slot,single_slot_baseline,MockSimulator,43,none,none,-1,0,0,internal,0.0,0.0,0.0,0.0,0,False,0,False,-1,1,0.1,0.2,8,8,0,raw,1,False
13,1000.0,8,8,8,0,0,0,18.782724383035006,18.782724383035006,18.782724383035006,0.0,0.0,0.4844841052338653,1.0,0.0,False,0,0,0,0,0,0.0,0.0,0.0,0.0,0.0,0,0.0,0,0,disabled,disabled,True,normal,1,1,False,raw,0,0.0,0.0,trial:-1,0,False,disabled,0,0,False,raw,0,0.0,0.0,,0,False,disabled,False,raw,0.0,0.0,,,,,,,,False,0,0,0,0,0,0,0.0,0.0,0.7806659999971544,0.5437499999914053,1.444875000004231,context_reentry_interference,v1_5_single_slot,CRA,v1_5_single_slot,single_slot_baseline,MockSimulator,43,none,none,-1,0,0,internal,0.0,0.0,0.0,0.0,0,False,0,False,-1,1,0.1,0.2,8,8,0,raw,1,False
14,1000.0,8,8,8,0,0,0,18.69899110091084,18.69899110091084,18.69899110091084,0.0,0.0,0.48233084254393704,1.0,0.0,False,0,0,0,0,0,0.0,0.0,0.0,0.0,0.0,0,0.0,0,0,disabled,disabled,True,normal,1,1,False,raw,0,0.0,0.0,trial:-1,0,False,disabled,0,0,False,raw,0,0.0,0.0,,0,False,disabled,False,raw,0.0,0.0,,,,,,,,False,0,0,0,0,0,0,0.0,0.0,0.7877500000006421,0.6057079999948201,1.5152499999828706,context_reentry_interference,v1_5_single_slot,CRA,v1_5_single_slot,single_slot_baseline,MockSimulator,43,none,none,-1,0,0,internal,0.0,0.0,0.0,0.0,0,False,0,False,-1,1,0.1,0.2,8,8,0,raw,1,False
15,1000.0,8,8,8,0,0,0,18.615675141895135,18.615675141895135,18.615675141895135,0.0,0.0,0.4800699167195123,1.0,0.0,False,0,0,0,0,0,0.0,0.0,0.0,0.0,0.0,0,0.0,0,0,disabled,disabled,True,normal,1,1,False,raw,0,0.0,0.0,trial:-1,0,False,disabled,0,0,False,raw,0,0.0,0.0,,0,False,disabled,False,raw,0.0,0.0,,,,,,,,False,0,0,0,0,0,0,0.0,0.0,0.7902499999943302,0.6079169999964051,1.5248750000012024,context_reentry_interference,v1_5_single_slot,CRA,v1_5_single_slot,single_slot_baseline,MockSimulator,43,none,none,-1,0,0,internal,0.0,0.0,0.0,0.0,0,False,0,False,-1,1,0.1,0.2,8,8,0,raw,1,False
16,1000.0,8,8,8,0,0,0,18.532774424589157,18.532774424589157,18.532774424589157,0.0,0.0,0.477706495591047,1.0,0.0,False,0,0,0,0,0,0.0,0.0,0.0,0.0,0.0,0,0.0,0,0,disabled,disabled,True,normal,1,1,False,raw,0,0.0,0.0,trial:-1,0,False,disabled,0,0,False,raw,0,0.0,0.0,,0,False,disabled,False,raw,0.0,0.0,,,,,,,,False,0,0,0,0,0,0,0.0,0.0,0.7851249999930587,0.5890840000120079,1.4968750000150521,context_reentry_interference,v1_5_single_slot,CRA,v1_5_single_slot,single_slot_baseline,MockSimulator,43,none,none,-1,0,0,internal,0.0,0.0,0.0,0.0,0,False,0,False,-1,1,0.1,0.2,8,8,0,raw,1,False
17,1000.0,8,8,8,0,0,0,18.450286877975188,18.450286877975188,18.450286877975188,0.0,0.0,0.4752455833410325,1.0,0.0,False,0,0,0,0,0,0.0,0.0,0.0,0.0,0.0,0,0.0,0,0,disabled,disabled,True,normal,1,1,False,raw,0,0.0,0.0,trial:-1,0,False,disabled,0,0,False,raw,0,0.0,0.0,,0,False,disabled,False,raw,0.0,0.0,,,,,,,,False,0,0,0,0,0,0,0.0,0.0,0.803082999993876,0.6051249999927677,1.5314999999986867,context_reentry_interference,v1_5_single_slot,CRA,v1_5_single_slot,single_slot_baseline,MockSimulator,43,none,none,-1,0,0,internal,0.0,0.0,0.0,0.0,0,False,0,False,-1,1,0.1,0.2,8,8,0,raw,1,False
18,1000.0,8,8,8,0,0,0,18.368210441364756,18.368210441364756,18.368210441364756,0.0,0.0,0.4726920249827822,1.0,0.0,False,0,0,0,0,0,0.0,0.0,0.0,0.0,0.0,0,0.0,0,0,disabled,disabled,True,normal,1,1,False,raw,0,0.0,0.0,trial:-1,0,False,disabled,0,0,False,raw,0,0.0,0.0,,0,False,disabled,False,raw,0.0,0.0,,,,,,,,False,0,0,0,0,0,0,0.0,0.0,0.86654200001135,0.8337909999909243,1.9645419999960723,context_reentry_interference,v1_5_single_slot,CRA,v1_5_single_slot,single_slot_baseline,MockSimulator,43,none,none,-1,0,0,internal,0.0,0.0,0.0,0.0,0,False,0,False,-1,1,0.1,0.2,8,8,0,raw,1,False
19,1000.0,8,8,8,0,0,0,18.28654306434712,18.28654306434712,18.28654306434712,0.0,0.0,0.47005051072552545,1.0,0.0,False,0,0,0,0,0,0.0,0.0,0.0,0.0,0.0,0,0.0,0,0,disabled,disabled,True,normal,1,1,False,raw,0,0.0,0.0,trial:-1,0,False,disabled,0,0,False,raw,0,0.0,0.0,,0,False,disabled,False,raw,0.0,0.0,,,,,,,,False,0,0,0,0,0,0,0.0,0.0,0.833292000010033,0.6837919999895803,1.6672080000148526,context_reentry_interference,v1_5_single_slot,CRA,v1_5_single_slot,single_slot_baseline,MockSimulator,43,none,none,-1,0,0,internal,0.0,0.0,0.0,0.0,0,False,0,False,-1,1,0.1,0.2,8,8,0,raw,1,False
20,1000.0,8,8,8,0,0,0,18.205282706737997,18.205282706737997,18.205282706737997,0.0,0.0,0.4673255802285659,1.0,0.0,False,0,0,0,0,0,0.0,0.0,0.0,0.0,0.0,0,0.0,0,0,disabled,disabled,True,normal,1,1,False,raw,0,0.0,0.0,trial:-1,0,False,disabled,0,0,False,raw,0,0.0,0.0,,0,False,disabled,False,raw,0.0,0.0,,,,,,,,False,0,0,0,0,0,0,0.0,0.0,0.7926669999847036,0.6115000000193049,1.5275000000087857,context_reentry_interference,v1_5_single_slot,CRA,v1_5_single_slot,single_slot_baseline,MockSimulator,43,none,none,-1,0,0,internal,0.0,0.0,0.0,0.0,0,False,0,False,-1,1,0.1,0.2,8,8,0,raw,1,False
21,1000.0,8,8,8,0,0,0,18.124427338528566,18.124427338528566,18.124427338528566,0.0,0.0,0.4645216267471945,1.0,0.0,False,0,0,0,0,0,0.0,0.0,0.0,0.0,0.0,0,0.0,0,0,disabled,disabled,True,normal,1,1,False,raw,0,0.0,0.0,trial:-1,0,False,disabled,0,0,False,raw,0,0.0,0.0,,0,False,disabled,False,raw,0.0,0.0,,,,,,,,False,0,0,0,0,0,0,0.0,0.0,0.7889579999869056,0.6106250000073032,1.5215419999776714,context_reentry_interference,v1_5_single_slot,CRA,v1_5_single_slot,single_slot_baseline,MockSimulator,43,none,none,-1,0,0,internal,0.0,0.0,0.0,0.0,0,False,0,False,-1,1,0.1,0.2,8,8,0,raw,1,False
22,1000.0,8,8,8,0,0,0,18.04397493983472,18.04397493983472,18.04397493983472,0.0,0.0,0.46164290117298656,1.0,0.0,False,0,0,0,0,0,0.0,0.0,0.0,0.0,0.0,0,0.0,0,0,disabled,disabled,True,normal,1,1,False,raw,0,0.0,0.0,trial:-1,0,False,disabled,0,0,False,raw,0,0.0,0.0,,0,False,disabled,False,raw,0.0,0.0,,,,,,,,False,0,0,0,0,0,0,0.0,0.0,0.7824999999854754,0.6165000000066811,1.5211250000106702,context_reentry_interference,v1_5_single_slot,CRA,v1_5_single_slot,single_slot_baseline,MockSimulator,43,none,none,-1,0,0,internal,0.0,0.0,0.0,0.0,0,False,0,False,-1,1,0.1,0.2,8,8,0,raw,1,False
23,1000.0,8,8,8,0,0,0,17.963923500846562,17.963923500846562,17.963923500846562,0.0,0.0,0.458693515971048,1.0,0.0,False,0,0,0,0,0,0.0,0.0,0.0,0.0,0.0,0,0.0,0,0,disabled,disabled,True,normal,1,1,False,raw,0,0.0,0.0,trial:-1,0,False,disabled,0,0,False,raw,0,0.0,0.0,,0,False,disabled,False,raw,0.0,0.0,,,,,,,,False,0,0,0,0,0,0,0.0,0.0,0.7918749999760166,0.6238750000022719,1.537541000004694,context_reentry_interference,v1_5_single_slot,CRA,v1_5_single_slot,single_slot_baseline,MockSimulator,43,none,none,-1,0,0,internal,0.0,0.0,0.0,0.0,0,False,0,False,-1,1,0.1,0.2,8,8,0,raw,1,False
24,1000.0,8,8,8,0,0,0,17.88427102177817,17.88427102177817,17.88427102177817,-0.03748243175707047,-0.0,0.45567744901671786,1.0,-0.03748243175707047,False,0,0,0,0,0,0.0,0.0,0.0,0.0,0.0,0,0.0,0,0,disabled,disabled,True,normal,-1,2,False,raw,0,-0.005,-0.005,intruder:24,0,False,disabled,0,0,False,raw,0,-0.005,-0.005,,0,False,disabled,False,raw,-0.005,-0.005,,,,,,,,False,0,0,0,0,0,0,0.0,0.0,0.779874999977892,0.631750000025022,1.5322909999895273,context_reentry_interference,v1_5_single_slot,CRA,v1_5_single_slot,single_slot_baseline,MockSimulator,43,context,A0_interfering_context,0,-1,0,internal,-0.005,-0.005,0.0,0.0,0,False,-1,False,-1,1,0.1,0.2,8,8,0,raw,2,False
25,1000.0,8,8,8,0,0,0,17.80501551281759,17.80501551281759,17.80501551281759,0.0,0.0,0.4525985473341725,1.0,0.0,False,0,0,0,0,0,0.0,0.0,0.0,0.0,0.0,0,0.0,0,0,disabled,disabled,True,normal,-1,2,False,raw,0,0.0,0.0,trial:-1,0,False,disabled,0,0,False,raw,0,0.0,0.0,,0,False,disabled,False,raw,0.0,0.0,,,,,,,,False,0,0,0,0,0,0,0.0,0.0,0.7837500000107411,0.6404579999923499,1.5454999999917618,context_reentry_interference,v1_5_single_slot,CRA,v1_5_single_slot,single_slot_baseline,MockSimulator,43,none,none,-1,0,0,internal,0.0,0.0,0.0,0.0,0,False,0,False,-1,1,0.1,0.2,8,8,0,raw,2,False
26,1000.0,8,8,8,0,0,0,17.7261549940771,17.7261549940771,17.7261549940771,0.0,0.0,0.4494605307393222,1.0,0.0,False,0,0,0,0,0,0.0,0.0,0.0,0.0,0.0,0,0.0,0,0,disabled,disabled,True,normal,-1,2,False,raw,0,0.0,0.0,trial:-1,0,False,disabled,0,0,False,raw,0,0.0,0.0,,0,False,disabled,False,raw,0.0,0.0,,,,,,,,False,0,0,0,0,0,0,0.0,0.0,1.016042000003381,0.8732080000015685,2.011165999988407,context_reentry_interference,v1_5_single_slot,CRA,v1_5_single_slot,single_slot_baseline,MockSimulator,43,none,none,-1,0,0,internal,0.0,0.0,0.0,0.0,0,False,0,False,-1,1,0.1,0.2,8,8,0,raw,2,False
27,1000.0,8,8,8,0,0,0,17.647687495543703,17.647687495543703,17.647687495543703,0.0,0.0,0.44626699538933223,1.0,0.0,False,0,0,0,0,0,0.0,0.0,0.0,0.0,0.0,0,0.0,0,0,disabled,disabled,True,normal,-1,2,False,raw,0,0.0,0.0,trial:-1,0,False,disabled,0,0,False,raw,0,0.0,0.0,,0,False,disabled,False,raw,0.0,0.0,,,,,,,,False,0,0,0,0,0,0,0.0,0.0,0.8428750000177843,0.8173749999969004,1.794334000010167,context_reentry_interference,v1_5_single_slot,CRA,v1_5_single_slot,single_slot_baseline,MockSimulator,43,none,none,-1,0,0,internal,0.0,0.0,0.0,0.0,0,False,0,False,-1,1,0.1,0.2,8,8,0,raw,2,False
28,1000.0,8,8,8,0,0,0,17.569611057029892,17.569611057029892,17.569611057029892,0.0,0.0,0.44302141724104616,1.0,0.0,False,0,0,0,0,0,0.0,0.0,0.0,0.0,0.0,0,0.0,0,0,disabled,disabled,True,normal,-1,2,False,raw,0,0.0,0.0,trial:-1,0,False,disabled,0,0,False,raw,0,0.0,0.0,,0,False,disabled,False,raw,0.0,0.0,,,,,,,,False,0,0,0,0,0,0,0.0,0.0,0.9972080000011374,0.8570420000069134,1.9891249999943739,context_reentry_interference,v1_5_single_slot,CRA,v1_5_single_slot,single_slot_baseline,MockSimulator,43,none,none,-1,0,0,internal,0.0,0.0,0.0,0.0,0,False,0,False,-1,1,0.1,0.2,8,8,0,raw,2,False
29,1000.0,8,8,8,0,0,0,17.49192372812463,17.49192372812463,17.49192372812463,0.0,0.0,0.4397271554205358,1.0,0.0,False,0,0,0,0,0,0.0,0.0,0.0,0.0,0.0,0,0.0,0,0,disabled,disabled,True,normal,-1,2,False,raw,0,0.0,0.0,trial:-1,0,False,disabled,0,0,False,raw,0,0.0,0.0,,0,False,disabled,False,raw,0.0,0.0,,,,,,,,False,0,0,0,0,0,0,0.0,0.0,0.8114580000153637,0.7315839999932905,1.6770000000008167,context_reentry_interference,v1_5_single_slot,CRA,v1_5_single_slot,single_slot_baseline,MockSimulator,43,none,none,-1,0,0,internal,0.0,0.0,0.0,0.0,0,False,0,False,-1,1,0.1,0.2,8,8,0,raw,2,False
30,1000.0,8,8,8,0,0,0,17.41462356814459,17.41462356814459,17.41462356814459,0.0,0.0,0.4363874555059495,1.0,0.0,False,0,0,0,0,0,0.0,0.0,0.0,0.0,0.0,0,0.0,0,0,disabled,disabled,True,normal,-1,2,False,raw,0,0.0,0.0,trial:-1,0,False,disabled,0,0,False,raw,0,0.0,0.0,,0,False,disabled,False,raw,0.0,0.0,,,,,,,,False,0,0,0,0,0,0,0.0,0.0,0.8101669999973637,0.7239579999804846,1.66125000001216,context_reentry_interference,v1_5_single_slot,CRA,v1_5_single_slot,single_slot_baseline,MockSimulator,43,none,none,-1,0,0,internal,0.0,0.0,0.0,0.0,0,False,0,False,-1,1,0.1,0.2,8,8,0,raw,2,False
31,1000.0,8,8,8,0,0,0,17.337708646085655,17.337708646085655,17.337708646085655,0.0,0.0,0.4330054527257784,1.0,0.0,False,0,0,0,0,0,0.0,0.0,0.0,0.0,0.0,0,0.0,0,0,disabled,disabled,True,normal,-1,2,False,raw,0,0.0,0.0,trial:-1,0,False,disabled,0,0,False,raw,0,0.0,0.0,,0,False,disabled,False,raw,0.0,0.0,,,,,,,,False,0,0,0,0,0,0,0.0,0.0,0.8215419999828555,0.7285000000081254,1.6759170000000267,context_reentry_interference,v1_5_single_slot,CRA,v1_5_single_slot,single_slot_baseline,MockSimulator,43,none,none,-1,0,0,internal,0.0,0.0,0.0,0.0,0,False,0,False,-1,1,0.1,0.2,8,8,0,raw,2,False
32,1000.0,8,8,8,0,0,0,17.261177040574623,17.261177040574623,17.261177040574623,0.0,0.0,0.4295841750746117,1.0,0.0,False,0,0,0,0,0,0.0,0.0,0.0,0.0,0.0,0,0.0,0,0,disabled,disabled,True,normal,-1,2,False,raw,0,0.0,0.0,trial:-1,0,False,disabled,0,0,False,raw,0,0.0,0.0,,0,False,disabled,False,raw,0.0,0.0,,,,,,,,False,0,0,0,0,0,0,0.0,0.0,0.8016250000082437,0.7734159999870371,1.7012910000175907,context_reentry_interference,v1_5_single_slot,CRA,v1_5_single_slot,single_slot_baseline,MockSimulator,43,none,none,-1,0,0,internal,0.0,0.0,0.0,0.0,0,False,0,False,-1,1,0.1,0.2,8,8,0,raw,2,False
33,1000.0,8,8,8,0,0,0,17.18502683982118,17.18502683982118,17.18502683982118,0.0,0.0,0.4261265463484014,1.0,0.0,False,0,0,0,0,0,0.0,0.0,0.0,0.0,0.0,0,0.0,0,0,disabled,disabled,True,normal,-1,2,False,raw,0,0.0,0.0,trial:-1,0,False,disabled,0,0,False,raw,0,0.0,0.0,,0,False,disabled,False,raw,0.0,0.0,,,,,,,,False,0,0,0,0,0,0,0.0,0.0,0.8064999999817246,0.7624170000042341,1.6970839999999043,context_reentry_interference,v1_5_single_slot,CRA,v1_5_single_slot,single_slot_baseline,MockSimulator,43,none,none,-1,0,0,internal,0.0,0.0,0.0,0.0,0,False,0,False,-1,1,0.1,0.2,8,8,0,raw,2,False
34,1000.0,8,8,8,0,0,0,17.10925614157011,17.10925614157011,17.10925614157011,0.0,0.0,0.4226353891012097,1.0,0.0,False,0,0,0,0,0,0.0,0.0,0.0,0.0,0.0,0,0.0,0,0,disabled,disabled,True,normal,-1,2,False,raw,0,0.0,0.0,trial:-1,0,False,disabled,0,0,False,raw,0,0.0,0.0,,0,False,disabled,False,raw,0.0,0.0,,,,,,,,False,0,0,0,0,0,0,0.0,0.0,0.8104169999967326,0.7480419999978949,1.6861670000025697,context_reentry_interference,v1_5_single_slot,CRA,v1_5_single_slot,single_slot_baseline,MockSimulator,43,none,none,-1,0,0,internal,0.0,0.0,0.0,0.0,0,False,0,False,-1,1,0.1,0.2,8,8,0,raw,2,False
35,1000.0,8,8,8,0,0,0,17.03386305305373,17.03386305305373,17.03386305305373,0.0,0.0,0.41911342752536623,1.0,0.0,False,0,0,0,0,0,0.0,0.0,0.0,0.0,0.0,0,0.0,0,0,disabled,disabled,True,normal,-1,2,False,raw,0,0.0,0.0,trial:-1,0,False,disabled,0,0,False,raw,0,0.0,0.0,,0,False,disabled,False,raw,0.0,0.0,,,,,,,,False,0,0,0,0,0,0,0.0,0.0,1.023166999999603,0.8805420000044251,2.0357919999867136,context_reentry_interference,v1_5_single_slot,CRA,v1_5_single_slot,single_slot_baseline,MockSimulator,43,none,none,-1,0,0,internal,0.0,0.0,0.0,0.0,0,False,0,False,-1,1,0.1,0.2,8,8,0,raw,2,False
36,1000.0,8,8,8,0,0,0,16.958845690944578,16.958845690944578,16.958845690944578,0.0,0.0,0.4155632902569161,1.0,0.0,False,0,0,0,0,0,0.0,0.0,0.0,0.0,0.0,0,0.0,0,0,disabled,disabled,True,normal,-1,2,False,raw,0,0.0,0.0,trial:-1,0,False,disabled,0,0,False,raw,0,0.0,0.0,,0,False,disabled,False,raw,0.0,0.0,,,,,,,,False,0,0,0,0,0,0,0.0,0.0,0.8195839999984855,0.9995409999987714,1.9525419999979476,context_reentry_interference,v1_5_single_slot,CRA,v1_5_single_slot,single_slot_baseline,MockSimulator,43,none,none,-1,0,0,internal,0.0,0.0,0.0,0.0,0,False,0,False,-1,1,0.1,0.2,8,8,0,raw,2,False
37,1000.0,8,8,8,0,0,0,16.88420218130833,16.88420218130833,16.88420218130833,0.0,0.0,0.4119875131081938,1.0,0.0,False,0,0,0,0,0,0.0,0.0,0.0,0.0,0.0,0,0.0,0,0,disabled,disabled,True,normal,-1,2,False,raw,0,0.0,0.0,trial:-1,0,False,disabled,0,0,False,raw,0,0.0,0.0,,0,False,disabled,False,raw,0.0,0.0,,,,,,,,False,0,0,0,0,0,0,0.0,0.0,0.8101670000257855,0.8076249999930951,1.747583000025088,context_reentry_interference,v1_5_single_slot,CRA,v1_5_single_slot,single_slot_baseline,MockSimulator,43,none,none,-1,0,0,internal,0.0,0.0,0.0,0.0,0,False,0,False,-1,1,0.1,0.2,8,8,0,raw,2,False
38,1000.0,8,8,8,0,0,0,16.809930659556937,16.809930659556937,16.809930659556937,0.0,0.0,0.4083885417293176,1.0,0.0,False,0,0,0,0,0,0.0,0.0,0.0,0.0,0.0,0,0.0,0,0,disabled,disabled,True,normal,-1,2,False,raw,0,0.0,0.0,trial:-1,0,False,disabled,0,0,False,raw,0,0.0,0.0,,0,False,disabled,False,raw,0.0,0.0,,,,,,,,False,0,0,0,0,0,0,0.0,0.0,0.8032499999899301,0.7829589999914788,1.7125839999891923,context_reentry_interference,v1_5_single_slot,CRA,v1_5_single_slot,single_slot_baseline,MockSimulator,43,none,none,-1,0,0,internal,0.0,0.0,0.0,0.0,0,False,0,False,-1,1,0.1,0.2,8,8,0,raw,2,False
39,1000.0,8,8,8,0,0,0,16.73602927040203,16.73602927040203,16.73602927040203,0.0,0.0,0.4047687342003532,1.0,0.0,False,0,0,0,0,0,0.0,0.0,0.0,0.0,0.0,0,0.0,0,0,disabled,disabled,True,normal,-1,2,False,raw,0,0.0,0.0,trial:-1,0,False,disabled,0,0,False,raw,0,0.0,0.0,,0,False,disabled,False,raw,0.0,0.0,,,,,,,,False,0,0,0,0,0,0,0.0,0.0,0.8192919999885362,0.7992079999894486,1.7463329999998223,context_reentry_interference,v1_5_single_slot,CRA,v1_5_single_slot,single_slot_baseline,MockSimulator,43,none,none,-1,0,0,internal,0.0,0.0,0.0,0.0,0,False,0,False,-1,1,0.1,0.2,8,8,0,raw,2,False
40,1000.0,8,8,8,0,0,0,16.662496167808534,16.662496167808534,16.662496167808534,0.0,0.0,0.40113036355585563,1.0,0.0,False,0,0,0,0,0,0.0,0.0,0.0,0.0,0.0,0,0.0,0,0,disabled,disabled,True,normal,-1,2,False,raw,0,0.0,0.0,trial:-1,0,False,disabled,0,0,False,raw,0,0.0,0.0,,0,False,disabled,False,raw,0.0,0.0,,,,,,,,False,0,0,0,0,0,0,0.0,0.0,0.8002919999796632,0.7890830000008009,1.7194999999787797,context_reentry_interference,v1_5_single_slot,CRA,v1_5_single_slot,single_slot_baseline,MockSimulator,43,none,none,-1,0,0,internal,0.0,0.0,0.0,0.0,0,False,0,False,-1,1,0.1,0.2,8,8,0,raw,2,False
41,1000.0,8,8,8,0,0,0,16.5893295149485,16.5893295149485,16.5893295149485,0.0,0.0,0.3974756202434578,1.0,0.0,False,0,0,0,0,0,0.0,0.0,0.0,0.0,0.0,0,0.0,0,0,disabled,disabled,True,normal,-1,2,False,raw,0,0.0,0.0,trial:-1,0,False,disabled,0,0,False,raw,0,0.0,0.0,,0,False,disabled,False,raw,0.0,0.0,,,,,,,,False,0,0,0,0,0,0,0.0,0.0,0.8199579999939033,0.8212920000119084,1.7657079999935377,context_reentry_interference,v1_5_single_slot,CRA,v1_5_single_slot,single_slot_baseline,MockSimulator,43,none,none,-1,0,0,internal,0.0,0.0,0.0,0.0,0,False,0,False,-1,1,0.1,0.2,8,8,0,raw,2,False
42,1000.0,8,8,8,0,0,0,16.5165274841552,16.5165274841552,16.5165274841552,0.0,0.0,0.39380661451813354,1.0,0.0,False,0,0,0,0,0,0.0,0.0,0.0,0.0,0.0,0,0.0,0,0,disabled,disabled,True,normal,-1,2,False,raw,0,0.0,0.0,trial:-1,0,False,disabled,0,0,False,raw,0,0.0,0.0,,0,False,disabled,False,raw,0.0,0.0,,,,,,,,False,0,0,0,0,0,0,0.0,0.0,0.803000000018983,0.8228749999830143,1.7528750000224136,context_reentry_interference,v1_5_single_slot,CRA,v1_5_single_slot,single_slot_baseline,MockSimulator,43,none,none,-1,0,0,internal,0.0,0.0,0.0,0.0,0,False,0,False,-1,1,0.1,0.2,8,8,0,raw,2,False
43,1000.0,8,8,8,0,0,0,16.444088256877443,16.444088256877443,16.444088256877443,0.0,0.0,0.3901253787737249,1.0,0.0,False,0,0,0,0,0,0.0,0.0,0.0,0.0,0.0,0,0.0,0,0,disabled,disabled,True,normal,-1,2,False,raw,0,0.0,0.0,trial:-1,0,False,disabled,0,0,False,raw,0,0.0,0.0,,0,False,disabled,False,raw,0.0,0.0,,,,,,,,False,0,0,0,0,0,0,0.0,0.0,0.8063749999962511,0.9407500000122582,1.8731669999851874,context_reentry_interference,v1_5_single_slot,CRA,v1_5_single_slot,single_slot_baseline,MockSimulator,43,none,none,-1,0,0,internal,0.0,0.0,0.0,0.0,0,False,0,False,-1,1,0.1,0.2,8,8,0,raw,2,False
44,1000.0,8,8,8,0,0,0,16.37201002363408,16.37201002363408,16.37201002363408,0.0,0.0,0.3864338698132853,1.0,0.0,False,0,0,0,0,0,0.0,0.0,0.0,0.0,0.0,0,0.0,0,0,disabled,disabled,True,normal,-1,2,False,raw,0,0.0,0.0,trial:-1,0,False,disabled,0,0,False,raw,0,0.0,0.0,,0,False,disabled,False,raw,0.0,0.0,,,,,,,,False,0,0,0,0,0,0,0.0,0.0,0.8429159999820968,1.10529200000542,2.0792500000084146,context_reentry_interference,v1_5_single_slot,CRA,v1_5_single_slot,single_slot_baseline,MockSimulator,43,none,none,-1,0,0,internal,0.0,0.0,0.0,0.0,0,False,0,False,-1,1,0.1,0.2,8,8,0,raw,2,False
45,1000.0,8,8,8,0,0,0,16.3002909839688,16.3002909839688,16.3002909839688,0.0,0.0,0.3827339710597539,1.0,0.0,False,0,0,0,0,0,0.0,0.0,0.0,0.0,0.0,0,0.0,0,0,disabled,disabled,True,normal,-1,2,False,raw,0,0.0,0.0,trial:-1,0,False,disabled,0,0,False,raw,0,0.0,0.0,,0,False,disabled,False,raw,0.0,0.0,,,,,,,,False,0,0,0,0,0,0,0.0,0.0,0.8207500000025902,0.892749999991338,1.8477080000138812,context_reentry_interference,v1_5_single_slot,CRA,v1_5_single_slot,single_slot_baseline,MockSimulator,43,none,none,-1,0,0,internal,0.0,0.0,0.0,0.0,0,False,0,False,-1,1,0.1,0.2,8,8,0,raw,2,False
46,1000.0,8,8,8,0,0,0,16.228929346405103,16.228929346405103,16.228929346405103,0.0,0.0,0.3790274947084384,1.0,0.0,False,0,0,0,0,0,0.0,0.0,0.0,0.0,0.0,0,0.0,0,0,disabled,disabled,True,normal,-1,2,False,raw,0,0.0,0.0,trial:-1,0,False,disabled,0,0,False,raw,0,0.0,0.0,,0,False,disabled,False,raw,0.0,0.0,,,,,,,,False,0,0,0,0,0,0,0.0,0.0,0.7994999999993979,0.8281670000087615,1.7543749999902047,context_reentry_interference,v1_5_single_slot,CRA,v1_5_single_slot,single_slot_baseline,MockSimulator,43,none,none,-1,0,0,internal,0.0,0.0,0.0,0.0,0,False,0,False,-1,1,0.1,0.2,8,8,0,raw,2,False
47,1000.0,8,8,8,0,0,0,16.15792332840151,16.15792332840151,16.15792332840151,0.0,0.0,0.37531618382275156,1.0,0.0,False,0,0,0,0,0,0.0,0.0,0.0,0.0,0.0,0,0.0,0,0,disabled,disabled,True,normal,-1,2,False,raw,0,0.0,0.0,trial:-1,0,False,disabled,0,0,False,raw,0,0.0,0.0,,0,False,disabled,False,raw,0.0,0.0,,,,,,,,False,0,0,0,0,0,0,0.0,0.0,0.7986660000085521,0.8479589999978998,1.771416999986286,context_reentry_interference,v1_5_single_slot,CRA,v1_5_single_slot,single_slot_baseline,MockSimulator,43,none,none,-1,0,0,internal,0.0,0.0,0.0,0.0,0,False,0,False,-1,1,0.1,0.2,8,8,0,raw,2,False
48,1000.0,8,8,8,0,0,0,16.08727115630701,16.08727115630701,16.08727115630701,-0.03748243175707047,-0.0,0.37160171437460887,1.0,-0.03748243175707047,False,0,0,0,0,0,0.0,0.0,0.0,0.0,0.0,0,0.0,0,0,disabled,disabled,True,normal,-1,3,False,raw,0,-0.005,-0.005,intruder:48,0,False,disabled,0,0,False,raw,0,-0.005,-0.005,,0,False,disabled,False,raw,-0.005,-0.005,,,,,,,,False,0,0,0,0,0,0,0.0,0.0,0.803000000018983,0.8674589999770888,1.7978749999940646,context_reentry_interference,v1_5_single_slot,CRA,v1_5_single_slot,single_slot_baseline,MockSimulator,43,context,A0_interfering_context,0,-1,0,internal,-0.005,-0.005,0.0,0.0,0,False,-1,False,-1,1,0.1,0.2,8,8,0,raw,3,False
49,1000.0,8,8,0,8,0,0,16.016971065316714,16.016971065316714,16.016971065316714,0.0,0.0,0.3678856972308628,1.0,0.0,False,0,0,0,0,0,0.0,0.0,0.0,0.0,0.0,0,0.0,0,0,disabled,disabled,True,normal,-1,3,False,raw,0,0.0,0.0,trial:-1,0,False,disabled,0,0,False,raw,0,0.0,0.0,,0,False,disabled,False,raw,0.0,0.0,,,,,,,,False,0,0,0,0,0,0,0.0,0.0,0.8034589999965647,0.9045000000185155,1.834999999999809,context_reentry_interference,v1_5_single_slot,CRA,v1_5_single_slot,single_slot_baseline,MockSimulator,43,none,none,-1,0,0,internal,0.0,0.0,0.0,0.0,0,False,0,False,-1,1,0.1,0.2,8,8,0,raw,3,False
50,1000.0,8,8,0,8,0,0,15.947021299427728,15.947021299427728,15.947021299427728,0.0,0.0,0.3641696800871167,1.0,0.0,False,0,0,0,0,0,0.0,0.0,0.0,0.0,0.0,0,0.0,0,0,disabled,disabled,True,normal,-1,3,False,raw,0,0.0,0.0,trial:-1,0,False,disabled,0,0,False,raw,0,0.0,0.0,,0,False,disabled,False,raw,0.0,0.0,,,,,,,,False,0,0,0,0,0,0,0.0,0.0,0.8069590000161497,0.8748329999832549,1.8092079999973976,context_reentry_interference,v1_5_single_slot,CRA,v1_5_single_slot,single_slot_baseline,MockSimulator,43,none,none,-1,0,0,internal,0.0,0.0,0.0,0.0,0,False,0,False,-1,1,0.1,0.2,8,8,0,raw,3,False
51,1000.0,8,8,0,8,0,0,15.877420111395264,15.877420111395264,15.877420111395264,0.0,0.0,0.3604551493502281,1.0,0.0,False,0,0,0,0,0,0.0,0.0,0.0,0.0,0.0,0,0.0,0,0,disabled,disabled,True,normal,-1,3,False,raw,0,0.0,0.0,trial:-1,0,False,disabled,0,0,False,raw,0,0.0,0.0,,0,False,disabled,False,raw,0.0,0.0,,,,,,,,False,0,0,0,0,0,0,0.0,0.0,0.798208000020395,0.8443339999928412,1.7700839999861273,context_reentry_interference,v1_5_single_slot,CRA,v1_5_single_slot,single_slot_baseline,MockSimulator,43,none,none,-1,0,0,internal,0.0,0.0,0.0,0.0,0,False,0,False,-1,1,0.1,0.2,8,8,0,raw,3,False
52,1000.0,8,8,0,8,0,0,15.808165762688951,15.808165762688951,15.808165762688951,0.0,0.0,0.35674353197078024,1.0,0.0,False,0,0,0,0,0,0.0,0.0,0.0,0.0,0.0,0,0.0,0,0,disabled,disabled,True,normal,-1,3,False,raw,0,0.0,0.0,trial:-1,0,False,disabled,0,0,False,raw,0,0.0,0.0,,0,False,disabled,False,raw,0.0,0.0,,,,,,,,False,0,0,0,0,0,0,0.0,0.0,0.8021250000069813,0.8627919999923961,1.7874579999954676,context_reentry_interference,v1_5_single_slot,CRA,v1_5_single_slot,single_slot_baseline,MockSimulator,43,none,none,-1,0,0,internal,0.0,0.0,0.0,0.0,0,False,0,False,-1,1,0.1,0.2,8,8,0,raw,3,False
53,1000.0,8,8,0,8,0,0,15.739256523449374,15.739256523449374,15.739256523449374,0.0,0.0,0.3530361972267702,1.0,0.0,False,0,0,0,0,0,0.0,0.0,0.0,0.0,0.0,0,0.0,0,0,disabled,disabled,True,normal,-1,3,False,raw,0,0.0,0.0,trial:-1,0,False,disabled,0,0,False,raw,0,0.0,0.0,,0,False,disabled,False,raw,0.0,0.0,,,,,,,,False,0,0,0,0,0,0,0.0,0.0,0.9452500000008968,0.9828340000126445,2.0863750000046366,context_reentry_interference,v1_5_single_slot,CRA,v1_5_single_slot,single_slot_baseline,MockSimulator,43,none,none,-1,0,0,internal,0.0,0.0,0.0,0.0,0,False,0,False,-1,1,0.1,0.2,8,8,0,raw,3,False
54,1000.0,8,8,0,8,0,0,15.670690672444827,15.670690672444827,15.670690672444827,0.0,0.0,0.34933445845973227,1.0,0.0,False,0,0,0,0,0,0.0,0.0,0.0,0.0,0.0,0,0.0,0,0,disabled,disabled,True,normal,-1,3,False,raw,0,0.0,0.0,trial:-1,0,False,disabled,0,0,False,raw,0,0.0,0.0,,0,False,disabled,False,raw,0.0,0.0,,,,,,,,False,0,0,0,0,0,0,0.0,0.0,0.800749999996242,0.8730000000127802,1.8007079999904363,context_reentry_interference,v1_5_single_slot,CRA,v1_5_single_slot,single_slot_baseline,MockSimulator,43,none,none,-1,0,0,internal,0.0,0.0,0.0,0.0,0,False,0,False,-1,1,0.1,0.2,8,8,0,raw,3,False
55,1000.0,8,8,0,8,0,0,15.602466497028287,15.602466497028287,15.602466497028287,0.0,0.0,0.3456395747644851,1.0,0.0,False,0,0,0,0,0,0.0,0.0,0.0,0.0,0.0,0,0.0,0,0,disabled,disabled,True,normal,-1,3,False,raw,0,0.0,0.0,trial:-1,0,False,disabled,0,0,False,raw,0,0.0,0.0,,0,False,disabled,False,raw,0.0,0.0,,,,,,,,False,0,0,0,0,0,0,0.0,0.0,0.7959590000155004,0.8670830000028218,1.786500000008573,context_reentry_interference,v1_5_single_slot,CRA,v1_5_single_slot,single_slot_baseline,MockSimulator,43,none,none,-1,0,0,internal,0.0,0.0,0.0,0.0,0,False,0,False,-1,1,0.1,0.2,8,8,0,raw,3,False
56,1000.0,8,8,0,8,0,0,15.534582293094585,15.534582293094585,15.534582293094585,0.0,0.0,0.34195275263366387,1.0,0.0,False,0,0,0,0,0,0.0,0.0,0.0,0.0,0.0,0,0.0,0,0,disabled,disabled,True,normal,-1,3,False,raw,0,0.0,0.0,trial:-1,0,False,disabled,0,0,False,raw,0,0.0,0.0,,0,False,disabled,False,raw,0.0,0.0,,,,,,,,False,0,0,0,0,0,0,0.0,0.0,0.7953749999956017,0.87920799998642,1.7974579999986418,context_reentry_interference,v1_5_single_slot,CRA,v1_5_single_slot,single_slot_baseline,MockSimulator,43,none,none,-1,0,0,internal,0.0,0.0,0.0,0.0,0,False,0,False,-1,1,0.1,0.2,8,8,0,raw,3,False
57,1000.0,8,8,0,8,0,0,15.46703636503782,15.46703636503782,15.46703636503782,0.0,0.0,0.33827514755816973,1.0,0.0,False,0,0,0,0,0,0.0,0.0,0.0,0.0,0.0,0,0.0,0,0,disabled,disabled,True,normal,-1,3,False,raw,0,0.0,0.0,trial:-1,0,False,disabled,0,0,False,raw,0,0.0,0.0,,0,False,disabled,False,raw,0.0,0.0,,,,,,,,False,0,0,0,0,0,0,0.0,0.0,0.7952079999995476,0.887500000004593,1.8058750000022883,context_reentry_interference,v1_5_single_slot,CRA,v1_5_single_slot,single_slot_baseline,MockSimulator,43,none,none,-1,0,0,internal,0.0,0.0,0.0,0.0,0,False,0,False,-1,1,0.1,0.2,8,8,0,raw,3,False
58,1000.0,8,8,0,8,0,0,15.399827025708959,15.399827025708959,15.399827025708959,0.0,0.0,0.3346078655846419,1.0,0.0,False,0,0,0,0,0,0.0,0.0,0.0,0.0,0.0,0,0.0,0,0,disabled,disabled,True,normal,-1,3,False,raw,0,0.0,0.0,trial:-1,0,False,disabled,0,0,False,raw,0,0.0,0.0,,0,False,disabled,False,raw,0.0,0.0,,,,,,,,False,0,0,0,0,0,0,0.0,0.0,0.7942080000020724,0.8902499999976499,1.8102499999770316,context_reentry_interference,v1_5_single_slot,CRA,v1_5_single_slot,single_slot_baseline,MockSimulator,43,none,none,-1,0,0,internal,0.0,0.0,0.0,0.0,0,False,0,False,-1,1,0.1,0.2,8,8,0,raw,3,False
59,1000.0,8,8,0,8,0,0,15.332952596373655,15.332952596373655,15.332952596373655,0.0,0.0,0.3309519648310319,1.0,0.0,False,0,0,0,0,0,0.0,0.0,0.0,0.0,0.0,0,0.0,0,0,disabled,disabled,True,normal,-1,3,False,raw,0,0.0,0.0,trial:-1,0,False,disabled,0,0,False,raw,0,0.0,0.0,,0,False,disabled,False,raw,0.0,0.0,,,,,,,,False,0,0,0,0,0,0,0.0,0.0,0.7917909999832773,0.904167000015832,1.8191669999794158,context_reentry_interference,v1_5_single_slot,CRA,v1_5_single_slot,single_slot_baseline,MockSimulator,43,none,none,-1,0,0,internal,0.0,0.0,0.0,0.0,0,False,0,False,-1,1,0.1,0.2,8,8,0,raw,3,False
60,1000.0,8,8,0,8,0,0,15.266411406670287,15.266411406670287,15.266411406670287,0.0,0.0,0.32730845696133243,1.0,0.0,False,0,0,0,0,0,0.0,0.0,0.0,0.0,0.0,0,0.0,0,0,disabled,disabled,True,normal,-1,3,False,raw,0,0.0,0.0,trial:-1,0,False,disabled,0,0,False,raw,0,0.0,0.0,,0,False,disabled,False,raw,0.0,0.0,,,,,,,,False,0,0,0,0,0,0,0.0,0.0,0.8001250000120308,0.9074999999825195,1.831417000005331,context_reentry_interference,v1_5_single_slot,CRA,v1_5_single_slot,single_slot_baseline,MockSimulator,43,none,none,-1,0,0,internal,0.0,0.0,0.0,0.0,0,False,0,False,-1,1,0.1,0.2,8,8,0,raw,3,False
61,1000.0,8,8,0,8,0,0,15.200201794568194,15.200201794568194,15.200201794568194,0.0,0.0,0.3236783086204885,1.0,0.0,False,0,0,0,0,0,0.0,0.0,0.0,0.0,0.0,0,0.0,0,0,disabled,disabled,True,normal,-1,3,False,raw,0,0.0,0.0,trial:-1,0,False,disabled,0,0,False,raw,0,0.0,0.0,,0,False,disabled,False,raw,0.0,0.0,,,,,,,,False,0,0,0,0,0,0,0.0,0.0,0.7991660000072898,1.238209000007373,2.1606250000161253,context_reentry_interference,v1_5_single_slot,CRA,v1_5_single_slot,single_slot_baseline,MockSimulator,43,none,none,-1,0,0,internal,0.0,0.0,0.0,0.0,0,False,0,False,-1,1,0.1,0.2,8,8,0,raw,3,False
62,1000.0,8,8,0,8,0,0,15.134322106326133,15.134322106326133,15.134322106326133,0.0,0.0,0.32006244283049384,1.0,0.0,False,0,0,0,0,0,0.0,0.0,0.0,0.0,0.0,0,0.0,0,0,disabled,disabled,True,normal,-1,3,False,raw,0,0.0,0.0,trial:-1,0,False,disabled,0,0,False,raw,0,0.0,0.0,,0,False,disabled,False,raw,0.0,0.0,,,,,,,,False,0,0,0,0,0,0,0.0,0.0,0.8179169999777969,0.9845000000154869,1.9370409999908134,context_reentry_interference,v1_5_single_slot,CRA,v1_5_single_slot,single_slot_baseline,MockSimulator,43,none,none,-1,0,0,internal,0.0,0.0,0.0,0.0,0,False,0,False,-1,1,0.1,0.2,8,8,0,raw,3,False
63,1000.0,8,8,0,8,0,0,15.068770696450924,15.068770696450924,15.068770696450924,0.0,0.0,0.3164617403486508,1.0,0.0,False,0,0,0,0,0,0.0,0.0,0.0,0.0,0.0,0,0.0,0,0,disabled,disabled,True,normal,-1,3,False,raw,0,0.0,0.0,trial:-1,0,False,disabled,0,0,False,raw,0,0.0,0.0,,0,False,disabled,False,raw,0.0,0.0,,,,,,,,False,0,0,0,0,0,0,0.0,0.0,0.7998329999736598,0.9545830000092792,1.880083999992621,context_reentry_interference,v1_5_single_slot,CRA,v1_5_single_slot,single_slot_baseline,MockSimulator,43,none,none,-1,0,0,internal,0.0,0.0,0.0,0.0,0,False,0,False,-1,1,0.1,0.2,8,8,0,raw,3,False
64,1000.0,8,8,0,8,0,0,15.00354592765632,15.00354592765632,15.00354592765632,0.0,0.0,0.3128770409889493,1.0,0.0,False,0,0,0,0,0,0.0,0.0,0.0,0.0,0.0,0,0.0,0,0,disabled,disabled,True,normal,-1,3,False,raw,0,0.0,0.0,trial:-1,0,False,disabled,0,0,False,raw,0,0.0,0.0,,0,False,disabled,False,raw,0.0,0.0,,,,,,,,False,0,0,0,0,0,0,0.0,0.0,0.8012920000055601,0.96195800000487,1.8877500000087366,context_reentry_interference,v1_5_single_slot,CRA,v1_5_single_slot,single_slot_baseline,MockSimulator,43,none,none,-1,0,0,internal,0.0,0.0,0.0,0.0,0,False,0,False,-1,1,0.1,0.2,8,8,0,raw,3,False
65,1000.0,8,8,0,8,0,0,14.938646170822075,14.938646170822075,14.938646170822075,0.0,0.0,0.3093091449074964,1.0,0.0,False,0,0,0,0,0,0.0,0.0,0.0,0.0,0.0,0,0.0,0,0,disabled,disabled,True,normal,-1,3,False,raw,0,0.0,0.0,trial:-1,0,False,disabled,0,0,False,raw,0,0.0,0.0,,0,False,disabled,False,raw,0.0,0.0,,,,,,,,False,0,0,0,0,0,0,0.0,0.0,0.795667000005551,0.9673330000055103,1.8881250000220007,context_reentry_interference,v1_5_single_slot,CRA,v1_5_single_slot,single_slot_baseline,MockSimulator,43,none,none,-1,0,0,internal,0.0,0.0,0.0,0.0,0,False,0,False,-1,1,0.1,0.2,8,8,0,raw,3,False
66,1000.0,8,8,0,8,0,0,14.87406980495321,14.87406980495321,14.87406980495321,0.0,0.0,0.305758813852906,1.0,0.0,False,0,0,0,0,0,0.0,0.0,0.0,0.0,0.0,0,0.0,0,0,disabled,disabled,True,normal,-1,3,False,raw,0,0.0,0.0,trial:-1,0,False,disabled,0,0,False,raw,0,0.0,0.0,,0,False,disabled,False,raw,0.0,0.0,,,,,,,,False,0,0,0,0,0,0,0.0,0.0,0.8040410000091924,1.0018339999930959,1.9312500000125965,context_reentry_interference,v1_5_single_slot,CRA,v1_5_single_slot,single_slot_baseline,MockSimulator,43,none,none,-1,0,0,internal,0.0,0.0,0.0,0.0,0,False,0,False,-1,1,0.1,0.2,8,8,0,raw,3,False
67,1000.0,8,8,0,8,0,0,14.809815217139496,14.809815217139496,14.809815217139496,0.0,0.0,0.30222677238253626,1.0,0.0,False,0,0,0,0,0,0.0,0.0,0.0,0.0,0.0,0,0.0,0,0,disabled,disabled,True,normal,-1,3,False,raw,0,0.0,0.0,trial:-1,0,False,disabled,0,0,False,raw,0,0.0,0.0,,0,False,disabled,False,raw,0.0,0.0,,,,,,,,False,0,0,0,0,0,0,0.0,0.0,0.8159580000040023,1.0181250000016462,1.963333999981387,context_reentry_interference,v1_5_single_slot,CRA,v1_5_single_slot,single_slot_baseline,MockSimulator,43,none,none,-1,0,0,internal,0.0,0.0,0.0,0.0,0,False,0,False,-1,1,0.1,0.2,8,8,0,raw,3,False
68,1000.0,8,8,0,8,0,0,14.745880802515124,14.745880802515124,14.745880802515124,0.0,0.0,0.29871370904544015,1.0,0.0,False,0,0,0,0,0,0.0,0.0,0.0,0.0,0.0,0,0.0,0,0,disabled,disabled,True,normal,-1,3,False,raw,0,0.0,0.0,trial:-1,0,False,disabled,0,0,False,raw,0,0.0,0.0,,0,False,disabled,False,raw,0.0,0.0,,,,,,,,False,0,0,0,0,0,0,0.0,0.0,2.180041000002575,1.1547920000225531,3.460500000016964,context_reentry_interference,v1_5_single_slot,CRA,v1_5_single_slot,single_slot_baseline,MockSimulator,43,none,none,-1,0,0,internal,0.0,0.0,0.0,0.0,0,False,0,False,-1,1,0.1,0.2,8,8,0,raw,3,False
69,1000.0,8,8,0,8,0,0,14.682264964218586,14.682264964218586,14.682264964218586,0.0,0.0,0.29522027753287483,1.0,0.0,False,0,0,0,0,0,0.0,0.0,0.0,0.0,0.0,0,0.0,0,0,disabled,disabled,True,normal,-1,3,False,raw,0,0.0,0.0,trial:-1,0,False,disabled,0,0,False,raw,0,0.0,0.0,,0,False,disabled,False,raw,0.0,0.0,,,,,,,,False,0,0,0,0,0,0,0.0,0.0,0.8025410000129796,1.0100419999901078,1.946208999981991,context_reentry_interference,v1_5_single_slot,CRA,v1_5_single_slot,single_slot_baseline,MockSimulator,43,none,none,-1,0,0,internal,0.0,0.0,0.0,0.0,0,False,0,False,-1,1,0.1,0.2,8,8,0,raw,3,False
70,1000.0,8,8,0,8,0,0,14.618966113352755,14.618966113352755,14.618966113352755,0.0,0.0,0.29174709779719393,1.0,0.0,False,0,0,0,0,0,0.0,0.0,0.0,0.0,0.0,0,0.0,0,0,disabled,disabled,True,normal,-1,3,False,raw,0,0.0,0.0,trial:-1,0,False,disabled,0,0,False,raw,0,0.0,0.0,,0,False,disabled,False,raw,0.0,0.0,,,,,,,,False,0,0,0,0,0,0,0.0,0.0,0.7961670000042886,1.0085829999866291,1.9294999999885931,context_reentry_interference,v1_5_single_slot,CRA,v1_5_single_slot,single_slot_baseline,MockSimulator,43,none,none,-1,0,0,internal,0.0,0.0,0.0,0.0,0,False,0,False,-1,1,0.1,0.2,8,8,0,raw,3,False
71,1000.0,8,8,0,8,0,0,14.555982668945163,14.555982668945163,14.555982668945163,0.0,0.0,0.28829475713992714,1.0,0.0,False,0,0,0,0,0,0.0,0.0,0.0,0.0,0.0,0,0.0,0,0,disabled,disabled,True,normal,-1,3,False,raw,0,0.0,0.0,trial:-1,0,False,disabled,0,0,False,raw,0,0.0,0.0,,0,False,disabled,False,raw,0.0,0.0,,,,,,,,False,0,0,0,0,0,0,0.0,0.0,0.7962500000076034,1.0302910000064003,1.9524580000052083,context_reentry_interference,v1_5_single_slot,CRA,v1_5_single_slot,single_slot_baseline,MockSimulator,43,none,none,-1,0,0,internal,0.0,0.0,0.0,0.0,0,False,0,False,-1,1,0.1,0.2,8,8,0,raw,3,False
72,1000.0,8,8,0,8,0,0,14.493313057908473,14.493313057908473,14.493313057908473,-0.07485969068749909,-0.6343111408558778,0.2848638112698321,1.0,-0.07485969068749909,False,0,0,0,0,0,0.0,0.0,0.0,0.0,0.0,0,0.0,0,0,disabled,disabled,True,normal,-1,3,True,internal_context_bound,1,0.01,-0.01,phase:A0,0,False,disabled,0,0,False,raw,0,-0.01,-0.01,,0,False,disabled,False,raw,-0.01,-0.01,,,,,,,,False,0,0,0,0,0,0,0.0,0.0,0.7984580000197639,1.0686669999984133,1.9934160000047996,context_reentry_interference,v1_5_single_slot,CRA,v1_5_single_slot,single_slot_baseline,MockSimulator,43,decision,A0_decision,0,1,1,internal,0.01,-0.01,0.01,0.01,1,True,-1,False,72,1,0.1,0.2,8,8,1,internal_context_bound,3,True
73,1000.0,8,8,0,8,0,0,14.430955715001152,14.430955715001152,14.430955715001152,0.0,0.0,0.28145478533168494,1.0,0.0,False,0,0,0,0,0,0.0,0.0,0.0,0.0,0.0,0,0.0,0,0,disabled,disabled,True,normal,-1,3,False,raw,0,0.0,0.0,trial:-1,0,False,disabled,0,0,False,raw,0,0.0,0.0,,0,False,disabled,False,raw,0.0,0.0,,,,,,,,False,0,0,0,0,0,0,0.0,0.0,0.8016669999904025,1.0650000000111959,1.9939169999929618,context_reentry_interference,v1_5_single_slot,CRA,v1_5_single_slot,single_slot_baseline,MockSimulator,43,none,none,-1,0,0,internal,0.0,0.0,0.0,0.0,0,False,0,False,-1,1,0.1,0.2,8,8,0,raw,3,False
74,1000.0,8,8,0,8,0,0,14.368909082788345,14.368909082788345,14.368909082788345,0.0,0.0,0.2780681749065557,1.0,0.0,False,0,0,0,0,0,0.0,0.0,0.0,0.0,0.0,0,0.0,0,0,disabled,disabled,True,normal,-1,3,False,raw,0,0.0,0.0,trial:-1,0,False,disabled,0,0,False,raw,0,0.0,0.0,,0,False,disabled,False,raw,0.0,0.0,,,,,,,,False,0,0,0,0,0,0,0.0,0.0,0.938749999988886,1.0607499999935044,2.1256670000013855,context_reentry_interference,v1_5_single_slot,CRA,v1_5_single_slot,single_slot_baseline,MockSimulator,43,none,none,-1,0,0,internal,0.0,0.0,0.0,0.0,0,False,0,False,-1,1,0.1,0.2,8,8,0,raw,3,False
75,1000.0,8,8,0,8,0,0,14.307171611602932,14.307171611602932,14.307171611602932,0.0,0.0,0.27470444698429897,1.0,0.0,False,0,0,0,0,0,0.0,0.0,0.0,0.0,0.0,0,0.0,0,0,disabled,disabled,True,normal,-1,3,False,raw,0,0.0,0.0,trial:-1,0,False,disabled,0,0,False,raw,0,0.0,0.0,,0,False,disabled,False,raw,0.0,0.0,,,,,,,,False,0,0,0,0,0,0,0.0,0.0,0.845291000018733,1.2144169999999122,2.1865420000040103,context_reentry_interference,v1_5_single_slot,CRA,v1_5_single_slot,single_slot_baseline,MockSimulator,43,none,none,-1,0,0,internal,0.0,0.0,0.0,0.0,0,False,0,False,-1,1,0.1,0.2,8,8,0,raw,3,False
76,1000.0,8,8,0,8,0,0,14.245741759506792,14.245741759506792,14.245741759506792,0.0,0.0,0.2713640409089699,1.0,0.0,False,0,0,0,0,0,0.0,0.0,0.0,0.0,0.0,0,0.0,0,0,disabled,disabled,True,normal,-1,3,False,raw,0,0.0,0.0,trial:-1,0,False,disabled,0,0,False,raw,0,0.0,0.0,,0,False,disabled,False,raw,0.0,0.0,,,,,,,,False,0,0,0,0,0,0,0.0,0.0,0.8532079999952202,1.1847499999930733,2.1720409999943513,context_reentry_interference,v1_5_single_slot,CRA,v1_5_single_slot,single_slot_baseline,MockSimulator,43,none,none,-1,0,0,internal,0.0,0.0,0.0,0.0,0,False,0,False,-1,1,0.1,0.2,8,8,0,raw,3,False
77,1000.0,8,8,0,8,0,0,14.184617992252253,14.184617992252253,14.184617992252253,0.0,0.0,0.26804736929786027,1.0,0.0,False,0,0,0,0,0,0.0,0.0,0.0,0.0,0.0,0,0.0,0,0,disabled,disabled,True,normal,-1,3,False,raw,0,0.0,0.0,trial:-1,0,False,disabled,0,0,False,raw,0,0.0,0.0,,0,False,disabled,False,raw,0.0,0.0,,,,,,,,False,0,0,0,0,0,0,0.0,0.0,0.8112079999875732,1.0911250000162909,2.0337500000096043,context_reentry_interference,v1_5_single_slot,CRA,v1_5_single_slot,single_slot_baseline,MockSimulator,43,none,none,-1,0,0,internal,0.0,0.0,0.0,0.0,0,False,0,False,-1,1,0.1,0.2,8,8,0,raw,3,False
78,1000.0,8,8,0,8,0,0,14.123798783243732,14.123798783243732,14.123798783243732,0.0,0.0,0.26475481893483144,1.0,0.0,False,0,0,0,0,0,0.0,0.0,0.0,0.0,0.0,0,0.0,0,0,disabled,disabled,True,normal,-1,3,False,raw,0,0.0,0.0,trial:-1,0,False,disabled,0,0,False,raw,0,0.0,0.0,,0,False,disabled,False,raw,0.0,0.0,,,,,,,,False,0,0,0,0,0,0,0.0,0.0,0.802208000010296,1.097583999978724,2.025790999994115,context_reentry_interference,v1_5_single_slot,CRA,v1_5_single_slot,single_slot_baseline,MockSimulator,43,none,none,-1,0,0,internal,0.0,0.0,0.0,0.0,0,False,0,False,-1,1,0.1,0.2,8,8,0,raw,3,False
79,1000.0,8,8,0,8,0,0,14.063282613499574,14.063282613499574,14.063282613499574,0.0,0.0,0.26148675163860463,1.0,0.0,False,0,0,0,0,0,0.0,0.0,0.0,0.0,0.0,0,0.0,0,0,disabled,disabled,True,normal,-1,3,False,raw,0,0.0,0.0,trial:-1,0,False,disabled,0,0,False,raw,0,0.0,0.0,,0,False,disabled,False,raw,0.0,0.0,,,,,,,,False,0,0,0,0,0,0,0.0,0.0,0.805124999999407,1.120208000003231,2.057583999999224,context_reentry_interference,v1_5_single_slot,CRA,v1_5_single_slot,single_slot_baseline,MockSimulator,43,none,none,-1,0,0,internal,0.0,0.0,0.0,0.0,0,False,0,False,-1,1,0.1,0.2,8,8,0,raw,3,False
80,1000.0,8,8,0,8,0,0,14.003067971614078,14.003067971614078,14.003067971614078,0.0,0.0,0.25824350510665295,1.0,0.0,False,0,0,0,0,0,0.0,0.0,0.0,0.0,0.0,0,0.0,0,0,disabled,disabled,True,normal,-1,3,False,raw,0,0.0,0.0,trial:-1,0,False,disabled,0,0,False,raw,0,0.0,0.0,,0,False,disabled,False,raw,0.0,0.0,,,,,,,,False,0,0,0,0,0,0,0.0,0.0,0.8217080000179067,1.160459000004721,2.1115829999871494,context_reentry_interference,v1_5_single_slot,CRA,v1_5_single_slot,single_slot_baseline,MockSimulator,43,none,none,-1,0,0,internal,0.0,0.0,0.0,0.0,0,False,0,False,-1,1,0.1,0.2,8,8,0,raw,3,False
81,1000.0,8,8,0,8,0,0,13.943153353719707,13.943153353719707,13.943153353719707,0.0,0.0,0.2550253937353239,1.0,0.0,False,0,0,0,0,0,0.0,0.0,0.0,0.0,0.0,0,0.0,0,0,disabled,disabled,True,normal,-1,3,False,raw,0,0.0,0.0,trial:-1,0,False,disabled,0,0,False,raw,0,0.0,0.0,,0,False,disabled,False,raw,0.0,0.0,,,,,,,,False,0,0,0,0,0,0,0.0,0.0,0.8317919999853984,1.1890419999929236,2.1656250000035016,context_reentry_interference,v1_5_single_slot,CRA,v1_5_single_slot,single_slot_baseline,MockSimulator,43,none,none,-1,0,0,internal,0.0,0.0,0.0,0.0,0,False,0,False,-1,1,0.1,0.2,8,8,0,raw,3,False
82,1000.0,8,8,0,8,0,0,13.883537263449497,13.883537263449497,13.883537263449497,0.0,0.0,0.25183270941680536,1.0,0.0,False,0,0,0,0,0,0.0,0.0,0.0,0.0,0.0,0,0.0,0,0,disabled,disabled,True,normal,-1,3,False,raw,0,0.0,0.0,trial:-1,0,False,disabled,0,0,False,raw,0,0.0,0.0,,0,False,disabled,False,raw,0.0,0.0,,,,,,,,False,0,0,0,0,0,0,0.0,0.0,0.8082079999951475,1.1338340000008884,2.0755410000106167,context_reentry_interference,v1_5_single_slot,CRA,v1_5_single_slot,single_slot_baseline,MockSimulator,43,none,none,-1,0,0,internal,0.0,0.0,0.0,0.0,0,False,0,False,-1,1,0.1,0.2,8,8,0,raw,3,False
83,1000.0,8,8,0,8,0,0,13.824218211899646,13.824218211899646,13.824218211899646,0.0,0.0,0.24866572231353343,1.0,0.0,False,0,0,0,0,0,0.0,0.0,0.0,0.0,0.0,0,0.0,0,0,disabled,disabled,True,normal,-1,3,False,raw,0,0.0,0.0,trial:-1,0,False,disabled,0,0,False,raw,0,0.0,0.0,,0,False,disabled,False,raw,0.0,0.0,,,,,,,,False,0,0,0,0,0,0,0.0,0.0,0.8039580000058777,1.2885000000153468,2.2204580000106944,context_reentry_interference,v1_5_single_slot,CRA,v1_5_single_slot,single_slot_baseline,MockSimulator,43,none,none,-1,0,0,internal,0.0,0.0,0.0,0.0,0,False,0,False,-1,1,0.1,0.2,8,8,0,raw,3,False
84,1000.0,8,8,0,8,0,0,13.765194717592287,13.765194717592287,13.765194717592287,0.0,0.0,0.24552468161062563,1.0,0.0,False,0,0,0,0,0,0.0,0.0,0.0,0.0,0.0,0,0.0,0,0,disabled,disabled,True,normal,-1,3,False,raw,0,0.0,0.0,trial:-1,0,False,disabled,0,0,False,raw,0,0.0,0.0,,0,False,disabled,False,raw,0.0,0.0,,,,,,,,False,0,0,0,0,0,0,0.0,0.0,0.8283339999763939,1.2040000000013151,2.1702500000060354,context_reentry_interference,v1_5_single_slot,CRA,v1_5_single_slot,single_slot_baseline,MockSimulator,43,none,none,-1,0,0,internal,0.0,0.0,0.0,0.0,0,False,0,False,-1,1,0.1,0.2,8,8,0,raw,3,False
85,1000.0,8,8,0,8,0,0,13.706465306438455,13.706465306438455,13.706465306438455,0.0,0.0,0.24240981624690872,1.0,0.0,False,0,0,0,0,0,0.0,0.0,0.0,0.0,0.0,0,0.0,0,0,disabled,disabled,True,normal,-1,3,False,raw,0,0.0,0.0,trial:-1,0,False,disabled,0,0,False,raw,0,0.0,0.0,,0,False,disabled,False,raw,0.0,0.0,,,,,,,,False,0,0,0,0,0,0,0.0,0.0,0.8118330000002061,1.1452920000181166,2.088249999985692,context_reentry_interference,v1_5_single_slot,CRA,v1_5_single_slot,single_slot_baseline,MockSimulator,43,none,none,-1,0,0,internal,0.0,0.0,0.0,0.0,0,False,0,False,-1,1,0.1,0.2,8,8,0,raw,3,False
86,1000.0,8,8,0,8,0,0,13.648028511701238,13.648028511701238,13.648028511701238,0.0,0.0,0.23932133562509625,1.0,0.0,False,0,0,0,0,0,0.0,0.0,0.0,0.0,0.0,0,0.0,0,0,disabled,disabled,True,normal,-1,3,False,raw,0,0.0,0.0,trial:-1,0,False,disabled,0,0,False,raw,0,0.0,0.0,,0,False,disabled,False,raw,0.0,0.0,,,,,,,,False,0,0,0,0,0,0,0.0,0.0,0.8000830000014503,1.1532500000157597,2.0791249999945194,context_reentry_interference,v1_5_single_slot,CRA,v1_5_single_slot,single_slot_baseline,MockSimulator,43,none,none,-1,0,0,internal,0.0,0.0,0.0,0.0,0,False,0,False,-1,1,0.1,0.2,8,8,0,raw,3,False
87,1000.0,8,8,0,8,0,0,13.5898828739591,13.5898828739591,13.5898828739591,0.0,0.0,0.23625943030165752,1.0,0.0,False,0,0,0,0,0,0.0,0.0,0.0,0.0,0.0,0,0.0,0,0,disabled,disabled,True,normal,-1,3,False,raw,0,0.0,0.0,trial:-1,0,False,disabled,0,0,False,raw,0,0.0,0.0,,0,False,disabled,False,raw,0.0,0.0,,,,,,,,False,0,0,0,0,0,0,0.0,0.0,0.8048330000178794,1.1759999999867432,2.1077919999754613,context_reentry_interference,v1_5_single_slot,CRA,v1_5_single_slot,single_slot_baseline,MockSimulator,43,none,none,-1,0,0,internal,0.0,0.0,0.0,0.0,0,False,0,False,-1,1,0.1,0.2,8,8,0,raw,3,False
88,1000.0,8,8,0,8,0,0,13.532026941069404,13.532026941069404,13.532026941069404,0.0,0.0,0.2332242726569063,1.0,0.0,False,0,0,0,0,0,0.0,0.0,0.0,0.0,0.0,0,0.0,0,0,disabled,disabled,True,normal,-1,3,False,raw,0,0.0,0.0,trial:-1,0,False,disabled,0,0,False,raw,0,0.0,0.0,,0,False,disabled,False,raw,0.0,0.0,,,,,,,,False,0,0,0,0,0,0,0.0,0.0,0.8283340000048156,1.283957999987706,2.245416999983263,context_reentry_interference,v1_5_single_slot,CRA,v1_5_single_slot,single_slot_baseline,MockSimulator,43,none,none,-1,0,0,internal,0.0,0.0,0.0,0.0,0,False,0,False,-1,1,0.1,0.2,8,8,0,raw,3,False
89,1000.0,8,8,0,8,0,0,13.4744592681321,13.4744592681321,13.4744592681321,0.0,0.0,0.23021601754582444,1.0,0.0,False,0,0,0,0,0,0.0,0.0,0.0,0.0,0.0,0,0.0,0,0,disabled,disabled,True,normal,-1,3,False,raw,0,0.0,0.0,trial:-1,0,False,disabled,0,0,False,raw,0,0.0,0.0,,0,False,disabled,False,raw,0.0,0.0,,,,,,,,False,0,0,0,0,0,0,0.0,0.0,0.8200830000077985,1.3745420000077502,2.3282500000050277,context_reentry_interference,v1_5_single_slot,CRA,v1_5_single_slot,single_slot_baseline,MockSimulator,43,none,none,-1,0,0,internal,0.0,0.0,0.0,0.0,0,False,0,False,-1,1,0.1,0.2,8,8,0,raw,3,False
90,1000.0,8,8,0,8,0,0,13.41717841745361,13.41717841745361,13.41717841745361,0.0,0.0,0.22723480293012313,1.0,0.0,False,0,0,0,0,0,0.0,0.0,0.0,0.0,0.0,0,0.0,0,0,disabled,disabled,True,normal,-1,3,False,raw,0,0.0,0.0,trial:-1,0,False,disabled,0,0,False,raw,0,0.0,0.0,,0,False,disabled,False,raw,0.0,0.0,,,,,,,,False,0,0,0,0,0,0,0.0,0.0,0.9545419999881233,1.3077500000235887,2.4811669999849073,context_reentry_interference,v1_5_single_slot,CRA,v1_5_single_slot,single_slot_baseline,MockSimulator,43,none,none,-1,0,0,internal,0.0,0.0,0.0,0.0,0,False,0,False,-1,1,0.1,0.2,8,8,0,raw,3,False
91,1000.0,8,8,0,8,0,0,13.36018295851088,13.36018295851088,13.36018295851088,0.0,0.0,0.22428075049203153,1.0,0.0,False,0,0,0,0,0,0.0,0.0,0.0,0.0,0.0,0,0.0,0,0,disabled,disabled,True,normal,-1,3,False,raw,0,0.0,0.0,trial:-1,0,False,disabled,0,0,False,raw,0,0.0,0.0,,0,False,disabled,False,raw,0.0,0.0,,,,,,,,False,0,0,0,0,0,0,0.0,0.0,0.7941249999987576,1.1375420000092618,2.059083999995437,context_reentry_interference,v1_5_single_slot,CRA,v1_5_single_slot,single_slot_baseline,MockSimulator,43,none,none,-1,0,0,internal,0.0,0.0,0.0,0.0,0,False,0,False,-1,1,0.1,0.2,8,8,0,raw,3,False
92,1000.0,8,8,0,8,0,0,13.303471467915621,13.303471467915621,13.303471467915621,0.0,0.0,0.22135396623029155,1.0,0.0,False,0,0,0,0,0,0.0,0.0,0.0,0.0,0.0,0,0.0,0,0,disabled,disabled,True,normal,-1,3,False,raw,0,0.0,0.0,trial:-1,0,False,disabled,0,0,False,raw,0,0.0,0.0,,0,False,disabled,False,raw,0.0,0.0,,,,,,,,False,0,0,0,0,0,0,0.0,0.0,0.7814159999952608,1.143709000018589,2.050500000024158,context_reentry_interference,v1_5_single_slot,CRA,v1_5_single_slot,single_slot_baseline,MockSimulator,43,none,none,-1,0,0,internal,0.0,0.0,0.0,0.0,0,False,0,False,-1,1,0.1,0.2,8,8,0,raw,3,False
93,1000.0,8,8,0,8,0,0,13.247042529378724,13.247042529378724,13.247042529378724,0.0,0.0,0.21845454103882433,1.0,0.0,False,0,0,0,0,0,0.0,0.0,0.0,0.0,0.0,0,0.0,0,0,disabled,disabled,True,normal,-1,3,False,raw,0,0.0,0.0,trial:-1,0,False,disabled,0,0,False,raw,0,0.0,0.0,,0,False,disabled,False,raw,0.0,0.0,,,,,,,,False,0,0,0,0,0,0,0.0,0.0,0.79145899999844,1.1523329999931775,2.079374999993888,context_reentry_interference,v1_5_single_slot,CRA,v1_5_single_slot,single_slot_baseline,MockSimulator,43,none,none,-1,0,0,internal,0.0,0.0,0.0,0.0,0,False,0,False,-1,1,0.1,0.2,8,8,0,raw,3,False
94,1000.0,8,8,0,8,0,0,13.190894733674849,13.190894733674849,13.190894733674849,0.0,0.0,0.21558255126852371,1.0,0.0,False,0,0,0,0,0,0.0,0.0,0.0,0.0,0.0,0,0.0,0,0,disabled,disabled,True,normal,-1,3,False,raw,0,0.0,0.0,trial:-1,0,False,disabled,0,0,False,raw,0,0.0,0.0,,0,False,disabled,False,raw,0.0,0.0,,,,,,,,False,0,0,0,0,0,0,0.0,0.0,0.7832919999941623,1.1506250000081764,2.056082999985165,context_reentry_interference,v1_5_single_slot,CRA,v1_5_single_slot,single_slot_baseline,MockSimulator,43,none,none,-1,0,0,internal,0.0,0.0,0.0,0.0,0,False,0,False,-1,1,0.1,0.2,8,8,0,raw,3,False
95,1000.0,8,8,0,8,0,0,13.135026678607193,13.135026678607193,13.135026678607193,0.0,0.0,0.21273805927261957,1.0,0.0,False,0,0,0,0,0,0.0,0.0,0.0,0.0,0.0,0,0.0,0,0,disabled,disabled,True,normal,-1,3,False,raw,0,0.0,0.0,trial:-1,0,False,disabled,0,0,False,raw,0,0.0,0.0,,0,False,disabled,False,raw,0.0,0.0,,,,,,,,False,0,0,0,0,0,0,0.0,0.0,0.7854999999779011,1.1647919999973055,2.072166000004927,context_reentry_interference,v1_5_single_slot,CRA,v1_5_single_slot,single_slot_baseline,MockSimulator,43,none,none,-1,0,0,internal,0.0,0.0,0.0,0.0,0,False,0,False,-1,1,0.1,0.2,8,8,0,raw,3,False
96,1000.0,8,8,0,8,0,0,13.079436968972448,13.079436968972448,13.079436968972448,0.017835105899732858,-0.17648375210625428,0.20992111393604418,1.0,0.017835105899732858,False,0,0,0,0,0,0.0,0.0,0.0,0.0,0.0,0,0.0,0,0,disabled,disabled,True,normal,-1,3,True,internal_context_bound,-1,-0.01,0.01,phase:A0,0,False,disabled,0,0,False,raw,0,0.01,0.01,,0,False,disabled,False,raw,0.01,0.01,,,,,,,,False,0,0,0,0,0,0,0.0,0.0,0.7866669999998521,1.2088329999926373,2.1170420000089507,context_reentry_interference,v1_5_single_slot,CRA,v1_5_single_slot,single_slot_baseline,MockSimulator,43,decision,A0_decision,1,1,-1,internal,-0.01,0.01,-0.01,-0.01,-1,True,1,False,96,1,0.1,0.2,8,8,-1,internal_context_bound,3,True
97,1000.0,8,8,0,8,0,0,13.024124216525902,13.024124216525902,13.024124216525902,0.0,0.0,0.20713175118922278,1.0,0.0,False,0,0,0,0,0,0.0,0.0,0.0,0.0,0.0,0,0.0,0,0,disabled,disabled,True,normal,-1,3,False,raw,0,0.0,0.0,trial:-1,0,False,disabled,0,0,False,raw,0,0.0,0.0,,0,False,disabled,False,raw,0.0,0.0,,,,,,,,False,0,0,0,0,0,0,0.0,0.0,0.9926249999807624,1.4922080000019378,2.642542000018011,context_reentry_interference,v1_5_single_slot,CRA,v1_5_single_slot,single_slot_baseline,MockSimulator,43,none,none,-1,0,0,internal,0.0,0.0,0.0,0.0,0,False,0,False,-1,1,0.1,0.2,8,8,0,raw,3,False
98,1000.0,8,8,0,8,0,0,12.969087039946745,12.969087039946745,12.969087039946745,0.0,0.0,0.20436999450669982,1.0,0.0,False,0,0,0,0,0,0.0,0.0,0.0,0.0,0.0,0,0.0,0,0,disabled,disabled,True,normal,-1,3,False,raw,0,0.0,0.0,trial:-1,0,False,disabled,0,0,False,raw,0,0.0,0.0,,0,False,disabled,False,raw,0.0,0.0,,,,,,,,False,0,0,0,0,0,0,0.0,0.0,0.8332499999994525,1.4549590000001444,2.435332999993989,context_reentry_interference,v1_5_single_slot,CRA,v1_5_single_slot,single_slot_baseline,MockSimulator,43,none,none,-1,0,0,internal,0.0,0.0,0.0,0.0,0,False,0,False,-1,1,0.1,0.2,8,8,0,raw,3,False
99,1000.0,8,8,0,8,0,0,12.914324064803532,12.914324064803532,12.914324064803532,0.0,0.0,0.20163585539100207,1.0,0.0,False,0,0,0,0,0,0.0,0.0,0.0,0.0,0.0,0,0.0,0,0,disabled,disabled,True,normal,-1,3,False,raw,0,0.0,0.0,trial:-1,0,False,disabled,0,0,False,raw,0,0.0,0.0,,0,False,disabled,False,raw,0.0,0.0,,,,,,,,False,0,0,0,0,0,0,0.0,0.0,0.7966670000030263,1.2337919999936275,2.161125000014863,context_reentry_interference,v1_5_single_slot,CRA,v1_5_single_slot,single_slot_baseline,MockSimulator,43,none,none,-1,0,0,internal,0.0,0.0,0.0,0.0,0,False,0,False,-1,1,0.1,0.2,8,8,0,raw,3,False
100,1000.0,8,8,0,8,0,0,12.859833923519828,12.859833923519828,12.859833923519828,0.0,0.0,0.19892933384212955,1.0,0.0,False,0,0,0,0,0,0.0,0.0,0.0,0.0,0.0,0,0.0,0,0,disabled,disabled,True,normal,-1,3,False,raw,0,0.0,0.0,trial:-1,0,False,disabled,0,0,False,raw,0,0.0,0.0,,0,False,disabled,False,raw,0.0,0.0,,,,,,,,False,0,0,0,0,0,0,0.0,0.0,0.7923330000210171,1.2127499999792235,2.1277499999996508,context_reentry_interference,v1_5_single_slot,CRA,v1_5_single_slot,single_slot_baseline,MockSimulator,43,none,none,-1,0,0,internal,0.0,0.0,0.0,0.0,0,False,0,False,-1,1,0.1,0.2,8,8,0,raw,3,False
101,1000.0,8,8,0,8,0,0,12.805615255340008,12.805615255340008,12.805615255340008,0.0,0.0,0.19625041881305555,1.0,0.0,False,0,0,0,0,0,0.0,0.0,0.0,0.0,0.0,0,0.0,0,0,disabled,disabled,True,normal,-1,3,False,raw,0,0.0,0.0,trial:-1,0,False,disabled,0,0,False,raw,0,0.0,0.0,,0,False,disabled,False,raw,0.0,0.0,,,,,,,,False,0,0,0,0,0,0,0.0,0.0,0.7852079999963735,1.213417000002437,2.1238749999952233,context_reentry_interference,v1_5_single_slot,CRA,v1_5_single_slot,single_slot_baseline,MockSimulator,43,none,none,-1,0,0,internal,0.0,0.0,0.0,0.0,0,False,0,False,-1,1,0.1,0.2,8,8,0,raw,3,False
102,1000.0,8,8,0,8,0,0,12.751666706295248,12.751666706295248,12.751666706295248,0.0,0.0,0.19359908865160766,1.0,0.0,False,0,0,0,0,0,0.0,0.0,0.0,0.0,0.0,0,0.0,0,0,disabled,disabled,True,normal,-1,3,False,raw,0,0.0,0.0,trial:-1,0,False,disabled,0,0,False,raw,0,0.0,0.0,,0,False,disabled,False,raw,0.0,0.0,,,,,,,,False,0,0,0,0,0,0,0.0,0.0,0.7886670000232243,1.2219159999915519,2.1323750000021846,context_reentry_interference,v1_5_single_slot,CRA,v1_5_single_slot,single_slot_baseline,MockSimulator,43,none,none,-1,0,0,internal,0.0,0.0,0.0,0.0,0,False,0,False,-1,1,0.1,0.2,8,8,0,raw,3,False
103,1000.0,8,8,0,8,0,0,12.69798692916967,12.69798692916967,12.69798692916967,0.0,0.0,0.19097531152909245,1.0,0.0,False,0,0,0,0,0,0.0,0.0,0.0,0.0,0.0,0,0.0,0,0,disabled,disabled,True,normal,-1,3,False,raw,0,0.0,0.0,trial:-1,0,False,disabled,0,0,False,raw,0,0.0,0.0,,0,False,disabled,False,raw,0.0,0.0,,,,,,,,False,0,0,0,0,0,0,0.0,0.0,0.7834589999902164,1.2272079999888774,2.1330419999969763,context_reentry_interference,v1_5_single_slot,CRA,v1_5_single_slot,single_slot_baseline,MockSimulator,43,none,none,-1,0,0,internal,0.0,0.0,0.0,0.0,0,False,0,False,-1,1,0.1,0.2,8,8,0,raw,3,False
104,1000.0,8,8,0,8,0,0,12.64457458346666,12.64457458346666,12.64457458346666,0.0,0.0,0.1883790458560172,1.0,0.0,False,0,0,0,0,0,0.0,0.0,0.0,0.0,0.0,0,0.0,0,0,disabled,disabled,True,normal,-1,3,False,raw,0,0.0,0.0,trial:-1,0,False,disabled,0,0,False,raw,0,0.0,0.0,,0,False,disabled,False,raw,0.0,0.0,,,,,,,,False,0,0,0,0,0,0,0.0,0.0,0.7842500000094788,1.3566249999996671,2.2642079999855014,context_reentry_interference,v1_5_single_slot,CRA,v1_5_single_slot,single_slot_baseline,MockSimulator,43,none,none,-1,0,0,internal,0.0,0.0,0.0,0.0,0,False,0,False,-1,1,0.1,0.2,8,8,0,raw,3,False
105,1000.0,8,8,0,8,0,0,12.591428335375364,12.591428335375364,12.591428335375364,0.0,0.0,0.18581024068525331,1.0,0.0,False,0,0,0,0,0,0.0,0.0,0.0,0.0,0.0,0,0.0,0,0,disabled,disabled,True,normal,-1,3,False,raw,0,0.0,0.0,trial:-1,0,False,disabled,0,0,False,raw,0,0.0,0.0,,0,False,disabled,False,raw,0.0,0.0,,,,,,,,False,0,0,0,0,0,0,0.0,0.0,0.891082999999071,1.4242089999925156,2.4506249999944885,context_reentry_interference,v1_5_single_slot,CRA,v1_5_single_slot,single_slot_baseline,MockSimulator,43,none,none,-1,0,0,internal,0.0,0.0,0.0,0.0,0,False,0,False,-1,1,0.1,0.2,8,8,0,raw,3,False
106,1000.0,8,8,0,8,0,0,12.538546857737328,12.538546857737328,12.538546857737328,0.0,0.0,0.1832688361029776,1.0,0.0,False,0,0,0,0,0,0.0,0.0,0.0,0.0,0.0,0,0.0,0,0,disabled,disabled,True,normal,-1,3,False,raw,0,0.0,0.0,trial:-1,0,False,disabled,0,0,False,raw,0,0.0,0.0,,0,False,disabled,False,raw,0.0,0.0,,,,,,,,False,0,0,0,0,0,0,0.0,0.0,0.7880829999749039,1.2624590000029912,2.178500000013628,context_reentry_interference,v1_5_single_slot,CRA,v1_5_single_slot,single_slot_baseline,MockSimulator,43,none,none,-1,0,0,internal,0.0,0.0,0.0,0.0,0,False,0,False,-1,1,0.1,0.2,8,8,0,raw,3,False
107,1000.0,8,8,0,8,0,0,12.48592883001334,12.48592883001334,12.48592883001334,0.0,0.0,0.1807547636077188,1.0,0.0,False,0,0,0,0,0,0.0,0.0,0.0,0.0,0.0,0,0.0,0,0,disabled,disabled,True,normal,-1,3,False,raw,0,0.0,0.0,trial:-1,0,False,disabled,0,0,False,raw,0,0.0,0.0,,0,False,disabled,False,raw,0.0,0.0,,,,,,,,False,0,0,0,0,0,0,0.0,0.0,0.7845000000088476,1.264041999974097,2.171000000004142,context_reentry_interference,v1_5_single_slot,CRA,v1_5_single_slot,single_slot_baseline,MockSimulator,43,none,none,-1,0,0,internal,0.0,0.0,0.0,0.0,0,False,0,False,-1,1,0.1,0.2,8,8,0,raw,3,False
108,1000.0,8,8,0,8,0,0,12.433572938250396,12.433572938250396,12.433572938250396,0.0,0.0,0.17826794647782918,1.0,0.0,False,0,0,0,0,0,0.0,0.0,0.0,0.0,0.0,0,0.0,0,0,disabled,disabled,True,normal,-1,3,False,raw,0,0.0,0.0,trial:-1,0,False,disabled,0,0,False,raw,0,0.0,0.0,,0,False,disabled,False,raw,0.0,0.0,,,,,,,,False,0,0,0,0,0,0,0.0,0.0,0.7846249999943211,1.2693749999925785,2.1752500000218333,context_reentry_interference,v1_5_single_slot,CRA,v1_5_single_slot,single_slot_baseline,MockSimulator,43,none,none,-1,0,0,internal,0.0,0.0,0.0,0.0,0,False,0,False,-1,1,0.1,0.2,8,8,0,raw,3,False
109,1000.0,8,8,0,8,0,0,12.381477875048864,12.381477875048864,12.381477875048864,0.0,0.0,0.17580830012769202,1.0,0.0,False,0,0,0,0,0,0.0,0.0,0.0,0.0,0.0,0,0.0,0,0,disabled,disabled,True,normal,-1,3,False,raw,0,0.0,0.0,trial:-1,0,False,disabled,0,0,False,raw,0,0.0,0.0,,0,False,disabled,False,raw,0.0,0.0,,,,,,,,False,0,0,0,0,0,0,0.0,0.0,0.7832919999941623,1.265417000013258,2.171249999975089,context_reentry_interference,v1_5_single_slot,CRA,v1_5_single_slot,single_slot_baseline,MockSimulator,43,none,none,-1,0,0,internal,0.0,0.0,0.0,0.0,0,False,0,False,-1,1,0.1,0.2,8,8,0,raw,3,False
110,1000.0,8,8,0,8,0,0,12.32964233952979,12.32964233952979,12.32964233952979,0.0,0.0,0.17337573245296925,1.0,0.0,False,0,0,0,0,0,0.0,0.0,0.0,0.0,0.0,0,0.0,0,0,disabled,disabled,True,normal,-1,3,False,raw,0,0.0,0.0,trial:-1,0,False,disabled,0,0,False,raw,0,0.0,0.0,,0,False,disabled,False,raw,0.0,0.0,,,,,,,,False,0,0,0,0,0,0,0.0,0.0,0.7820839999794771,1.274332999997796,2.1796250000249984,context_reentry_interference,v1_5_single_slot,CRA,v1_5_single_slot,single_slot_baseline,MockSimulator,43,none,none,-1,0,0,internal,0.0,0.0,0.0,0.0,0,False,0,False,-1,1,0.1,0.2,8,8,0,raw,3,False
111,1000.0,8,8,0,8,0,0,12.278065037302389,12.278065037302389,12.278065037302389,0.0,0.0,0.1709701441651843,1.0,0.0,False,0,0,0,0,0,0.0,0.0,0.0,0.0,0.0,0,0.0,0,0,disabled,disabled,True,normal,-1,3,False,raw,0,0.0,0.0,trial:-1,0,False,disabled,0,0,False,raw,0,0.0,0.0,,0,False,disabled,False,raw,0.0,0.0,,,,,,,,False,0,0,0,0,0,0,0.0,0.0,0.7842089999883228,1.3693749999958982,2.275916999991523,context_reentry_interference,v1_5_single_slot,CRA,v1_5_single_slot,single_slot_baseline,MockSimulator,43,none,none,-1,0,0,internal,0.0,0.0,0.0,0.0,0,False,0,False,-1,1,0.1,0.2,8,8,0,raw,3,False
112,1000.0,8,8,0,8,0,0,12.226744680431667,12.226744680431667,12.226744680431667,0.0,0.0,0.16859142911592956,1.0,0.0,False,0,0,0,0,0,0.0,0.0,0.0,0.0,0.0,0,0.0,0,0,disabled,disabled,True,normal,-1,3,False,raw,0,0.0,0.0,trial:-1,0,False,disabled,0,0,False,raw,0,0.0,0.0,,0,False,disabled,False,raw,0.0,0.0,,,,,,,,False,0,0,0,0,0,0,0.0,0.0,0.8412500000076761,1.4287909999950443,2.4021250000032524,context_reentry_interference,v1_5_single_slot,CRA,v1_5_single_slot,single_slot_baseline,MockSimulator,43,none,none,-1,0,0,internal,0.0,0.0,0.0,0.0,0,False,0,False,-1,1,0.1,0.2,8,8,0,raw,3,False
113,1000.0,8,8,0,8,0,0,12.175679987406236,12.175679987406236,12.175679987406236,0.0,0.0,0.16623947461097893,1.0,0.0,False,0,0,0,0,0,0.0,0.0,0.0,0.0,0.0,0,0.0,0,0,disabled,disabled,True,normal,-1,3,False,raw,0,0.0,0.0,trial:-1,0,False,disabled,0,0,False,raw,0,0.0,0.0,,0,False,disabled,False,raw,0.0,0.0,,,,,,,,False,0,0,0,0,0,0,0.0,0.0,0.7871669999985897,1.3030409999998938,2.216292000014164,context_reentry_interference,v1_5_single_slot,CRA,v1_5_single_slot,single_slot_baseline,MockSimulator,43,none,none,-1,0,0,internal,0.0,0.0,0.0,0.0,0,False,0,False,-1,1,0.1,0.2,8,8,0,raw,3,False
114,1000.0,8,8,0,8,0,0,12.124869683106276,12.124869683106276,12.124869683106276,0.0,0.0,0.16391416171457995,1.0,0.0,False,0,0,0,0,0,0.0,0.0,0.0,0.0,0.0,0,0.0,0,0,disabled,disabled,True,normal,-1,3,False,raw,0,0.0,0.0,trial:-1,0,False,disabled,0,0,False,raw,0,0.0,0.0,,0,False,disabled,False,raw,0.0,0.0,,,,,,,,False,0,0,0,0,0,0,0.0,0.0,0.7855000000063228,1.3118749999989632,2.2186249999833763,context_reentry_interference,v1_5_single_slot,CRA,v1_5_single_slot,single_slot_baseline,MockSimulator,43,none,none,-1,0,0,internal,0.0,0.0,0.0,0.0,0,False,0,False,-1,1,0.1,0.2,8,8,0,raw,3,False
115,1000.0,8,8,0,8,0,0,12.074312498771647,12.074312498771647,12.074312498771647,0.0,0.0,0.16161536554419254,1.0,0.0,False,0,0,0,0,0,0.0,0.0,0.0,0.0,0.0,0,0.0,0,0,disabled,disabled,True,normal,-1,3,False,raw,0,0.0,0.0,trial:-1,0,False,disabled,0,0,False,raw,0,0.0,0.0,,0,False,disabled,False,raw,0.0,0.0,,,,,,,,False,0,0,0,0,0,0,0.0,0.0,0.7874169999979586,1.3132500000097025,2.226791999987654,context_reentry_interference,v1_5_single_slot,CRA,v1_5_single_slot,single_slot_baseline,MockSimulator,43,none,none,-1,0,0,internal,0.0,0.0,0.0,0.0,0,False,0,False,-1,1,0.1,0.2,8,8,0,raw,3,False
116,1000.0,8,8,0,8,0,0,12.024007171970181,12.024007171970181,12.024007171970181,0.0,0.0,0.15934295555593478,1.0,0.0,False,0,0,0,0,0,0.0,0.0,0.0,0.0,0.0,0,0.0,0,0,disabled,disabled,True,normal,-1,3,False,raw,0,0.0,0.0,trial:-1,0,False,disabled,0,0,False,raw,0,0.0,0.0,,0,False,disabled,False,raw,0.0,0.0,,,,,,,,False,0,0,0,0,0,0,0.0,0.0,0.7797909999851527,1.3179590000049757,2.22020900000075,context_reentry_interference,v1_5_single_slot,CRA,v1_5_single_slot,single_slot_baseline,MockSimulator,43,none,none,-1,0,0,internal,0.0,0.0,0.0,0.0,0,False,0,False,-1,1,0.1,0.2,8,8,0,raw,3,False
117,1000.0,8,8,0,8,0,0,11.973952446566116,11.973952446566116,11.973952446566116,0.0,0.0,0.15709679582098965,1.0,0.0,False,0,0,0,0,0,0.0,0.0,0.0,0.0,0.0,0,0.0,0,0,disabled,disabled,True,normal,-1,3,False,raw,0,0.0,0.0,trial:-1,0,False,disabled,0,0,False,raw,0,0.0,0.0,,0,False,disabled,False,raw,0.0,0.0,,,,,,,,False,0,0,0,0,0,0,0.0,0.0,0.7837910000034753,1.3438340000107019,2.24924999997711,context_reentry_interference,v1_5_single_slot,CRA,v1_5_single_slot,single_slot_baseline,MockSimulator,43,none,none,-1,0,0,internal,0.0,0.0,0.0,0.0,0,False,0,False,-1,1,0.1,0.2,8,8,0,raw,3,False
118,1000.0,8,8,0,8,0,0,11.924147072688692,11.924147072688692,11.924147072688692,0.0,0.0,0.15487674529322,1.0,0.0,False,0,0,0,0,0,0.0,0.0,0.0,0.0,0.0,0,0.0,0,0,disabled,disabled,True,normal,-1,3,False,raw,0,0.0,0.0,trial:-1,0,False,disabled,0,0,False,raw,0,0.0,0.0,,0,False,disabled,False,raw,0.0,0.0,,,,,,,,False,0,0,0,0,0,0,0.0,0.0,0.8710830000211445,1.4850419999845599,2.545792000006486,context_reentry_interference,v1_5_single_slot,CRA,v1_5_single_slot,single_slot_baseline,MockSimulator,43,none,none,-1,0,0,internal,0.0,0.0,0.0,0.0,0,False,0,False,-1,1,0.1,0.2,8,8,0,raw,3,False
119,1000.0,8,8,0,8,0,0,11.874589806700905,11.874589806700905,11.874589806700905,0.0,0.0,0.1526826580682327,1.0,0.0,False,0,0,0,0,0,0.0,0.0,0.0,0.0,0.0,0,0.0,0,0,disabled,disabled,True,normal,-1,3,False,raw,0,0.0,0.0,trial:-1,0,False,disabled,0,0,False,raw,0,0.0,0.0,,0,False,disabled,False,raw,0.0,0.0,,,,,,,,False,0,0,0,0,0,0,0.0,0.0,0.7878340000218031,1.3473749999945994,2.263208000016448,context_reentry_interference,v1_5_single_slot,CRA,v1_5_single_slot,single_slot_baseline,MockSimulator,43,none,none,-1,0,0,internal,0.0,0.0,0.0,0.0,0,False,0,False,-1,1,0.1,0.2,8,8,0,raw,3,False
120,1000.0,8,8,0,8,0,0,11.825279411168419,11.825279411168419,11.825279411168419,-0.001935620218731593,-0.019353785201429035,0.1505143836341276,1.0,-0.001935620218731593,False,0,0,0,0,0,0.0,0.0,0.0,0.0,0.0,0,0.0,0,0,disabled,disabled,True,normal,-1,3,True,internal_context_bound,1,0.01,-0.01,phase:A0,0,False,disabled,0,0,False,raw,0,-0.01,-0.01,,0,False,disabled,False,raw,-0.01,-0.01,,,,,,,,False,0,0,0,0,0,0,0.0,0.0,0.781165999995892,1.38862500000414,2.2924159999888616,context_reentry_interference,v1_5_single_slot,CRA,v1_5_single_slot,single_slot_baseline,MockSimulator,43,decision,A0_decision,2,1,1,internal,0.01,-0.01,0.01,0.01,1,True,-1,False,120,1,0.1,0.2,8,8,1,internal_context_bound,3,True
121,1000.0,8,8,0,8,0,0,11.776214654828621,11.776214654828621,11.776214654828621,0.0,0.0,0.14837176711415945,1.0,0.0,False,0,0,0,0,0,0.0,0.0,0.0,0.0,0.0,0,0.0,0,0,disabled,disabled,True,normal,-1,3,False,raw,0,0.0,0.0,trial:-1,0,False,disabled,0,0,False,raw,0,0.0,0.0,,0,False,disabled,False,raw,0.0,0.0,,,,,,,,False,0,0,0,0,0,0,0.0,0.0,0.7906250000075943,1.3582079999991947,2.26991699997825,context_reentry_interference,v1_5_single_slot,CRA,v1_5_single_slot,single_slot_baseline,MockSimulator,43,none,none,-1,0,0,internal,0.0,0.0,0.0,0.0,0,False,0,False,-1,1,0.1,0.2,8,8,0,raw,3,False
122,1000.0,8,8,0,8,0,0,11.72739431255985,11.72739431255985,11.72739431255985,0.0,0.0,0.14625464950153635,1.0,0.0,False,0,0,0,0,0,0.0,0.0,0.0,0.0,0.0,0,0.0,0,0,disabled,disabled,True,normal,-1,3,False,raw,0,0.0,0.0,trial:-1,0,False,disabled,0,0,False,raw,0,0.0,0.0,,0,False,disabled,False,raw,0.0,0.0,,,,,,,,False,0,0,0,0,0,0,0.0,0.0,0.8302919999891856,1.3645409999867297,2.316083000010849,context_reentry_interference,v1_5_single_slot,CRA,v1_5_single_slot,single_slot_baseline,MockSimulator,43,none,none,-1,0,0,internal,0.0,0.0,0.0,0.0,0,False,0,False,-1,1,0.1,0.2,8,8,0,raw,3,False
123,1000.0,8,8,0,8,0,0,11.678817165350763,11.678817165350763,11.678817165350763,0.0,0.0,0.1441628678865725,1.0,0.0,False,0,0,0,0,0,0.0,0.0,0.0,0.0,0.0,0,0.0,0,0,disabled,disabled,True,normal,-1,3,False,raw,0,0.0,0.0,trial:-1,0,False,disabled,0,0,False,raw,0,0.0,0.0,,0,False,disabled,False,raw,0.0,0.0,,,,,,,,False,0,0,0,0,0,0,0.0,0.0,0.7831669999802671,1.374208000015642,2.278458000006367,context_reentry_interference,v1_5_single_slot,CRA,v1_5_single_slot,single_slot_baseline,MockSimulator,43,none,none,-1,0,0,internal,0.0,0.0,0.0,0.0,0,False,0,False,-1,1,0.1,0.2,8,8,0,raw,3,False
124,1000.0,8,8,0,8,0,0,11.630482000269865,11.630482000269865,11.630482000269865,0.0,0.0,0.1420962556764066,1.0,0.0,False,0,0,0,0,0,0.0,0.0,0.0,0.0,0.0,0,0.0,0,0,disabled,disabled,True,normal,-1,3,False,raw,0,0.0,0.0,trial:-1,0,False,disabled,0,0,False,raw,0,0.0,0.0,,0,False,disabled,False,raw,0.0,0.0,,,,,,,,False,0,0,0,0,0,0,0.0,0.0,0.7827920000238464,1.5432919999796013,2.4474999999881675,context_reentry_interference,v1_5_single_slot,CRA,v1_5_single_slot,single_slot_baseline,MockSimulator,43,none,none,-1,0,0,internal,0.0,0.0,0.0,0.0,0,False,0,False,-1,1,0.1,0.2,8,8,0,raw,3,False
125,1000.0,8,8,0,8,0,0,11.582387610435175,11.582387610435175,11.582387610435175,0.0,0.0,0.14005464280749272,1.0,0.0,False,0,0,0,0,0,0.0,0.0,0.0,0.0,0.0,0,0.0,0,0,disabled,disabled,True,normal,-1,3,False,raw,0,0.0,0.0,trial:-1,0,False,disabled,0,0,False,raw,0,0.0,0.0,,0,False,disabled,False,raw,0.0,0.0,,,,,,,,False,0,0,0,0,0,0,0.0,0.0,0.7999580000159767,1.467499999989741,2.421875000010232,context_reentry_interference,v1_5_single_slot,CRA,v1_5_single_slot,single_slot_baseline,MockSimulator,43,none,none,-1,0,0,internal,0.0,0.0,0.0,0.0,0,False,0,False,-1,1,0.1,0.2,8,8,0,raw,3,False
126,1000.0,8,8,0,8,0,0,11.534532794984067,11.534532794984067,11.534532794984067,0.0,0.0,0.13803785595106483,1.0,0.0,False,0,0,0,0,0,0.0,0.0,0.0,0.0,0.0,0,0.0,0,0,disabled,disabled,True,normal,-1,3,False,raw,0,0.0,0.0,trial:-1,0,False,disabled,0,0,False,raw,0,0.0,0.0,,0,False,disabled,False,raw,0.0,0.0,,,,,,,,False,0,0,0,0,0,0,0.0,0.0,0.7890420000080667,1.4129170000103386,2.324707999974862,context_reentry_interference,v1_5_single_slot,CRA,v1_5_single_slot,single_slot_baseline,MockSimulator,43,none,none,-1,0,0,internal,0.0,0.0,0.0,0.0,0,False,0,False,-1,1,0.1,0.2,8,8,0,raw,3,False
127,1000.0,8,8,0,8,0,0,11.486916359043239,11.486916359043239,11.486916359043239,0.0,0.0,0.13604571871177104,1.0,0.0,False,0,0,0,0,0,0.0,0.0,0.0,0.0,0.0,0,0.0,0,0,disabled,disabled,True,normal,-1,3,False,raw,0,0.0,0.0,trial:-1,0,False,disabled,0,0,False,raw,0,0.0,0.0,,0,False,disabled,False,raw,0.0,0.0,,,,,,,,False,0,0,0,0,0,0,0.0,0.0,0.7916669999872283,1.416290999998182,2.3295420000124523,context_reentry_interference,v1_5_single_slot,CRA,v1_5_single_slot,single_slot_baseline,MockSimulator,43,none,none,-1,0,0,internal,0.0,0.0,0.0,0.0,0,False,0,False,-1,1,0.1,0.2,8,8,0,raw,3,False
128,1000.0,8,8,0,8,0,0,11.439537113698846,11.439537113698846,11.439537113698846,0.0,0.0,0.1340780518196686,1.0,0.0,False,0,0,0,0,0,0.0,0.0,0.0,0.0,0.0,0,0.0,0,0,disabled,disabled,True,normal,-1,3,False,raw,0,0.0,0.0,trial:-1,0,False,disabled,0,0,False,raw,0,0.0,0.0,,0,False,disabled,False,raw,0.0,0.0,,,,,,,,False,0,0,0,0,0,0,0.0,0.0,0.7845000000088476,1.4340419999996357,2.341166000007888,context_reentry_interference,v1_5_single_slot,CRA,v1_5_single_slot,single_slot_baseline,MockSimulator,43,none,none,-1,0,0,internal,0.0,0.0,0.0,0.0,0,False,0,False,-1,1,0.1,0.2,8,8,0,raw,3,False
129,1000.0,8,8,0,8,0,0,11.392393875966773,11.392393875966773,11.392393875966773,0.0,0.0,0.1321346733157655,1.0,0.0,False,0,0,0,0,0,0.0,0.0,0.0,0.0,0.0,0,0.0,0,0,disabled,disabled,True,normal,-1,3,False,raw,0,0.0,0.0,trial:-1,0,False,disabled,0,0,False,raw,0,0.0,0.0,,0,False,disabled,False,raw,0.0,0.0,,,,,,,,False,0,0,0,0,0,0,0.0,0.0,0.7841249999955835,1.4294169999971018,2.336124999999356,context_reentry_interference,v1_5_single_slot,CRA,v1_5_single_slot,single_slot_baseline,MockSimulator,43,none,none,-1,0,0,internal,0.0,0.0,0.0,0.0,0,False,0,False,-1,1,0.1,0.2,8,8,0,raw,3,False
130,1000.0,8,8,0,8,0,0,11.345485468763062,11.345485468763062,11.345485468763062,0.0,0.0,0.13021539873129068,1.0,0.0,False,0,0,0,0,0,0.0,0.0,0.0,0.0,0.0,0,0.0,0,0,disabled,disabled,True,normal,-1,3,False,raw,0,0.0,0.0,trial:-1,0,False,disabled,0,0,False,raw,0,0.0,0.0,,0,False,disabled,False,raw,0.0,0.0,,,,,,,,False,0,0,0,0,0,0,0.0,0.0,0.7835419999935311,1.4470000000130767,2.3530839999921227,context_reentry_interference,v1_5_single_slot,CRA,v1_5_single_slot,single_slot_baseline,MockSimulator,43,none,none,-1,0,0,internal,0.0,0.0,0.0,0.0,0,False,0,False,-1,1,0.1,0.2,8,8,0,raw,3,False
131,1000.0,8,8,0,8,0,0,11.29881072087449,11.29881072087449,11.29881072087449,0.0,0.0,0.12832004126086854,1.0,0.0,False,0,0,0,0,0,0.0,0.0,0.0,0.0,0.0,0,0.0,0,0,disabled,disabled,True,normal,-1,3,False,raw,0,0.0,0.0,trial:-1,0,False,disabled,0,0,False,raw,0,0.0,0.0,,0,False,disabled,False,raw,0.0,0.0,,,,,,,,False,0,0,0,0,0,0,0.0,0.0,0.807082999983777,1.5970420000144259,2.5263329999916095,context_reentry_interference,v1_5_single_slot,CRA,v1_5_single_slot,single_slot_baseline,MockSimulator,43,none,none,-1,0,0,internal,0.0,0.0,0.0,0.0,0,False,0,False,-1,1,0.1,0.2,8,8,0,raw,3,False
132,1000.0,8,8,0,8,0,0,11.25236846692928,11.25236846692928,11.25236846692928,0.0,0.0,0.1264484119297708,1.0,0.0,False,0,0,0,0,0,0.0,0.0,0.0,0.0,0.0,0,0.0,0,0,disabled,disabled,True,normal,-1,3,False,raw,0,0.0,0.0,trial:-1,0,False,disabled,0,0,False,raw,0,0.0,0.0,,0,False,disabled,False,raw,0.0,0.0,,,,,,,,False,0,0,0,0,0,0,0.0,0.0,0.8053329999881953,1.5166250000220316,2.450083000013592,context_reentry_interference,v1_5_single_slot,CRA,v1_5_single_slot,single_slot_baseline,MockSimulator,43,none,none,-1,0,0,internal,0.0,0.0,0.0,0.0,0,False,0,False,-1,1,0.1,0.2,8,8,0,raw,3,False
133,1000.0,8,8,0,8,0,0,11.20615754736797,11.20615754736797,11.20615754736797,0.0,0.0,0.12460031975541261,1.0,0.0,False,0,0,0,0,0,0.0,0.0,0.0,0.0,0.0,0,0.0,0,0,disabled,disabled,True,normal,-1,3,False,raw,0,0.0,0.0,trial:-1,0,False,disabled,0,0,False,raw,0,0.0,0.0,,0,False,disabled,False,raw,0.0,0.0,,,,,,,,False,0,0,0,0,0,0,0.0,0.0,0.8016250000082437,1.4921669999807818,2.417165999986537,context_reentry_interference,v1_5_single_slot,CRA,v1_5_single_slot,single_slot_baseline,MockSimulator,43,none,none,-1,0,0,internal,0.0,0.0,0.0,0.0,0,False,0,False,-1,1,0.1,0.2,8,8,0,raw,3,False
134,1000.0,8,8,0,8,0,0,11.16017680841443,11.16017680841443,11.16017680841443,0.0,0.0,0.12277557190325683,1.0,0.0,False,0,0,0,0,0,0.0,0.0,0.0,0.0,0.0,0,0.0,0,0,disabled,disabled,True,normal,-1,3,False,raw,0,0.0,0.0,trial:-1,0,False,disabled,0,0,False,raw,0,0.0,0.0,,0,False,disabled,False,raw,0.0,0.0,,,,,,,,False,0,0,0,0,0,0,0.0,0.0,0.8095830000058868,1.496916999997211,2.4292089999846667,context_reentry_interference,v1_5_single_slot,CRA,v1_5_single_slot,single_slot_baseline,MockSimulator,43,none,none,-1,0,0,internal,0.0,0.0,0.0,0.0,0,False,0,False,-1,1,0.1,0.2,8,8,0,raw,3,False
135,1000.0,8,8,0,8,0,0,11.114425102047008,11.114425102047008,11.114425102047008,0.0,0.0,0.12097397383728513,1.0,0.0,False,0,0,0,0,0,0.0,0.0,0.0,0.0,0.0,0,0.0,0,0,disabled,disabled,True,normal,-1,3,False,raw,0,0.0,0.0,trial:-1,0,False,disabled,0,0,False,raw,0,0.0,0.0,,0,False,disabled,False,raw,0.0,0.0,,,,,,,,False,0,0,0,0,0,0,0.0,0.0,0.791083999985176,1.5018330000202695,2.416457999999011,context_reentry_interference,v1_5_single_slot,CRA,v1_5_single_slot,single_slot_baseline,MockSimulator,43,none,none,-1,0,0,internal,0.0,0.0,0.0,0.0,0,False,0,False,-1,1,0.1,0.2,8,8,0,raw,3,False
136,1000.0,8,8,0,8,0,0,11.068901285969833,11.068901285969833,11.068901285969833,0.0,0.0,0.119195329465191,1.0,0.0,False,0,0,0,0,0,0.0,0.0,0.0,0.0,0.0,0,0.0,0,0,disabled,disabled,True,normal,-1,3,False,raw,0,0.0,0.0,trial:-1,0,False,disabled,0,0,False,raw,0,0.0,0.0,,0,False,disabled,False,raw,0.0,0.0,,,,,,,,False,0,0,0,0,0,0,0.0,0.0,0.7817089999946347,1.5002499999923202,2.4049590000174703,context_reentry_interference,v1_5_single_slot,CRA,v1_5_single_slot,single_slot_baseline,MockSimulator,43,none,none,-1,0,0,internal,0.0,0.0,0.0,0.0,0,False,0,False,-1,1,0.1,0.2,8,8,0,raw,3,False
137,1000.0,8,8,0,8,0,0,11.02360422358426,11.02360422358426,11.02360422358426,0.0,0.0,0.11743944127844572,1.0,0.0,False,0,0,0,0,0,0.0,0.0,0.0,0.0,0.0,0,0.0,0,0,disabled,disabled,True,normal,-1,3,False,raw,0,0.0,0.0,trial:-1,0,False,disabled,0,0,False,raw,0,0.0,0.0,,0,False,disabled,False,raw,0.0,0.0,,,,,,,,False,0,0,0,0,0,0,0.0,0.0,0.7809170000143695,1.5124999999898137,2.414958000002798,context_reentry_interference,v1_5_single_slot,CRA,v1_5_single_slot,single_slot_baseline,MockSimulator,43,none,none,-1,0,0,internal,0.0,0.0,0.0,0.0,0,False,0,False,-1,1,0.1,0.2,8,8,0,raw,3,False
138,1000.0,8,8,0,8,0,0,10.978532783960452,10.978532783960452,10.978532783960452,0.0,0.0,0.11570611048738416,1.0,0.0,False,0,0,0,0,0,0.0,0.0,0.0,0.0,0.0,0,0.0,0,0,disabled,disabled,True,normal,-1,3,False,raw,0,0.0,0.0,trial:-1,0,False,disabled,0,0,False,raw,0,0.0,0.0,,0,False,disabled,False,raw,0.0,0.0,,,,,,,,False,0,0,0,0,0,0,0.0,0.0,0.7843340000022181,1.651874999993197,2.5588750000054006,context_reentry_interference,v1_5_single_slot,CRA,v1_5_single_slot,single_slot_baseline,MockSimulator,43,none,none,-1,0,0,internal,0.0,0.0,0.0,0.0,0,False,0,False,-1,1,0.1,0.2,8,8,0,raw,3,False
139,1000.0,8,8,0,8,0,0,10.93368584180911,10.93368584180911,10.93368584180911,0.0,0.0,0.1139951371514537,1.0,0.0,False,0,0,0,0,0,0.0,0.0,0.0,0.0,0.0,0,0.0,0,0,disabled,disabled,True,normal,-1,3,False,raw,0,0.0,0.0,trial:-1,0,False,disabled,0,0,False,raw,0,0.0,0.0,,0,False,disabled,False,raw,0.0,0.0,,,,,,,,False,0,0,0,0,0,0,0.0,0.0,0.7917499999905431,1.5302079999912621,2.4497910000036427,context_reentry_interference,v1_5_single_slot,CRA,v1_5_single_slot,single_slot_baseline,MockSimulator,43,none,none,-1,0,0,internal,0.0,0.0,0.0,0.0,0,False,0,False,-1,1,0.1,0.2,8,8,0,raw,3,False
140,1000.0,8,8,0,8,0,0,10.889062277453336,10.889062277453336,10.889062277453336,0.0,0.0,0.11230632030476549,1.0,0.0,False,0,0,0,0,0,0.0,0.0,0.0,0.0,0.0,0,0.0,0,0,disabled,disabled,True,normal,-1,3,False,raw,0,0.0,0.0,trial:-1,0,False,disabled,0,0,False,raw,0,0.0,0.0,,0,False,disabled,False,raw,0.0,0.0,,,,,,,,False,0,0,0,0,0,0,0.0,0.0,0.7850840000003245,1.5177909999977146,2.4244999999893935,context_reentry_interference,v1_5_single_slot,CRA,v1_5_single_slot,single_slot_baseline,MockSimulator,43,none,none,-1,0,0,internal,0.0,0.0,0.0,0.0,0,False,0,False,-1,1,0.1,0.2,8,8,0,raw,3,False
141,1000.0,8,8,0,8,0,0,10.844660976800643,10.844660976800643,10.844660976800643,0.0,0.0,0.11063945807708424,1.0,0.0,False,0,0,0,0,0,0.0,0.0,0.0,0.0,0.0,0,0.0,0,0,disabled,disabled,True,normal,-1,3,False,raw,0,0.0,0.0,trial:-1,0,False,disabled,0,0,False,raw,0,0.0,0.0,,0,False,disabled,False,raw,0.0,0.0,,,,,,,,False,0,0,0,0,0,0,0.0,0.0,0.7846250000227428,1.5261249999980464,2.4324579999870366,context_reentry_interference,v1_5_single_slot,CRA,v1_5_single_slot,single_slot_baseline,MockSimulator,43,none,none,-1,0,0,internal,0.0,0.0,0.0,0.0,0,False,0,False,-1,1,0.1,0.2,8,8,0,raw,3,False
142,1000.0,8,8,0,8,0,0,10.800480831315108,10.800480831315108,10.800480831315108,0.0,0.0,0.10899434781038832,1.0,0.0,False,0,0,0,0,0,0.0,0.0,0.0,0.0,0.0,0,0.0,0,0,disabled,disabled,True,normal,-1,3,False,raw,0,0.0,0.0,trial:-1,0,False,disabled,0,0,False,raw,0,0.0,0.0,,0,False,disabled,False,raw,0.0,0.0,,,,,,,,False,0,0,0,0,0,0,0.0,0.0,0.7810829999925772,1.5288330000089445,2.4314160000074025,context_reentry_interference,v1_5_single_slot,CRA,v1_5_single_slot,single_slot_baseline,MockSimulator,43,none,none,-1,0,0,internal,0.0,0.0,0.0,0.0,0,False,0,False,-1,1,0.1,0.2,8,8,0,raw,3,False
143,1000.0,8,8,0,8,0,0,10.756520737989648,10.756520737989648,10.756520737989648,0.0,0.0,0.1073707861711294,1.0,0.0,False,0,0,0,0,0,0.0,0.0,0.0,0.0,0.0,0,0.0,0,0,disabled,disabled,True,normal,-1,3,False,raw,0,0.0,0.0,trial:-1,0,False,disabled,0,0,False,raw,0,0.0,0.0,,0,False,disabled,False,raw,0.0,0.0,,,,,,,,False,0,0,0,0,0,0,0.0,0.0,0.7820410000078937,1.54712500000187,2.4504170000057,context_reentry_interference,v1_5_single_slot,CRA,v1_5_single_slot,single_slot_baseline,MockSimulator,43,none,none,-1,0,0,internal,0.0,0.0,0.0,0.0,0,False,0,False,-1,1,0.1,0.2,8,8,0,raw,3,False
144,1000.0,8,8,0,8,0,0,10.712779599318454,10.712779599318454,10.712779599318454,0.0001918463429668008,-0.0019184610760353542,0.1057685692583167,1.0,0.0001918463429668008,False,0,0,0,0,0,0.0,0.0,0.0,0.0,0.0,0,0.0,0,0,disabled,disabled,True,normal,-1,3,True,internal_context_bound,-1,-0.01,0.01,phase:A0,0,False,disabled,0,0,False,raw,0,0.01,0.01,,0,False,disabled,False,raw,0.01,0.01,,,,,,,,False,0,0,0,0,0,0,0.0,0.0,0.786500000003798,1.5716249999968568,2.4794169999893256,context_reentry_interference,v1_5_single_slot,CRA,v1_5_single_slot,single_slot_baseline,MockSimulator,43,decision,A0_decision,3,1,-1,internal,-0.01,0.01,-0.01,-0.01,-1,True,1,False,144,1,0.1,0.2,8,8,-1,internal_context_bound,3,True
145,1000.0,8,8,0,8,0,0,10.669256323269549,10.669256323269549,10.669256323269549,0.0,0.0,0.10418749270754804,1.0,0.0,False,0,0,0,0,0,0.0,0.0,0.0,0.0,0.0,0,0.0,0,0,disabled,disabled,True,normal,-1,3,False,raw,0,0.0,0.0,trial:-1,0,False,disabled,0,0,False,raw,0,0.0,0.0,,0,False,disabled,False,raw,0.0,0.0,,,,,,,,False,0,0,0,0,0,0,0.0,0.0,0.8445409999922049,1.6050840000048083,2.5832919999970727,context_reentry_interference,v1_5_single_slot,CRA,v1_5_single_slot,single_slot_baseline,MockSimulator,43,none,none,-1,0,0,internal,0.0,0.0,0.0,0.0,0,False,0,False,-1,1,0.1,0.2,8,8,0,raw,3,False
146,1000.0,8,8,0,8,0,0,10.625949823257487,10.625949823257487,10.625949823257487,0.0,0.0,0.1026273517911068,1.0,0.0,False,0,0,0,0,0,0.0,0.0,0.0,0.0,0.0,0,0.0,0,0,disabled,disabled,True,normal,-1,3,False,raw,0,0.0,0.0,trial:-1,0,False,disabled,0,0,False,raw,0,0.0,0.0,,0,False,disabled,False,raw,0.0,0.0,,,,,,,,False,0,0,0,0,0,0,0.0,0.0,0.7804580000083661,1.583458999988352,2.487790999992967,context_reentry_interference,v1_5_single_slot,CRA,v1_5_single_slot,single_slot_baseline,MockSimulator,43,none,none,-1,0,0,internal,0.0,0.0,0.0,0.0,0,False,0,False,-1,1,0.1,0.2,8,8,0,raw,3,False
147,1000.0,8,8,0,8,0,0,10.582859018116192,10.582859018116192,10.582859018116192,0.0,0.0,0.10108794151424019,1.0,0.0,False,0,0,0,0,0,0.0,0.0,0.0,0.0,0.0,0,0.0,0,0,disabled,disabled,True,normal,-1,3,False,raw,0,0.0,0.0,trial:-1,0,False,disabled,0,0,False,raw,0,0.0,0.0,,0,False,disabled,False,raw,0.0,0.0,,,,,,,,False,0,0,0,0,0,0,0.0,0.0,0.7882090000066455,1.5804999999886604,2.490375000007816,context_reentry_interference,v1_5_single_slot,CRA,v1_5_single_slot,single_slot_baseline,MockSimulator,43,none,none,-1,0,0,internal,0.0,0.0,0.0,0.0,0,False,0,False,-1,1,0.1,0.2,8,8,0,raw,3,False
148,1000.0,8,8,0,8,0,0,10.53998283207192,10.53998283207192,10.53998283207192,0.0,0.0,0.0995690567077318,1.0,0.0,False,0,0,0,0,0,0.0,0.0,0.0,0.0,0.0,0,0.0,0,0,disabled,disabled,True,normal,-1,3,False,raw,0,0.0,0.0,trial:-1,0,False,disabled,0,0,False,raw,0,0.0,0.0,,0,False,disabled,False,raw,0.0,0.0,,,,,,,,False,0,0,0,0,0,0,0.0,0.0,0.7783329999995203,1.5872080000178812,2.488040999992336,context_reentry_interference,v1_5_single_slot,CRA,v1_5_single_slot,single_slot_baseline,MockSimulator,43,none,none,-1,0,0,internal,0.0,0.0,0.0,0.0,0,False,0,False,-1,1,0.1,0.2,8,8,0,raw,3,False
149,1000.0,8,8,0,8,0,0,10.497320194716378,10.497320194716378,10.497320194716378,0.0,0.0,0.09807049211687807,1.0,0.0,False,0,0,0,0,0,0.0,0.0,0.0,0.0,0.0,0,0.0,0,0,disabled,disabled,True,normal,-1,3,False,raw,0,0.0,0.0,trial:-1,0,False,disabled,0,0,False,raw,0,0.0,0.0,,0,False,disabled,False,raw,0.0,0.0,,,,,,,,False,0,0,0,0,0,0,0.0,0.0,0.7917500000189648,1.586457999991353,2.5002920000076756,context_reentry_interference,v1_5_single_slot,CRA,v1_5_single_slot,single_slot_baseline,MockSimulator,43,none,none,-1,0,0,internal,0.0,0.0,0.0,0.0,0,False,0,False,-1,1,0.1,0.2,8,8,0,raw,3,False
150,1000.0,8,8,0,8,0,0,10.454870040979952,10.454870040979952,10.454870040979952,0.0,0.0,0.0965920424869754,1.0,0.0,False,0,0,0,0,0,0.0,0.0,0.0,0.0,0.0,0,0.0,0,0,disabled,disabled,True,normal,-1,3,False,raw,0,0.0,0.0,trial:-1,0,False,disabled,0,0,False,raw,0,0.0,0.0,,0,False,disabled,False,raw,0.0,0.0,,,,,,,,False,0,0,0,0,0,0,0.0,0.0,0.7818750000012642,1.7555000000015752,2.6597499999923,context_reentry_interference,v1_5_single_slot,CRA,v1_5_single_slot,single_slot_baseline,MockSimulator,43,none,none,-1,0,0,internal,0.0,0.0,0.0,0.0,0,False,0,False,-1,1,0.1,0.2,8,8,0,raw,3,False
151,1000.0,8,8,0,8,0,0,10.412631311105086,10.412631311105086,10.412631311105086,0.0,0.0,0.09513350264542207,1.0,0.0,False,0,0,0,0,0,0.0,0.0,0.0,0.0,0.0,0,0.0,0,0,disabled,disabled,True,normal,-1,3,False,raw,0,0.0,0.0,trial:-1,0,False,disabled,0,0,False,raw,0,0.0,0.0,,0,False,disabled,False,raw,0.0,0.0,,,,,,,,False,0,0,0,0,0,0,0.0,0.0,0.7980420000137656,1.6668330000015885,2.5925000000199816,context_reentry_interference,v1_5_single_slot,CRA,v1_5_single_slot,single_slot_baseline,MockSimulator,43,none,none,-1,0,0,internal,0.0,0.0,0.0,0.0,0,False,0,False,-1,1,0.1,0.2,8,8,0,raw,3,False
152,1000.0,8,8,0,8,0,0,10.370602950619785,10.370602950619785,10.370602950619785,0.0,0.0,0.09369466758053609,1.0,0.0,False,0,0,0,0,0,0.0,0.0,0.0,0.0,0.0,0,0.0,0,0,disabled,disabled,True,normal,-1,3,False,raw,0,0.0,0.0,trial:-1,0,False,disabled,0,0,False,raw,0,0.0,0.0,,0,False,disabled,False,raw,0.0,0.0,,,,,,,,False,0,0,0,0,0,0,0.0,0.0,0.7878749999861157,1.62879200001953,2.5391659999911553,context_reentry_interference,v1_5_single_slot,CRA,v1_5_single_slot,single_slot_baseline,MockSimulator,43,none,none,-1,0,0,internal,0.0,0.0,0.0,0.0,0,False,0,False,-1,1,0.1,0.2,8,8,0,raw,3,False
153,1000.0,8,8,0,8,0,0,10.328783910311257,10.328783910311257,10.328783910311257,0.0,0.0,0.09227533251718736,1.0,0.0,False,0,0,0,0,0,0.0,0.0,0.0,0.0,0.0,0,0.0,0,0,disabled,disabled,True,normal,-1,3,False,raw,0,0.0,0.0,trial:-1,0,False,disabled,0,0,False,raw,0,0.0,0.0,,0,False,disabled,False,raw,0.0,0.0,,,,,,,,False,0,0,0,0,0,0,0.0,0.0,0.7817909999801032,1.6525839999985692,2.555833999991819,context_reentry_interference,v1_5_single_slot,CRA,v1_5_single_slot,single_slot_baseline,MockSimulator,43,none,none,-1,0,0,internal,0.0,0.0,0.0,0.0,0,False,0,False,-1,1,0.1,0.2,8,8,0,raw,3,False
154,1000.0,8,8,0,8,0,0,10.28717314619968,10.28717314619968,10.28717314619968,0.0,0.0,0.09087529298934038,1.0,0.0,False,0,0,0,0,0,0.0,0.0,0.0,0.0,0.0,0,0.0,0,0,disabled,disabled,True,normal,-1,3,False,raw,0,0.0,0.0,trial:-1,0,False,disabled,0,0,False,raw,0,0.0,0.0,,0,False,disabled,False,raw,0.0,0.0,,,,,,,,False,0,0,0,0,0,0,0.0,0.0,0.7850840000003245,1.6341250000095897,2.541833999998744,context_reentry_interference,v1_5_single_slot,CRA,v1_5_single_slot,single_slot_baseline,MockSimulator,43,none,none,-1,0,0,internal,0.0,0.0,0.0,0.0,0,False,0,False,-1,1,0.1,0.2,8,8,0,raw,3,False
155,1000.0,8,8,0,8,0,0,10.2457696195121,10.2457696195121,10.2457696195121,0.0,0.0,0.08949434490960041,1.0,0.0,False,0,0,0,0,0,0.0,0.0,0.0,0.0,0.0,0,0.0,0,0,disabled,disabled,True,normal,-1,3,False,raw,0,0.0,0.0,trial:-1,0,False,disabled,0,0,False,raw,0,0.0,0.0,,0,False,disabled,False,raw,0.0,0.0,,,,,,,,False,0,0,0,0,0,0,0.0,0.0,0.7807920000004742,1.6419579999933376,2.544166999996378,context_reentry_interference,v1_5_single_slot,CRA,v1_5_single_slot,single_slot_baseline,MockSimulator,43,none,none,-1,0,0,internal,0.0,0.0,0.0,0.0,0,False,0,False,-1,1,0.1,0.2,8,8,0,raw,3,False
156,1000.0,8,8,0,8,0,0,10.204572296656469,10.204572296656469,10.204572296656469,0.0,0.0,0.08813228463585429,1.0,0.0,False,0,0,0,0,0,0.0,0.0,0.0,0.0,0.0,0,0.0,0,0,disabled,disabled,True,normal,-1,3,False,raw,0,0.0,0.0,trial:-1,0,False,disabled,0,0,False,raw,0,0.0,0.0,,0,False,disabled,False,raw,0.0,0.0,,,,,,,,False,0,0,0,0,0,0,0.0,0.0,0.7880000000000109,1.7933749999770043,2.7033750000100554,context_reentry_interference,v1_5_single_slot,CRA,v1_5_single_slot,single_slot_baseline,MockSimulator,43,none,none,-1,0,0,internal,0.0,0.0,0.0,0.0,0,False,0,False,-1,1,0.1,0.2,8,8,0,raw,3,False
157,1000.0,8,8,0,8,0,0,10.163580149195795,10.163580149195795,10.163580149195795,0.0,0.0,0.08678890903509419,1.0,0.0,False,0,0,0,0,0,0.0,0.0,0.0,0.0,0.0,0,0.0,0,0,disabled,disabled,True,normal,-1,3,False,raw,0,0.0,0.0,trial:-1,0,False,disabled,0,0,False,raw,0,0.0,0.0,,0,False,disabled,False,raw,0.0,0.0,,,,,,,,False,0,0,0,0,0,0,0.0,0.0,0.7995409999921321,1.6918340000131593,2.618583000014496,context_reentry_interference,v1_5_single_slot,CRA,v1_5_single_slot,single_slot_baseline,MockSimulator,43,none,none,-1,0,0,internal,0.0,0.0,0.0,0.0,0,False,0,False,-1,1,0.1,0.2,8,8,0,raw,3,False
158,1000.0,8,8,0,8,0,0,10.122792153822441,10.122792153822441,10.122792153822441,0.0,0.0,0.08546401554451014,1.0,0.0,False,0,0,0,0,0,0.0,0.0,0.0,0.0,0.0,0,0.0,0,0,disabled,disabled,True,normal,-1,3,False,raw,0,0.0,0.0,trial:-1,0,False,disabled,0,0,False,raw,0,0.0,0.0,,0,False,disabled,False,raw,0.0,0.0,,,,,,,,False,0,0,0,0,0,0,0.0,0.0,0.7931250000012824,1.6785830000003443,2.594125000001668,context_reentry_interference,v1_5_single_slot,CRA,v1_5_single_slot,single_slot_baseline,MockSimulator,43,none,none,-1,0,0,internal,0.0,0.0,0.0,0.0,0,False,0,False,-1,1,0.1,0.2,8,8,0,raw,3,False
159,1000.0,8,8,0,8,0,0,10.08220729233254,10.08220729233254,10.08220729233254,0.0,0.0,0.08415740222993541,1.0,0.0,False,0,0,0,0,0,0.0,0.0,0.0,0.0,0.0,0,0.0,0,0,disabled,disabled,True,normal,-1,3,False,raw,0,0.0,0.0,trial:-1,0,False,disabled,0,0,False,raw,0,0.0,0.0,,0,False,disabled,False,raw,0.0,0.0,,,,,,,,False,0,0,0,0,0,0,0.0,0.0,0.7924580000064907,1.6880830000047808,2.6026250000086293,context_reentry_interference,v1_5_single_slot,CRA,v1_5_single_slot,single_slot_baseline,MockSimulator,43,none,none,-1,0,0,internal,0.0,0.0,0.0,0.0,0,False,0,False,-1,1,0.1,0.2,8,8,0,raw,3,False
160,1000.0,8,8,0,8,0,0,10.041824551600532,10.041824551600532,10.041824551600532,0.0,0.0,0.08286886784172587,1.0,0.0,False,0,0,0,0,0,0.0,0.0,0.0,0.0,0.0,0,0.0,0,0,disabled,disabled,True,normal,-1,3,False,raw,0,0.0,0.0,trial:-1,0,False,disabled,0,0,False,raw,0,0.0,0.0,,0,False,disabled,False,raw,0.0,0.0,,,,,,,,False,0,0,0,0,0,0,0.0,0.0,0.7911249999779102,1.6817919999994047,2.5960840000038843,context_reentry_interference,v1_5_single_slot,CRA,v1_5_single_slot,single_slot_baseline,MockSimulator,43,none,none,-1,0,0,internal,0.0,0.0,0.0,0.0,0,False,0,False,-1,1,0.1,0.2,8,8,0,raw,3,False
161,1000.0,8,8,0,8,0,0,10.001642923553842,10.001642923553842,10.001642923553842,0.0,0.0,0.08159821186815273,1.0,0.0,False,0,0,0,0,0,0.0,0.0,0.0,0.0,0.0,0,0.0,0,0,disabled,disabled,True,normal,-1,3,False,raw,0,0.0,0.0,trial:-1,0,False,disabled,0,0,False,raw,0,0.0,0.0,,0,False,disabled,False,raw,0.0,0.0,,,,,,,,False,0,0,0,0,0,0,0.0,0.0,0.7862920000150098,1.700999999997066,2.609082999981638,context_reentry_interference,v1_5_single_slot,CRA,v1_5_single_slot,single_slot_baseline,MockSimulator,43,none,none,-1,0,0,internal,0.0,0.0,0.0,0.0,0,False,0,False,-1,1,0.1,0.2,8,8,0,raw,3,False
162,1000.0,8,8,0,8,0,0,9.961661405147682,9.961661405147682,9.961661405147682,0.0,0.0,0.08034523458638583,1.0,0.0,False,0,0,0,0,0,0.0,0.0,0.0,0.0,0.0,0,0.0,0,0,disabled,disabled,True,normal,-1,3,False,raw,0,0.0,0.0,trial:-1,0,False,disabled,0,0,False,raw,0,0.0,0.0,,0,False,disabled,False,raw,0.0,0.0,,,,,,,,False,0,0,0,0,0,0,0.0,0.0,0.7971249999911834,1.710040999995499,2.6300000000105683,context_reentry_interference,v1_5_single_slot,CRA,v1_5_single_slot,single_slot_baseline,MockSimulator,43,none,none,-1,0,0,internal,0.0,0.0,0.0,0.0,0,False,0,False,-1,1,0.1,0.2,8,8,0,raw,3,False
163,1000.0,8,8,0,8,0,0,9.921878998339967,9.921878998339967,9.921878998339967,0.0,0.0,0.07910973711114234,1.0,0.0,False,0,0,0,0,0,0.0,0.0,0.0,0.0,0.0,0,0.0,0,0,disabled,disabled,True,normal,-1,3,False,raw,0,0.0,0.0,trial:-1,0,False,disabled,0,0,False,raw,0,0.0,0.0,,0,False,disabled,False,raw,0.0,0.0,,,,,,,,False,0,0,0,0,0,0,0.0,0.0,0.7856250000202181,1.8867499999828397,2.794334000014942,context_reentry_interference,v1_5_single_slot,CRA,v1_5_single_slot,single_slot_baseline,MockSimulator,43,none,none,-1,0,0,internal,0.0,0.0,0.0,0.0,0,False,0,False,-1,1,0.1,0.2,8,8,0,raw,3,False
164,1000.0,8,8,0,8,0,0,9.882294710066368,9.882294710066368,9.882294710066368,0.0,0.0,0.07789152144107404,1.0,0.0,False,0,0,0,0,0,0.0,0.0,0.0,0.0,0.0,0,0.0,0,0,disabled,disabled,True,normal,-1,3,False,raw,0,0.0,0.0,trial:-1,0,False,disabled,0,0,False,raw,0,0.0,0.0,,0,False,disabled,False,raw,0.0,0.0,,,,,,,,False,0,0,0,0,0,0,0.0,0.0,0.7965420000175527,1.7507499999851461,2.675499999980957,context_reentry_interference,v1_5_single_slot,CRA,v1_5_single_slot,single_slot_baseline,MockSimulator,43,none,none,-1,0,0,internal,0.0,0.0,0.0,0.0,0,False,0,False,-1,1,0.1,0.2,8,8,0,raw,3,False
165,1000.0,8,8,0,8,0,0,9.842907552215488,9.842907552215488,9.842907552215488,0.0,0.0,0.07669039050296401,1.0,0.0,False,0,0,0,0,0,0.0,0.0,0.0,0.0,0.0,0,0.0,0,0,disabled,disabled,True,normal,-1,3,False,raw,0,0.0,0.0,trial:-1,0,False,disabled,0,0,False,raw,0,0.0,0.0,,0,False,disabled,False,raw,0.0,0.0,,,,,,,,False,0,0,0,0,0,0,0.0,0.0,0.786042000015641,1.7359999999939646,2.646040999991328,context_reentry_interference,v1_5_single_slot,CRA,v1_5_single_slot,single_slot_baseline,MockSimulator,43,none,none,-1,0,0,internal,0.0,0.0,0.0,0.0,0,False,0,False,-1,1,0.1,0.2,8,8,0,raw,3,False
166,1000.0,8,8,0,8,0,0,9.803716541604151,9.803716541604151,9.803716541604151,0.0,0.0,0.07550614819380197,1.0,0.0,False,0,0,0,0,0,0.0,0.0,0.0,0.0,0.0,0,0.0,0,0,disabled,disabled,True,normal,-1,3,False,raw,0,0.0,0.0,trial:-1,0,False,disabled,0,0,False,raw,0,0.0,0.0,,0,False,disabled,False,raw,0.0,0.0,,,,,,,,False,0,0,0,0,0,0,0.0,0.0,0.7815409999807343,1.7329169999982241,2.6368750000074215,context_reentry_interference,v1_5_single_slot,CRA,v1_5_single_slot,single_slot_baseline,MockSimulator,43,none,none,-1,0,0,internal,0.0,0.0,0.0,0.0,0,False,0,False,-1,1,0.1,0.2,8,8,0,raw,3,False
167,1000.0,8,8,0,8,0,0,9.76472069995283,9.76472069995283,9.76472069995283,0.0,0.0,0.07433859942080522,1.0,0.0,False,0,0,0,0,0,0.0,0.0,0.0,0.0,0.0,0,0.0,0,0,disabled,disabled,True,normal,-1,3,False,raw,0,0.0,0.0,trial:-1,0,False,disabled,0,0,False,raw,0,0.0,0.0,,0,False,disabled,False,raw,0.0,0.0,,,,,,,,False,0,0,0,0,0,0,0.0,0.0,0.7855000000063228,1.7383339999810232,2.6475829999981215,context_reentry_interference,v1_5_single_slot,CRA,v1_5_single_slot,single_slot_baseline,MockSimulator,43,none,none,-1,0,0,internal,0.0,0.0,0.0,0.0,0,False,0,False,-1,1,0.1,0.2,8,8,0,raw,3,False
168,1000.0,8,8,0,8,0,0,9.725919053861185,9.725919053861185,9.725919053861185,-1.8993002129650832e-05,-0.00018993001901270034,0.0731875501394508,1.0,-1.8993002129650832e-05,False,0,0,0,0,0,0.0,0.0,0.0,0.0,0.0,0,0.0,0,0,disabled,disabled,True,normal,-1,3,True,internal_context_bound,1,0.01,-0.01,phase:A0,0,False,disabled,0,0,False,raw,0,-0.01,-0.01,,0,False,disabled,False,raw,-0.01,-0.01,,,,,,,,False,0,0,0,0,0,0,0.0,0.0,0.7848329999831094,1.7872920000172599,2.695125000002463,context_reentry_interference,v1_5_single_slot,CRA,v1_5_single_slot,single_slot_baseline,MockSimulator,43,decision,A0_decision,4,1,1,internal,0.01,-0.01,0.01,0.01,1,True,-1,False,168,1,0.1,0.2,8,8,1,internal_context_bound,3,True
169,1000.0,8,8,0,8,0,0,9.687310634783735,9.687310634783735,9.687310634783735,0.0,0.0,0.07205280738958225,1.0,0.0,False,0,0,0,0,0,0.0,0.0,0.0,0.0,0.0,0,0.0,0,0,disabled,disabled,True,normal,-1,3,False,raw,0,0.0,0.0,trial:-1,0,False,disabled,0,0,False,raw,0,0.0,0.0,,0,False,disabled,False,raw,0.0,0.0,,,,,,,,False,0,0,0,0,0,0,0.0,0.0,0.8085419999872556,1.8458750000149848,2.776541000002908,context_reentry_interference,v1_5_single_slot,CRA,v1_5_single_slot,single_slot_baseline,MockSimulator,43,none,none,-1,0,0,internal,0.0,0.0,0.0,0.0,0,False,0,False,-1,1,0.1,0.2,8,8,0,raw,3,False
170,1000.0,8,8,0,8,0,0,9.648894479005632,9.648894479005632,9.648894479005632,0.0,0.0,0.07093417932965267,1.0,0.0,False,0,0,0,0,0,0.0,0.0,0.0,0.0,0.0,0,0.0,0,0,disabled,disabled,True,normal,-1,3,False,raw,0,0.0,0.0,trial:-1,0,False,disabled,0,0,False,raw,0,0.0,0.0,,0,False,disabled,False,raw,0.0,0.0,,,,,,,,False,0,0,0,0,0,0,0.0,0.0,0.8480839999833734,1.7630410000037955,2.738832999995111,context_reentry_interference,v1_5_single_slot,CRA,v1_5_single_slot,single_slot_baseline,MockSimulator,43,none,none,-1,0,0,internal,0.0,0.0,0.0,0.0,0,False,0,False,-1,1,0.1,0.2,8,8,0,raw,3,False
171,1000.0,8,8,0,8,0,0,9.610669627618583,9.610669627618583,9.610669627618583,0.0,0.0,0.06983147526916443,1.0,0.0,False,0,0,0,0,0,0.0,0.0,0.0,0.0,0.0,0,0.0,0,0,disabled,disabled,True,normal,-1,3,False,raw,0,0.0,0.0,trial:-1,0,False,disabled,0,0,False,raw,0,0.0,0.0,,0,False,disabled,False,raw,0.0,0.0,,,,,,,,False,0,0,0,0,0,0,0.0,0.0,0.7888339999908567,1.7640830000118513,2.6750840000033804,context_reentry_interference,v1_5_single_slot,CRA,v1_5_single_slot,single_slot_baseline,MockSimulator,43,none,none,-1,0,0,internal,0.0,0.0,0.0,0.0,0,False,0,False,-1,1,0.1,0.2,8,8,0,raw,3,False
172,1000.0,8,8,0,8,0,0,9.572635126496865,9.572635126496865,9.572635126496865,0.0,0.0,0.06874450569936387,1.0,0.0,False,0,0,0,0,0,0.0,0.0,0.0,0.0,0.0,0,0.0,0,0,disabled,disabled,True,normal,-1,3,False,raw,0,0.0,0.0,trial:-1,0,False,disabled,0,0,False,raw,0,0.0,0.0,,0,False,disabled,False,raw,0.0,0.0,,,,,,,,False,0,0,0,0,0,0,0.0,0.0,0.7905419999758578,1.7687920000071244,2.68149999999423,context_reentry_interference,v1_5_single_slot,CRA,v1_5_single_slot,single_slot_baseline,MockSimulator,43,none,none,-1,0,0,internal,0.0,0.0,0.0,0.0,0,False,0,False,-1,1,0.1,0.2,8,8,0,raw,3,False
173,1000.0,8,8,0,8,0,0,9.534790026273479,9.534790026273479,9.534790026273479,0.0,0.0,0.06767308232224765,1.0,0.0,False,0,0,0,0,0,0.0,0.0,0.0,0.0,0.0,0,0.0,0,0,disabled,disabled,True,normal,-1,3,False,raw,0,0.0,0.0,trial:-1,0,False,disabled,0,0,False,raw,0,0.0,0.0,,0,False,disabled,False,raw,0.0,0.0,,,,,,,,False,0,0,0,0,0,0,0.0,0.0,0.7835000000113723,1.7797499999971933,2.6853749999986576,context_reentry_interference,v1_5_single_slot,CRA,v1_5_single_slot,single_slot_baseline,MockSimulator,43,none,none,-1,0,0,internal,0.0,0.0,0.0,0.0,0,False,0,False,-1,1,0.1,0.2,8,8,0,raw,3,False
174,1000.0,8,8,0,8,0,0,9.497133382316413,9.497133382316413,9.497133382316413,0.0,0.0,0.06661701807793635,1.0,0.0,False,0,0,0,0,0,0.0,0.0,0.0,0.0,0.0,0,0.0,0,0,disabled,disabled,True,normal,-1,3,False,raw,0,0.0,0.0,trial:-1,0,False,disabled,0,0,False,raw,0,0.0,0.0,,0,False,disabled,False,raw,0.0,0.0,,,,,,,,False,0,0,0,0,0,0,0.0,0.0,0.7882079999887992,1.7955829999891648,2.7054999999904794,context_reentry_interference,v1_5_single_slot,CRA,v1_5_single_slot,single_slot_baseline,MockSimulator,43,none,none,-1,0,0,internal,0.0,0.0,0.0,0.0,0,False,0,False,-1,1,0.1,0.2,8,8,0,raw,3,False
175,1000.0,8,8,0,8,0,0,9.459664254705027,9.459664254705027,9.459664254705027,0.0,0.0,0.0655761271704686,1.0,0.0,False,0,0,0,0,0,0.0,0.0,0.0,0.0,0.0,0,0.0,0,0,disabled,disabled,True,normal,-1,3,False,raw,0,0.0,0.0,trial:-1,0,False,disabled,0,0,False,raw,0,0.0,0.0,,0,False,disabled,False,raw,0.0,0.0,,,,,,,,False,0,0,0,0,0,0,0.0,0.0,0.8692910000149823,1.9346249999898646,2.9279579999865746,context_reentry_interference,v1_5_single_slot,CRA,v1_5_single_slot,single_slot_baseline,MockSimulator,43,none,none,-1,0,0,internal,0.0,0.0,0.0,0.0,0,False,0,False,-1,1,0.1,0.2,8,8,0,raw,3,False
176,1000.0,8,8,0,8,0,0,9.42238170820655,9.42238170820655,9.42238170820655,0.0,0.0,0.06455022509206838,1.0,0.0,False,0,0,0,0,0,0.0,0.0,0.0,0.0,0.0,0,0.0,0,0,disabled,disabled,True,normal,-1,3,False,raw,0,0.0,0.0,trial:-1,0,False,disabled,0,0,False,raw,0,0.0,0.0,,0,False,disabled,False,raw,0.0,0.0,,,,,,,,False,0,0,0,0,0,0,0.0,0.0,0.7921250000038071,1.834207999991122,2.7557090000129847,context_reentry_interference,v1_5_single_slot,CRA,v1_5_single_slot,single_slot_baseline,MockSimulator,43,none,none,-1,0,0,internal,0.0,0.0,0.0,0.0,0,False,0,False,-1,1,0.1,0.2,8,8,0,raw,3,False
177,1000.0,8,8,0,8,0,0,9.385284812252712,9.385284812252712,9.385284812252712,0.0,0.0,0.06353912864593599,1.0,0.0,False,0,0,0,0,0,0.0,0.0,0.0,0.0,0.0,0,0.0,0,0,disabled,disabled,True,normal,-1,3,False,raw,0,0.0,0.0,trial:-1,0,False,disabled,0,0,False,raw,0,0.0,0.0,,0,False,disabled,False,raw,0.0,0.0,,,,,,,,False,0,0,0,0,0,0,0.0,0.0,0.7928750000019136,1.8246669999939513,2.7417919999948026,context_reentry_interference,v1_5_single_slot,CRA,v1_5_single_slot,single_slot_baseline,MockSimulator,43,none,none,-1,0,0,internal,0.0,0.0,0.0,0.0,0,False,0,False,-1,1,0.1,0.2,8,8,0,raw,3,False
178,1000.0,8,8,0,8,0,0,9.348372640916464,9.348372640916464,9.348372640916464,0.0,0.0,0.06254265596761206,1.0,0.0,False,0,0,0,0,0,0.0,0.0,0.0,0.0,0.0,0,0.0,0,0,disabled,disabled,True,normal,-1,3,False,raw,0,0.0,0.0,trial:-1,0,False,disabled,0,0,False,raw,0,0.0,0.0,,0,False,disabled,False,raw,0.0,0.0,,,,,,,,False,0,0,0,0,0,0,0.0,0.0,0.7963330000109181,1.8290829999898506,2.7487919999771293,context_reentry_interference,v1_5_single_slot,CRA,v1_5_single_slot,single_slot_baseline,MockSimulator,43,none,none,-1,0,0,internal,0.0,0.0,0.0,0.0,0,False,0,False,-1,1,0.1,0.2,8,8,0,raw,3,False
179,1000.0,8,8,0,8,0,0,9.31164427288884,9.31164427288884,9.31164427288884,0.0,0.0,0.061560626544962714,1.0,0.0,False,0,0,0,0,0,0.0,0.0,0.0,0.0,0.0,0,0.0,0,0,disabled,disabled,True,normal,-1,3,False,raw,0,0.0,0.0,trial:-1,0,False,disabled,0,0,False,raw,0,0.0,0.0,,0,False,disabled,False,raw,0.0,0.0,,,,,,,,False,0,0,0,0,0,0,0.0,0.0,0.788457999988168,1.832250000006752,2.7450409999971725,context_reentry_interference,v1_5_single_slot,CRA,v1_5_single_slot,single_slot_baseline,MockSimulator,43,none,none,-1,0,0,internal,0.0,0.0,0.0,0.0,0,False,0,False,-1,1,0.1,0.2,8,8,0,raw,3,False
180,1000.0,8,8,0,8,0,0,9.275098791455921,9.275098791455921,9.275098791455921,-1.0341690802624517e-06,-0.0,0.060592861236832295,1.0,-1.0341690802624517e-06,False,0,0,0,0,0,0.0,0.0,0.0,0.0,0.0,0,0.0,0,0,disabled,disabled,True,normal,-1,4,False,raw,0,-0.0055000000000000005,-0.0055000000000000005,phase:B,0,False,disabled,0,0,False,raw,0,-0.0055000000000000005,-0.0055000000000000005,,0,False,disabled,False,raw,-0.0055000000000000005,-0.0055000000000000005,,,,,,,,False,0,0,0,0,0,0,0.0,0.0,0.7877079999900616,1.9140839999920445,2.824541000023828,context_reentry_interference,v1_5_single_slot,CRA,v1_5_single_slot,single_slot_baseline,MockSimulator,43,context,B_context,5,-1,0,internal,-0.0055000000000000005,-0.0055000000000000005,0.0,0.0,0,False,-1,False,-1,1,0.1,0.2,8,8,0,raw,4,False
181,1000.0,8,8,0,8,0,0,9.238735284475919,9.238735284475919,9.238735284475919,0.0,0.0,0.059639182290409105,1.0,0.0,False,0,0,0,0,0,0.0,0.0,0.0,0.0,0.0,0,0.0,0,0,disabled,disabled,True,normal,-1,4,False,raw,0,0.0,0.0,trial:-1,0,False,disabled,0,0,False,raw,0,0.0,0.0,,0,False,disabled,False,raw,0.0,0.0,,,,,,,,False,0,0,0,0,0,0,0.0,0.0,0.81450000001837,1.907832999989978,2.8559170000050926,context_reentry_interference,v1_5_single_slot,CRA,v1_5_single_slot,single_slot_baseline,MockSimulator,43,none,none,-1,0,0,internal,0.0,0.0,0.0,0.0,0,False,0,False,-1,1,0.1,0.2,8,8,0,raw,4,False
182,1000.0,8,8,0,8,0,0,9.20255284435637,9.20255284435637,9.20255284435637,0.0,0.0,0.058699413357348115,1.0,0.0,False,0,0,0,0,0,0.0,0.0,0.0,0.0,0.0,0,0.0,0,0,disabled,disabled,True,normal,-1,4,False,raw,0,0.0,0.0,trial:-1,0,False,disabled,0,0,False,raw,0,0.0,0.0,,0,False,disabled,False,raw,0.0,0.0,,,,,,,,False,0,0,0,0,0,0,0.0,0.0,0.7846249999943211,1.8505830000208334,2.7589999999975134,context_reentry_interference,v1_5_single_slot,CRA,v1_5_single_slot,single_slot_baseline,MockSimulator,43,none,none,-1,0,0,internal,0.0,0.0,0.0,0.0,0,False,0,False,-1,1,0.1,0.2,8,8,0,raw,4,False
183,1000.0,8,8,0,8,0,0,9.166550568031447,9.166550568031447,9.166550568031447,0.0,0.0,0.0577733795086934,1.0,0.0,False,0,0,0,0,0,0.0,0.0,0.0,0.0,0.0,0,0.0,0,0,disabled,disabled,True,normal,-1,4,False,raw,0,0.0,0.0,trial:-1,0,False,disabled,0,0,False,raw,0,0.0,0.0,,0,False,disabled,False,raw,0.0,0.0,,,,,,,,False,0,0,0,0,0,0,0.0,0.0,0.7933329999900707,1.8534170000066297,2.769665999977633,context_reentry_interference,v1_5_single_slot,CRA,v1_5_single_slot,single_slot_baseline,MockSimulator,43,none,none,-1,0,0,internal,0.0,0.0,0.0,0.0,0,False,0,False,-1,1,0.1,0.2,8,8,0,raw,4,False
184,1000.0,8,8,0,8,0,0,9.13072755693938,9.13072755693938,9.13072755693938,0.0,0.0,0.056860907248641936,1.0,0.0,False,0,0,0,0,0,0.0,0.0,0.0,0.0,0.0,0,0.0,0,0,disabled,disabled,True,normal,-1,4,False,raw,0,0.0,0.0,trial:-1,0,False,disabled,0,0,False,raw,0,0.0,0.0,,0,False,disabled,False,raw,0.0,0.0,,,,,,,,False,0,0,0,0,0,0,0.0,0.0,0.7867500000031669,1.8617499999891152,2.7704580000147416,context_reentry_interference,v1_5_single_slot,CRA,v1_5_single_slot,single_slot_baseline,MockSimulator,43,none,none,-1,0,0,internal,0.0,0.0,0.0,0.0,0,False,0,False,-1,1,0.1,0.2,8,8,0,raw,4,False
185,1000.0,8,8,0,8,0,0,9.095082916999997,9.095082916999997,9.095082916999997,0.0,0.0,0.05596182452718905,1.0,0.0,False,0,0,0,0,0,0.0,0.0,0.0,0.0,0.0,0,0.0,0,0,disabled,disabled,True,normal,-1,4,False,raw,0,0.0,0.0,trial:-1,0,False,disabled,0,0,False,raw,0,0.0,0.0,,0,False,disabled,False,raw,0.0,0.0,,,,,,,,False,0,0,0,0,0,0,0.0,0.0,0.7779999999968368,1.8645840000033331,2.7655829999844173,context_reentry_interference,v1_5_single_slot,CRA,v1_5_single_slot,single_slot_baseline,MockSimulator,43,none,none,-1,0,0,internal,0.0,0.0,0.0,0.0,0,False,0,False,-1,1,0.1,0.2,8,8,0,raw,4,False
186,1000.0,8,8,0,8,0,0,9.05961575859237,9.05961575859237,9.05961575859237,0.0,0.0,0.055075960751694825,1.0,0.0,False,0,0,0,0,0,0.0,0.0,0.0,0.0,0.0,0,0.0,0,0,disabled,disabled,True,normal,-1,4,False,raw,0,0.0,0.0,trial:-1,0,False,disabled,0,0,False,raw,0,0.0,0.0,,0,False,disabled,False,raw,0.0,0.0,,,,,,,,False,0,0,0,0,0,0,0.0,0.0,0.7869580000203769,2.0199999999874763,2.929000000023052,context_reentry_interference,v1_5_single_slot,CRA,v1_5_single_slot,single_slot_baseline,MockSimulator,43,none,none,-1,0,0,internal,0.0,0.0,0.0,0.0,0,False,0,False,-1,1,0.1,0.2,8,8,0,raw,4,False
187,1000.0,8,8,0,8,0,0,9.02432519653257,9.02432519653257,9.02432519653257,0.0,0.0,0.05420314679740949,1.0,0.0,False,0,0,0,0,0,0.0,0.0,0.0,0.0,0.0,0,0.0,0,0,disabled,disabled,True,normal,-1,4,False,raw,0,0.0,0.0,trial:-1,0,False,disabled,0,0,False,raw,0,0.0,0.0,,0,False,disabled,False,raw,0.0,0.0,,,,,,,,False,0,0,0,0,0,0,0.0,0.0,0.7987500000012915,1.9221249999930023,2.847083000006023,context_reentry_interference,v1_5_single_slot,CRA,v1_5_single_slot,single_slot_baseline,MockSimulator,43,none,none,-1,0,0,internal,0.0,0.0,0.0,0.0,0,False,0,False,-1,1,0.1,0.2,8,8,0,raw,4,False
188,1000.0,8,8,0,8,0,0,8.989210350051545,8.989210350051545,8.989210350051545,0.0,0.0,0.0533432150169949,1.0,0.0,False,0,0,0,0,0,0.0,0.0,0.0,0.0,0.0,0,0.0,0,0,disabled,disabled,True,normal,-1,4,False,raw,0,0.0,0.0,trial:-1,0,False,disabled,0,0,False,raw,0,0.0,0.0,,0,False,disabled,False,raw,0.0,0.0,,,,,,,,False,0,0,0,0,0,0,0.0,0.0,0.7904580000115402,1.902541999982077,2.816457999983868,context_reentry_interference,v1_5_single_slot,CRA,v1_5_single_slot,single_slot_baseline,MockSimulator,43,none,none,-1,0,0,internal,0.0,0.0,0.0,0.0,0,False,0,False,-1,1,0.1,0.2,8,8,0,raw,4,False
189,1000.0,8,8,0,8,0,0,8.954270342773093,8.954270342773093,8.954270342773093,0.0,0.0,0.05249599924907792,1.0,0.0,False,0,0,0,0,0,0.0,0.0,0.0,0.0,0.0,0,0.0,0,0,disabled,disabled,True,normal,-1,4,False,raw,0,0.0,0.0,trial:-1,0,False,disabled,0,0,False,raw,0,0.0,0.0,,0,False,disabled,False,raw,0.0,0.0,,,,,,,,False,0,0,0,0,0,0,0.0,0.0,0.7897499999955926,1.9042090000027656,2.8165410000156044,context_reentry_interference,v1_5_single_slot,CRA,v1_5_single_slot,single_slot_baseline,MockSimulator,43,none,none,-1,0,0,internal,0.0,0.0,0.0,0.0,0,False,0,False,-1,1,0.1,0.2,8,8,0,raw,4,False
190,1000.0,8,8,0,8,0,0,8.919504302691958,8.919504302691958,8.919504302691958,0.0,0.0,0.051661334825870826,1.0,0.0,False,0,0,0,0,0,0.0,0.0,0.0,0.0,0.0,0,0.0,0,0,disabled,disabled,True,normal,-1,4,False,raw,0,0.0,0.0,trial:-1,0,False,disabled,0,0,False,raw,0,0.0,0.0,,0,False,disabled,False,raw,0.0,0.0,,,,,,,,False,0,0,0,0,0,0,0.0,0.0,0.7876669999973274,1.9164580000108344,2.8275420000056783,context_reentry_interference,v1_5_single_slot,CRA,v1_5_single_slot,single_slot_baseline,MockSimulator,43,none,none,-1,0,0,internal,0.0,0.0,0.0,0.0,0,False,0,False,-1,1,0.1,0.2,8,8,0,raw,4,False
191,1000.0,8,8,0,8,0,0,8.88491136215203,8.88491136215203,8.88491136215203,0.0,0.0,0.050839058579892384,1.0,0.0,False,0,0,0,0,0,0.0,0.0,0.0,0.0,0.0,0,0.0,0,0,disabled,disabled,True,normal,-1,4,False,raw,0,0.0,0.0,trial:-1,0,False,disabled,0,0,False,raw,0,0.0,0.0,,0,False,disabled,False,raw,0.0,0.0,,,,,,,,False,0,0,0,0,0,0,0.0,0.0,0.7857909999984258,2.0772089999923082,2.986040999985562,context_reentry_interference,v1_5_single_slot,CRA,v1_5_single_slot,single_slot_baseline,MockSimulator,43,none,none,-1,0,0,internal,0.0,0.0,0.0,0.0,0,False,0,False,-1,1,0.1,0.2,8,8,0,raw,4,False
192,1000.0,8,8,0,8,0,0,8.850490657824649,8.850490657824649,8.850490657824649,0.0,0.0,0.050029008849822726,1.0,0.0,False,0,0,0,0,0,0.0,0.0,0.0,0.0,0.0,0,0.0,0,0,disabled,disabled,True,normal,-1,4,False,raw,0,0.0,0.0,trial:-1,0,False,disabled,0,0,False,raw,0,0.0,0.0,,0,False,disabled,False,raw,0.0,0.0,,,,,,,,False,0,0,0,0,0,0,0.0,0.0,0.7990420000112408,1.9980409999789117,2.924208000024464,context_reentry_interference,v1_5_single_slot,CRA,v1_5_single_slot,single_slot_baseline,MockSimulator,43,none,none,-1,0,0,internal,0.0,0.0,0.0,0.0,0,False,0,False,-1,1,0.1,0.2,8,8,0,raw,4,False
193,1000.0,8,8,0,8,0,0,8.816241330687022,8.816241330687022,8.816241330687022,0.0,0.0,0.049231025485523904,1.0,0.0,False,0,0,0,0,0,0.0,0.0,0.0,0.0,0.0,0,0.0,0,0,disabled,disabled,True,normal,-1,4,False,raw,0,0.0,0.0,trial:-1,0,False,disabled,0,0,False,raw,0,0.0,0.0,,0,False,disabled,False,raw,0.0,0.0,,,,,,,,False,0,0,0,0,0,0,0.0,0.0,0.79166700001565,1.9444170000042504,2.858791999983623,context_reentry_interference,v1_5_single_slot,CRA,v1_5_single_slot,single_slot_baseline,MockSimulator,43,none,none,-1,0,0,internal,0.0,0.0,0.0,0.0,0,False,0,False,-1,1,0.1,0.2,8,8,0,raw,4,False
194,1000.0,8,8,0,8,0,0,8.782162526000757,8.782162526000757,8.782162526000757,0.0,0.0,0.0484449498522571,1.0,0.0,False,0,0,0,0,0,0.0,0.0,0.0,0.0,0.0,0,0.0,0,0,disabled,disabled,True,normal,-1,4,False,raw,0,0.0,0.0,trial:-1,0,False,disabled,0,0,False,raw,0,0.0,0.0,,0,False,disabled,False,raw,0.0,0.0,,,,,,,,False,0,0,0,0,0,0,0.0,0.0,0.790332999997645,1.9525830000191036,2.8653749999989486,context_reentry_interference,v1_5_single_slot,CRA,v1_5_single_slot,single_slot_baseline,MockSimulator,43,none,none,-1,0,0,internal,0.0,0.0,0.0,0.0,0,False,0,False,-1,1,0.1,0.2,8,8,0,raw,4,False
195,1000.0,8,8,0,8,0,0,8.748253393290481,8.748253393290481,8.748253393290481,0.0,0.0,0.04767062483412676,1.0,0.0,False,0,0,0,0,0,0.0,0.0,0.0,0.0,0.0,0,0.0,0,0,disabled,disabled,True,normal,-1,4,False,raw,0,0.0,0.0,trial:-1,0,False,disabled,0,0,False,raw,0,0.0,0.0,,0,False,disabled,False,raw,0.0,0.0,,,,,,,,False,0,0,0,0,0,0,0.0,0.0,0.7864170000004833,1.953917000008687,2.863166999986788,context_reentry_interference,v1_5_single_slot,CRA,v1_5_single_slot,single_slot_baseline,MockSimulator,43,none,none,-1,0,0,internal,0.0,0.0,0.0,0.0,0,False,0,False,-1,1,0.1,0.2,8,8,0,raw,4,False
196,1000.0,8,8,0,8,0,0,8.714513086322588,8.714513086322588,8.714513086322588,0.0,0.0,0.046907894836780734,1.0,0.0,False,0,0,0,0,0,0.0,0.0,0.0,0.0,0.0,0,0.0,0,0,disabled,disabled,True,normal,-1,4,False,raw,0,0.0,0.0,trial:-1,0,False,disabled,0,0,False,raw,0,0.0,0.0,,0,False,disabled,False,raw,0.0,0.0,,,,,,,,False,0,0,0,0,0,0,0.0,0.0,0.7885830000020633,2.0174580000116293,2.9285419999780515,context_reentry_interference,v1_5_single_slot,CRA,v1_5_single_slot,single_slot_baseline,MockSimulator,43,none,none,-1,0,0,internal,0.0,0.0,0.0,0.0,0,False,0,False,-1,1,0.1,0.2,8,8,0,raw,4,False
197,1000.0,8,8,0,8,0,0,8.680940763084076,8.680940763084076,8.680940763084076,0.0,0.0,0.04615660578939489,1.0,0.0,False,0,0,0,0,0,0.0,0.0,0.0,0.0,0.0,0,0.0,0,0,disabled,disabled,True,normal,-1,4,False,raw,0,0.0,0.0,trial:-1,0,False,disabled,0,0,False,raw,0,0.0,0.0,,0,False,disabled,False,raw,0.0,0.0,,,,,,,,False,0,0,0,0,0,0,0.0,0.0,0.817499999982374,2.027292000008174,2.980417000003399,context_reentry_interference,v1_5_single_slot,CRA,v1_5_single_slot,single_slot_baseline,MockSimulator,43,none,none,-1,0,0,internal,0.0,0.0,0.0,0.0,0,False,0,False,-1,1,0.1,0.2,8,8,0,raw,4,False
198,1000.0,8,8,0,8,0,0,8.647535585761503,8.647535585761503,8.647535585761503,0.0,0.0,0.04541660514596978,1.0,0.0,False,0,0,0,0,0,0.0,0.0,0.0,0.0,0.0,0,0.0,0,0,disabled,disabled,True,normal,-1,4,False,raw,0,0.0,0.0,trial:-1,0,False,disabled,0,0,False,raw,0,0.0,0.0,,0,False,disabled,False,raw,0.0,0.0,,,,,,,,False,0,0,0,0,0,0,0.0,0.0,0.785540999999057,1.9816669999954684,2.8919579999922007,context_reentry_interference,v1_5_single_slot,CRA,v1_5_single_slot,single_slot_baseline,MockSimulator,43,none,none,-1,0,0,internal,0.0,0.0,0.0,0.0,0,False,0,False,-1,1,0.1,0.2,8,8,0,raw,4,False
199,1000.0,8,8,0,8,0,0,8.614296720720038,8.614296720720038,8.614296720720038,0.0,0.0,0.04468774188596591,1.0,0.0,False,0,0,0,0,0,0.0,0.0,0.0,0.0,0.0,0,0.0,0,0,disabled,disabled,True,normal,-1,4,False,raw,0,0.0,0.0,trial:-1,0,False,disabled,0,0,False,raw,0,0.0,0.0,,0,False,disabled,False,raw,0.0,0.0,,,,,,,,False,0,0,0,0,0,0,0.0,0.0,0.7855000000063228,1.9822079999869402,2.890416000013829,context_reentry_interference,v1_5_single_slot,CRA,v1_5_single_slot,single_slot_baseline,MockSimulator,43,none,none,-1,0,0,internal,0.0,0.0,0.0,0.0,0,False,0,False,-1,1,0.1,0.2,8,8,0,raw,4,False
200,1000.0,8,8,0,8,0,0,8.58122333848262,8.58122333848262,8.58122333848262,0.0,0.0,0.043969866514303804,1.0,0.0,False,0,0,0,0,0,0.0,0.0,0.0,0.0,0.0,0,0.0,0,0,disabled,disabled,True,normal,-1,4,False,raw,0,0.0,0.0,trial:-1,0,False,disabled,0,0,False,raw,0,0.0,0.0,,0,False,disabled,False,raw,0.0,0.0,,,,,,,,False,0,0,0,0,0,0,0.0,0.0,0.7825000000138971,1.9799169999998867,2.884499999993295,context_reentry_interference,v1_5_single_slot,CRA,v1_5_single_slot,single_slot_baseline,MockSimulator,43,none,none,-1,0,0,internal,0.0,0.0,0.0,0.0,0,False,0,False,-1,1,0.1,0.2,8,8,0,raw,4,False
201,1000.0,8,8,0,8,0,0,8.548314613709222,8.548314613709222,8.548314613709222,0.0,0.0,0.04326283106075379,1.0,0.0,False,0,0,0,0,0,0.0,0.0,0.0,0.0,0.0,0,0.0,0,0,disabled,disabled,True,normal,-1,4,False,raw,0,0.0,0.0,trial:-1,0,False,disabled,0,0,False,raw,0,0.0,0.0,,0,False,disabled,False,raw,0.0,0.0,,,,,,,,False,0,0,0,0,0,0,0.0,0.0,0.7840410000028442,1.9912919999853784,2.9008340000018507,context_reentry_interference,v1_5_single_slot,CRA,v1_5_single_slot,single_slot_baseline,MockSimulator,43,none,none,-1,0,0,internal,0.0,0.0,0.0,0.0,0,False,0,False,-1,1,0.1,0.2,8,8,0,raw,4,False
202,1000.0,8,8,0,8,0,0,8.515569725176217,8.515569725176217,8.515569725176217,0.0,0.0,0.04256648907874007,1.0,0.0,False,0,0,0,0,0,0.0,0.0,0.0,0.0,0.0,0,0.0,0,0,disabled,disabled,True,normal,-1,4,False,raw,0,0.0,0.0,trial:-1,0,False,disabled,0,0,False,raw,0,0.0,0.0,,0,False,disabled,False,raw,0.0,0.0,,,,,,,,False,0,0,0,0,0,0,0.0,0.0,0.7830420000232152,2.1647919999736587,3.0700419999902806,context_reentry_interference,v1_5_single_slot,CRA,v1_5_single_slot,single_slot_baseline,MockSimulator,43,none,none,-1,0,0,internal,0.0,0.0,0.0,0.0,0,False,0,False,-1,1,0.1,0.2,8,8,0,raw,4,False
203,1000.0,8,8,0,8,0,0,8.482987855755852,8.482987855755852,8.482987855755852,0.0,0.0,0.04188069564358259,1.0,0.0,False,0,0,0,0,0,0.0,0.0,0.0,0.0,0.0,0,0.0,0,0,disabled,disabled,True,normal,-1,4,False,raw,0,0.0,0.0,trial:-1,0,False,disabled,0,0,False,raw,0,0.0,0.0,,0,False,disabled,False,raw,0.0,0.0,,,,,,,,False,0,0,0,0,0,0,0.0,0.0,0.798000000003185,2.052082999995264,2.978249999983973,context_reentry_interference,v1_5_single_slot,CRA,v1_5_single_slot,single_slot_baseline,MockSimulator,43,none,none,-1,0,0,internal,0.0,0.0,0.0,0.0,0,False,0,False,-1,1,0.1,0.2,8,8,0,raw,4,False
204,1000.0,8,8,0,8,0,0,8.450568192395808,8.450568192395808,8.450568192395808,0.0,0.0,0.041205307350199914,1.0,0.0,False,0,0,0,0,0,0.0,0.0,0.0,0.0,0.0,0,0.0,0,0,disabled,disabled,True,normal,-1,4,False,raw,0,0.0,0.0,trial:-1,0,False,disabled,0,0,False,raw,0,0.0,0.0,,0,False,disabled,False,raw,0.0,0.0,,,,,,,,False,0,0,0,0,0,0,0.0,0.0,0.7885839999914879,2.0245409999972708,2.937583999994331,context_reentry_interference,v1_5_single_slot,CRA,v1_5_single_slot,single_slot_baseline,MockSimulator,43,none,none,-1,0,0,internal,0.0,0.0,0.0,0.0,0,False,0,False,-1,1,0.1,0.2,8,8,0,raw,4,False
205,1000.0,8,8,0,8,0,0,8.418309926098887,8.418309926098887,8.418309926098887,0.0,0.0,0.04054018231029512,1.0,0.0,False,0,0,0,0,0,0.0,0.0,0.0,0.0,0.0,0,0.0,0,0,disabled,disabled,True,normal,-1,4,False,raw,0,0.0,0.0,trial:-1,0,False,disabled,0,0,False,raw,0,0.0,0.0,,0,False,disabled,False,raw,0.0,0.0,,,,,,,,False,0,0,0,0,0,0,0.0,0.0,0.7909159999996973,2.0537089999947966,2.967500000011114,context_reentry_interference,v1_5_single_slot,CRA,v1_5_single_slot,single_slot_baseline,MockSimulator,43,none,none,-1,0,0,internal,0.0,0.0,0.0,0.0,0,False,0,False,-1,1,0.1,0.2,8,8,0,raw,4,False
206,1000.0,8,8,0,8,0,0,8.386212251902776,8.386212251902776,8.386212251902776,0.0,0.0,0.03988518014904643,1.0,0.0,False,0,0,0,0,0,0.0,0.0,0.0,0.0,0.0,0,0.0,0,0,disabled,disabled,True,normal,-1,4,False,raw,0,0.0,0.0,trial:-1,0,False,disabled,0,0,False,raw,0,0.0,0.0,,0,False,disabled,False,raw,0.0,0.0,,,,,,,,False,0,0,0,0,0,0,0.0,0.0,0.7870409999952699,2.036209000010558,2.9461659999867607,context_reentry_interference,v1_5_single_slot,CRA,v1_5_single_slot,single_slot_baseline,MockSimulator,43,none,none,-1,0,0,internal,0.0,0.0,0.0,0.0,0,False,0,False,-1,1,0.1,0.2,8,8,0,raw,4,False
207,1000.0,8,8,0,8,0,0,8.354274368859935,8.354274368859935,8.354274368859935,0.0,0.0,0.03924016200132357,1.0,0.0,False,0,0,0,0,0,0.0,0.0,0.0,0.0,0.0,0,0.0,0,0,disabled,disabled,True,normal,-1,4,False,raw,0,0.0,0.0,trial:-1,0,False,disabled,0,0,False,raw,0,0.0,0.0,,0,False,disabled,False,raw,0.0,0.0,,,,,,,,False,0,0,0,0,0,0,0.0,0.0,0.7888330000014321,2.170125000020562,3.0820839999989857,context_reentry_interference,v1_5_single_slot,CRA,v1_5_single_slot,single_slot_baseline,MockSimulator,43,none,none,-1,0,0,internal,0.0,0.0,0.0,0.0,0,False,0,False,-1,1,0.1,0.2,8,8,0,raw,4,False
208,1000.0,8,8,0,8,0,0,8.322495480017558,8.322495480017558,8.322495480017558,0.0,0.0,0.038604990507450004,1.0,0.0,False,0,0,0,0,0,0.0,0.0,0.0,0.0,0.0,0,0.0,0,0,disabled,disabled,True,normal,-1,4,False,raw,0,0.0,0.0,trial:-1,0,False,disabled,0,0,False,raw,0,0.0,0.0,,0,False,disabled,False,raw,0.0,0.0,,,,,,,,False,0,0,0,0,0,0,0.0,0.0,0.7912499999918055,2.08900000001222,3.0063330000018595,context_reentry_interference,v1_5_single_slot,CRA,v1_5_single_slot,single_slot_baseline,MockSimulator,43,none,none,-1,0,0,internal,0.0,0.0,0.0,0.0,0,False,0,False,-1,1,0.1,0.2,8,8,0,raw,4,False
209,1000.0,8,8,0,8,0,0,8.290874792397664,8.290874792397664,8.290874792397664,0.0,0.0,0.03797952980853085,1.0,0.0,False,0,0,0,0,0,0.0,0.0,0.0,0.0,0.0,0,0.0,0,0,disabled,disabled,True,normal,-1,4,False,raw,0,0.0,0.0,trial:-1,0,False,disabled,0,0,False,raw,0,0.0,0.0,,0,False,disabled,False,raw,0.0,0.0,,,,,,,,False,0,0,0,0,0,0,0.0,0.0,0.7820829999900525,2.0602090000068074,2.9644580000081078,context_reentry_interference,v1_5_single_slot,CRA,v1_5_single_slot,single_slot_baseline,MockSimulator,43,none,none,-1,0,0,internal,0.0,0.0,0.0,0.0,0,False,0,False,-1,1,0.1,0.2,8,8,0,raw,4,False
210,1000.0,8,8,0,8,0,0,8.259411516977265,8.259411516977265,8.259411516977265,0.0,0.0,0.03736364554136549,1.0,0.0,False,0,0,0,0,0,0.0,0.0,0.0,0.0,0.0,0,0.0,0,0,disabled,disabled,True,normal,-1,4,False,raw,0,0.0,0.0,trial:-1,0,False,disabled,0,0,False,raw,0,0.0,0.0,,0,False,disabled,False,raw,0.0,0.0,,,,,,,,False,0,0,0,0,0,0,0.0,0.0,0.7806670000150007,2.068957999995291,2.9722910000202774,context_reentry_interference,v1_5_single_slot,CRA,v1_5_single_slot,single_slot_baseline,MockSimulator,43,none,none,-1,0,0,internal,0.0,0.0,0.0,0.0,0,False,0,False,-1,1,0.1,0.2,8,8,0,raw,4,False
211,1000.0,8,8,0,8,0,0,8.228104868668638,8.228104868668638,8.228104868668638,0.0,0.0,0.036757204832963325,1.0,0.0,False,0,0,0,0,0,0.0,0.0,0.0,0.0,0.0,0,0.0,0,0,disabled,disabled,True,normal,-1,4,False,raw,0,0.0,0.0,trial:-1,0,False,disabled,0,0,False,raw,0,0.0,0.0,,0,False,disabled,False,raw,0.0,0.0,,,,,,,,False,0,0,0,0,0,0,0.0,0.0,0.7842919999916376,2.071957999987717,2.978458000001183,context_reentry_interference,v1_5_single_slot,CRA,v1_5_single_slot,single_slot_baseline,MockSimulator,43,none,none,-1,0,0,internal,0.0,0.0,0.0,0.0,0,False,0,False,-1,1,0.1,0.2,8,8,0,raw,4,False
212,1000.0,8,8,0,8,0,0,8.196954066299702,8.196954066299702,8.196954066299702,0.0,0.0,0.0361600762946807,1.0,0.0,False,0,0,0,0,0,0.0,0.0,0.0,0.0,0.0,0,0.0,0,0,disabled,disabled,True,normal,-1,4,False,raw,0,0.0,0.0,trial:-1,0,False,disabled,0,0,False,raw,0,0.0,0.0,,0,False,disabled,False,raw,0.0,0.0,,,,,,,,False,0,0,0,0,0,0,0.0,0.0,0.7822919999966871,2.076458000004777,2.9809159999842905,context_reentry_interference,v1_5_single_slot,CRA,v1_5_single_slot,single_slot_baseline,MockSimulator,43,none,none,-1,0,0,internal,0.0,0.0,0.0,0.0,0,False,0,False,-1,1,0.1,0.2,8,8,0,raw,4,False
213,1000.0,8,8,0,8,0,0,8.165958332594489,8.165958332594489,8.165958332594489,0.0,0.0,0.0355721300159962,1.0,0.0,False,0,0,0,0,0,0.0,0.0,0.0,0.0,0.0,0,0.0,0,0,disabled,disabled,True,normal,-1,4,False,raw,0,0.0,0.0,trial:-1,0,False,disabled,0,0,False,raw,0,0.0,0.0,,0,False,disabled,False,raw,0.0,0.0,,,,,,,,False,0,0,0,0,0,0,0.0,0.0,0.7825419999960559,2.218666999993957,3.1239999999854717,context_reentry_interference,v1_5_single_slot,CRA,v1_5_single_slot,single_slot_baseline,MockSimulator,43,none,none,-1,0,0,internal,0.0,0.0,0.0,0.0,0,False,0,False,-1,1,0.1,0.2,8,8,0,raw,4,False
214,1000.0,8,8,0,8,0,0,8.135116894153713,8.135116894153713,8.135116894153713,0.0,0.0,0.034993237557941204,1.0,0.0,False,0,0,0,0,0,0.0,0.0,0.0,0.0,0.0,0,0.0,0,0,disabled,disabled,True,normal,-1,4,False,raw,0,0.0,0.0,trial:-1,0,False,disabled,0,0,False,raw,0,0.0,0.0,,0,False,disabled,False,raw,0.0,0.0,,,,,,,,False,0,0,0,0,0,0,0.0,0.0,0.8004580000147143,2.132749999987027,3.059790999998313,context_reentry_interference,v1_5_single_slot,CRA,v1_5_single_slot,single_slot_baseline,MockSimulator,43,none,none,-1,0,0,internal,0.0,0.0,0.0,0.0,0,False,0,False,-1,1,0.1,0.2,8,8,0,raw,4,False
215,1000.0,8,8,0,8,0,0,8.10442898143543,8.10442898143543,8.10442898143543,0.0,0.0,0.03442327194620201,1.0,0.0,False,0,0,0,0,0,0.0,0.0,0.0,0.0,0.0,0,0.0,0,0,disabled,disabled,True,normal,-1,4,False,raw,0,0.0,0.0,trial:-1,0,False,disabled,0,0,False,raw,0,0.0,0.0,,0,False,disabled,False,raw,0.0,0.0,,,,,,,,False,0,0,0,0,0,0,0.0,0.0,0.8004579999862926,2.1112500000128875,3.0343329999880098,context_reentry_interference,v1_5_single_slot,CRA,v1_5_single_slot,single_slot_baseline,MockSimulator,43,none,none,-1,0,0,internal,0.0,0.0,0.0,0.0,0,False,0,False,-1,1,0.1,0.2,8,8,0,raw,4,False
216,1000.0,8,8,0,8,0,0,8.073893828735796,8.073893828735796,8.073893828735796,0.0,0.0,0.03386210766390921,1.0,0.0,False,0,0,0,0,0,0.0,0.0,0.0,0.0,0.0,0,0.0,0,0,disabled,disabled,True,normal,-1,4,False,raw,0,0.0,0.0,trial:-1,0,False,disabled,0,0,False,raw,0,0.0,0.0,,0,False,disabled,False,raw,0.0,0.0,,,,,,,,False,0,0,0,0,0,0,0.0,0.0,0.7878330000039568,2.128333000001703,3.0395420000104423,context_reentry_interference,v1_5_single_slot,CRA,v1_5_single_slot,single_slot_baseline,MockSimulator,43,none,none,-1,0,0,internal,0.0,0.0,0.0,0.0,0,False,0,False,-1,1,0.1,0.2,8,8,0,raw,4,False
217,1000.0,8,8,0,8,0,0,8.043510674169944,8.043510674169944,8.043510674169944,0.0,0.0,0.03330962064412964,1.0,0.0,False,0,0,0,0,0,0.0,0.0,0.0,0.0,0.0,0,0.0,0,0,disabled,disabled,True,normal,-1,4,False,raw,0,0.0,0.0,trial:-1,0,False,disabled,0,0,False,raw,0,0.0,0.0,,0,False,disabled,False,raw,0.0,0.0,,,,,,,,False,0,0,0,0,0,0,0.0,0.0,0.7871660000091651,2.1327919999976075,3.0432920000009744,context_reentry_interference,v1_5_single_slot,CRA,v1_5_single_slot,single_slot_baseline,MockSimulator,43,none,none,-1,0,0,internal,0.0,0.0,0.0,0.0,0,False,0,False,-1,1,0.1,0.2,8,8,0,raw,4,False
218,1000.0,8,8,0,8,0,0,8.013278759652914,8.013278759652914,8.013278759652914,0.0,0.0,0.03276568826207569,1.0,0.0,False,0,0,0,0,0,0.0,0.0,0.0,0.0,0.0,0,0.0,0,0,disabled,disabled,True,normal,-1,4,False,raw,0,0.0,0.0,trial:-1,0,False,disabled,0,0,False,raw,0,0.0,0.0,,0,False,disabled,False,raw,0.0,0.0,,,,,,,,False,0,0,0,0,0,0,0.0,0.0,0.8324579999907655,2.234667000010404,3.188958000009734,context_reentry_interference,v1_5_single_slot,CRA,v1_5_single_slot,single_slot_baseline,MockSimulator,43,none,none,-1,0,0,internal,0.0,0.0,0.0,0.0,0,False,0,False,-1,1,0.1,0.2,8,8,0,raw,4,False
219,1000.0,8,8,0,8,0,0,7.983197330880713,7.983197330880713,7.983197330880713,0.0,0.0,0.032230189327046244,1.0,0.0,False,0,0,0,0,0,0.0,0.0,0.0,0.0,0.0,0,0.0,0,0,disabled,disabled,True,normal,-1,4,False,raw,0,0.0,0.0,trial:-1,0,False,disabled,0,0,False,raw,0,0.0,0.0,,0,False,disabled,False,raw,0.0,0.0,,,,,,,,False,0,0,0,0,0,0,0.0,0.0,0.8085829999799898,2.2327089999976124,3.1752909999909207,context_reentry_interference,v1_5_single_slot,CRA,v1_5_single_slot,single_slot_baseline,MockSimulator,43,none,none,-1,0,0,internal,0.0,0.0,0.0,0.0,0,False,0,False,-1,1,0.1,0.2,8,8,0,raw,4,False
220,1000.0,8,8,0,8,0,0,7.953265637311454,7.953265637311454,7.953265637311454,0.0,0.0,0.031703004074113146,1.0,0.0,False,0,0,0,0,0,0.0,0.0,0.0,0.0,0.0,0,0.0,0,0,disabled,disabled,True,normal,-1,4,False,raw,0,0.0,0.0,trial:-1,0,False,disabled,0,0,False,raw,0,0.0,0.0,,0,False,disabled,False,raw,0.0,0.0,,,,,,,,False,0,0,0,0,0,0,0.0,0.0,0.7889579999869056,2.1737920000077793,3.0882500000188884,context_reentry_interference,v1_5_single_slot,CRA,v1_5_single_slot,single_slot_baseline,MockSimulator,43,none,none,-1,0,0,internal,0.0,0.0,0.0,0.0,0,False,0,False,-1,1,0.1,0.2,8,8,0,raw,4,False
221,1000.0,8,8,0,8,0,0,7.923482932146594,7.923482932146594,7.923482932146594,0.0,0.0,0.031184014155566552,1.0,0.0,False,0,0,0,0,0,0.0,0.0,0.0,0.0,0.0,0,0.0,0,0,disabled,disabled,True,normal,-1,4,False,raw,0,0.0,0.0,trial:-1,0,False,disabled,0,0,False,raw,0,0.0,0.0,,0,False,disabled,False,raw,0.0,0.0,,,,,,,,False,0,0,0,0,0,0,0.0,0.0,0.7854999999779011,2.1719169999983023,3.079249999984768,context_reentry_interference,v1_5_single_slot,CRA,v1_5_single_slot,single_slot_baseline,MockSimulator,43,none,none,-1,0,0,internal,0.0,0.0,0.0,0.0,0,False,0,False,-1,1,0.1,0.2,8,8,0,raw,4,False
222,1000.0,8,8,0,8,0,0,7.893848472312261,7.893848472312261,7.893848472312261,0.0,0.0,0.030673102632132177,1.0,0.0,False,0,0,0,0,0,0.0,0.0,0.0,0.0,0.0,0,0.0,0,0,disabled,disabled,True,normal,-1,4,False,raw,0,0.0,0.0,trial:-1,0,False,disabled,0,0,False,raw,0,0.0,0.0,,0,False,disabled,False,raw,0.0,0.0,,,,,,,,False,0,0,0,0,0,0,0.0,0.0,0.784249999981057,2.1676670000090326,3.074166999994077,context_reentry_interference,v1_5_single_slot,CRA,v1_5_single_slot,single_slot_baseline,MockSimulator,43,none,none,-1,0,0,internal,0.0,0.0,0.0,0.0,0,False,0,False,-1,1,0.1,0.2,8,8,0,raw,4,False
223,1000.0,8,8,0,8,0,0,7.864361518440679,7.864361518440679,7.864361518440679,0.0,0.0,0.03017015396397295,1.0,0.0,False,0,0,0,0,0,0.0,0.0,0.0,0.0,0.0,0,0.0,0,0,disabled,disabled,True,normal,-1,4,False,raw,0,0.0,0.0,trial:-1,0,False,disabled,0,0,False,raw,0,0.0,0.0,,0,False,disabled,False,raw,0.0,0.0,,,,,,,,False,0,0,0,0,0,0,0.0,0.0,0.786500000003798,2.3192919999814876,3.2290839999973286,context_reentry_interference,v1_5_single_slot,CRA,v1_5_single_slot,single_slot_baseline,MockSimulator,43,none,none,-1,0,0,internal,0.0,0.0,0.0,0.0,0,False,0,False,-1,1,0.1,0.2,8,8,0,raw,4,False
224,1000.0,8,8,0,8,0,0,7.835021334851689,7.835021334851689,7.835021334851689,0.0,0.0,0.02967505400148724,1.0,0.0,False,0,0,0,0,0,0.0,0.0,0.0,0.0,0.0,0,0.0,0,0,disabled,disabled,True,normal,-1,4,False,raw,0,0.0,0.0,trial:-1,0,False,disabled,0,0,False,raw,0,0.0,0.0,,0,False,disabled,False,raw,0.0,0.0,,,,,,,,False,0,0,0,0,0,0,0.0,0.0,0.7928750000019136,2.2047500000041964,3.125457999999526,context_reentry_interference,v1_5_single_slot,CRA,v1_5_single_slot,single_slot_baseline,MockSimulator,43,none,none,-1,0,0,internal,0.0,0.0,0.0,0.0,0,False,0,False,-1,1,0.1,0.2,8,8,0,raw,4,False
225,1000.0,8,8,0,8,0,0,7.8058271895343445,7.8058271895343445,7.8058271895343445,0.0,0.0,0.02918768997591537,1.0,0.0,False,0,0,0,0,0,0.0,0.0,0.0,0.0,0.0,0,0.0,0,0,disabled,disabled,True,normal,-1,4,False,raw,0,0.0,0.0,trial:-1,0,False,disabled,0,0,False,raw,0,0.0,0.0,,0,False,disabled,False,raw,0.0,0.0,,,,,,,,False,0,0,0,0,0,0,0.0,0.0,0.7819590000224252,2.189207999975906,3.0938339999977416,context_reentry_interference,v1_5_single_slot,CRA,v1_5_single_slot,single_slot_baseline,MockSimulator,43,none,none,-1,0,0,internal,0.0,0.0,0.0,0.0,0,False,0,False,-1,1,0.1,0.2,8,8,0,raw,4,False
226,1000.0,8,8,0,8,0,0,7.776778354128624,7.776778354128624,7.776778354128624,0.0,0.0,0.028707950489765776,1.0,0.0,False,0,0,0,0,0,0.0,0.0,0.0,0.0,0.0,0,0.0,0,0,disabled,disabled,True,normal,-1,4,False,raw,0,0.0,0.0,trial:-1,0,False,disabled,0,0,False,raw,0,0.0,0.0,,0,False,disabled,False,raw,0.0,0.0,,,,,,,,False,0,0,0,0,0,0,0.0,0.0,0.7867500000031669,2.1901669999806472,3.099708000007695,context_reentry_interference,v1_5_single_slot,CRA,v1_5_single_slot,single_slot_baseline,MockSimulator,43,none,none,-1,0,0,internal,0.0,0.0,0.0,0.0,0,False,0,False,-1,1,0.1,0.2,8,8,0,raw,4,False
227,1000.0,8,8,0,8,0,0,7.747874103907215,7.747874103907215,7.747874103907215,0.0,0.0,0.028235725507071804,1.0,0.0,False,0,0,0,0,0,0.0,0.0,0.0,0.0,0.0,0,0.0,0,0,disabled,disabled,True,normal,-1,4,False,raw,0,0.0,0.0,trial:-1,0,False,disabled,0,0,False,raw,0,0.0,0.0,,0,False,disabled,False,raw,0.0,0.0,,,,,,,,False,0,0,0,0,0,0,0.0,0.0,0.784167000006164,2.2113329999911002,3.1170830000064598,context_reentry_interference,v1_5_single_slot,CRA,v1_5_single_slot,single_slot_baseline,MockSimulator,43,none,none,-1,0,0,internal,0.0,0.0,0.0,0.0,0,False,0,False,-1,1,0.1,0.2,8,8,0,raw,4,False
228,1000.0,8,8,0,8,0,0,7.719113717757396,7.719113717757396,7.719113717757396,9.401537093295594e-07,0.0,0.027770906343489683,1.0,9.401537093295594e-07,False,0,0,0,0,0,0.0,0.0,0.0,0.0,0.0,0,0.0,0,0,disabled,disabled,True,normal,1,5,False,raw,0,0.005,0.005,intruder:228,0,False,disabled,0,0,False,raw,0,0.005,0.005,,0,False,disabled,False,raw,0.005,0.005,,,,,,,,False,0,0,0,0,0,0,0.0,0.0,0.7834999999829506,2.3847500000044874,3.29091700001527,context_reentry_interference,v1_5_single_slot,CRA,v1_5_single_slot,single_slot_baseline,MockSimulator,43,context,B_interfering_context,5,1,0,internal,0.005,0.005,0.0,0.0,0,False,1,False,-1,1,0.1,0.2,8,8,0,raw,5,False
229,1000.0,8,8,0,8,0,0,7.690496478163011,7.690496478163011,7.690496478163011,0.0,0.0,0.027313385656248017,1.0,0.0,False,0,0,0,0,0,0.0,0.0,0.0,0.0,0.0,0,0.0,0,0,disabled,disabled,True,normal,1,5,False,raw,0,0.0,0.0,trial:-1,0,False,disabled,0,0,False,raw,0,0.0,0.0,,0,False,disabled,False,raw,0.0,0.0,,,,,,,,False,0,0,0,0,0,0,0.0,0.0,0.8014999999943484,2.2622500000011314,3.1910420000258455,context_reentry_interference,v1_5_single_slot,CRA,v1_5_single_slot,single_slot_baseline,MockSimulator,43,none,none,-1,0,0,internal,0.0,0.0,0.0,0.0,0,False,0,False,-1,1,0.1,0.2,8,8,0,raw,5,False
230,1000.0,8,8,0,8,0,0,7.66202167118653,7.66202167118653,7.66202167118653,0.0,0.0,0.02686305743395862,1.0,0.0,False,0,0,0,0,0,0.0,0.0,0.0,0.0,0.0,0,0.0,0,0,disabled,disabled,True,normal,1,5,False,raw,0,0.0,0.0,trial:-1,0,False,disabled,0,0,False,raw,0,0.0,0.0,,0,False,disabled,False,raw,0.0,0.0,,,,,,,,False,0,0,0,0,0,0,0.0,0.0,0.7917920000011236,2.236874999994143,3.1516250000152013,context_reentry_interference,v1_5_single_slot,CRA,v1_5_single_slot,single_slot_baseline,MockSimulator,43,none,none,-1,0,0,internal,0.0,0.0,0.0,0.0,0,False,0,False,-1,1,0.1,0.2,8,8,0,raw,5,False
231,1000.0,8,8,0,8,0,0,7.633688586451202,7.633688586451202,7.633688586451202,0.0,0.0,0.026419816986298302,1.0,0.0,False,0,0,0,0,0,0.0,0.0,0.0,0.0,0.0,0,0.0,0,0,disabled,disabled,True,normal,1,5,False,raw,0,0.0,0.0,trial:-1,0,False,disabled,0,0,False,raw,0,0.0,0.0,,0,False,disabled,False,raw,0.0,0.0,,,,,,,,False,0,0,0,0,0,0,0.0,0.0,0.792583000020386,2.253958999972383,3.1715000000076543,context_reentry_interference,v1_5_single_slot,CRA,v1_5_single_slot,single_slot_baseline,MockSimulator,43,none,none,-1,0,0,internal,0.0,0.0,0.0,0.0,0,False,0,False,-1,1,0.1,0.2,8,8,0,raw,5,False
232,1000.0,8,8,0,8,0,0,7.605496517123293,7.605496517123293,7.605496517123293,0.0,0.0,0.025983560933570814,1.0,0.0,False,0,0,0,0,0,0.0,0.0,0.0,0.0,0.0,0,0.0,0,0,disabled,disabled,True,normal,1,5,False,raw,0,0.0,0.0,trial:-1,0,False,disabled,0,0,False,raw,0,0.0,0.0,,0,False,disabled,False,raw,0.0,0.0,,,,,,,,False,0,0,0,0,0,0,0.0,0.0,0.7880000000000109,2.262207999990551,3.172959000011133,context_reentry_interference,v1_5_single_slot,CRA,v1_5_single_slot,single_slot_baseline,MockSimulator,43,none,none,-1,0,0,internal,0.0,0.0,0.0,0.0,0,False,0,False,-1,1,0.1,0.2,8,8,0,raw,5,False
233,1000.0,8,8,0,8,0,0,7.577444759894419,7.577444759894419,7.577444759894419,0.0,0.0,0.025554187196157905,1.0,0.0,False,0,0,0,0,0,0.0,0.0,0.0,0.0,0.0,0,0.0,0,0,disabled,disabled,True,normal,1,5,False,raw,0,0.0,0.0,trial:-1,0,False,disabled,0,0,False,raw,0,0.0,0.0,,0,False,disabled,False,raw,0.0,0.0,,,,,,,,False,0,0,0,0,0,0,0.0,0.0,0.7896660000028533,2.3836670000036975,3.295917000002646,context_reentry_interference,v1_5_single_slot,CRA,v1_5_single_slot,single_slot_baseline,MockSimulator,43,none,none,-1,0,0,internal,0.0,0.0,0.0,0.0,0,False,0,False,-1,1,0.1,0.2,8,8,0,raw,5,False
234,1000.0,8,8,0,8,0,0,7.549532614963959,7.549532614963959,7.549532614963959,0.0,0.0,0.025131594983868084,1.0,0.0,False,0,0,0,0,0,0.0,0.0,0.0,0.0,0.0,0,0.0,0,0,disabled,disabled,True,normal,1,5,False,raw,0,0.0,0.0,trial:-1,0,False,disabled,0,0,False,raw,0,0.0,0.0,,0,False,disabled,False,raw,0.0,0.0,,,,,,,,False,0,0,0,0,0,0,0.0,0.0,0.798874999986765,2.276166999990892,3.2022080000047026,context_reentry_interference,v1_5_single_slot,CRA,v1_5_single_slot,single_slot_baseline,MockSimulator,43,none,none,-1,0,0,internal,0.0,0.0,0.0,0.0,0,False,0,False,-1,1,0.1,0.2,8,8,0,raw,5,False
235,1000.0,8,8,0,8,0,0,7.521759386021562,7.521759386021562,7.521759386021562,0.0,0.0,0.024715684785191393,1.0,0.0,False,0,0,0,0,0,0.0,0.0,0.0,0.0,0.0,0,0.0,0,0,disabled,disabled,True,normal,1,5,False,raw,0,0.0,0.0,trial:-1,0,False,disabled,0,0,False,raw,0,0.0,0.0,,0,False,disabled,False,raw,0.0,0.0,,,,,,,,False,0,0,0,0,0,0,0.0,0.0,0.7882920000099602,2.285583000002589,3.1972499999994852,context_reentry_interference,v1_5_single_slot,CRA,v1_5_single_slot,single_slot_baseline,MockSimulator,43,none,none,-1,0,0,internal,0.0,0.0,0.0,0.0,0,False,0,False,-1,1,0.1,0.2,8,8,0,raw,5,False
236,1000.0,8,8,0,8,0,0,7.4941243802297395,7.4941243802297395,7.4941243802297395,0.0,0.0,0.024306358356468223,1.0,0.0,False,0,0,0,0,0,0.0,0.0,0.0,0.0,0.0,0,0.0,0,0,disabled,disabled,True,normal,1,5,False,raw,0,0.0,0.0,trial:-1,0,False,disabled,0,0,False,raw,0,0.0,0.0,,0,False,disabled,False,raw,0.0,0.0,,,,,,,,False,0,0,0,0,0,0,0.0,0.0,0.7844170000055328,2.2822500000074797,3.1898750000038945,context_reentry_interference,v1_5_single_slot,CRA,v1_5_single_slot,single_slot_baseline,MockSimulator,43,none,none,-1,0,0,internal,0.0,0.0,0.0,0.0,0,False,0,False,-1,1,0.1,0.2,8,8,0,raw,5,False
237,1000.0,8,8,0,8,0,0,7.466626908206545,7.466626908206545,7.466626908206545,0.0,0.0,0.023903518710979902,1.0,0.0,False,0,0,0,0,0,0.0,0.0,0.0,0.0,0.0,0,0.0,0,0,disabled,disabled,True,normal,1,5,False,raw,0,0.0,0.0,trial:-1,0,False,disabled,0,0,False,raw,0,0.0,0.0,,0,False,disabled,False,raw,0.0,0.0,,,,,,,,False,0,0,0,0,0,0,0.0,0.0,0.7820410000078937,2.2853339999926447,3.190167000013844,context_reentry_interference,v1_5_single_slot,CRA,v1_5_single_slot,single_slot_baseline,MockSimulator,43,none,none,-1,0,0,internal,0.0,0.0,0.0,0.0,0,False,0,False,-1,1,0.1,0.2,8,8,0,raw,5,False
238,1000.0,8,8,0,8,0,0,7.439266284008338,7.439266284008338,7.439266284008338,0.0,0.0,0.023507070107968528,1.0,0.0,False,0,0,0,0,0,0.0,0.0,0.0,0.0,0.0,0,0.0,0,0,disabled,disabled,True,normal,1,5,False,raw,0,0.0,0.0,trial:-1,0,False,disabled,0,0,False,raw,0,0.0,0.0,,0,False,disabled,False,raw,0.0,0.0,,,,,,,,False,0,0,0,0,0,0,0.0,0.0,0.785833999998431,2.457458000009183,3.365125000016178,context_reentry_interference,v1_5_single_slot,CRA,v1_5_single_slot,single_slot_baseline,MockSimulator,43,none,none,-1,0,0,internal,0.0,0.0,0.0,0.0,0,False,0,False,-1,1,0.1,0.2,8,8,0,raw,5,False
239,1000.0,8,8,0,8,0,0,7.412041825112634,7.412041825112634,7.412041825112634,0.0,0.0,0.023116918041593215,1.0,0.0,False,0,0,0,0,0,0.0,0.0,0.0,0.0,0.0,0,0.0,0,0,disabled,disabled,True,normal,1,5,False,raw,0,0.0,0.0,trial:-1,0,False,disabled,0,0,False,raw,0,0.0,0.0,,0,False,disabled,False,raw,0.0,0.0,,,,,,,,False,0,0,0,0,0,0,0.0,0.0,0.795458999988341,2.304333000012093,3.228417000002537,context_reentry_interference,v1_5_single_slot,CRA,v1_5_single_slot,single_slot_baseline,MockSimulator,43,none,none,-1,0,0,internal,0.0,0.0,0.0,0.0,0,False,0,False,-1,1,0.1,0.2,8,8,0,raw,5,False
240,1000.0,8,8,0,8,0,0,7.384952852401045,7.384952852401045,7.384952852401045,0.0,0.0,0.02273296922982973,1.0,0.0,False,0,0,0,0,0,0.0,0.0,0.0,0.0,0.0,0,0.0,0,0,disabled,disabled,True,normal,1,5,False,raw,0,0.0,0.0,trial:-1,0,False,disabled,0,0,False,raw,0,0.0,0.0,,0,False,disabled,False,raw,0.0,0.0,,,,,,,,False,0,0,0,0,0,0,0.0,0.0,0.7815830000197366,2.294541999987132,3.2019999999874926,context_reentry_interference,v1_5_single_slot,CRA,v1_5_single_slot,single_slot_baseline,MockSimulator,43,none,none,-1,0,0,internal,0.0,0.0,0.0,0.0,0,False,0,False,-1,1,0.1,0.2,8,8,0,raw,5,False
241,1000.0,8,8,0,8,0,0,7.357998690142301,7.357998690142301,7.357998690142301,0.0,0.0,0.022355131603320148,1.0,0.0,False,0,0,0,0,0,0.0,0.0,0.0,0.0,0.0,0,0.0,0,0,disabled,disabled,True,normal,1,5,False,raw,0,0.0,0.0,trial:-1,0,False,disabled,0,0,False,raw,0,0.0,0.0,,0,False,disabled,False,raw,0.0,0.0,,,,,,,,False,0,0,0,0,0,0,0.0,0.0,0.7845839999731652,2.3232910000103857,3.22991699999875,context_reentry_interference,v1_5_single_slot,CRA,v1_5_single_slot,single_slot_baseline,MockSimulator,43,none,none,-1,0,0,internal,0.0,0.0,0.0,0.0,0,False,0,False,-1,1,0.1,0.2,8,8,0,raw,5,False
242,1000.0,8,8,0,8,0,0,7.331178665975353,7.331178665975353,7.331178665975353,0.0,0.0,0.021983314294179015,1.0,0.0,False,0,0,0,0,0,0.0,0.0,0.0,0.0,0.0,0,0.0,0,0,disabled,disabled,True,normal,1,5,False,raw,0,0.0,0.0,trial:-1,0,False,disabled,0,0,False,raw,0,0.0,0.0,,0,False,disabled,False,raw,0.0,0.0,,,,,,,,False,0,0,0,0,0,0,0.0,0.0,0.7812909999813655,2.3597920000213435,3.2639579999909074,context_reentry_interference,v1_5_single_slot,CRA,v1_5_single_slot,single_slot_baseline,MockSimulator,43,none,none,-1,0,0,internal,0.0,0.0,0.0,0.0,0,False,0,False,-1,1,0.1,0.2,8,8,0,raw,5,False
243,1000.0,8,8,0,8,0,0,7.304492110892569,7.304492110892569,7.304492110892569,0.0,0.0,0.021617427624762202,1.0,0.0,False,0,0,0,0,0,0.0,0.0,0.0,0.0,0.0,0,0.0,0,0,disabled,disabled,True,normal,1,5,False,raw,0,0.0,0.0,trial:-1,0,False,disabled,0,0,False,raw,0,0.0,0.0,,0,False,disabled,False,raw,0.0,0.0,,,,,,,,False,0,0,0,0,0,0,0.0,0.0,0.7815419999985806,2.4665830000003552,3.369667000015397,context_reentry_interference,v1_5_single_slot,CRA,v1_5_single_slot,single_slot_baseline,MockSimulator,43,none,none,-1,0,0,internal,0.0,0.0,0.0,0.0,0,False,0,False,-1,1,0.1,0.2,8,8,0,raw,5,False
244,1000.0,8,8,0,8,0,0,7.277938359223004,7.277938359223004,7.277938359223004,0.0,0.0,0.02125738309640439,1.0,0.0,False,0,0,0,0,0,0.0,0.0,0.0,0.0,0.0,0,0.0,0,0,disabled,disabled,True,normal,1,5,False,raw,0,0.0,0.0,trial:-1,0,False,disabled,0,0,False,raw,0,0.0,0.0,,0,False,disabled,False,raw,0.0,0.0,,,,,,,,False,0,0,0,0,0,0,0.0,0.0,0.7986250000158179,2.398583999990933,3.326499999985799,context_reentry_interference,v1_5_single_slot,CRA,v1_5_single_slot,single_slot_baseline,MockSimulator,43,none,none,-1,0,0,internal,0.0,0.0,0.0,0.0,0,False,0,False,-1,1,0.1,0.2,8,8,0,raw,5,False
245,1000.0,8,8,0,8,0,0,7.251516748615762,7.251516748615762,7.251516748615762,0.0,0.0,0.020903093378130982,1.0,0.0,False,0,0,0,0,0,0.0,0.0,0.0,0.0,0.0,0,0.0,0,0,disabled,disabled,True,normal,1,5,False,raw,0,0.0,0.0,trial:-1,0,False,disabled,0,0,False,raw,0,0.0,0.0,,0,False,disabled,False,raw,0.0,0.0,,,,,,,,False,0,0,0,0,0,0,0.0,0.0,0.789458000014065,2.3544999999955962,3.2676669999887054,context_reentry_interference,v1_5_single_slot,CRA,v1_5_single_slot,single_slot_baseline,MockSimulator,43,none,none,-1,0,0,internal,0.0,0.0,0.0,0.0,0,False,0,False,-1,1,0.1,0.2,8,8,0,raw,5,False
246,1000.0,8,8,0,8,0,0,7.2252266200234345,7.2252266200234345,7.2252266200234345,0.0,0.0,0.02055447229534995,1.0,0.0,False,0,0,0,0,0,0.0,0.0,0.0,0.0,0.0,0,0.0,0,0,disabled,disabled,True,normal,1,5,False,raw,0,0.0,0.0,trial:-1,0,False,disabled,0,0,False,raw,0,0.0,0.0,,0,False,disabled,False,raw,0.0,0.0,,,,,,,,False,0,0,0,0,0,0,0.0,0.0,0.7948329999862835,2.367042000003039,3.2842499999787833,context_reentry_interference,v1_5_single_slot,CRA,v1_5_single_slot,single_slot_baseline,MockSimulator,43,none,none,-1,0,0,internal,0.0,0.0,0.0,0.0,0,False,0,False,-1,1,0.1,0.2,8,8,0,raw,5,False
247,1000.0,8,8,0,8,0,0,7.199067317685627,7.199067317685627,7.199067317685627,0.0,0.0,0.020211434818528908,1.0,0.0,False,0,0,0,0,0,0.0,0.0,0.0,0.0,0.0,0,0.0,0,0,disabled,disabled,True,normal,1,5,False,raw,0,0.0,0.0,trial:-1,0,False,disabled,0,0,False,raw,0,0.0,0.0,,0,False,disabled,False,raw,0.0,0.0,,,,,,,,False,0,0,0,0,0,0,0.0,0.0,0.7882499999993797,2.397457999990138,3.3103750000123,context_reentry_interference,v1_5_single_slot,CRA,v1_5_single_slot,single_slot_baseline,MockSimulator,43,none,none,-1,0,0,internal,0.0,0.0,0.0,0.0,0,False,0,False,-1,1,0.1,0.2,8,8,0,raw,5,False
248,1000.0,8,8,0,8,0,0,7.173038189112559,7.173038189112559,7.173038189112559,0.0,0.0,0.019873897051862568,1.0,0.0,False,0,0,0,0,0,0.0,0.0,0.0,0.0,0.0,0,0.0,0,0,disabled,disabled,True,normal,1,5,False,raw,0,0.0,0.0,trial:-1,0,False,disabled,0,0,False,raw,0,0.0,0.0,,0,False,disabled,False,raw,0.0,0.0,,,,,,,,False,0,0,0,0,0,0,0.0,0.0,0.8557090000067546,2.450083000013592,3.428250000013122,context_reentry_interference,v1_5_single_slot,CRA,v1_5_single_slot,single_slot_baseline,MockSimulator,43,none,none,-1,0,0,internal,0.0,0.0,0.0,0.0,0,False,0,False,-1,1,0.1,0.2,8,8,0,raw,5,False
249,1000.0,8,8,0,8,0,0,7.147138585068763,7.147138585068763,7.147138585068763,0.0,0.0,0.019541776221935467,1.0,0.0,False,0,0,0,0,0,0.0,0.0,0.0,0.0,0.0,0,0.0,0,0,disabled,disabled,True,normal,1,5,False,raw,0,0.0,0.0,trial:-1,0,False,disabled,0,0,False,raw,0,0.0,0.0,,0,False,disabled,False,raw,0.0,0.0,,,,,,,,False,0,0,0,0,0,0,0.0,0.0,0.789249999996855,2.3732500000051004,3.2885829999997895,context_reentry_interference,v1_5_single_slot,CRA,v1_5_single_slot,single_slot_baseline,MockSimulator,43,none,none,-1,0,0,internal,0.0,0.0,0.0,0.0,0,False,0,False,-1,1,0.1,0.2,8,8,0,raw,5,False
250,1000.0,8,8,0,8,0,0,7.121367859556841,7.121367859556841,7.121367859556841,0.0,0.0,0.019214990666384706,1.0,0.0,False,0,0,0,0,0,0.0,0.0,0.0,0.0,0.0,0,0.0,0,0,disabled,disabled,True,normal,1,5,False,raw,0,0.0,0.0,trial:-1,0,False,disabled,0,0,False,raw,0,0.0,0.0,,0,False,disabled,False,raw,0.0,0.0,,,,,,,,False,0,0,0,0,0,0,0.0,0.0,0.7838750000246364,2.392624999998816,3.2986249999851225,context_reentry_interference,v1_5_single_slot,CRA,v1_5_single_slot,single_slot_baseline,MockSimulator,43,none,none,-1,0,0,internal,0.0,0.0,0.0,0.0,0,False,0,False,-1,1,0.1,0.2,8,8,0,raw,5,False
251,1000.0,8,8,0,8,0,0,7.095725369801323,7.095725369801323,7.095725369801323,0.0,0.0,0.0188934598225672,1.0,0.0,False,0,0,0,0,0,0.0,0.0,0.0,0.0,0.0,0,0.0,0,0,disabled,disabled,True,normal,1,5,False,raw,0,0.0,0.0,trial:-1,0,False,disabled,0,0,False,raw,0,0.0,0.0,,0,False,disabled,False,raw,0.0,0.0,,,,,,,,False,0,0,0,0,0,0,0.0,0.0,0.7837080000001606,2.404208999990942,3.312417000017831,context_reentry_interference,v1_5_single_slot,CRA,v1_5_single_slot,single_slot_baseline,MockSimulator,43,none,none,-1,0,0,internal,0.0,0.0,0.0,0.0,0,False,0,False,-1,1,0.1,0.2,8,8,0,raw,5,False
252,1000.0,8,8,0,8,0,0,7.070210476232593,7.070210476232593,7.070210476232593,-1.8803074186574568e-06,-1.880307418435859e-05,0.018577104216235842,1.0,-1.8803074186574568e-06,False,0,0,0,0,0,0.0,0.0,0.0,0.0,0.0,0,0.0,0,0,disabled,disabled,True,normal,1,5,True,internal_context_bound,-1,-0.01,-0.01,phase:B,0,False,disabled,0,0,False,raw,0,-0.01,-0.01,,0,False,disabled,False,raw,-0.01,-0.01,,,,,,,,False,0,0,0,0,0,0,0.0,0.0,0.786500000003798,2.4802089999980126,3.3898329999999532,context_reentry_interference,v1_5_single_slot,CRA,v1_5_single_slot,single_slot_baseline,MockSimulator,43,decision,B_decision,5,-1,-1,internal,-0.01,-0.01,0.01,0.01,1,True,-1,False,252,1,0.1,0.2,8,8,-1,internal_context_bound,5,True
253,1000.0,8,8,0,8,0,0,7.044822542470903,7.044822542470903,7.044822542470903,0.0,0.0,0.01826584545022871,1.0,0.0,False,0,0,0,0,0,0.0,0.0,0.0,0.0,0.0,0,0.0,0,0,disabled,disabled,True,normal,1,5,False,raw,0,0.0,0.0,trial:-1,0,False,disabled,0,0,False,raw,0,0.0,0.0,,0,False,disabled,False,raw,0.0,0.0,,,,,,,,False,0,0,0,0,0,0,0.0,0.0,0.8109999999987849,2.5081249999914235,3.450000000015052,context_reentry_interference,v1_5_single_slot,CRA,v1_5_single_slot,single_slot_baseline,MockSimulator,43,none,none,-1,0,0,internal,0.0,0.0,0.0,0.0,0,False,0,False,-1,1,0.1,0.2,8,8,0,raw,5,False
254,1000.0,8,8,0,8,0,0,7.019560935310461,7.019560935310461,7.019560935310461,0.0,0.0,0.01795960619317537,1.0,0.0,False,0,0,0,0,0,0.0,0.0,0.0,0.0,0.0,0,0.0,0,0,disabled,disabled,True,normal,1,5,False,raw,0,0.0,0.0,trial:-1,0,False,disabled,0,0,False,raw,0,0.0,0.0,,0,False,disabled,False,raw,0.0,0.0,,,,,,,,False,0,0,0,0,0,0,0.0,0.0,0.7924580000064907,2.4369170000113627,3.356333999988692,context_reentry_interference,v1_5_single_slot,CRA,v1_5_single_slot,single_slot_baseline,MockSimulator,43,none,none,-1,0,0,internal,0.0,0.0,0.0,0.0,0,False,0,False,-1,1,0.1,0.2,8,8,0,raw,5,False
255,1000.0,8,8,0,8,0,0,6.994425024703603,6.994425024703603,6.994425024703603,0.0,0.0,0.017658310168224074,1.0,0.0,False,0,0,0,0,0,0.0,0.0,0.0,0.0,0.0,0,0.0,0,0,disabled,disabled,True,normal,1,5,False,raw,0,0.0,0.0,trial:-1,0,False,disabled,0,0,False,raw,0,0.0,0.0,,0,False,disabled,False,raw,0.0,0.0,,,,,,,,False,0,0,0,0,0,0,0.0,0.0,0.7916669999872283,2.4607919999937167,3.3752090000120916,context_reentry_interference,v1_5_single_slot,CRA,v1_5_single_slot,single_slot_baseline,MockSimulator,43,none,none,-1,0,0,internal,0.0,0.0,0.0,0.0,0,False,0,False,-1,1,0.1,0.2,8,8,0,raw,5,False
256,1000.0,8,8,0,8,0,0,6.969414183745038,6.969414183745038,6.969414183745038,0.0,0.0,0.017361882141793555,1.0,0.0,False,0,0,0,0,0,0.0,0.0,0.0,0.0,0.0,0,0.0,0,0,disabled,disabled,True,normal,1,5,False,raw,0,0.0,0.0,trial:-1,0,False,disabled,0,0,False,raw,0,0.0,0.0,,0,False,disabled,False,raw,0.0,0.0,,,,,,,,False,0,0,0,0,0,0,0.0,0.0,0.7872909999946387,2.4708750000002055,3.380833000022676,context_reentry_interference,v1_5_single_slot,CRA,v1_5_single_slot,single_slot_baseline,MockSimulator,43,none,none,-1,0,0,internal,0.0,0.0,0.0,0.0,0,False,0,False,-1,1,0.1,0.2,8,8,0,raw,5,False
257,1000.0,8,8,0,8,0,0,6.944527788656182,6.944527788656182,6.944527788656182,0.0,0.0,0.01707024791235297,1.0,0.0,False,0,0,0,0,0,0.0,0.0,0.0,0.0,0.0,0,0.0,0,0,disabled,disabled,True,normal,1,5,False,raw,0,0.0,0.0,trial:-1,0,False,disabled,0,0,False,raw,0,0.0,0.0,,0,False,disabled,False,raw,0.0,0.0,,,,,,,,False,0,0,0,0,0,0,0.0,0.0,0.8006660000035026,2.60333399998558,3.528167000013127,context_reentry_interference,v1_5_single_slot,CRA,v1_5_single_slot,single_slot_baseline,MockSimulator,43,none,none,-1,0,0,internal,0.0,0.0,0.0,0.0,0,False,0,False,-1,1,0.1,0.2,8,8,0,raw,5,False
258,1000.0,8,8,0,8,0,0,6.919765218769555,6.919765218769555,6.919765218769555,0.0,0.0,0.016783334299233295,1.0,0.0,False,0,0,0,0,0,0.0,0.0,0.0,0.0,0.0,0,0.0,0,0,disabled,disabled,True,normal,1,5,False,raw,0,0.0,0.0,trial:-1,0,False,disabled,0,0,False,raw,0,0.0,0.0,,0,False,disabled,False,raw,0.0,0.0,,,,,,,,False,0,0,0,0,0,0,0.0,0.0,0.7980830000064998,2.497291999986828,3.4230419999801143,context_reentry_interference,v1_5_single_slot,CRA,v1_5_single_slot,single_slot_baseline,MockSimulator,43,none,none,-1,0,0,internal,0.0,0.0,0.0,0.0,0,False,0,False,-1,1,0.1,0.2,8,8,0,raw,5,False
259,1000.0,8,8,0,8,0,0,6.895125856513272,6.895125856513272,6.895125856513272,0.0,0.0,0.01650106913147346,1.0,0.0,False,0,0,0,0,0,0.0,0.0,0.0,0.0,0.0,0,0.0,0,0,disabled,disabled,True,normal,1,5,False,raw,0,0.0,0.0,trial:-1,0,False,disabled,0,0,False,raw,0,0.0,0.0,,0,False,disabled,False,raw,0.0,0.0,,,,,,,,False,0,0,0,0,0,0,0.0,0.0,0.7829160000198954,2.4857500000052823,3.391791000012745,context_reentry_interference,v1_5_single_slot,CRA,v1_5_single_slot,single_slot_baseline,MockSimulator,43,none,none,-1,0,0,internal,0.0,0.0,0.0,0.0,0,False,0,False,-1,1,0.1,0.2,8,8,0,raw,5,False
260,1000.0,8,8,0,8,0,0,6.870609087395598,6.870609087395598,6.870609087395598,0.0,0.0,0.01622338123670433,1.0,0.0,False,0,0,0,0,0,0.0,0.0,0.0,0.0,0.0,0,0.0,0,0,disabled,disabled,True,normal,1,5,False,raw,0,0.0,0.0,trial:-1,0,False,disabled,0,0,False,raw,0,0.0,0.0,,0,False,disabled,False,raw,0.0,0.0,,,,,,,,False,0,0,0,0,0,0,0.0,0.0,0.7818329999906837,2.4845000000084383,3.390042000006588,context_reentry_interference,v1_5_single_slot,CRA,v1_5_single_slot,single_slot_baseline,MockSimulator,43,none,none,-1,0,0,internal,0.0,0.0,0.0,0.0,0,False,0,False,-1,1,0.1,0.2,8,8,0,raw,5,False
261,1000.0,8,8,0,8,0,0,6.84621429998959,6.84621429998959,6.84621429998959,0.0,0.0,0.015950200430073374,1.0,0.0,False,0,0,0,0,0,0.0,0.0,0.0,0.0,0.0,0,0.0,0,0,disabled,disabled,True,normal,1,5,False,raw,0,0.0,0.0,trial:-1,0,False,disabled,0,0,False,raw,0,0.0,0.0,,0,False,disabled,False,raw,0.0,0.0,,,,,,,,False,0,0,0,0,0,0,0.0,0.0,0.7847500000082164,2.498083999995515,3.4054169999819806,context_reentry_interference,v1_5_single_slot,CRA,v1_5_single_slot,single_slot_baseline,MockSimulator,43,none,none,-1,0,0,internal,0.0,0.0,0.0,0.0,0,False,0,False,-1,1,0.1,0.2,8,8,0,raw,5,False
262,1000.0,8,8,0,8,0,0,6.821940885917809,6.821940885917809,6.821940885917809,0.0,0.0,0.015681457503212974,1.0,0.0,False,0,0,0,0,0,0.0,0.0,0.0,0.0,0.0,0,0.0,0,0,disabled,disabled,True,normal,1,5,False,raw,0,0.0,0.0,trial:-1,0,False,disabled,0,0,False,raw,0,0.0,0.0,,0,False,disabled,False,raw,0.0,0.0,,,,,,,,False,0,0,0,0,0,0,0.0,0.0,0.782999999984213,2.6781249999885404,3.5837500000184264,context_reentry_interference,v1_5_single_slot,CRA,v1_5_single_slot,single_slot_baseline,MockSimulator,43,none,none,-1,0,0,internal,0.0,0.0,0.0,0.0,0,False,0,False,-1,1,0.1,0.2,8,8,0,raw,5,False
263,1000.0,8,8,0,8,0,0,6.797788239837109,6.797788239837109,6.797788239837109,0.0,0.0,0.015417084213254962,1.0,0.0,False,0,0,0,0,0,0.0,0.0,0.0,0.0,0.0,0,0.0,0,0,disabled,disabled,True,normal,1,5,False,raw,0,0.0,0.0,trial:-1,0,False,disabled,0,0,False,raw,0,0.0,0.0,,0,False,disabled,False,raw,0.0,0.0,,,,,,,,False,0,0,0,0,0,0,0.0,0.0,0.8035840000104599,2.5576660000012907,3.4903749999841693,context_reentry_interference,v1_5_single_slot,CRA,v1_5_single_slot,single_slot_baseline,MockSimulator,43,none,none,-1,0,0,internal,0.0,0.0,0.0,0.0,0,False,0,False,-1,1,0.1,0.2,8,8,0,raw,5,False
264,1000.0,8,8,0,8,0,0,6.773755759423508,6.773755759423508,6.773755759423508,0.0,0.0,0.015157013271893983,1.0,0.0,False,0,0,0,0,0,0.0,0.0,0.0,0.0,0.0,0,0.0,0,0,disabled,disabled,True,normal,1,5,False,raw,0,0.0,0.0,trial:-1,0,False,disabled,0,0,False,raw,0,0.0,0.0,,0,False,disabled,False,raw,0.0,0.0,,,,,,,,False,0,0,0,0,0,0,0.0,0.0,0.7888750000120126,2.572166999982528,3.484667000009267,context_reentry_interference,v1_5_single_slot,CRA,v1_5_single_slot,single_slot_baseline,MockSimulator,43,none,none,-1,0,0,internal,0.0,0.0,0.0,0.0,0,False,0,False,-1,1,0.1,0.2,8,8,0,raw,5,False
265,1000.0,8,8,0,8,0,0,6.749842845357124,6.749842845357124,6.749842845357124,0.0,0.0,0.014901178334502142,1.0,0.0,False,0,0,0,0,0,0.0,0.0,0.0,0.0,0.0,0,0.0,0,0,disabled,disabled,True,normal,1,5,False,raw,0,0.0,0.0,trial:-1,0,False,disabled,0,0,False,raw,0,0.0,0.0,,0,False,disabled,False,raw,0.0,0.0,,,,,,,,False,0,0,0,0,0,0,0.0,0.0,0.793915999992123,2.545249999997168,3.4640420000187078,context_reentry_interference,v1_5_single_slot,CRA,v1_5_single_slot,single_slot_baseline,MockSimulator,43,none,none,-1,0,0,internal,0.0,0.0,0.0,0.0,0,False,0,False,-1,1,0.1,0.2,8,8,0,raw,5,False
266,1000.0,8,8,0,8,0,0,6.726048901307198,6.726048901307198,6.726048901307198,0.0,0.0,0.014649513989297216,1.0,0.0,False,0,0,0,0,0,0.0,0.0,0.0,0.0,0.0,0,0.0,0,0,disabled,disabled,True,normal,1,5,False,raw,0,0.0,0.0,trial:-1,0,False,disabled,0,0,False,raw,0,0.0,0.0,,0,False,disabled,False,raw,0.0,0.0,,,,,,,,False,0,0,0,0,0,0,0.0,0.0,0.8403330000135156,2.6440419999858022,3.6075830000186215,context_reentry_interference,v1_5_single_slot,CRA,v1_5_single_slot,single_slot_baseline,MockSimulator,43,none,none,-1,0,0,internal,0.0,0.0,0.0,0.0,0,False,0,False,-1,1,0.1,0.2,8,8,0,raw,5,False
267,1000.0,8,8,0,8,0,0,6.702373333917182,6.702373333917182,6.702373333917182,0.0,0.0,0.014401955746566688,1.0,0.0,False,0,0,0,0,0,0.0,0.0,0.0,0.0,0.0,0,0.0,0,0,disabled,disabled,True,normal,1,5,False,raw,0,0.0,0.0,trial:-1,0,False,disabled,0,0,False,raw,0,0.0,0.0,,0,False,disabled,False,raw,0.0,0.0,,,,,,,,False,0,0,0,0,0,0,0.0,0.0,0.8242090000010194,2.657083000002558,3.6112079999952584,context_reentry_interference,v1_5_single_slot,CRA,v1_5_single_slot,single_slot_baseline,MockSimulator,43,none,none,-1,0,0,internal,0.0,0.0,0.0,0.0,0,False,0,False,-1,1,0.1,0.2,8,8,0,raw,5,False
268,1000.0,8,8,0,8,0,0,6.678815552789905,6.678815552789905,6.678815552789905,0.0,0.0,0.014158440027949661,1.0,0.0,False,0,0,0,0,0,0.0,0.0,0.0,0.0,0.0,0,0.0,0,0,disabled,disabled,True,normal,1,5,False,raw,0,0.0,0.0,trial:-1,0,False,disabled,0,0,False,raw,0,0.0,0.0,,0,False,disabled,False,raw,0.0,0.0,,,,,,,,False,0,0,0,0,0,0,0.0,0.0,0.7959160000154952,2.5982500000054642,3.5185830000159513,context_reentry_interference,v1_5_single_slot,CRA,v1_5_single_slot,single_slot_baseline,MockSimulator,43,none,none,-1,0,0,internal,0.0,0.0,0.0,0.0,0,False,0,False,-1,1,0.1,0.2,8,8,0,raw,5,False
269,1000.0,8,8,0,8,0,0,6.655374970472814,6.655374970472814,6.655374970472814,0.0,0.0,0.01391890415577869,1.0,0.0,False,0,0,0,0,0,0.0,0.0,0.0,0.0,0.0,0,0.0,0,0,disabled,disabled,True,normal,1,5,False,raw,0,0.0,0.0,trial:-1,0,False,disabled,0,0,False,raw,0,0.0,0.0,,0,False,disabled,False,raw,0.0,0.0,,,,,,,,False,0,0,0,0,0,0,0.0,0.0,0.7897919999777514,2.5992500000029395,3.5117919999834157,context_reentry_interference,v1_5_single_slot,CRA,v1_5_single_slot,single_slot_baseline,MockSimulator,43,none,none,-1,0,0,internal,0.0,0.0,0.0,0.0,0,False,0,False,-1,1,0.1,0.2,8,8,0,raw,5,False
270,1000.0,8,8,0,8,0,0,6.632051002443289,6.632051002443289,6.632051002443289,0.0,0.0,0.013683286342483376,1.0,0.0,False,0,0,0,0,0,0.0,0.0,0.0,0.0,0.0,0,0.0,0,0,disabled,disabled,True,normal,1,5,False,raw,0,0.0,0.0,trial:-1,0,False,disabled,0,0,False,raw,0,0.0,0.0,,0,False,disabled,False,raw,0.0,0.0,,,,,,,,False,0,0,0,0,0,0,0.0,0.0,0.7889169999941714,2.598042000016676,3.510999999974729,context_reentry_interference,v1_5_single_slot,CRA,v1_5_single_slot,single_slot_baseline,MockSimulator,43,none,none,-1,0,0,internal,0.0,0.0,0.0,0.0,0,False,0,False,-1,1,0.1,0.2,8,8,0,raw,5,False
271,1000.0,8,8,0,8,0,0,6.608843067094027,6.608843067094027,6.608843067094027,0.0,0.0,0.013451525680057563,1.0,0.0,False,0,0,0,0,0,0.0,0.0,0.0,0.0,0.0,0,0.0,0,0,disabled,disabled,True,normal,1,5,False,raw,0,0.0,0.0,trial:-1,0,False,disabled,0,0,False,raw,0,0.0,0.0,,0,False,disabled,False,raw,0.0,0.0,,,,,,,,False,0,0,0,0,0,0,0.0,0.0,0.7937910000066495,2.8327089999891086,3.749083000002429,context_reentry_interference,v1_5_single_slot,CRA,v1_5_single_slot,single_slot_baseline,MockSimulator,43,none,none,-1,0,0,internal,0.0,0.0,0.0,0.0,0,False,0,False,-1,1,0.1,0.2,8,8,0,raw,5,False
272,1000.0,8,8,0,8,0,0,6.585750585718503,6.585750585718503,6.585750585718503,0.0,0.0,0.01322356212959179,1.0,0.0,False,0,0,0,0,0,0.0,0.0,0.0,0.0,0.0,0,0.0,0,0,disabled,disabled,True,normal,1,5,False,raw,0,0.0,0.0,trial:-1,0,False,disabled,0,0,False,raw,0,0.0,0.0,,0,False,disabled,False,raw,0.0,0.0,,,,,,,,False,0,0,0,0,0,0,0.0,0.0,0.8067499999810934,2.6356250000105774,3.5726250000038817,context_reentry_interference,v1_5_single_slot,CRA,v1_5_single_slot,single_slot_baseline,MockSimulator,43,none,none,-1,0,0,internal,0.0,0.0,0.0,0.0,0,False,0,False,-1,1,0.1,0.2,8,8,0,raw,5,False
273,1000.0,8,8,0,8,0,0,6.562772982496504,6.562772982496504,6.562772982496504,0.0,0.0,0.012999336510872624,1.0,0.0,False,0,0,0,0,0,0.0,0.0,0.0,0.0,0.0,0,0.0,0,0,disabled,disabled,True,normal,1,5,False,raw,0,0.0,0.0,trial:-1,0,False,disabled,0,0,False,raw,0,0.0,0.0,,0,False,disabled,False,raw,0.0,0.0,,,,,,,,False,0,0,0,0,0,0,0.0,0.0,0.7839170000067952,2.6238749999834,3.5312090000161334,context_reentry_interference,v1_5_single_slot,CRA,v1_5_single_slot,single_slot_baseline,MockSimulator,43,none,none,-1,0,0,internal,0.0,0.0,0.0,0.0,0,False,0,False,-1,1,0.1,0.2,8,8,0,raw,5,False
274,1000.0,8,8,0,8,0,0,6.539909684479732,6.539909684479732,6.539909684479732,0.0,0.0,0.012778790492050388,1.0,0.0,False,0,0,0,0,0,0.0,0.0,0.0,0.0,0.0,0,0.0,0,0,disabled,disabled,True,normal,1,5,False,raw,0,0.0,0.0,trial:-1,0,False,disabled,0,0,False,raw,0,0.0,0.0,,0,False,disabled,False,raw,0.0,0.0,,,,,,,,False,0,0,0,0,0,0,0.0,0.0,0.7817919999979495,2.610457999992377,3.5155830000235255,context_reentry_interference,v1_5_single_slot,CRA,v1_5_single_slot,single_slot_baseline,MockSimulator,43,none,none,-1,0,0,internal,0.0,0.0,0.0,0.0,0,False,0,False,-1,1,0.1,0.2,8,8,0,raw,5,False
275,1000.0,8,8,0,8,0,0,6.517160121577478,6.517160121577478,6.517160121577478,0.0,0.0,0.012561866579376694,1.0,0.0,False,0,0,0,0,0,0.0,0.0,0.0,0.0,0.0,0,0.0,0,0,disabled,disabled,True,normal,1,5,False,raw,0,0.0,0.0,trial:-1,0,False,disabled,0,0,False,raw,0,0.0,0.0,,0,False,disabled,False,raw,0.0,0.0,,,,,,,,False,0,0,0,0,0,0,0.0,0.0,0.786500000003798,2.7735839999820655,3.6835409999866897,context_reentry_interference,v1_5_single_slot,CRA,v1_5_single_slot,single_slot_baseline,MockSimulator,43,none,none,-1,0,0,internal,0.0,0.0,0.0,0.0,0,False,0,False,-1,1,0.1,0.2,8,8,0,raw,5,False
276,1000.0,8,8,0,8,0,0,6.494523726542376,6.494523726542376,6.494523726542376,1.861504346487378e-07,-1.8615043464852279e-06,0.012348508107013125,1.0,1.861504346487378e-07,False,0,0,0,0,0,0.0,0.0,0.0,0.0,0.0,0,0.0,0,0,disabled,disabled,True,normal,1,5,True,internal_context_bound,1,0.01,0.01,phase:B,0,False,disabled,0,0,False,raw,0,0.01,0.01,,0,False,disabled,False,raw,0.01,0.01,,,,,,,,False,0,0,0,0,0,0,0.0,0.0,0.8302500000070268,2.798167000008789,3.7614999999959764,context_reentry_interference,v1_5_single_slot,CRA,v1_5_single_slot,single_slot_baseline,MockSimulator,43,decision,B_decision,6,-1,1,internal,0.01,0.01,-0.01,-0.01,-1,True,1,False,276,1,0.1,0.2,8,8,1,internal_context_bound,5,True
277,1000.0,8,8,0,8,0,0,6.471999934956213,6.471999934956213,6.471999934956213,0.0,0.0,0.01213865922691235,1.0,0.0,False,0,0,0,0,0,0.0,0.0,0.0,0.0,0.0,0,0.0,0,0,disabled,disabled,True,normal,1,5,False,raw,0,0.0,0.0,trial:-1,0,False,disabled,0,0,False,raw,0,0.0,0.0,,0,False,disabled,False,raw,0.0,0.0,,,,,,,,False,0,0,0,0,0,0,0.0,0.0,0.7917499999905431,2.6796670000237555,3.5957499999881293,context_reentry_interference,v1_5_single_slot,CRA,v1_5_single_slot,single_slot_baseline,MockSimulator,43,none,none,-1,0,0,internal,0.0,0.0,0.0,0.0,0,False,0,False,-1,1,0.1,0.2,8,8,0,raw,5,False
278,1000.0,8,8,0,8,0,0,6.449588185215827,6.449588185215827,6.449588185215827,0.0,0.0,0.011932264898772799,1.0,0.0,False,0,0,0,0,0,0.0,0.0,0.0,0.0,0.0,0,0.0,0,0,disabled,disabled,True,normal,1,5,False,raw,0,0.0,0.0,trial:-1,0,False,disabled,0,0,False,raw,0,0.0,0.0,,0,False,disabled,False,raw,0.0,0.0,,,,,,,,False,0,0,0,0,0,0,0.0,0.0,0.790124999980435,2.6784170000269114,3.5913749999849642,context_reentry_interference,v1_5_single_slot,CRA,v1_5_single_slot,single_slot_baseline,MockSimulator,43,none,none,-1,0,0,internal,0.0,0.0,0.0,0.0,0,False,0,False,-1,1,0.1,0.2,8,8,0,raw,5,False
279,1000.0,8,8,0,8,0,0,6.4272879185190614,6.4272879185190614,6.4272879185190614,0.0,0.0,0.011729270880068067,1.0,0.0,False,0,0,0,0,0,0.0,0.0,0.0,0.0,0.0,0,0.0,0,0,disabled,disabled,True,normal,1,5,False,raw,0,0.0,0.0,trial:-1,0,False,disabled,0,0,False,raw,0,0.0,0.0,,0,False,disabled,False,raw,0.0,0.0,,,,,,,,False,0,0,0,0,0,0,0.0,0.0,0.7869579999919551,2.6812499999948614,3.5917080000160695,context_reentry_interference,v1_5_single_slot,CRA,v1_5_single_slot,single_slot_baseline,MockSimulator,43,none,none,-1,0,0,internal,0.0,0.0,0.0,0.0,0,False,0,False,-1,1,0.1,0.2,8,8,0,raw,5,False
280,1000.0,8,8,0,8,0,0,6.405098578850797,6.405098578850797,6.405098578850797,0.0,0.0,0.011529623716152014,1.0,0.0,False,0,0,0,0,0,0.0,0.0,0.0,0.0,0.0,0,0.0,0,0,disabled,disabled,True,normal,1,5,False,raw,0,0.0,0.0,trial:-1,0,False,disabled,0,0,False,raw,0,0.0,0.0,,0,False,disabled,False,raw,0.0,0.0,,,,,,,,False,0,0,0,0,0,0,0.0,0.0,0.8113339999908931,2.8234579999946163,3.7572089999855507,context_reentry_interference,v1_5_single_slot,CRA,v1_5_single_slot,single_slot_baseline,MockSimulator,43,none,none,-1,0,0,internal,0.0,0.0,0.0,0.0,0,False,0,False,-1,1,0.1,0.2,8,8,0,raw,5,False
281,1000.0,8,8,0,8,0,0,6.383019612969053,6.383019612969053,6.383019612969053,0.0,0.0,0.011333270730440576,1.0,0.0,False,0,0,0,0,0,0.0,0.0,0.0,0.0,0.0,0,0.0,0,0,disabled,disabled,True,normal,1,5,False,raw,0,0.0,0.0,trial:-1,0,False,disabled,0,0,False,raw,0,0.0,0.0,,0,False,disabled,False,raw,0.0,0.0,,,,,,,,False,0,0,0,0,0,0,0.0,0.0,0.8081249999918327,2.711709000010387,3.650832999994691,context_reentry_interference,v1_5_single_slot,CRA,v1_5_single_slot,single_slot_baseline,MockSimulator,43,none,none,-1,0,0,internal,0.0,0.0,0.0,0.0,0,False,0,False,-1,1,0.1,0.2,8,8,0,raw,5,False
282,1000.0,8,8,0,8,0,0,6.3610504703911515,6.3610504703911515,6.3610504703911515,0.0,0.0,0.011140160014671135,1.0,0.0,False,0,0,0,0,0,0.0,0.0,0.0,0.0,0.0,0,0.0,0,0,disabled,disabled,True,normal,1,5,False,raw,0,0.0,0.0,trial:-1,0,False,disabled,0,0,False,raw,0,0.0,0.0,,0,False,disabled,False,raw,0.0,0.0,,,,,,,,False,0,0,0,0,0,0,0.0,0.0,0.7920420000004924,2.702167000023792,3.6187909999796375,context_reentry_interference,v1_5_single_slot,CRA,v1_5_single_slot,single_slot_baseline,MockSimulator,43,none,none,-1,0,0,internal,0.0,0.0,0.0,0.0,0,False,0,False,-1,1,0.1,0.2,8,8,0,raw,5,False
283,1000.0,8,8,0,8,0,0,6.339190603379959,6.339190603379959,6.339190603379959,0.0,0.0,0.010950240419240295,1.0,0.0,False,0,0,0,0,0,0.0,0.0,0.0,0.0,0.0,0,0.0,0,0,disabled,disabled,True,normal,1,5,False,raw,0,0.0,0.0,trial:-1,0,False,disabled,0,0,False,raw,0,0.0,0.0,,0,False,disabled,False,raw,0.0,0.0,,,,,,,,False,0,0,0,0,0,0,0.0,0.0,0.7908330000248043,2.7167499999904976,3.630708000002869,context_reentry_interference,v1_5_single_slot,CRA,v1_5_single_slot,single_slot_baseline,MockSimulator,43,none,none,-1,0,0,internal,0.0,0.0,0.0,0.0,0,False,0,False,-1,1,0.1,0.2,8,8,0,raw,5,False
284,1000.0,8,8,0,8,0,0,6.317439466930193,6.317439466930193,6.317439466930193,0.0,0.0,0.010763461543620822,1.0,0.0,False,0,0,0,0,0,0.0,0.0,0.0,0.0,0.0,0,0.0,0,0,disabled,disabled,True,normal,1,5,False,raw,0,0.0,0.0,trial:-1,0,False,disabled,0,0,False,raw,0,0.0,0.0,,0,False,disabled,False,raw,0.0,0.0,,,,,,,,False,0,0,0,0,0,0,0.0,0.0,0.7895419999783826,2.7073330000177975,3.621333000012328,context_reentry_interference,v1_5_single_slot,CRA,v1_5_single_slot,single_slot_baseline,MockSimulator,43,none,none,-1,0,0,internal,0.0,0.0,0.0,0.0,0,False,0,False,-1,1,0.1,0.2,8,8,0,raw,5,False
285,1000.0,8,8,0,8,0,0,6.295796518754796,6.295796518754796,6.295796518754796,0.0,0.0,0.01057977372685843,1.0,0.0,False,0,0,0,0,0,0.0,0.0,0.0,0.0,0.0,0,0.0,0,0,disabled,disabled,True,normal,1,5,False,raw,0,0.0,0.0,trial:-1,0,False,disabled,0,0,False,raw,0,0.0,0.0,,0,False,disabled,False,raw,0.0,0.0,,,,,,,,False,0,0,0,0,0,0,0.0,0.0,0.8722089999935179,2.871749999997064,3.8672500000132004,context_reentry_interference,v1_5_single_slot,CRA,v1_5_single_slot,single_slot_baseline,MockSimulator,43,none,none,-1,0,0,internal,0.0,0.0,0.0,0.0,0,False,0,False,-1,1,0.1,0.2,8,8,0,raw,5,False
286,1000.0,8,8,0,8,0,0,6.274261219271376,6.274261219271376,6.274261219271376,0.0,0.0,0.010399128038149087,1.0,0.0,False,0,0,0,0,0,0.0,0.0,0.0,0.0,0.0,0,0.0,0,0,disabled,disabled,True,normal,1,5,False,raw,0,0.0,0.0,trial:-1,0,False,disabled,0,0,False,raw,0,0.0,0.0,,0,False,disabled,False,raw,0.0,0.0,,,,,,,,False,0,0,0,0,0,0,0.0,0.0,0.8005420000074537,2.7740000000164855,3.705333999988625,context_reentry_interference,v1_5_single_slot,CRA,v1_5_single_slot,single_slot_baseline,MockSimulator,43,none,none,-1,0,0,internal,0.0,0.0,0.0,0.0,0,False,0,False,-1,1,0.1,0.2,8,8,0,raw,5,False
287,1000.0,8,8,0,8,0,0,6.252833031588723,6.252833031588723,6.252833031588723,0.0,0.0,0.010221476267497373,1.0,0.0,False,0,0,0,0,0,0.0,0.0,0.0,0.0,0.0,0,0.0,0,0,disabled,disabled,True,normal,1,5,False,raw,0,0.0,0.0,trial:-1,0,False,disabled,0,0,False,raw,0,0.0,0.0,,0,False,disabled,False,raw,0.0,0.0,,,,,,,,False,0,0,0,0,0,0,0.0,0.0,0.7865829999786911,2.750708000007762,3.6599160000037045,context_reentry_interference,v1_5_single_slot,CRA,v1_5_single_slot,single_slot_baseline,MockSimulator,43,none,none,-1,0,0,internal,0.0,0.0,0.0,0.0,0,False,0,False,-1,1,0.1,0.2,8,8,0,raw,5,False
288,1000.0,8,8,0,8,0,0,6.231511421493378,6.231511421493378,6.231511421493378,0.0,0.0,0.010046770916456468,1.0,0.0,False,0,0,0,0,0,0.0,0.0,0.0,0.0,0.0,0,0.0,0,0,disabled,disabled,True,normal,1,5,False,raw,0,0.0,0.0,trial:-1,0,False,disabled,0,0,False,raw,0,0.0,0.0,,0,False,disabled,False,raw,0.0,0.0,,,,,,,,False,0,0,0,0,0,0,0.0,0.0,0.7899999999949614,2.7687500000013188,3.6823750000110067,context_reentry_interference,v1_5_single_slot,CRA,v1_5_single_slot,single_slot_baseline,MockSimulator,43,none,none,-1,0,0,internal,0.0,0.0,0.0,0.0,0,False,0,False,-1,1,0.1,0.2,8,8,0,raw,5,False
289,1000.0,8,8,0,8,0,0,6.210295857436288,6.210295857436288,6.210295857436288,0.0,0.0,0.0098749651889502,1.0,0.0,False,0,0,0,0,0,0.0,0.0,0.0,0.0,0.0,0,0.0,0,0,disabled,disabled,True,normal,1,5,False,raw,0,0.0,0.0,trial:-1,0,False,disabled,0,0,False,raw,0,0.0,0.0,,0,False,disabled,False,raw,0.0,0.0,,,,,,,,False,0,0,0,0,0,0,0.0,0.0,0.7903749999798038,2.967500000011114,3.8804579999975886,context_reentry_interference,v1_5_single_slot,CRA,v1_5_single_slot,single_slot_baseline,MockSimulator,43,none,none,-1,0,0,internal,0.0,0.0,0.0,0.0,0,False,0,False,-1,1,0.1,0.2,8,8,0,raw,5,False
290,1000.0,8,8,0,8,0,0,6.189185810519506,6.189185810519506,6.189185810519506,0.0,0.0,0.009706012982177601,1.0,0.0,False,0,0,0,0,0,0.0,0.0,0.0,0.0,0.0,0,0.0,0,0,disabled,disabled,True,normal,1,5,False,raw,0,0.0,0.0,trial:-1,0,False,disabled,0,0,False,raw,0,0.0,0.0,,0,False,disabled,False,raw,0.0,0.0,,,,,,,,False,0,0,0,0,0,0,0.0,0.0,0.8037499999886677,2.8204580000021906,3.754041999997071,context_reentry_interference,v1_5_single_slot,CRA,v1_5_single_slot,single_slot_baseline,MockSimulator,43,none,none,-1,0,0,internal,0.0,0.0,0.0,0.0,0,False,0,False,-1,1,0.1,0.2,8,8,0,raw,5,False
291,1000.0,8,8,0,8,0,0,6.168180754482978,6.168180754482978,6.168180754482978,0.0,0.0,0.009539868877600326,1.0,0.0,False,0,0,0,0,0,0.0,0.0,0.0,0.0,0.0,0,0.0,0,0,disabled,disabled,True,normal,1,5,False,raw,0,0.0,0.0,trial:-1,0,False,disabled,0,0,False,raw,0,0.0,0.0,,0,False,disabled,False,raw,0.0,0.0,,,,,,,,False,0,0,0,0,0,0,0.0,0.0,0.789458000014065,2.771959000000379,3.68587500000217,context_reentry_interference,v1_5_single_slot,CRA,v1_5_single_slot,single_slot_baseline,MockSimulator,43,none,none,-1,0,0,internal,0.0,0.0,0.0,0.0,0,False,0,False,-1,1,0.1,0.2,8,8,0,raw,5,False
292,1000.0,8,8,0,8,0,0,6.147280165691382,6.147280165691382,6.147280165691382,0.0,0.0,0.00937648813201327,1.0,0.0,False,0,0,0,0,0,0.0,0.0,0.0,0.0,0.0,0,0.0,0,0,disabled,disabled,True,normal,1,5,False,raw,0,0.0,0.0,trial:-1,0,False,disabled,0,0,False,raw,0,0.0,0.0,,0,False,disabled,False,raw,0.0,0.0,,,,,,,,False,0,0,0,0,0,0,0.0,0.0,0.787583000004588,2.788374999994403,3.6999170000058257,context_reentry_interference,v1_5_single_slot,CRA,v1_5_single_slot,single_slot_baseline,MockSimulator,43,none,none,-1,0,0,internal,0.0,0.0,0.0,0.0,0,False,0,False,-1,1,0.1,0.2,8,8,0,raw,5,False
293,1000.0,8,8,0,8,0,0,6.1264835231210375,6.1264835231210375,6.1264835231210375,0.0,0.0,0.009215826668698657,1.0,0.0,False,0,0,0,0,0,0.0,0.0,0.0,0.0,0.0,0,0.0,0,0,disabled,disabled,True,normal,1,5,False,raw,0,0.0,0.0,trial:-1,0,False,disabled,0,0,False,raw,0,0.0,0.0,,0,False,disabled,False,raw,0.0,0.0,,,,,,,,False,0,0,0,0,0,0,0.0,0.0,0.7891250000113814,2.9669159999912154,3.8782919999960086,context_reentry_interference,v1_5_single_slot,CRA,v1_5_single_slot,single_slot_baseline,MockSimulator,43,none,none,-1,0,0,internal,0.0,0.0,0.0,0.0,0,False,0,False,-1,1,0.1,0.2,8,8,0,raw,5,False
294,1000.0,8,8,0,8,0,0,6.10579030834688,6.10579030834688,6.10579030834688,0.0,0.0,0.009057841068663822,1.0,0.0,False,0,0,0,0,0,0.0,0.0,0.0,0.0,0.0,0,0.0,0,0,disabled,disabled,True,normal,1,5,False,raw,0,0.0,0.0,trial:-1,0,False,disabled,0,0,False,raw,0,0.0,0.0,,0,False,disabled,False,raw,0.0,0.0,,,,,,,,False,0,0,0,0,0,0,0.0,0.0,0.8180419999916921,2.8695830000060596,3.8237500000093405,context_reentry_interference,v1_5_single_slot,CRA,v1_5_single_slot,single_slot_baseline,MockSimulator,43,none,none,-1,0,0,internal,0.0,0.0,0.0,0.0,0,False,0,False,-1,1,0.1,0.2,8,8,0,raw,5,False
295,1000.0,8,8,0,8,0,0,6.085200005529502,6.085200005529502,6.085200005529502,0.0,0.0,0.008902488561962902,1.0,0.0,False,0,0,0,0,0,0.0,0.0,0.0,0.0,0.0,0,0.0,0,0,disabled,disabled,True,normal,1,5,False,raw,0,0.0,0.0,trial:-1,0,False,disabled,0,0,False,raw,0,0.0,0.0,,0,False,disabled,False,raw,0.0,0.0,,,,,,,,False,0,0,0,0,0,0,0.0,0.0,0.7913329999951202,2.8344170000025315,3.7503749999814318,context_reentry_interference,v1_5_single_slot,CRA,v1_5_single_slot,single_slot_baseline,MockSimulator,43,none,none,-1,0,0,internal,0.0,0.0,0.0,0.0,0,False,0,False,-1,1,0.1,0.2,8,8,0,raw,5,False
296,1000.0,8,8,0,8,0,0,6.064712101402252,6.064712101402252,6.064712101402252,0.0,0.0,0.008749727019102553,1.0,0.0,False,0,0,0,0,0,0.0,0.0,0.0,0.0,0.0,0,0.0,0,0,disabled,disabled,True,normal,1,5,False,raw,0,0.0,0.0,trial:-1,0,False,disabled,0,0,False,raw,0,0.0,0.0,,0,False,disabled,False,raw,0.0,0.0,,,,,,,,False,0,0,0,0,0,0,0.0,0.0,0.7937910000066495,2.82950000001847,3.7466660000120555,context_reentry_interference,v1_5_single_slot,CRA,v1_5_single_slot,single_slot_baseline,MockSimulator,43,none,none,-1,0,0,internal,0.0,0.0,0.0,0.0,0,False,0,False,-1,1,0.1,0.2,8,8,0,raw,5,False
297,1000.0,8,8,0,8,0,0,6.04432608525841,6.04432608525841,6.04432608525841,0.0,0.0,0.008599514942531833,1.0,0.0,False,0,0,0,0,0,0.0,0.0,0.0,0.0,0.0,0,0.0,0,0,disabled,disabled,True,normal,1,5,False,raw,0,0.0,0.0,trial:-1,0,False,disabled,0,0,False,raw,0,0.0,0.0,,0,False,disabled,False,raw,0.0,0.0,,,,,,,,False,0,0,0,0,0,0,0.0,0.0,0.7896249999816973,2.907292000003281,3.820541999999705,context_reentry_interference,v1_5_single_slot,CRA,v1_5_single_slot,single_slot_baseline,MockSimulator,43,none,none,-1,0,0,internal,0.0,0.0,0.0,0.0,0,False,0,False,-1,1,0.1,0.2,8,8,0,raw,5,False
298,1000.0,8,8,0,8,0,0,6.024041448938413,6.024041448938413,6.024041448938413,0.0,0.0,0.0084518114582163,1.0,0.0,False,0,0,0,0,0,0.0,0.0,0.0,0.0,0.0,0,0.0,0,0,disabled,disabled,True,normal,1,5,False,raw,0,0.0,0.0,trial:-1,0,False,disabled,0,0,False,raw,0,0.0,0.0,,0,False,disabled,False,raw,0.0,0.0,,,,,,,,False,0,0,0,0,0,0,0.0,0.0,0.8222499999988031,2.9504169999938767,3.904374999990523,context_reentry_interference,v1_5_single_slot,CRA,v1_5_single_slot,single_slot_baseline,MockSimulator,43,none,none,-1,0,0,internal,0.0,0.0,0.0,0.0,0,False,0,False,-1,1,0.1,0.2,8,8,0,raw,5,False
299,1000.0,8,8,0,8,0,0,6.003857686817158,6.003857686817158,6.003857686817158,0.0,0.0,0.008306576307296377,1.0,0.0,False,0,0,0,0,0,0.0,0.0,0.0,0.0,0.0,0,0.0,0,0,disabled,disabled,True,normal,1,5,False,raw,0,0.0,0.0,trial:-1,0,False,disabled,0,0,False,raw,0,0.0,0.0,,0,False,disabled,False,raw,0.0,0.0,,,,,,,,False,0,0,0,0,0,0,0.0,0.0,0.7877080000184833,2.872375000009697,3.7862920000009126,context_reentry_interference,v1_5_single_slot,CRA,v1_5_single_slot,single_slot_baseline,MockSimulator,43,none,none,-1,0,0,internal,0.0,0.0,0.0,0.0,0,False,0,False,-1,1,0.1,0.2,8,8,0,raw,5,False
300,1000.0,8,8,0,8,0,0,5.983774295791354,5.983774295791354,5.983774295791354,-1.8428893030420627e-08,-1.842889303042042e-07,0.008163769837829965,1.0,-1.8428893030420627e-08,False,0,0,0,0,0,0.0,0.0,0.0,0.0,0.0,0,0.0,0,0,disabled,disabled,True,normal,1,5,True,internal_context_bound,-1,-0.01,-0.01,phase:B,0,False,disabled,0,0,False,raw,0,-0.01,-0.01,,0,False,disabled,False,raw,-0.01,-0.01,,,,,,,,False,0,0,0,0,0,0,0.0,0.0,0.786500000003798,2.884999999992033,3.794792000007874,context_reentry_interference,v1_5_single_slot,CRA,v1_5_single_slot,single_slot_baseline,MockSimulator,43,decision,B_decision,7,-1,-1,internal,-0.01,-0.01,0.01,0.01,1,True,-1,False,300,1,0.1,0.2,8,8,-1,internal_context_bound,5,True
301,1000.0,8,8,0,8,0,0,5.963790775266948,5.963790775266948,5.963790775266948,0.0,0.0,0.00802335299661929,1.0,0.0,False,0,0,0,0,0,0.0,0.0,0.0,0.0,0.0,0,0.0,0,0,disabled,disabled,True,normal,1,5,False,raw,0,0.0,0.0,trial:-1,0,False,disabled,0,0,False,raw,0,0.0,0.0,,0,False,disabled,False,raw,0.0,0.0,,,,,,,,False,0,0,0,0,0,0,0.0,0.0,0.7951659999889671,2.8492920000076083,3.7690829999803555,context_reentry_interference,v1_5_single_slot,CRA,v1_5_single_slot,single_slot_baseline,MockSimulator,43,none,none,-1,0,0,internal,0.0,0.0,0.0,0.0,0,False,0,False,-1,1,0.1,0.2,8,8,0,raw,5,False
302,1000.0,8,8,0,8,0,0,5.943906627146614,5.943906627146614,5.943906627146614,0.0,0.0,0.007885287321121908,1.0,0.0,False,0,0,0,0,0,0.0,0.0,0.0,0.0,0.0,0,0.0,0,0,disabled,disabled,True,normal,1,5,False,raw,0,0.0,0.0,trial:-1,0,False,disabled,0,0,False,raw,0,0.0,0.0,,0,False,disabled,False,raw,0.0,0.0,,,,,,,,False,0,0,0,0,0,0,0.0,0.0,0.8784590000061598,3.011874999998554,4.013125000000173,context_reentry_interference,v1_5_single_slot,CRA,v1_5_single_slot,single_slot_baseline,MockSimulator,43,none,none,-1,0,0,internal,0.0,0.0,0.0,0.0,0,False,0,False,-1,1,0.1,0.2,8,8,0,raw,5,False
303,1000.0,8,8,0,8,0,0,5.924121355817292,5.924121355817292,5.924121355817292,0.0,0.0,0.007749534931445775,1.0,0.0,False,0,0,0,0,0,0.0,0.0,0.0,0.0,0.0,0,0.0,0,0,disabled,disabled,True,normal,1,5,False,raw,0,0.0,0.0,trial:-1,0,False,disabled,0,0,False,raw,0,0.0,0.0,,0,False,disabled,False,raw,0.0,0.0,,,,,,,,False,0,0,0,0,0,0,0.0,0.0,0.7991249999861338,2.9085410000107004,3.8379159999806234,context_reentry_interference,v1_5_single_slot,CRA,v1_5_single_slot,single_slot_baseline,MockSimulator,43,none,none,-1,0,0,internal,0.0,0.0,0.0,0.0,0,False,0,False,-1,1,0.1,0.2,8,8,0,raw,5,False
304,1000.0,8,8,0,8,0,0,5.9044344681378025,5.9044344681378025,5.9044344681378025,0.0,0.0,0.007616058522428239,1.0,0.0,False,0,0,0,0,0,0.0,0.0,0.0,0.0,0.0,0,0.0,0,0,disabled,disabled,True,normal,1,5,False,raw,0,0.0,0.0,trial:-1,0,False,disabled,0,0,False,raw,0,0.0,0.0,,0,False,disabled,False,raw,0.0,0.0,,,,,,,,False,0,0,0,0,0,0,0.0,0.0,0.7907920000036484,2.934041999992587,3.8486250000175914,context_reentry_interference,v1_5_single_slot,CRA,v1_5_single_slot,single_slot_baseline,MockSimulator,43,none,none,-1,0,0,internal,0.0,0.0,0.0,0.0,0,False,0,False,-1,1,0.1,0.2,8,8,0,raw,5,False
305,1000.0,8,8,0,8,0,0,5.884845473426521,5.884845473426521,5.884845473426521,0.0,0.0,0.007484821355798826,1.0,0.0,False,0,0,0,0,0,0.0,0.0,0.0,0.0,0.0,0,0.0,0,0,disabled,disabled,True,normal,1,5,False,raw,0,0.0,0.0,trial:-1,0,False,disabled,0,0,False,raw,0,0.0,0.0,,0,False,disabled,False,raw,0.0,0.0,,,,,,,,False,0,0,0,0,0,0,0.0,0.0,0.7906250000075943,2.906166000002486,3.820042000000967,context_reentry_interference,v1_5_single_slot,CRA,v1_5_single_slot,single_slot_baseline,MockSimulator,43,none,none,-1,0,0,internal,0.0,0.0,0.0,0.0,0,False,0,False,-1,1,0.1,0.2,8,8,0,raw,5,False
306,1000.0,8,8,0,8,0,0,5.865353883449106,5.865353883449106,5.865353883449106,0.0,0.0,0.0073557872524256185,1.0,0.0,False,0,0,0,0,0,0.0,0.0,0.0,0.0,0.0,0,0.0,0,0,disabled,disabled,True,normal,1,5,False,raw,0,0.0,0.0,trial:-1,0,False,disabled,0,0,False,raw,0,0.0,0.0,,0,False,disabled,False,raw,0.0,0.0,,,,,,,,False,0,0,0,0,0,0,0.0,0.0,0.8074170000043068,3.0891659999952026,4.01895799998897,context_reentry_interference,v1_5_single_slot,CRA,v1_5_single_slot,single_slot_baseline,MockSimulator,43,none,none,-1,0,0,internal,0.0,0.0,0.0,0.0,0,False,0,False,-1,1,0.1,0.2,8,8,0,raw,5,False
307,1000.0,8,8,0,8,0,0,5.845959212406291,5.845959212406291,5.845959212406291,0.0,0.0,0.00722892058464502,1.0,0.0,False,0,0,0,0,0,0.0,0.0,0.0,0.0,0.0,0,0.0,0,0,disabled,disabled,True,normal,1,5,False,raw,0,0.0,0.0,trial:-1,0,False,disabled,0,0,False,raw,0,0.0,0.0,,0,False,disabled,False,raw,0.0,0.0,,,,,,,,False,0,0,0,0,0,0,0.0,0.0,0.8034580000071401,2.950374999983296,3.8839580000171736,context_reentry_interference,v1_5_single_slot,CRA,v1_5_single_slot,single_slot_baseline,MockSimulator,43,none,none,-1,0,0,internal,0.0,0.0,0.0,0.0,0,False,0,False,-1,1,0.1,0.2,8,8,0,raw,5,False
308,1000.0,8,8,0,8,0,0,5.82666097692175,5.82666097692175,5.82666097692175,0.0,0.0,0.007104186268674674,1.0,0.0,False,0,0,0,0,0,0.0,0.0,0.0,0.0,0.0,0,0.0,0,0,disabled,disabled,True,normal,1,5,False,raw,0,0.0,0.0,trial:-1,0,False,disabled,0,0,False,raw,0,0.0,0.0,,0,False,disabled,False,raw,0.0,0.0,,,,,,,,False,0,0,0,0,0,0,0.0,0.0,0.7893339999895943,2.954208000005565,3.8662080000051446,context_reentry_interference,v1_5_single_slot,CRA,v1_5_single_slot,single_slot_baseline,MockSimulator,43,none,none,-1,0,0,internal,0.0,0.0,0.0,0.0,0,False,0,False,-1,1,0.1,0.2,8,8,0,raw,5,False
309,1000.0,8,8,0,8,0,0,5.80745869603,5.80745869603,5.80745869603,0.0,0.0,0.006981549757109284,1.0,0.0,False,0,0,0,0,0,0.0,0.0,0.0,0.0,0.0,0,0.0,0,0,disabled,disabled,True,normal,1,5,False,raw,0,0.0,0.0,trial:-1,0,False,disabled,0,0,False,raw,0,0.0,0.0,,0,False,disabled,False,raw,0.0,0.0,,,,,,,,False,0,0,0,0,0,0,0.0,0.0,0.787374999987378,2.947625000018661,3.8576250000232903,context_reentry_interference,v1_5_single_slot,CRA,v1_5_single_slot,single_slot_baseline,MockSimulator,43,none,none,-1,0,0,internal,0.0,0.0,0.0,0.0,0,False,0,False,-1,1,0.1,0.2,8,8,0,raw,5,False
310,1000.0,8,8,0,8,0,0,5.788351891164387,5.788351891164387,5.788351891164387,0.0,0.0,0.00686097703149904,1.0,0.0,False,0,0,0,0,0,0.0,0.0,0.0,0.0,0.0,0,0.0,0,0,disabled,disabled,True,normal,1,5,False,raw,0,0.0,0.0,trial:-1,0,False,disabled,0,0,False,raw,0,0.0,0.0,,0,False,disabled,False,raw,0.0,0.0,,,,,,,,False,0,0,0,0,0,0,0.0,0.0,0.787416000008534,3.139374999989286,4.050832999979548,context_reentry_interference,v1_5_single_slot,CRA,v1_5_single_slot,single_slot_baseline,MockSimulator,43,none,none,-1,0,0,internal,0.0,0.0,0.0,0.0,0,False,0,False,-1,1,0.1,0.2,8,8,0,raw,5,False
311,1000.0,8,8,0,8,0,0,5.7693400861451165,5.7693400861451165,5.7693400861451165,0.0,0.0,0.0067424345950103624,1.0,0.0,False,0,0,0,0,0,0.0,0.0,0.0,0.0,0.0,0,0.0,0,0,disabled,disabled,True,normal,1,5,False,raw,0,0.0,0.0,trial:-1,0,False,disabled,0,0,False,raw,0,0.0,0.0,,0,False,disabled,False,raw,0.0,0.0,,,,,,,,False,0,0,0,0,0,0,0.0,0.0,0.8066250000240416,2.985957999982247,3.922665999994024,context_reentry_interference,v1_5_single_slot,CRA,v1_5_single_slot,single_slot_baseline,MockSimulator,43,none,none,-1,0,0,internal,0.0,0.0,0.0,0.0,0,False,0,False,-1,1,0.1,0.2,8,8,0,raw,5,False
312,1000.0,8,8,0,8,0,0,5.750422807167349,5.750422807167349,5.750422807167349,0.0,0.0,0.006625889465168632,1.0,0.0,False,0,0,0,0,0,0.0,0.0,0.0,0.0,0.0,0,0.0,0,0,disabled,disabled,True,normal,1,5,False,raw,0,0.0,0.0,trial:-1,0,False,disabled,0,0,False,raw,0,0.0,0.0,,0,False,disabled,False,raw,0.0,0.0,,,,,,,,False,0,0,0,0,0,0,0.0,0.0,0.7889589999763302,2.9737080000131755,3.886166999990337,context_reentry_interference,v1_5_single_slot,CRA,v1_5_single_slot,single_slot_baseline,MockSimulator,43,none,none,-1,0,0,internal,0.0,0.0,0.0,0.0,0,False,0,False,-1,1,0.1,0.2,8,8,0,raw,5,False
313,1000.0,8,8,0,8,0,0,5.731599582789359,5.731599582789359,5.731599582789359,0.0,0.0,0.006511309166682567,1.0,0.0,False,0,0,0,0,0,0.0,0.0,0.0,0.0,0.0,0,0.0,0,0,disabled,disabled,True,normal,1,5,False,raw,0,0.0,0.0,trial:-1,0,False,disabled,0,0,False,raw,0,0.0,0.0,,0,False,disabled,False,raw,0.0,0.0,,,,,,,,False,0,0,0,0,0,0,0.0,0.0,0.7864170000004833,2.9603330000043115,3.870500000004995,context_reentry_interference,v1_5_single_slot,CRA,v1_5_single_slot,single_slot_baseline,MockSimulator,43,none,none,-1,0,0,internal,0.0,0.0,0.0,0.0,0,False,0,False,-1,1,0.1,0.2,8,8,0,raw,5,False
314,1000.0,8,8,0,8,0,0,5.712869943920745,5.712869943920745,5.712869943920745,0.0,0.0,0.006398661724349876,1.0,0.0,False,0,0,0,0,0,0.0,0.0,0.0,0.0,0.0,0,0.0,0,0,disabled,disabled,True,normal,1,5,False,raw,0,0.0,0.0,trial:-1,0,False,disabled,0,0,False,raw,0,0.0,0.0,,0,False,disabled,False,raw,0.0,0.0,,,,,,,,False,0,0,0,0,0,0,0.0,0.0,0.8374579999781417,3.1770830000255046,4.137082999989161,context_reentry_interference,v1_5_single_slot,CRA,v1_5_single_slot,single_slot_baseline,MockSimulator,43,none,none,-1,0,0,internal,0.0,0.0,0.0,0.0,0,False,0,False,-1,1,0.1,0.2,8,8,0,raw,5,False
315,1000.0,8,8,0,8,0,0,5.694233423810702,5.694233423810702,5.694233423810702,0.0,0.0,0.006287915656043821,1.0,0.0,False,0,0,0,0,0,0.0,0.0,0.0,0.0,0.0,0,0.0,0,0,disabled,disabled,True,normal,1,5,False,raw,0,0.0,0.0,trial:-1,0,False,disabled,0,0,False,raw,0,0.0,0.0,,0,False,disabled,False,raw,0.0,0.0,,,,,,,,False,0,0,0,0,0,0,0.0,0.0,0.803291000011086,3.0370000000061737,3.968958000001521,context_reentry_interference,v1_5_single_slot,CRA,v1_5_single_slot,single_slot_baseline,MockSimulator,43,none,none,-1,0,0,internal,0.0,0.0,0.0,0.0,0,False,0,False,-1,1,0.1,0.2,8,8,0,raw,5,False
316,1000.0,8,8,0,8,0,0,5.675689558036355,5.675689558036355,5.675689558036355,0.0,0.0,0.006179039965780267,1.0,0.0,False,0,0,0,0,0,0.0,0.0,0.0,0.0,0.0,0,0.0,0,0,disabled,disabled,True,normal,1,5,False,raw,0,0.0,0.0,trial:-1,0,False,disabled,0,0,False,raw,0,0.0,0.0,,0,False,disabled,False,raw,0.0,0.0,,,,,,,,False,0,0,0,0,0,0,0.0,0.0,0.7943340000053922,3.0113330000176575,3.9295830000014575,context_reentry_interference,v1_5_single_slot,CRA,v1_5_single_slot,single_slot_baseline,MockSimulator,43,none,none,-1,0,0,internal,0.0,0.0,0.0,0.0,0,False,0,False,-1,1,0.1,0.2,8,8,0,raw,5,False
317,1000.0,8,8,0,8,0,0,5.657237884491149,5.657237884491149,5.657237884491149,0.0,0.0,0.006072004136864838,1.0,0.0,False,0,0,0,0,0,0.0,0.0,0.0,0.0,0.0,0,0.0,0,0,disabled,disabled,True,normal,1,5,False,raw,0,0.0,0.0,trial:-1,0,False,disabled,0,0,False,raw,0,0.0,0.0,,0,False,disabled,False,raw,0.0,0.0,,,,,,,,False,0,0,0,0,0,0,0.0,0.0,0.7886249999842221,3.013957999996819,3.926999999976033,context_reentry_interference,v1_5_single_slot,CRA,v1_5_single_slot,single_slot_baseline,MockSimulator,43,none,none,-1,0,0,internal,0.0,0.0,0.0,0.0,0,False,0,False,-1,1,0.1,0.2,8,8,0,raw,5,False
318,1000.0,8,8,0,8,0,0,5.638877943373292,5.638877943373292,5.638877943373292,0.0,0.0,0.005966778125119715,1.0,0.0,False,0,0,0,0,0,0.0,0.0,0.0,0.0,0.0,0,0.0,0,0,disabled,disabled,True,normal,1,5,False,raw,0,0.0,0.0,trial:-1,0,False,disabled,0,0,False,raw,0,0.0,0.0,,0,False,disabled,False,raw,0.0,0.0,,,,,,,,False,0,0,0,0,0,0,0.0,0.0,0.8679999999969823,3.172082999981285,4.172500000009904,context_reentry_interference,v1_5_single_slot,CRA,v1_5_single_slot,single_slot_baseline,MockSimulator,43,none,none,-1,0,0,internal,0.0,0.0,0.0,0.0,0,False,0,False,-1,1,0.1,0.2,8,8,0,raw,5,False
319,1000.0,8,8,0,8,0,0,5.620609277174267,5.620609277174267,5.620609277174267,0.0,0.0,0.0058633323521896505,1.0,0.0,False,0,0,0,0,0,0.0,0.0,0.0,0.0,0.0,0,0.0,0,0,disabled,disabled,True,normal,1,5,False,raw,0,0.0,0.0,trial:-1,0,False,disabled,0,0,False,raw,0,0.0,0.0,,0,False,disabled,False,raw,0.0,0.0,,,,,,,,False,0,0,0,0,0,0,0.0,0.0,0.7951249999962329,3.060124999990421,3.9829160000124375,context_reentry_interference,v1_5_single_slot,CRA,v1_5_single_slot,single_slot_baseline,MockSimulator,43,none,none,-1,0,0,internal,0.0,0.0,0.0,0.0,0,False,0,False,-1,1,0.1,0.2,8,8,0,raw,5,False
320,1000.0,8,8,0,8,0,0,5.602431430667384,5.602431430667384,5.602431430667384,0.0,0.0,0.00576163769892674,1.0,0.0,False,0,0,0,0,0,0.0,0.0,0.0,0.0,0.0,0,0.0,0,0,disabled,disabled,True,normal,1,5,False,raw,0,0.0,0.0,trial:-1,0,False,disabled,0,0,False,raw,0,0.0,0.0,,0,False,disabled,False,raw,0.0,0.0,,,,,,,,False,0,0,0,0,0,0,0.0,0.0,0.7979169999998703,3.08125000000814,4.0045420000183185,context_reentry_interference,v1_5_single_slot,CRA,v1_5_single_slot,single_slot_baseline,MockSimulator,43,none,none,-1,0,0,internal,0.0,0.0,0.0,0.0,0,False,0,False,-1,1,0.1,0.2,8,8,0,raw,5,False
321,1000.0,8,8,0,8,0,0,5.58434395089641,5.58434395089641,5.58434395089641,0.0,0.0,0.005661665498853471,1.0,0.0,False,0,0,0,0,0,0.0,0.0,0.0,0.0,0.0,0,0.0,0,0,disabled,disabled,True,normal,1,5,False,raw,0,0.0,0.0,trial:-1,0,False,disabled,0,0,False,raw,0,0.0,0.0,,0,False,disabled,False,raw,0.0,0.0,,,,,,,,False,0,0,0,0,0,0,0.0,0.0,0.7898750000094878,3.069084000003386,3.982791999987967,context_reentry_interference,v1_5_single_slot,CRA,v1_5_single_slot,single_slot_baseline,MockSimulator,43,none,none,-1,0,0,internal,0.0,0.0,0.0,0.0,0,False,0,False,-1,1,0.1,0.2,8,8,0,raw,5,False
322,1000.0,8,8,0,8,0,0,5.56634638716424,5.56634638716424,5.56634638716424,0.0,0.0,0.005563387531703563,1.0,0.0,False,0,0,0,0,0,0.0,0.0,0.0,0.0,0.0,0,0.0,0,0,disabled,disabled,True,normal,1,5,False,raw,0,0.0,0.0,trial:-1,0,False,disabled,0,0,False,raw,0,0.0,0.0,,0,False,disabled,False,raw,0.0,0.0,,,,,,,,False,0,0,0,0,0,0,0.0,0.0,0.8342919999790865,3.1522499999994125,4.119916999997031,context_reentry_interference,v1_5_single_slot,CRA,v1_5_single_slot,single_slot_baseline,MockSimulator,43,none,none,-1,0,0,internal,0.0,0.0,0.0,0.0,0,False,0,False,-1,1,0.1,0.2,8,8,0,raw,5,False
323,1000.0,8,8,0,8,0,0,5.548438291021626,5.548438291021626,5.548438291021626,0.0,0.0,0.0054667760170401085,1.0,0.0,False,0,0,0,0,0,0.0,0.0,0.0,0.0,0.0,0,0.0,0,0,disabled,disabled,True,normal,1,5,False,raw,0,0.0,0.0,trial:-1,0,False,disabled,0,0,False,raw,0,0.0,0.0,,0,False,disabled,False,raw,0.0,0.0,,,,,,,,False,0,0,0,0,0,0,0.0,0.0,0.7997909999915009,3.0575419999934184,3.984457999990809,context_reentry_interference,v1_5_single_slot,CRA,v1_5_single_slot,single_slot_baseline,MockSimulator,43,none,none,-1,0,0,internal,0.0,0.0,0.0,0.0,0,False,0,False,-1,1,0.1,0.2,8,8,0,raw,5,False
324,1000.0,8,8,0,8,0,0,5.530619216255975,5.530619216255975,5.530619216255975,1.8244604100118331e-09,-1.8244604100118327e-08,0.005371803607950511,1.0,1.8244604100118331e-09,False,0,0,0,0,0,0.0,0.0,0.0,0.0,0.0,0,0.0,0,0,disabled,disabled,True,normal,1,5,True,internal_context_bound,1,0.01,0.01,phase:B,0,False,disabled,0,0,False,raw,0,0.01,0.01,,0,False,disabled,False,raw,0.01,0.01,,,,,,,,False,0,0,0,0,0,0,0.0,0.0,0.7892910000180109,3.1188749999842003,4.031958000012992,context_reentry_interference,v1_5_single_slot,CRA,v1_5_single_slot,single_slot_baseline,MockSimulator,43,decision,B_decision,8,-1,1,internal,0.01,0.01,-0.01,-0.01,-1,True,1,False,324,1,0.1,0.2,8,8,1,internal_context_bound,5,True
325,1000.0,8,8,0,8,0,0,5.512888718880185,5.512888718880185,5.512888718880185,0.0,0.0,0.005278443384817681,1.0,0.0,False,0,0,0,0,0,0.0,0.0,0.0,0.0,0.0,0,0.0,0,0,disabled,disabled,True,normal,1,5,False,raw,0,0.0,0.0,trial:-1,0,False,disabled,0,0,False,raw,0,0.0,0.0,,0,False,disabled,False,raw,0.0,0.0,,,,,,,,False,0,0,0,0,0,0,0.0,0.0,0.7897499999955926,3.140583999993396,4.053666000004341,context_reentry_interference,v1_5_single_slot,CRA,v1_5_single_slot,single_slot_baseline,MockSimulator,43,none,none,-1,0,0,internal,0.0,0.0,0.0,0.0,0,False,0,False,-1,1,0.1,0.2,8,8,0,raw,5,False
326,1000.0,8,8,0,8,0,0,5.495246357121549,5.495246357121549,5.495246357121549,0.0,0.0,0.005186668849166984,1.0,0.0,False,0,0,0,0,0,0.0,0.0,0.0,0.0,0.0,0,0.0,0,0,disabled,disabled,True,normal,1,5,False,raw,0,0.0,0.0,trial:-1,0,False,disabled,0,0,False,raw,0,0.0,0.0,,0,False,disabled,False,raw,0.0,0.0,,,,,,,,False,0,0,0,0,0,0,0.0,0.0,0.8249579999812795,3.228250000006483,4.204957999974113,context_reentry_interference,v1_5_single_slot,CRA,v1_5_single_slot,single_slot_baseline,MockSimulator,43,none,none,-1,0,0,internal,0.0,0.0,0.0,0.0,0,False,0,False,-1,1,0.1,0.2,8,8,0,raw,5,False
327,1000.0,8,8,0,8,0,0,5.477691691410712,5.477691691410712,5.477691691410712,0.0,0.0,0.005096453917588389,1.0,0.0,False,0,0,0,0,0,0.0,0.0,0.0,0.0,0.0,0,0.0,0,0,disabled,disabled,True,normal,1,5,False,raw,0,0.0,0.0,trial:-1,0,False,disabled,0,0,False,raw,0,0.0,0.0,,0,False,disabled,False,raw,0.0,0.0,,,,,,,,False,0,0,0,0,0,0,0.0,0.0,0.7982499999741322,3.1187920000093072,4.044625000005908,context_reentry_interference,v1_5_single_slot,CRA,v1_5_single_slot,single_slot_baseline,MockSimulator,43,none,none,-1,0,0,internal,0.0,0.0,0.0,0.0,0,False,0,False,-1,1,0.1,0.2,8,8,0,raw,5,False
328,1000.0,8,8,0,8,0,0,5.460224284370677,5.460224284370677,5.460224284370677,0.0,0.0,0.00500777291573327,1.0,0.0,False,0,0,0,0,0,0.0,0.0,0.0,0.0,0.0,0,0.0,0,0,disabled,disabled,True,normal,1,5,False,raw,0,0.0,0.0,trial:-1,0,False,disabled,0,0,False,raw,0,0.0,0.0,,0,False,disabled,False,raw,0.0,0.0,,,,,,,,False,0,0,0,0,0,0,0.0,0.0,0.7873339999946438,3.108000000025868,4.018750000000182,context_reentry_interference,v1_5_single_slot,CRA,v1_5_single_slot,single_slot_baseline,MockSimulator,43,none,none,-1,0,0,internal,0.0,0.0,0.0,0.0,0,False,0,False,-1,1,0.1,0.2,8,8,0,raw,5,False
329,1000.0,8,8,0,8,0,0,5.442843700805878,5.442843700805878,5.442843700805878,0.0,0.0,0.004920600572385321,1.0,0.0,False,0,0,0,0,0,0.0,0.0,0.0,0.0,0.0,0,0.0,0,0,disabled,disabled,True,normal,1,5,False,raw,0,0.0,0.0,trial:-1,0,False,disabled,0,0,False,raw,0,0.0,0.0,,0,False,disabled,False,raw,0.0,0.0,,,,,,,,False,0,0,0,0,0,0,0.0,0.0,0.7915839999839136,3.178000000019665,4.094374999993988,context_reentry_interference,v1_5_single_slot,CRA,v1_5_single_slot,single_slot_baseline,MockSimulator,43,none,none,-1,0,0,internal,0.0,0.0,0.0,0.0,0,False,0,False,-1,1,0.1,0.2,8,8,0,raw,5,False
330,1000.0,8,8,0,8,0,0,5.425549507691292,5.425549507691292,5.425549507691292,0.0,0.0,0.004834912013604997,1.0,0.0,False,0,0,0,0,0,0.0,0.0,0.0,0.0,0.0,0,0.0,0,0,disabled,disabled,True,normal,1,5,False,raw,0,0.0,0.0,trial:-1,0,False,disabled,0,0,False,raw,0,0.0,0.0,,0,False,disabled,False,raw,0.0,0.0,,,,,,,,False,0,0,0,0,0,0,0.0,0.0,0.8195000000057462,3.2260000000121636,4.181415999994442,context_reentry_interference,v1_5_single_slot,CRA,v1_5_single_slot,single_slot_baseline,MockSimulator,43,none,none,-1,0,0,internal,0.0,0.0,0.0,0.0,0,False,0,False,-1,1,0.1,0.2,8,8,0,raw,5,False
331,1000.0,8,8,0,8,0,0,5.408341274161618,5.408341274161618,5.408341274161618,0.0,0.0,0.0047506827569469305,1.0,0.0,False,0,0,0,0,0,0.0,0.0,0.0,0.0,0.0,0,0.0,0,0,disabled,disabled,True,normal,1,5,False,raw,0,0.0,0.0,trial:-1,0,False,disabled,0,0,False,raw,0,0.0,0.0,,0,False,disabled,False,raw,0.0,0.0,,,,,,,,False,0,0,0,0,0,0,0.0,0.0,0.7866250000176933,3.1402919999834467,4.05175000000213,context_reentry_interference,v1_5_single_slot,CRA,v1_5_single_slot,single_slot_baseline,MockSimulator,43,none,none,-1,0,0,internal,0.0,0.0,0.0,0.0,0,False,0,False,-1,1,0.1,0.2,8,8,0,raw,5,False
332,1000.0,8,8,0,8,0,0,5.391218571500504,5.391218571500504,5.391218571500504,0.0,0.0,0.004667888705749745,1.0,0.0,False,0,0,0,0,0,0.0,0.0,0.0,0.0,0.0,0,0.0,0,0,disabled,disabled,True,normal,1,5,False,raw,0,0.0,0.0,trial:-1,0,False,disabled,0,0,False,raw,0,0.0,0.0,,0,False,disabled,False,raw,0.0,0.0,,,,,,,,False,0,0,0,0,0,0,0.0,0.0,0.7884999999987485,3.164708000014116,4.0765829999998004,context_reentry_interference,v1_5_single_slot,CRA,v1_5_single_slot,single_slot_baseline,MockSimulator,43,none,none,-1,0,0,internal,0.0,0.0,0.0,0.0,0,False,0,False,-1,1,0.1,0.2,8,8,0,raw,5,False
333,1000.0,8,8,0,8,0,0,5.374180973129831,5.374180973129831,5.374180973129831,0.0,0.0,0.004586506143497668,1.0,0.0,False,0,0,0,0,0,0.0,0.0,0.0,0.0,0.0,0,0.0,0,0,disabled,disabled,True,normal,1,5,False,raw,0,0.0,0.0,trial:-1,0,False,disabled,0,0,False,raw,0,0.0,0.0,,0,False,disabled,False,raw,0.0,0.0,,,,,,,,False,0,0,0,0,0,0,0.0,0.0,0.7876249999867468,3.3015840000132357,4.213375000006181,context_reentry_interference,v1_5_single_slot,CRA,v1_5_single_slot,single_slot_baseline,MockSimulator,43,none,none,-1,0,0,internal,0.0,0.0,0.0,0.0,0,False,0,False,-1,1,0.1,0.2,8,8,0,raw,5,False
334,1000.0,8,8,0,8,0,0,5.3572280545990445,5.3572280545990445,5.3572280545990445,0.0,0.0,0.004506511728253375,1.0,0.0,False,0,0,0,0,0,0.0,0.0,0.0,0.0,0.0,0,0.0,0,0,disabled,disabled,True,normal,1,5,False,raw,0,0.0,0.0,trial:-1,0,False,disabled,0,0,False,raw,0,0.0,0.0,,0,False,disabled,False,raw,0.0,0.0,,,,,,,,False,0,0,0,0,0,0,0.0,0.0,0.8017920000042977,3.205291000000443,4.137208000003056,context_reentry_interference,v1_5_single_slot,CRA,v1_5_single_slot,single_slot_baseline,MockSimulator,43,none,none,-1,0,0,internal,0.0,0.0,0.0,0.0,0,False,0,False,-1,1,0.1,0.2,8,8,0,raw,5,False
335,1000.0,8,8,0,8,0,0,5.340359393574548,5.340359393574548,5.340359393574548,0.0,0.0,0.004427882487161454,1.0,0.0,False,0,0,0,0,0,0.0,0.0,0.0,0.0,0.0,0,0.0,0,0,disabled,disabled,True,normal,1,5,False,raw,0,0.0,0.0,trial:-1,0,False,disabled,0,0,False,raw,0,0.0,0.0,,0,False,disabled,False,raw,0.0,0.0,,,,,,,,False,0,0,0,0,0,0,0.0,0.0,0.7902499999943302,3.1869580000147835,4.101292000001422,context_reentry_interference,v1_5_single_slot,CRA,v1_5_single_slot,single_slot_baseline,MockSimulator,43,none,none,-1,0,0,internal,0.0,0.0,0.0,0.0,0,False,0,False,-1,1,0.1,0.2,8,8,0,raw,5,False
336,1000.0,8,8,0,8,0,0,5.323574569829143,5.323574569829143,5.323574569829143,0.0,0.0,0.004350595811021908,1.0,0.0,False,0,0,0,0,0,0.0,0.0,0.0,0.0,0.0,0,0.0,0,0,disabled,disabled,True,normal,1,5,False,raw,0,0.0,0.0,trial:-1,0,False,disabled,0,0,False,raw,0,0.0,0.0,,0,False,disabled,False,raw,0.0,0.0,,,,,,,,False,0,0,0,0,0,0,0.0,0.0,0.7952499999817064,3.1931670000062695,4.112292000002071,context_reentry_interference,v1_5_single_slot,CRA,v1_5_single_slot,single_slot_baseline,MockSimulator,43,none,none,-1,0,0,internal,0.0,0.0,0.0,0.0,0,False,0,False,-1,1,0.1,0.2,8,8,0,raw,5,False
337,1000.0,8,8,0,8,0,0,5.306873165231519,5.306873165231519,5.306873165231519,0.0,0.0,0.004274629448933079,1.0,0.0,False,0,0,0,0,0,0.0,0.0,0.0,0.0,0.0,0,0.0,0,0,disabled,disabled,True,normal,1,5,False,raw,0,0.0,0.0,trial:-1,0,False,disabled,0,0,False,raw,0,0.0,0.0,,0,False,disabled,False,raw,0.0,0.0,,,,,,,,False,0,0,0,0,0,0,0.0,0.0,0.7886669999948026,3.333416000003808,4.245292000007339,context_reentry_interference,v1_5_single_slot,CRA,v1_5_single_slot,single_slot_baseline,MockSimulator,43,none,none,-1,0,0,internal,0.0,0.0,0.0,0.0,0,False,0,False,-1,1,0.1,0.2,8,8,0,raw,5,False
338,1000.0,8,8,0,8,0,0,5.290254763735807,5.290254763735807,5.290254763735807,0.0,0.0,0.004199961503003396,1.0,0.0,False,0,0,0,0,0,0.0,0.0,0.0,0.0,0.0,0,0.0,0,0,disabled,disabled,True,normal,1,5,False,raw,0,0.0,0.0,trial:-1,0,False,disabled,0,0,False,raw,0,0.0,0.0,,0,False,disabled,False,raw,0.0,0.0,,,,,,,,False,0,0,0,0,0,0,0.0,0.0,0.7987500000012915,3.2141249999995125,4.140290999998797,context_reentry_interference,v1_5_single_slot,CRA,v1_5_single_slot,single_slot_baseline,MockSimulator,43,none,none,-1,0,0,internal,0.0,0.0,0.0,0.0,0,False,0,False,-1,1,0.1,0.2,8,8,0,raw,5,False
339,1000.0,8,8,0,8,0,0,5.273718951371174,5.273718951371174,5.273718951371174,0.0,0.0,0.004126570423131326,1.0,0.0,False,0,0,0,0,0,0.0,0.0,0.0,0.0,0.0,0,0.0,0,0,disabled,disabled,True,normal,1,5,False,raw,0,0.0,0.0,trial:-1,0,False,disabled,0,0,False,raw,0,0.0,0.0,,0,False,disabled,False,raw,0.0,0.0,,,,,,,,False,0,0,0,0,0,0,0.0,0.0,0.7921659999965414,3.2255419999955848,4.1407500000048,context_reentry_interference,v1_5_single_slot,CRA,v1_5_single_slot,single_slot_baseline,MockSimulator,43,none,none,-1,0,0,internal,0.0,0.0,0.0,0.0,0,False,0,False,-1,1,0.1,0.2,8,8,0,raw,5,False
340,1000.0,8,8,0,8,0,0,5.257265316231475,5.257265316231475,5.257265316231475,0.0,0.0,0.004054435001852938,1.0,0.0,False,0,0,0,0,0,0.0,0.0,0.0,0.0,0.0,0,0.0,0,0,disabled,disabled,True,normal,1,5,False,raw,0,0.0,0.0,trial:-1,0,False,disabled,0,0,False,raw,0,0.0,0.0,,0,False,disabled,False,raw,0.0,0.0,,,,,,,,False,0,0,0,0,0,0,0.0,0.0,0.7951670000068134,3.224667000012005,4.143292000009069,context_reentry_interference,v1_5_single_slot,CRA,v1_5_single_slot,single_slot_baseline,MockSimulator,43,none,none,-1,0,0,internal,0.0,0.0,0.0,0.0,0,False,0,False,-1,1,0.1,0.2,8,8,0,raw,5,False
341,1000.0,8,8,0,8,0,0,5.240893448464956,5.240893448464956,5.240893448464956,0.0,0.0,0.003983534369256433,1.0,0.0,False,0,0,0,0,0,0.0,0.0,0.0,0.0,0.0,0,0.0,0,0,disabled,disabled,True,normal,1,5,False,raw,0,0.0,0.0,trial:-1,0,False,disabled,0,0,False,raw,0,0.0,0.0,,0,False,disabled,False,raw,0.0,0.0,,,,,,,,False,0,0,0,0,0,0,0.0,0.0,0.7855419999884816,3.397125000020651,4.306041000006644,context_reentry_interference,v1_5_single_slot,CRA,v1_5_single_slot,single_slot_baseline,MockSimulator,43,none,none,-1,0,0,internal,0.0,0.0,0.0,0.0,0,False,0,False,-1,1,0.1,0.2,8,8,0,raw,5,False
342,1000.0,8,8,0,8,0,0,5.224602940264005,5.224602940264005,5.224602940264005,0.0,0.0,0.003913847987963047,1.0,0.0,False,0,0,0,0,0,0.0,0.0,0.0,0.0,0.0,0,0.0,0,0,disabled,disabled,True,normal,1,5,False,raw,0,0.0,0.0,trial:-1,0,False,disabled,0,0,False,raw,0,0.0,0.0,,0,False,disabled,False,raw,0.0,0.0,,,,,,,,False,0,0,0,0,0,0,0.0,0.0,0.8023750000063501,3.2427499999982956,4.174083999998857,context_reentry_interference,v1_5_single_slot,CRA,v1_5_single_slot,single_slot_baseline,MockSimulator,43,none,none,-1,0,0,internal,0.0,0.0,0.0,0.0,0,False,0,False,-1,1,0.1,0.2,8,8,0,raw,5,False
343,1000.0,8,8,0,8,0,0,5.208393385854961,5.208393385854961,5.208393385854961,0.0,0.0,0.0038453556481736935,1.0,0.0,False,0,0,0,0,0,0.0,0.0,0.0,0.0,0.0,0,0.0,0,0,disabled,disabled,True,normal,1,5,False,raw,0,0.0,0.0,trial:-1,0,False,disabled,0,0,False,raw,0,0.0,0.0,,0,False,disabled,False,raw,0.0,0.0,,,,,,,,False,0,0,0,0,0,0,0.0,0.0,0.7956659999877047,3.2599590000188527,4.178916999990179,context_reentry_interference,v1_5_single_slot,CRA,v1_5_single_slot,single_slot_baseline,MockSimulator,43,none,none,-1,0,0,internal,0.0,0.0,0.0,0.0,0,False,0,False,-1,1,0.1,0.2,8,8,0,raw,5,False
344,1000.0,8,8,0,8,0,0,5.192264381487965,5.192264381487965,5.192264381487965,0.0,0.0,0.0037780374627807293,1.0,0.0,False,0,0,0,0,0,0.0,0.0,0.0,0.0,0.0,0,0.0,0,0,disabled,disabled,True,normal,1,5,False,raw,0,0.0,0.0,trial:-1,0,False,disabled,0,0,False,raw,0,0.0,0.0,,0,False,disabled,False,raw,0.0,0.0,,,,,,,,False,0,0,0,0,0,0,0.0,0.0,0.791083999985176,3.2539160000055745,4.1685829999948965,context_reentry_interference,v1_5_single_slot,CRA,v1_5_single_slot,single_slot_baseline,MockSimulator,43,none,none,-1,0,0,internal,0.0,0.0,0.0,0.0,0,False,0,False,-1,1,0.1,0.2,8,8,0,raw,5,False
345,1000.0,8,8,0,8,0,0,5.176215525426871,5.176215525426871,5.176215525426871,0.0,0.0,0.0037118738625442137,1.0,0.0,False,0,0,0,0,0,0.0,0.0,0.0,0.0,0.0,0,0.0,0,0,disabled,disabled,True,normal,1,5,False,raw,0,0.0,0.0,trial:-1,0,False,disabled,0,0,False,raw,0,0.0,0.0,,0,False,disabled,False,raw,0.0,0.0,,,,,,,,False,0,0,0,0,0,0,0.0,0.0,0.7902079999837497,3.4233750000112195,4.337707999980012,context_reentry_interference,v1_5_single_slot,CRA,v1_5_single_slot,single_slot_baseline,MockSimulator,43,none,none,-1,0,0,internal,0.0,0.0,0.0,0.0,0,False,0,False,-1,1,0.1,0.2,8,8,0,raw,5,False
346,1000.0,8,8,0,8,0,0,5.160246417939197,5.160246417939197,5.160246417939197,0.0,0.0,0.003646845591332047,1.0,0.0,False,0,0,0,0,0,0.0,0.0,0.0,0.0,0.0,0,0.0,0,0,disabled,disabled,True,normal,1,5,False,raw,0,0.0,0.0,trial:-1,0,False,disabled,0,0,False,raw,0,0.0,0.0,,0,False,disabled,False,raw,0.0,0.0,,,,,,,,False,0,0,0,0,0,0,0.0,0.0,0.7997499999987667,3.3252919999995356,4.253208000022823,context_reentry_interference,v1_5_single_slot,CRA,v1_5_single_slot,single_slot_baseline,MockSimulator,43,none,none,-1,0,0,internal,0.0,0.0,0.0,0.0,0,False,0,False,-1,1,0.1,0.2,8,8,0,raw,5,False
347,1000.0,8,8,0,8,0,0,5.144356661286138,5.144356661286138,5.144356661286138,0.0,0.0,0.0035829337014233486,1.0,0.0,False,0,0,0,0,0,0.0,0.0,0.0,0.0,0.0,0,0.0,0,0,disabled,disabled,True,normal,1,5,False,raw,0,0.0,0.0,trial:-1,0,False,disabled,0,0,False,raw,0,0.0,0.0,,0,False,disabled,False,raw,0.0,0.0,,,,,,,,False,0,0,0,0,0,0,0.0,0.0,0.7972079999944981,3.2878750000122636,4.209125000016911,context_reentry_interference,v1_5_single_slot,CRA,v1_5_single_slot,single_slot_baseline,MockSimulator,43,none,none,-1,0,0,internal,0.0,0.0,0.0,0.0,0,False,0,False,-1,1,0.1,0.2,8,8,0,raw,5,False
348,1000.0,8,8,0,8,0,0,5.1285458597126174,5.1285458597126174,5.1285458597126174,-1.8062158059117166e-10,-1.8062158059117166e-09,0.0035201195488744653,1.0,-1.8062158059117166e-10,False,0,0,0,0,0,0.0,0.0,0.0,0.0,0.0,0,0.0,0,0,disabled,disabled,True,normal,1,5,True,internal_context_bound,-1,-0.01,-0.01,phase:B,0,False,disabled,0,0,False,raw,0,-0.01,-0.01,,0,False,disabled,False,raw,-0.01,-0.01,,,,,,,,False,0,0,0,0,0,0,0.0,0.0,0.78270899999211,3.318665999984205,4.224833999984412,context_reentry_interference,v1_5_single_slot,CRA,v1_5_single_slot,single_slot_baseline,MockSimulator,43,decision,B_decision,9,-1,-1,internal,-0.01,-0.01,0.01,0.01,1,True,-1,False,348,1,0.1,0.2,8,8,-1,internal_context_bound,5,True
349,1000.0,8,8,0,8,0,0,5.112813619437396,5.112813619437396,5.112813619437396,0.0,0.0,0.0034583847889469686,1.0,0.0,False,0,0,0,0,0,0.0,0.0,0.0,0.0,0.0,0,0.0,0,0,disabled,disabled,True,normal,1,5,False,raw,0,0.0,0.0,trial:-1,0,False,disabled,0,0,False,raw,0,0.0,0.0,,0,False,disabled,False,raw,0.0,0.0,,,,,,,,False,0,0,0,0,0,0,0.0,0.0,0.7876249999867468,3.526375000006965,4.436959000003071,context_reentry_interference,v1_5_single_slot,CRA,v1_5_single_slot,single_slot_baseline,MockSimulator,43,none,none,-1,0,0,internal,0.0,0.0,0.0,0.0,0,False,0,False,-1,1,0.1,0.2,8,8,0,raw,5,False
350,1000.0,8,8,0,8,0,0,5.097159548643225,5.097159548643225,5.097159548643225,0.0,0.0,0.0033977113715970217,1.0,0.0,False,0,0,0,0,0,0.0,0.0,0.0,0.0,0.0,0,0.0,0,0,disabled,disabled,True,normal,1,5,False,raw,0,0.0,0.0,trial:-1,0,False,disabled,0,0,False,raw,0,0.0,0.0,,0,False,disabled,False,raw,0.0,0.0,,,,,,,,False,0,0,0,0,0,0,0.0,0.0,0.8034999999892989,3.3447910000177217,4.278249999998707,context_reentry_interference,v1_5_single_slot,CRA,v1_5_single_slot,single_slot_baseline,MockSimulator,43,none,none,-1,0,0,internal,0.0,0.0,0.0,0.0,0,False,0,False,-1,1,0.1,0.2,8,8,0,raw,5,False
351,1000.0,8,8,0,8,0,0,5.081583257467053,5.081583257467053,5.081583257467053,0.0,0.0,0.003338081537025494,1.0,0.0,False,0,0,0,0,0,0.0,0.0,0.0,0.0,0.0,0,0.0,0,0,disabled,disabled,True,normal,1,5,False,raw,0,0.0,0.0,trial:-1,0,False,disabled,0,0,False,raw,0,0.0,0.0,,0,False,disabled,False,raw,0.0,0.0,,,,,,,,False,0,0,0,0,0,0,0.0,0.0,0.7875839999940126,3.3487499999864667,4.261874999997417,context_reentry_interference,v1_5_single_slot,CRA,v1_5_single_slot,single_slot_baseline,MockSimulator,43,none,none,-1,0,0,internal,0.0,0.0,0.0,0.0,0,False,0,False,-1,1,0.1,0.2,8,8,0,raw,5,False
352,1000.0,8,8,0,8,0,0,5.06608435799028,5.06608435799028,5.06608435799028,0.0,0.0,0.0032794778112881884,1.0,0.0,False,0,0,0,0,0,0.0,0.0,0.0,0.0,0.0,0,0.0,0,0,disabled,disabled,True,normal,1,5,False,raw,0,0.0,0.0,trial:-1,0,False,disabled,0,0,False,raw,0,0.0,0.0,,0,False,disabled,False,raw,0.0,0.0,,,,,,,,False,0,0,0,0,0,0,0.0,0.0,0.790708000010909,3.330041999987543,4.2483750000030795,context_reentry_interference,v1_5_single_slot,CRA,v1_5_single_slot,single_slot_baseline,MockSimulator,43,none,none,-1,0,0,internal,0.0,0.0,0.0,0.0,0,False,0,False,-1,1,0.1,0.2,8,8,0,raw,5,False
353,1000.0,8,8,0,8,0,0,5.050662464229055,5.050662464229055,5.050662464229055,0.0,0.0,0.003221883001965565,1.0,0.0,False,0,0,0,0,0,0.0,0.0,0.0,0.0,0.0,0,0.0,0,0,disabled,disabled,True,normal,1,5,False,raw,0,0.0,0.0,trial:-1,0,False,disabled,0,0,False,raw,0,0.0,0.0,,0,False,disabled,False,raw,0.0,0.0,,,,,,,,False,0,0,0,0,0,0,0.0,0.0,0.8033750000038253,3.5830420000024787,4.511208000025135,context_reentry_interference,v1_5_single_slot,CRA,v1_5_single_slot,single_slot_baseline,MockSimulator,43,none,none,-1,0,0,internal,0.0,0.0,0.0,0.0,0,False,0,False,-1,1,0.1,0.2,8,8,0,raw,5,False
354,1000.0,8,8,0,8,0,0,5.035317192124632,5.035317192124632,5.035317192124632,0.0,0.0,0.003165280193891331,1.0,0.0,False,0,0,0,0,0,0.0,0.0,0.0,0.0,0.0,0,0.0,0,0,disabled,disabled,True,normal,1,5,False,raw,0,0.0,0.0,trial:-1,0,False,disabled,0,0,False,raw,0,0.0,0.0,,0,False,disabled,False,raw,0.0,0.0,,,,,,,,False,0,0,0,0,0,0,0.0,0.0,0.8275419999961287,3.3939999999859083,4.363750000010214,context_reentry_interference,v1_5_single_slot,CRA,v1_5_single_slot,single_slot_baseline,MockSimulator,43,none,none,-1,0,0,internal,0.0,0.0,0.0,0.0,0,False,0,False,-1,1,0.1,0.2,8,8,0,raw,5,False
355,1000.0,8,8,0,8,0,0,5.020048159533762,5.020048159533762,5.020048159533762,0.0,0.0,0.00310965274493928,1.0,0.0,False,0,0,0,0,0,0.0,0.0,0.0,0.0,0.0,0,0.0,0,0,disabled,disabled,True,normal,1,5,False,raw,0,0.0,0.0,trial:-1,0,False,disabled,0,0,False,raw,0,0.0,0.0,,0,False,disabled,False,raw,0.0,0.0,,,,,,,,False,0,0,0,0,0,0,0.0,0.0,0.7871669999985897,3.3973330000094393,4.30800000000886,context_reentry_interference,v1_5_single_slot,CRA,v1_5_single_slot,single_slot_baseline,MockSimulator,43,none,none,-1,0,0,internal,0.0,0.0,0.0,0.0,0,False,0,False,-1,1,0.1,0.2,8,8,0,raw,5,False
356,1000.0,8,8,0,8,0,0,5.004854986219147,5.004854986219147,5.004854986219147,0.0,0.0,0.003054984281867755,1.0,0.0,False,0,0,0,0,0,0.0,0.0,0.0,0.0,0.0,0,0.0,0,0,disabled,disabled,True,normal,1,5,False,raw,0,0.0,0.0,trial:-1,0,False,disabled,0,0,False,raw,0,0.0,0.0,,0,False,disabled,False,raw,0.0,0.0,,,,,,,,False,0,0,0,0,0,0,0.0,0.0,0.787374999987378,3.367249999996602,4.279832999998234,context_reentry_interference,v1_5_single_slot,CRA,v1_5_single_slot,single_slot_baseline,MockSimulator,43,none,none,-1,0,0,internal,0.0,0.0,0.0,0.0,0,False,0,False,-1,1,0.1,0.2,8,8,0,raw,5,False
357,1000.0,8,8,0,8,0,0,4.989737293839927,4.989737293839927,4.989737293839927,0.0,0.0,0.003001258696221115,1.0,0.0,False,0,0,0,0,0,0.0,0.0,0.0,0.0,0.0,0,0.0,0,0,disabled,disabled,True,normal,1,5,False,raw,0,0.0,0.0,trial:-1,0,False,disabled,0,0,False,raw,0,0.0,0.0,,0,False,disabled,False,raw,0.0,0.0,,,,,,,,False,0,0,0,0,0,0,0.0,0.0,0.8567919999791229,3.42983300001265,4.421624999991991,context_reentry_interference,v1_5_single_slot,CRA,v1_5_single_slot,single_slot_baseline,MockSimulator,43,none,none,-1,0,0,internal,0.0,0.0,0.0,0.0,0,False,0,False,-1,1,0.1,0.2,8,8,0,raw,5,False
358,1000.0,8,8,0,8,0,0,4.974694705942228,4.974694705942228,4.974694705942228,0.0,0.0,0.002948460140287594,1.0,0.0,False,0,0,0,0,0,0.0,0.0,0.0,0.0,0.0,0,0.0,0,0,disabled,disabled,True,normal,1,5,False,raw,0,0.0,0.0,trial:-1,0,False,disabled,0,0,False,raw,0,0.0,0.0,,0,False,disabled,False,raw,0.0,0.0,,,,,,,,False,0,0,0,0,0,0,0.0,0.0,0.7870000000025357,3.390249999995376,4.304166999986592,context_reentry_interference,v1_5_single_slot,CRA,v1_5_single_slot,single_slot_baseline,MockSimulator,43,none,none,-1,0,0,internal,0.0,0.0,0.0,0.0,0,False,0,False,-1,1,0.1,0.2,8,8,0,raw,5,False
359,1000.0,8,8,0,8,0,0,4.959726847949743,4.959726847949743,4.959726847949743,0.0,0.0,0.0028965730231129247,1.0,0.0,False,0,0,0,0,0,0.0,0.0,0.0,0.0,0.0,0,0.0,0,0,disabled,disabled,True,normal,1,5,False,raw,0,0.0,0.0,trial:-1,0,False,disabled,0,0,False,raw,0,0.0,0.0,,0,False,disabled,False,raw,0.0,0.0,,,,,,,,False,0,0,0,0,0,0,0.0,0.0,0.7855000000063228,3.3719170000097165,4.281040999984498,context_reentry_interference,v1_5_single_slot,CRA,v1_5_single_slot,single_slot_baseline,MockSimulator,43,none,none,-1,0,0,internal,0.0,0.0,0.0,0.0,0,False,0,False,-1,1,0.1,0.2,8,8,0,raw,5,False
360,1000.0,8,8,0,8,0,0,4.944833347154376,4.944833347154376,4.944833347154376,-9.834845063189297e-12,-0.0,0.0028455820065691278,1.0,-9.834845063189297e-12,False,0,0,0,0,0,0.0,0.0,0.0,0.0,0.0,0,0.0,0,0,disabled,disabled,True,normal,-1,6,False,raw,0,-0.0055000000000000005,-0.0055000000000000005,phase:C_interference,0,False,disabled,0,0,False,raw,0,-0.0055000000000000005,-0.0055000000000000005,,0,False,disabled,False,raw,-0.0055000000000000005,-0.0055000000000000005,,,,,,,,False,0,0,0,0,0,0,0.0,0.0,0.7801669999878413,3.5223330000064834,4.426625000007789,context_reentry_interference,v1_5_single_slot,CRA,v1_5_single_slot,single_slot_baseline,MockSimulator,43,context,C_interference_context,10,-1,0,internal,-0.0055000000000000005,-0.0055000000000000005,0.0,0.0,0,False,-1,False,-1,1,0.1,0.2,8,8,0,raw,6,False
361,1000.0,8,8,0,8,0,0,4.930013832706918,4.930013832706918,4.930013832706918,0.0,0.0,0.002795472001477837,1.0,0.0,False,0,0,0,0,0,0.0,0.0,0.0,0.0,0.0,0,0.0,0,0,disabled,disabled,True,normal,-1,6,False,raw,0,0.0,0.0,trial:-1,0,False,disabled,0,0,False,raw,0,0.0,0.0,,0,False,disabled,False,raw,0.0,0.0,,,,,,,,False,0,0,0,0,0,0,0.0,0.0,0.79341699998281,3.404958000004399,4.3266249999760475,context_reentry_interference,v1_5_single_slot,CRA,v1_5_single_slot,single_slot_baseline,MockSimulator,43,none,none,-1,0,0,internal,0.0,0.0,0.0,0.0,0,False,0,False,-1,1,0.1,0.2,8,8,0,raw,6,False
362,1000.0,8,8,0,8,0,0,4.915267935607779,4.915267935607779,4.915267935607779,0.0,0.0,0.0027462281637875706,1.0,0.0,False,0,0,0,0,0,0.0,0.0,0.0,0.0,0.0,0,0.0,0,0,disabled,disabled,True,normal,-1,6,False,raw,0,0.0,0.0,trial:-1,0,False,disabled,0,0,False,raw,0,0.0,0.0,,0,False,disabled,False,raw,0.0,0.0,,,,,,,,False,0,0,0,0,0,0,0.0,0.0,0.8387910000067222,3.396999999978334,4.360333000022365,context_reentry_interference,v1_5_single_slot,CRA,v1_5_single_slot,single_slot_baseline,MockSimulator,43,none,none,-1,0,0,internal,0.0,0.0,0.0,0.0,0,False,0,False,-1,1,0.1,0.2,8,8,0,raw,6,False
363,1000.0,8,8,0,8,0,0,4.90059528869776,4.90059528869776,4.90059528869776,0.0,0.0,0.0026978358908043235,1.0,0.0,False,0,0,0,0,0,0.0,0.0,0.0,0.0,0.0,0,0.0,0,0,disabled,disabled,True,normal,-1,6,False,raw,0,0.0,0.0,trial:-1,0,False,disabled,0,0,False,raw,0,0.0,0.0,,0,False,disabled,False,raw,0.0,0.0,,,,,,,,False,0,0,0,0,0,0,0.0,0.0,0.7839579999995294,3.3842919999926835,4.292458999998416,context_reentry_interference,v1_5_single_slot,CRA,v1_5_single_slot,single_slot_baseline,MockSimulator,43,none,none,-1,0,0,internal,0.0,0.0,0.0,0.0,0,False,0,False,-1,1,0.1,0.2,8,8,0,raw,6,False
364,1000.0,8,8,0,8,0,0,4.885995526648877,4.885995526648877,4.885995526648877,0.0,0.0,0.0026502808174748912,1.0,0.0,False,0,0,0,0,0,0.0,0.0,0.0,0.0,0.0,0,0.0,0,0,disabled,disabled,True,normal,-1,6,False,raw,0,0.0,0.0,trial:-1,0,False,disabled,0,0,False,raw,0,0.0,0.0,,0,False,disabled,False,raw,0.0,0.0,,,,,,,,False,0,0,0,0,0,0,0.0,0.0,0.7826249999993706,3.612250000003314,4.520584000005101,context_reentry_interference,v1_5_single_slot,CRA,v1_5_single_slot,single_slot_baseline,MockSimulator,43,none,none,-1,0,0,internal,0.0,0.0,0.0,0.0,0,False,0,False,-1,1,0.1,0.2,8,8,0,raw,6,False
365,1000.0,8,8,0,8,0,0,4.871468285955227,4.871468285955227,4.871468285955227,0.0,0.0,0.0026035488127223146,1.0,0.0,False,0,0,0,0,0,0.0,0.0,0.0,0.0,0.0,0,0.0,0,0,disabled,disabled,True,normal,-1,6,False,raw,0,0.0,0.0,trial:-1,0,False,disabled,0,0,False,raw,0,0.0,0.0,,0,False,disabled,False,raw,0.0,0.0,,,,,,,,False,0,0,0,0,0,0,0.0,0.0,0.8034159999965595,3.480709000001525,4.414707999984557,context_reentry_interference,v1_5_single_slot,CRA,v1_5_single_slot,single_slot_baseline,MockSimulator,43,none,none,-1,0,0,internal,0.0,0.0,0.0,0.0,0,False,0,False,-1,1,0.1,0.2,8,8,0,raw,6,False
366,1000.0,8,8,0,8,0,0,4.857013204923899,4.857013204923899,4.857013204923899,0.0,0.0,0.002557625975832851,1.0,0.0,False,0,0,0,0,0,0.0,0.0,0.0,0.0,0.0,0,0.0,0,0,disabled,disabled,True,normal,-1,6,False,raw,0,0.0,0.0,trial:-1,0,False,disabled,0,0,False,raw,0,0.0,0.0,,0,False,disabled,False,raw,0.0,0.0,,,,,,,,False,0,0,0,0,0,0,0.0,0.0,0.7894579999856433,3.4634590000166554,4.376749999977392,context_reentry_interference,v1_5_single_slot,CRA,v1_5_single_slot,single_slot_baseline,MockSimulator,43,none,none,-1,0,0,internal,0.0,0.0,0.0,0.0,0,False,0,False,-1,1,0.1,0.2,8,8,0,raw,6,False
367,1000.0,8,8,0,8,0,0,4.842629923665935,4.842629923665935,4.842629923665935,0.0,0.0,0.0025124986328938772,1.0,0.0,False,0,0,0,0,0,0.0,0.0,0.0,0.0,0.0,0,0.0,0,0,disabled,disabled,True,normal,-1,6,False,raw,0,0.0,0.0,trial:-1,0,False,disabled,0,0,False,raw,0,0.0,0.0,,0,False,disabled,False,raw,0.0,0.0,,,,,,,,False,0,0,0,0,0,0,0.0,0.0,0.7900410000161173,3.552458999990904,4.4672919999868554,context_reentry_interference,v1_5_single_slot,CRA,v1_5_single_slot,single_slot_baseline,MockSimulator,43,none,none,-1,0,0,internal,0.0,0.0,0.0,0.0,0,False,0,False,-1,1,0.1,0.2,8,8,0,raw,6,False
368,1000.0,8,8,0,8,0,0,4.828318084087328,4.828318084087328,4.828318084087328,0.0,0.0,0.002468153333282129,1.0,0.0,False,0,0,0,0,0,0.0,0.0,0.0,0.0,0.0,0,0.0,0,0,disabled,disabled,True,normal,-1,6,False,raw,0,0.0,0.0,trial:-1,0,False,disabled,0,0,False,raw,0,0.0,0.0,,0,False,disabled,False,raw,0.0,0.0,,,,,,,,False,0,0,0,0,0,0,0.0,0.0,0.8541669999999613,3.580791000018735,4.5596669999952155,context_reentry_interference,v1_5_single_slot,CRA,v1_5_single_slot,single_slot_baseline,MockSimulator,43,none,none,-1,0,0,internal,0.0,0.0,0.0,0.0,0,False,0,False,-1,1,0.1,0.2,8,8,0,raw,6,False
369,1000.0,8,8,0,8,0,0,4.814077329880072,4.814077329880072,4.814077329880072,0.0,0.0,0.0024245768462016933,1.0,0.0,False,0,0,0,0,0,0.0,0.0,0.0,0.0,0.0,0,0.0,0,0,disabled,disabled,True,normal,-1,6,False,raw,0,0.0,0.0,trial:-1,0,False,disabled,0,0,False,raw,0,0.0,0.0,,0,False,disabled,False,raw,0.0,0.0,,,,,,,,False,0,0,0,0,0,0,0.0,0.0,0.7966249999924457,3.4918329999982234,4.416917000014564,context_reentry_interference,v1_5_single_slot,CRA,v1_5_single_slot,single_slot_baseline,MockSimulator,43,none,none,-1,0,0,internal,0.0,0.0,0.0,0.0,0,False,0,False,-1,1,0.1,0.2,8,8,0,raw,6,False
370,1000.0,8,8,0,8,0,0,4.799907306513256,4.799907306513256,4.799907306513256,0.0,0.0,0.0023817561572711623,1.0,0.0,False,0,0,0,0,0,0.0,0.0,0.0,0.0,0.0,0,0.0,0,0,disabled,disabled,True,normal,-1,6,False,raw,0,0.0,0.0,trial:-1,0,False,disabled,0,0,False,raw,0,0.0,0.0,,0,False,disabled,False,raw,0.0,0.0,,,,,,,,False,0,0,0,0,0,0,0.0,0.0,0.7919579999793314,3.5223340000243297,4.438457999981438,context_reentry_interference,v1_5_single_slot,CRA,v1_5_single_slot,single_slot_baseline,MockSimulator,43,none,none,-1,0,0,internal,0.0,0.0,0.0,0.0,0,False,0,False,-1,1,0.1,0.2,8,8,0,raw,6,False
371,1000.0,8,8,0,8,0,0,4.785807661224197,4.785807661224197,4.785807661224197,0.0,0.0,0.0023396784651593715,1.0,0.0,False,0,0,0,0,0,0.0,0.0,0.0,0.0,0.0,0,0.0,0,0,disabled,disabled,True,normal,-1,6,False,raw,0,0.0,0.0,trial:-1,0,False,disabled,0,0,False,raw,0,0.0,0.0,,0,False,disabled,False,raw,0.0,0.0,,,,,,,,False,0,0,0,0,0,0,0.0,0.0,0.7860409999977946,3.6498339999866403,4.559457999988581,context_reentry_interference,v1_5_single_slot,CRA,v1_5_single_slot,single_slot_baseline,MockSimulator,43,none,none,-1,0,0,internal,0.0,0.0,0.0,0.0,0,False,0,False,-1,1,0.1,0.2,8,8,0,raw,6,False
372,1000.0,8,8,0,8,0,0,4.771778043009625,4.771778043009625,4.771778043009625,0.0,0.0,0.002298331178269144,1.0,0.0,False,0,0,0,0,0,0.0,0.0,0.0,0.0,0.0,0,0.0,0,0,disabled,disabled,True,normal,-1,6,False,raw,0,0.0,0.0,trial:-1,0,False,disabled,0,0,False,raw,0,0.0,0.0,,0,False,disabled,False,raw,0.0,0.0,,,,,,,,False,0,0,0,0,0,0,0.0,0.0,0.801333000026716,3.564499999981763,4.494208000011213,context_reentry_interference,v1_5_single_slot,CRA,v1_5_single_slot,single_slot_baseline,MockSimulator,43,none,none,-1,0,0,internal,0.0,0.0,0.0,0.0,0,False,0,False,-1,1,0.1,0.2,8,8,0,raw,6,False
373,1000.0,8,8,0,8,0,0,4.757818102616904,4.757818102616904,4.757818102616904,0.0,0.0,0.002257701911468462,1.0,0.0,False,0,0,0,0,0,0.0,0.0,0.0,0.0,0.0,0,0.0,0,0,disabled,disabled,True,normal,-1,6,False,raw,0,0.0,0.0,trial:-1,0,False,disabled,0,0,False,raw,0,0.0,0.0,,0,False,disabled,False,raw,0.0,0.0,,,,,,,,False,0,0,0,0,0,0,0.0,0.0,0.7928330000197548,3.50987499999178,4.4279999999901065,context_reentry_interference,v1_5_single_slot,CRA,v1_5_single_slot,single_slot_baseline,MockSimulator,43,none,none,-1,0,0,internal,0.0,0.0,0.0,0.0,0,False,0,False,-1,1,0.1,0.2,8,8,0,raw,6,False
374,1000.0,8,8,0,8,0,0,4.743927492535304,4.743927492535304,4.743927492535304,0.0,0.0,0.0022177784828684996,1.0,0.0,False,0,0,0,0,0,0.0,0.0,0.0,0.0,0.0,0,0.0,0,0,disabled,disabled,True,normal,-1,6,False,raw,0,0.0,0.0,trial:-1,0,False,disabled,0,0,False,raw,0,0.0,0.0,,0,False,disabled,False,raw,0.0,0.0,,,,,,,,False,0,0,0,0,0,0,0.0,0.0,0.7992500000000291,3.6412910000080956,4.564125000001695,context_reentry_interference,v1_5_single_slot,CRA,v1_5_single_slot,single_slot_baseline,MockSimulator,43,none,none,-1,0,0,internal,0.0,0.0,0.0,0.0,0,False,0,False,-1,1,0.1,0.2,8,8,0,raw,6,False
375,1000.0,8,8,0,8,0,0,4.730105866987312,4.730105866987312,4.730105866987312,0.0,0.0,0.0021785489106479483,1.0,0.0,False,0,0,0,0,0,0.0,0.0,0.0,0.0,0.0,0,0.0,0,0,disabled,disabled,True,normal,-1,6,False,raw,0,0.0,0.0,trial:-1,0,False,disabled,0,0,False,raw,0,0.0,0.0,,0,False,disabled,False,raw,0.0,0.0,,,,,,,,False,0,0,0,0,0,0,0.0,0.0,0.8052089999921463,3.562750000014603,4.5001249999927495,context_reentry_interference,v1_5_single_slot,CRA,v1_5_single_slot,single_slot_baseline,MockSimulator,43,none,none,-1,0,0,internal,0.0,0.0,0.0,0.0,0,False,0,False,-1,1,0.1,0.2,8,8,0,raw,6,False
376,1000.0,8,8,0,8,0,0,4.716352881919986,4.716352881919986,4.716352881919986,0.0,0.0,0.0021400014099230715,1.0,0.0,False,0,0,0,0,0,0.0,0.0,0.0,0.0,0.0,0,0.0,0,0,disabled,disabled,True,normal,-1,6,False,raw,0,0.0,0.0,trial:-1,0,False,disabled,0,0,False,raw,0,0.0,0.0,,0,False,disabled,False,raw,0.0,0.0,,,,,,,,False,0,0,0,0,0,0,0.0,0.0,0.7904590000009648,3.544124999990572,4.458416999995052,context_reentry_interference,v1_5_single_slot,CRA,v1_5_single_slot,single_slot_baseline,MockSimulator,43,none,none,-1,0,0,internal,0.0,0.0,0.0,0.0,0,False,0,False,-1,1,0.1,0.2,8,8,0,raw,6,False
377,1000.0,8,8,0,8,0,0,4.702668194996354,4.702668194996354,4.702668194996354,0.0,0.0,0.0021021243896629307,1.0,0.0,False,0,0,0,0,0,0.0,0.0,0.0,0.0,0.0,0,0.0,0,0,disabled,disabled,True,normal,-1,6,False,raw,0,0.0,0.0,trial:-1,0,False,disabled,0,0,False,raw,0,0.0,0.0,,0,False,disabled,False,raw,0.0,0.0,,,,,,,,False,0,0,0,0,0,0,0.0,0.0,0.7825410000066313,3.599084000001085,4.5074169999850255,context_reentry_interference,v1_5_single_slot,CRA,v1_5_single_slot,single_slot_baseline,MockSimulator,43,none,none,-1,0,0,internal,0.0,0.0,0.0,0.0,0,False,0,False,-1,1,0.1,0.2,8,8,0,raw,6,False
378,1000.0,8,8,0,8,0,0,4.68905146558686,4.68905146558686,4.68905146558686,0.0,0.0,0.0020649064496492263,1.0,0.0,False,0,0,0,0,0,0.0,0.0,0.0,0.0,0.0,0,0.0,0,0,disabled,disabled,True,normal,-1,6,False,raw,0,0.0,0.0,trial:-1,0,False,disabled,0,0,False,raw,0,0.0,0.0,,0,False,disabled,False,raw,0.0,0.0,,,,,,,,False,0,0,0,0,0,0,0.0,0.0,0.7846669999764799,3.837666999999101,4.747457999997096,context_reentry_interference,v1_5_single_slot,CRA,v1_5_single_slot,single_slot_baseline,MockSimulator,43,none,none,-1,0,0,internal,0.0,0.0,0.0,0.0,0,False,0,False,-1,1,0.1,0.2,8,8,0,raw,6,False
379,1000.0,8,8,0,8,0,0,4.675502354760841,4.675502354760841,4.675502354760841,0.0,0.0,0.002028336377480205,1.0,0.0,False,0,0,0,0,0,0.0,0.0,0.0,0.0,0.0,0,0.0,0,0,disabled,disabled,True,normal,-1,6,False,raw,0,0.0,0.0,trial:-1,0,False,disabled,0,0,False,raw,0,0.0,0.0,,0,False,disabled,False,raw,0.0,0.0,,,,,,,,False,0,0,0,0,0,0,0.0,0.0,0.8914580000123351,3.6709579999865127,4.706875000010768,context_reentry_interference,v1_5_single_slot,CRA,v1_5_single_slot,single_slot_baseline,MockSimulator,43,none,none,-1,0,0,internal,0.0,0.0,0.0,0.0,0,False,0,False,-1,1,0.1,0.2,8,8,0,raw,6,False
380,1000.0,8,8,0,8,0,0,4.66202052527806,4.66202052527806,4.66202052527806,0.0,0.0,0.001992403145618085,1.0,0.0,False,0,0,0,0,0,0.0,0.0,0.0,0.0,0.0,0,0.0,0,0,disabled,disabled,True,normal,-1,6,False,raw,0,0.0,0.0,trial:-1,0,False,disabled,0,0,False,raw,0,0.0,0.0,,0,False,disabled,False,raw,0.0,0.0,,,,,,,,False,0,0,0,0,0,0,0.0,0.0,0.7900409999876956,3.614542000008214,4.530166999984431,context_reentry_interference,v1_5_single_slot,CRA,v1_5_single_slot,single_slot_baseline,MockSimulator,43,none,none,-1,0,0,internal,0.0,0.0,0.0,0.0,0,False,0,False,-1,1,0.1,0.2,8,8,0,raw,6,False
381,1000.0,8,8,0,8,0,0,4.648605641580271,4.648605641580271,4.648605641580271,0.0,0.0,0.0019570959084794573,1.0,0.0,False,0,0,0,0,0,0.0,0.0,0.0,0.0,0.0,0,0.0,0,0,disabled,disabled,True,normal,-1,6,False,raw,0,0.0,0.0,trial:-1,0,False,disabled,0,0,False,raw,0,0.0,0.0,,0,False,disabled,False,raw,0.0,0.0,,,,,,,,False,0,0,0,0,0,0,0.0,0.0,0.789208999975699,3.6310410000055526,4.544417000005296,context_reentry_interference,v1_5_single_slot,CRA,v1_5_single_slot,single_slot_baseline,MockSimulator,43,none,none,-1,0,0,internal,0.0,0.0,0.0,0.0,0,False,0,False,-1,1,0.1,0.2,8,8,0,raw,6,False
382,1000.0,8,8,0,8,0,0,4.635257369782831,4.635257369782831,4.635257369782831,0.0,0.0,0.0019224039995681278,1.0,0.0,False,0,0,0,0,0,0.0,0.0,0.0,0.0,0.0,0,0.0,0,0,disabled,disabled,True,normal,-1,6,False,raw,0,0.0,0.0,trial:-1,0,False,disabled,0,0,False,raw,0,0.0,0.0,,0,False,disabled,False,raw,0.0,0.0,,,,,,,,False,0,0,0,0,0,0,0.0,0.0,0.8580000000222299,3.80208400000015,4.808792000005724,context_reentry_interference,v1_5_single_slot,CRA,v1_5_single_slot,single_slot_baseline,MockSimulator,43,none,none,-1,0,0,internal,0.0,0.0,0.0,0.0,0,False,0,False,-1,1,0.1,0.2,8,8,0,raw,6,False
383,1000.0,8,8,0,8,0,0,4.621975377666357,4.621975377666357,4.621975377666357,0.0,0.0,0.0018883169286498594,1.0,0.0,False,0,0,0,0,0,0.0,0.0,0.0,0.0,0.0,0,0.0,0,0,disabled,disabled,True,normal,-1,6,False,raw,0,0.0,0.0,trial:-1,0,False,disabled,0,0,False,raw,0,0.0,0.0,,0,False,disabled,False,raw,0.0,0.0,,,,,,,,False,0,0,0,0,0,0,0.0,0.0,0.7954579999989164,3.604709000001094,4.5293750000041655,context_reentry_interference,v1_5_single_slot,CRA,v1_5_single_slot,single_slot_baseline,MockSimulator,43,none,none,-1,0,0,internal,0.0,0.0,0.0,0.0,0,False,0,False,-1,1,0.1,0.2,8,8,0,raw,6,False
384,1000.0,8,8,0,8,0,0,4.608759334668412,4.608759334668412,4.608759334668412,-8.940768239262996e-12,-0.0,0.0018548243789684947,1.0,-8.940768239262996e-12,False,0,0,0,0,0,0.0,0.0,0.0,0.0,0.0,0,0.0,0,0,disabled,disabled,True,normal,-1,7,False,raw,0,-0.005,-0.005,intruder:384,0,False,disabled,0,0,False,raw,0,-0.005,-0.005,,0,False,disabled,False,raw,-0.005,-0.005,,,,,,,,False,0,0,0,0,0,0,0.0,0.0,0.7933329999900707,3.594667000015761,4.512332999979662,context_reentry_interference,v1_5_single_slot,CRA,v1_5_single_slot,single_slot_baseline,MockSimulator,43,context,C_interference_interfering_context,10,-1,0,internal,-0.005,-0.005,0.0,0.0,0,False,-1,False,-1,1,0.1,0.2,8,8,0,raw,7,False
385,1000.0,8,8,0,8,0,0,4.595608911875249,4.595608911875249,4.595608911875249,0.0,0.0,0.0018219162045029246,1.0,0.0,False,0,0,0,0,0,0.0,0.0,0.0,0.0,0.0,0,0.0,0,0,disabled,disabled,True,normal,-1,7,False,raw,0,0.0,0.0,trial:-1,0,False,disabled,0,0,False,raw,0,0.0,0.0,,0,False,disabled,False,raw,0.0,0.0,,,,,,,,False,0,0,0,0,0,0,0.0,0.0,0.7848749999936899,3.9265420000162976,4.836041999993768,context_reentry_interference,v1_5_single_slot,CRA,v1_5_single_slot,single_slot_baseline,MockSimulator,43,none,none,-1,0,0,internal,0.0,0.0,0.0,0.0,0,False,0,False,-1,1,0.1,0.2,8,8,0,raw,7,False
386,1000.0,8,8,0,8,0,0,4.582523782013583,4.582523782013583,4.582523782013583,0.0,0.0,0.00178958242726439,1.0,0.0,False,0,0,0,0,0,0.0,0.0,0.0,0.0,0.0,0,0.0,0,0,disabled,disabled,True,normal,-1,7,False,raw,0,0.0,0.0,trial:-1,0,False,disabled,0,0,False,raw,0,0.0,0.0,,0,False,disabled,False,raw,0.0,0.0,,,,,,,,False,0,0,0,0,0,0,0.0,0.0,0.8165840000060598,3.7140000000022155,4.674041999976453,context_reentry_interference,v1_5_single_slot,CRA,v1_5_single_slot,single_slot_baseline,MockSimulator,43,none,none,-1,0,0,internal,0.0,0.0,0.0,0.0,0,False,0,False,-1,1,0.1,0.2,8,8,0,raw,7,False
387,1000.0,8,8,0,8,0,0,4.569503619442412,4.569503619442412,4.569503619442412,0.0,0.0,0.0017578132346335955,1.0,0.0,False,0,0,0,0,0,0.0,0.0,0.0,0.0,0.0,0,0.0,0,0,disabled,disabled,True,normal,-1,7,False,raw,0,0.0,0.0,trial:-1,0,False,disabled,0,0,False,raw,0,0.0,0.0,,0,False,disabled,False,raw,0.0,0.0,,,,,,,,False,0,0,0,0,0,0,0.0,0.0,0.7949169999790229,3.654333000014276,4.573166999989553,context_reentry_interference,v1_5_single_slot,CRA,v1_5_single_slot,single_slot_baseline,MockSimulator,43,none,none,-1,0,0,internal,0.0,0.0,0.0,0.0,0,False,0,False,-1,1,0.1,0.2,8,8,0,raw,7,False
388,1000.0,8,8,0,8,0,0,4.556548100144876,4.556548100144876,4.556548100144876,0.0,0.0,0.001726598976737127,1.0,0.0,False,0,0,0,0,0,0.0,0.0,0.0,0.0,0.0,0,0.0,0,0,disabled,disabled,True,normal,-1,7,False,raw,0,0.0,0.0,trial:-1,0,False,disabled,0,0,False,raw,0,0.0,0.0,,0,False,disabled,False,raw,0.0,0.0,,,,,,,,False,0,0,0,0,0,0,0.0,0.0,0.7911670000169124,3.704666999993833,4.62049999998726,context_reentry_interference,v1_5_single_slot,CRA,v1_5_single_slot,single_slot_baseline,MockSimulator,43,none,none,-1,0,0,internal,0.0,0.0,0.0,0.0,0,False,0,False,-1,1,0.1,0.2,8,8,0,raw,7,False
389,1000.0,8,8,0,8,0,0,4.543656901720152,4.543656901720152,4.543656901720152,0.0,0.0,0.0016959301638626637,1.0,0.0,False,0,0,0,0,0,0.0,0.0,0.0,0.0,0.0,0,0.0,0,0,disabled,disabled,True,normal,-1,7,False,raw,0,0.0,0.0,trial:-1,0,False,disabled,0,0,False,raw,0,0.0,0.0,,0,False,disabled,False,raw,0.0,0.0,,,,,,,,False,0,0,0,0,0,0,0.0,0.0,0.7914580000090154,3.981458999987808,4.898167000021658,context_reentry_interference,v1_5_single_slot,CRA,v1_5_single_slot,single_slot_baseline,MockSimulator,43,none,none,-1,0,0,internal,0.0,0.0,0.0,0.0,0,False,0,False,-1,1,0.1,0.2,8,8,0,raw,7,False
390,1000.0,8,8,0,8,0,0,4.530829703375403,4.530829703375403,4.530829703375403,0.0,0.0,0.0016657974639124843,1.0,0.0,False,0,0,0,0,0,0.0,0.0,0.0,0.0,0.0,0,0.0,0,0,disabled,disabled,True,normal,-1,7,False,raw,0,0.0,0.0,trial:-1,0,False,disabled,0,0,False,raw,0,0.0,0.0,,0,False,disabled,False,raw,0.0,0.0,,,,,,,,False,0,0,0,0,0,0,0.0,0.0,0.8086250000189921,3.6994159999892418,4.639749999995502,context_reentry_interference,v1_5_single_slot,CRA,v1_5_single_slot,single_slot_baseline,MockSimulator,43,none,none,-1,0,0,internal,0.0,0.0,0.0,0.0,0,False,0,False,-1,1,0.1,0.2,8,8,0,raw,7,False
391,1000.0,8,8,0,8,0,0,4.518066185917748,4.518066185917748,4.518066185917748,0.0,0.0,0.0016361916998947669,1.0,0.0,False,0,0,0,0,0,0.0,0.0,0.0,0.0,0.0,0,0.0,0,0,disabled,disabled,True,normal,-1,7,False,raw,0,0.0,0.0,trial:-1,0,False,disabled,0,0,False,raw,0,0.0,0.0,,0,False,disabled,False,raw,0.0,0.0,,,,,,,,False,0,0,0,0,0,0,0.0,0.0,0.7911670000169124,3.6636669999836613,4.57941600001277,context_reentry_interference,v1_5_single_slot,CRA,v1_5_single_slot,single_slot_baseline,MockSimulator,43,none,none,-1,0,0,internal,0.0,0.0,0.0,0.0,0,False,0,False,-1,1,0.1,0.2,8,8,0,raw,7,False
392,1000.0,8,8,0,8,0,0,4.50536603174629,4.50536603174629,4.50536603174629,0.0,0.0,0.0016071038474521932,1.0,0.0,False,0,0,0,0,0,0.0,0.0,0.0,0.0,0.0,0,0.0,0,0,disabled,disabled,True,normal,-1,7,False,raw,0,0.0,0.0,trial:-1,0,False,disabled,0,0,False,raw,0,0.0,0.0,,0,False,disabled,False,raw,0.0,0.0,,,,,,,,False,0,0,0,0,0,0,0.0,0.0,0.7952499999817064,3.8479580000227998,4.767624999999498,context_reentry_interference,v1_5_single_slot,CRA,v1_5_single_slot,single_slot_baseline,MockSimulator,43,none,none,-1,0,0,internal,0.0,0.0,0.0,0.0,0,False,0,False,-1,1,0.1,0.2,8,8,0,raw,7,False
393,1000.0,8,8,0,8,0,0,4.492728924844168,4.492728924844168,4.492728924844168,0.0,0.0,0.0015785250324273645,1.0,0.0,False,0,0,0,0,0,0.0,0.0,0.0,0.0,0.0,0,0.0,0,0,disabled,disabled,True,normal,-1,7,False,raw,0,0.0,0.0,trial:-1,0,False,disabled,0,0,False,raw,0,0.0,0.0,,0,False,disabled,False,raw,0.0,0.0,,,,,,,,False,0,0,0,0,0,0,0.0,0.0,0.8052919999954611,3.7782079999999496,4.713249999980462,context_reentry_interference,v1_5_single_slot,CRA,v1_5_single_slot,single_slot_baseline,MockSimulator,43,none,none,-1,0,0,internal,0.0,0.0,0.0,0.0,0,False,0,False,-1,1,0.1,0.2,8,8,0,raw,7,False
394,1000.0,8,8,0,8,0,0,4.480154550770667,4.480154550770667,4.480154550770667,0.0,0.0,0.0015504465284645482,1.0,0.0,False,0,0,0,0,0,0.0,0.0,0.0,0.0,0.0,0,0.0,0,0,disabled,disabled,True,normal,-1,7,False,raw,0,0.0,0.0,trial:-1,0,False,disabled,0,0,False,raw,0,0.0,0.0,,0,False,disabled,False,raw,0.0,0.0,,,,,,,,False,0,0,0,0,0,0,0.0,0.0,0.7904160000009597,3.7363339999956224,4.652292000002944,context_reentry_interference,v1_5_single_slot,CRA,v1_5_single_slot,single_slot_baseline,MockSimulator,43,none,none,-1,0,0,internal,0.0,0.0,0.0,0.0,0,False,0,False,-1,1,0.1,0.2,8,8,0,raw,7,False
395,1000.0,8,8,0,8,0,0,4.4676425966533495,4.4676425966533495,4.4676425966533495,0.0,0.0,0.0015228597546472736,1.0,0.0,False,0,0,0,0,0,0.0,0.0,0.0,0.0,0.0,0,0.0,0,0,disabled,disabled,True,normal,-1,7,False,raw,0,0.0,0.0,trial:-1,0,False,disabled,0,0,False,raw,0,0.0,0.0,,0,False,disabled,False,raw,0.0,0.0,,,,,,,,False,0,0,0,0,0,0,0.0,0.0,0.8021670000175618,3.7310410000088723,4.658666000011635,context_reentry_interference,v1_5_single_slot,CRA,v1_5_single_slot,single_slot_baseline,MockSimulator,43,none,none,-1,0,0,internal,0.0,0.0,0.0,0.0,0,False,0,False,-1,1,0.1,0.2,8,8,0,raw,7,False
396,1000.0,8,8,0,8,0,0,4.455192751180236,4.455192751180236,4.455192751180236,0.0,0.0,0.0014957562731713041,1.0,0.0,False,0,0,0,0,0,0.0,0.0,0.0,0.0,0.0,0,0.0,0,0,disabled,disabled,True,normal,-1,7,False,raw,0,0.0,0.0,trial:-1,0,False,disabled,0,0,False,raw,0,0.0,0.0,,0,False,disabled,False,raw,0.0,0.0,,,,,,,,False,0,0,0,0,0,0,0.0,0.0,0.861750000012762,3.9201669999897604,4.906207999994194,context_reentry_interference,v1_5_single_slot,CRA,v1_5_single_slot,single_slot_baseline,MockSimulator,43,none,none,-1,0,0,internal,0.0,0.0,0.0,0.0,0,False,0,False,-1,1,0.1,0.2,8,8,0,raw,7,False
397,1000.0,8,8,0,8,0,0,4.442804704592018,4.442804704592018,4.442804704592018,0.0,0.0,0.0014691277870525147,1.0,0.0,False,0,0,0,0,0,0.0,0.0,0.0,0.0,0.0,0,0.0,0,0,disabled,disabled,True,normal,-1,7,False,raw,0,0.0,0.0,trial:-1,0,False,disabled,0,0,False,raw,0,0.0,0.0,,0,False,disabled,False,raw,0.0,0.0,,,,,,,,False,0,0,0,0,0,0,0.0,0.0,0.795291999992287,3.7292910000132906,4.6535419999997885,context_reentry_interference,v1_5_single_slot,CRA,v1_5_single_slot,single_slot_baseline,MockSimulator,43,none,none,-1,0,0,internal,0.0,0.0,0.0,0.0,0,False,0,False,-1,1,0.1,0.2,8,8,0,raw,7,False
398,1000.0,8,8,0,8,0,0,4.4304781486743225,4.4304781486743225,4.4304781486743225,0.0,0.0,0.0014429661378692082,1.0,0.0,False,0,0,0,0,0,0.0,0.0,0.0,0.0,0.0,0,0.0,0,0,disabled,disabled,True,normal,-1,7,False,raw,0,0.0,0.0,trial:-1,0,False,disabled,0,0,False,raw,0,0.0,0.0,,0,False,disabled,False,raw,0.0,0.0,,,,,,,,False,0,0,0,0,0,0,0.0,0.0,0.7843330000127935,3.7679169999762507,4.6769170000118265,context_reentry_interference,v1_5_single_slot,CRA,v1_5_single_slot,single_slot_baseline,MockSimulator,43,none,none,-1,0,0,internal,0.0,0.0,0.0,0.0,0,False,0,False,-1,1,0.1,0.2,8,8,0,raw,7,False
399,1000.0,8,8,0,8,0,0,4.418212776749999,4.418212776749999,4.418212776749999,0.0,0.0,0.001417263303538413,1.0,0.0,False,0,0,0,0,0,0.0,0.0,0.0,0.0,0.0,0,0.0,0,0,disabled,disabled,True,normal,-1,7,False,raw,0,0.0,0.0,trial:-1,0,False,disabled,0,0,False,raw,0,0.0,0.0,,0,False,disabled,False,raw,0.0,0.0,,,,,,,,False,0,0,0,0,0,0,0.0,0.0,0.7920420000004924,3.9388329999781035,4.8555829999941125,context_reentry_interference,v1_5_single_slot,CRA,v1_5_single_slot,single_slot_baseline,MockSimulator,43,none,none,-1,0,0,internal,0.0,0.0,0.0,0.0,0,False,0,False,-1,1,0.1,0.2,8,8,0,raw,7,False
400,1000.0,8,8,0,8,0,0,4.406008283671457,4.406008283671457,4.406008283671457,0.0,0.0,0.0013920113961257018,1.0,0.0,False,0,0,0,0,0,0.0,0.0,0.0,0.0,0.0,0,0.0,0,0,disabled,disabled,True,normal,-1,7,False,raw,0,0.0,0.0,trial:-1,0,False,disabled,0,0,False,raw,0,0.0,0.0,,0,False,disabled,False,raw,0.0,0.0,,,,,,,,False,0,0,0,0,0,0,0.0,0.0,0.8050829999888265,3.786249999990332,4.720915999996578,context_reentry_interference,v1_5_single_slot,CRA,v1_5_single_slot,single_slot_baseline,MockSimulator,43,none,none,-1,0,0,internal,0.0,0.0,0.0,0.0,0,False,0,False,-1,1,0.1,0.2,8,8,0,raw,7,False
401,1000.0,8,8,0,8,0,0,4.393864365813034,4.393864365813034,4.393864365813034,0.0,0.0,0.0013672026596880835,1.0,0.0,False,0,0,0,0,0,0.0,0.0,0.0,0.0,0.0,0,0.0,0,0,disabled,disabled,True,normal,-1,7,False,raw,0,0.0,0.0,trial:-1,0,False,disabled,0,0,False,raw,0,0.0,0.0,,0,False,disabled,False,raw,0.0,0.0,,,,,,,,False,0,0,0,0,0,0,0.0,0.0,0.7852920000175345,3.779582999982267,4.690917000004902,context_reentry_interference,v1_5_single_slot,CRA,v1_5_single_slot,single_slot_baseline,MockSimulator,43,none,none,-1,0,0,internal,0.0,0.0,0.0,0.0,0,False,0,False,-1,1,0.1,0.2,8,8,0,raw,7,False
402,1000.0,8,8,0,8,0,0,4.381780721063409,4.381780721063409,4.381780721063409,0.0,0.0,0.0013428294681495198,1.0,0.0,False,0,0,0,0,0,0.0,0.0,0.0,0.0,0.0,0,0.0,0,0,disabled,disabled,True,normal,-1,7,False,raw,0,0.0,0.0,trial:-1,0,False,disabled,0,0,False,raw,0,0.0,0.0,,0,False,disabled,False,raw,0.0,0.0,,,,,,,,False,0,0,0,0,0,0,0.0,0.0,0.7853749999924275,3.811292000023059,4.720125000005737,context_reentry_interference,v1_5_single_slot,CRA,v1_5_single_slot,single_slot_baseline,MockSimulator,43,none,none,-1,0,0,internal,0.0,0.0,0.0,0.0,0,False,0,False,-1,1,0.1,0.2,8,8,0,raw,7,False
403,1000.0,8,8,0,8,0,0,4.369757048818045,4.369757048818045,4.369757048818045,0.0,0.0,0.0013188843232086235,1.0,0.0,False,0,0,0,0,0,0.0,0.0,0.0,0.0,0.0,0,0.0,0,0,disabled,disabled,True,normal,-1,7,False,raw,0,0.0,0.0,trial:-1,0,False,disabled,0,0,False,raw,0,0.0,0.0,,0,False,disabled,False,raw,0.0,0.0,,,,,,,,False,0,0,0,0,0,0,0.0,0.0,0.8124170000201048,3.8527920000035465,4.796833000000333,context_reentry_interference,v1_5_single_slot,CRA,v1_5_single_slot,single_slot_baseline,MockSimulator,43,none,none,-1,0,0,internal,0.0,0.0,0.0,0.0,0,False,0,False,-1,1,0.1,0.2,8,8,0,raw,7,False
404,1000.0,8,8,0,8,0,0,4.357793049971676,4.357793049971676,4.357793049971676,0.0,0.0,0.0012953598522781032,1.0,0.0,False,0,0,0,0,0,0.0,0.0,0.0,0.0,0.0,0,0.0,0,0,disabled,disabled,True,normal,-1,7,False,raw,0,0.0,0.0,trial:-1,0,False,disabled,0,0,False,raw,0,0.0,0.0,,0,False,disabled,False,raw,0.0,0.0,,,,,,,,False,0,0,0,0,0,0,0.0,0.0,0.7918329999938578,3.796749999992244,4.71287499999562,context_reentry_interference,v1_5_single_slot,CRA,v1_5_single_slot,single_slot_baseline,MockSimulator,43,none,none,-1,0,0,internal,0.0,0.0,0.0,0.0,0,False,0,False,-1,1,0.1,0.2,8,8,0,raw,7,False
405,1000.0,8,8,0,8,0,0,4.3458884269108315,4.3458884269108315,4.3458884269108315,0.0,0.0,0.0012722488064555203,1.0,0.0,False,0,0,0,0,0,0.0,0.0,0.0,0.0,0.0,0,0.0,0,0,disabled,disabled,True,normal,-1,7,False,raw,0,0.0,0.0,trial:-1,0,False,disabled,0,0,False,raw,0,0.0,0.0,,0,False,disabled,False,raw,0.0,0.0,,,,,,,,False,0,0,0,0,0,0,0.0,0.0,0.7815419999985806,3.78787500000044,4.692582999979322,context_reentry_interference,v1_5_single_slot,CRA,v1_5_single_slot,single_slot_baseline,MockSimulator,43,none,none,-1,0,0,internal,0.0,0.0,0.0,0.0,0,False,0,False,-1,1,0.1,0.2,8,8,0,raw,7,False
406,1000.0,8,8,0,8,0,0,4.3340428835063936,4.3340428835063936,4.3340428835063936,0.0,0.0,0.0012495440585249295,1.0,0.0,False,0,0,0,0,0,0.0,0.0,0.0,0.0,0.0,0,0.0,0,0,disabled,disabled,True,normal,-1,7,False,raw,0,0.0,0.0,trial:-1,0,False,disabled,0,0,False,raw,0,0.0,0.0,,0,False,disabled,False,raw,0.0,0.0,,,,,,,,False,0,0,0,0,0,0,0.0,0.0,0.7843329999843718,4.012625000001435,4.920499999997219,context_reentry_interference,v1_5_single_slot,CRA,v1_5_single_slot,single_slot_baseline,MockSimulator,43,none,none,-1,0,0,internal,0.0,0.0,0.0,0.0,0,False,0,False,-1,1,0.1,0.2,8,8,0,raw,7,False
407,1000.0,8,8,0,8,0,0,4.322256125106192,4.322256125106192,4.322256125106192,0.0,0.0,0.00122723860098898,1.0,0.0,False,0,0,0,0,0,0.0,0.0,0.0,0.0,0.0,0,0.0,0,0,disabled,disabled,True,normal,-1,7,False,raw,0,0.0,0.0,trial:-1,0,False,disabled,0,0,False,raw,0,0.0,0.0,,0,False,disabled,False,raw,0.0,0.0,,,,,,,,False,0,0,0,0,0,0,0.0,0.0,0.8051659999921412,3.8991670000143586,4.836208000000397,context_reentry_interference,v1_5_single_slot,CRA,v1_5_single_slot,single_slot_baseline,MockSimulator,43,none,none,-1,0,0,internal,0.0,0.0,0.0,0.0,0,False,0,False,-1,1,0.1,0.2,8,8,0,raw,7,False
408,1000.0,8,8,0,8,0,0,4.310527858527643,4.310527858527643,4.310527858527643,-8.940768239262996e-12,-0.0,0.0012053255441310587,1.0,-8.940768239262996e-12,False,0,0,0,0,0,0.0,0.0,0.0,0.0,0.0,0,0.0,0,0,disabled,disabled,True,normal,-1,8,False,raw,0,-0.005,-0.005,intruder:408,0,False,disabled,0,0,False,raw,0,-0.005,-0.005,,0,False,disabled,False,raw,-0.005,-0.005,,,,,,,,False,0,0,0,0,0,0,0.0,0.0,0.7923749999747542,3.8667090000217286,4.783791999983578,context_reentry_interference,v1_5_single_slot,CRA,v1_5_single_slot,single_slot_baseline,MockSimulator,43,context,C_interference_interfering_context,10,-1,0,internal,-0.005,-0.005,0.0,0.0,0,False,-1,False,-1,1,0.1,0.2,8,8,0,raw,8,False
409,1000.0,8,8,0,8,0,0,4.2988577920504145,4.2988577920504145,4.2988577920504145,0.0,0.0,0.0011837981141070584,1.0,0.0,False,0,0,0,0,0,0.0,0.0,0.0,0.0,0.0,0,0.0,0,0,disabled,disabled,True,normal,-1,8,False,raw,0,0.0,0.0,trial:-1,0,False,disabled,0,0,False,raw,0,0.0,0.0,,0,False,disabled,False,raw,0.0,0.0,,,,,,,,False,0,0,0,0,0,0,0.0,0.0,0.7859580000229016,4.060124999995196,4.9702919999958795,context_reentry_interference,v1_5_single_slot,CRA,v1_5_single_slot,single_slot_baseline,MockSimulator,43,none,none,-1,0,0,internal,0.0,0.0,0.0,0.0,0,False,0,False,-1,1,0.1,0.2,8,8,0,raw,8,False
410,1000.0,8,8,0,8,0,0,4.287245635409137,4.287245635409137,4.287245635409137,0.0,0.0,0.0011626496510663657,1.0,0.0,False,0,0,0,0,0,0.0,0.0,0.0,0.0,0.0,0,0.0,0,0,disabled,disabled,True,normal,-1,8,False,raw,0,0.0,0.0,trial:-1,0,False,disabled,0,0,False,raw,0,0.0,0.0,,0,False,disabled,False,raw,0.0,0.0,,,,,,,,False,0,0,0,0,0,0,0.0,0.0,0.8491659999947387,3.880917000003592,4.859917000004543,context_reentry_interference,v1_5_single_slot,CRA,v1_5_single_slot,single_slot_baseline,MockSimulator,43,none,none,-1,0,0,internal,0.0,0.0,0.0,0.0,0,False,0,False,-1,1,0.1,0.2,8,8,0,raw,8,False
411,1000.0,8,8,0,8,0,0,4.275691099786145,4.275691099786145,4.275691099786145,0.0,0.0,0.001141873607301658,1.0,0.0,False,0,0,0,0,0,0.0,0.0,0.0,0.0,0.0,0,0.0,0,0,disabled,disabled,True,normal,-1,8,False,raw,0,0.0,0.0,trial:-1,0,False,disabled,0,0,False,raw,0,0.0,0.0,,0,False,disabled,False,raw,0.0,0.0,,,,,,,,False,0,0,0,0,0,0,0.0,0.0,0.7896669999922779,3.856541000004654,4.7700829999826055,context_reentry_interference,v1_5_single_slot,CRA,v1_5_single_slot,single_slot_baseline,MockSimulator,43,none,none,-1,0,0,internal,0.0,0.0,0.0,0.0,0,False,0,False,-1,1,0.1,0.2,8,8,0,raw,8,False
412,1000.0,8,8,0,8,0,0,4.264193897804255,4.264193897804255,4.264193897804255,0.0,0.0,0.0011214635454271122,1.0,0.0,False,0,0,0,0,0,0.0,0.0,0.0,0.0,0.0,0,0.0,0,0,disabled,disabled,True,normal,-1,8,False,raw,0,0.0,0.0,trial:-1,0,False,disabled,0,0,False,raw,0,0.0,0.0,,0,False,disabled,False,raw,0.0,0.0,,,,,,,,False,0,0,0,0,0,0,0.0,0.0,0.786333000007744,3.8632920000054582,4.773333999992246,context_reentry_interference,v1_5_single_slot,CRA,v1_5_single_slot,single_slot_baseline,MockSimulator,43,none,none,-1,0,0,internal,0.0,0.0,0.0,0.0,0,False,0,False,-1,1,0.1,0.2,8,8,0,raw,8,False
413,1000.0,8,8,0,8,0,0,4.252753743519585,4.252753743519585,4.252753743519585,0.0,0.0,0.0011014131365846274,1.0,0.0,False,0,0,0,0,0,0.0,0.0,0.0,0.0,0.0,0,0.0,0,0,disabled,disabled,True,normal,-1,8,False,raw,0,0.0,0.0,trial:-1,0,False,disabled,0,0,False,raw,0,0.0,0.0,,0,False,disabled,False,raw,0.0,0.0,,,,,,,,False,0,0,0,0,0,0,0.0,0.0,0.8662079999908201,3.989208999996663,5.008707999991202,context_reentry_interference,v1_5_single_slot,CRA,v1_5_single_slot,single_slot_baseline,MockSimulator,43,none,none,-1,0,0,internal,0.0,0.0,0.0,0.0,0,False,0,False,-1,1,0.1,0.2,8,8,0,raw,8,False
414,1000.0,8,8,0,8,0,0,4.241370352414404,4.241370352414404,4.241370352414404,0.0,0.0,0.0010817161586776712,1.0,0.0,False,0,0,0,0,0,0.0,0.0,0.0,0.0,0.0,0,0.0,0,0,disabled,disabled,True,normal,-1,8,False,raw,0,0.0,0.0,trial:-1,0,False,disabled,0,0,False,raw,0,0.0,0.0,,0,False,disabled,False,raw,0.0,0.0,,,,,,,,False,0,0,0,0,0,0,0.0,0.0,0.7908750000069631,3.9662080000084643,4.883625000019265,context_reentry_interference,v1_5_single_slot,CRA,v1_5_single_slot,single_slot_baseline,MockSimulator,43,none,none,-1,0,0,internal,0.0,0.0,0.0,0.0,0,False,0,False,-1,1,0.1,0.2,8,8,0,raw,8,False
415,1000.0,8,8,0,8,0,0,4.230043441390018,4.230043441390018,4.230043441390018,0.0,0.0,0.0010623664946323593,1.0,0.0,False,0,0,0,0,0,0.0,0.0,0.0,0.0,0.0,0,0.0,0,0,disabled,disabled,True,normal,-1,8,False,raw,0,0.0,0.0,trial:-1,0,False,disabled,0,0,False,raw,0,0.0,0.0,,0,False,disabled,False,raw,0.0,0.0,,,,,,,,False,0,0,0,0,0,0,0.0,0.0,0.7912499999918055,3.897167000019408,4.813582999986465,context_reentry_interference,v1_5_single_slot,CRA,v1_5_single_slot,single_slot_baseline,MockSimulator,43,none,none,-1,0,0,internal,0.0,0.0,0.0,0.0,0,False,0,False,-1,1,0.1,0.2,8,8,0,raw,8,False
416,1000.0,8,8,0,8,0,0,4.218772728759692,4.218772728759692,4.218772728759692,0.0,0.0,0.001043358130685389,1.0,0.0,False,0,0,0,0,0,0.0,0.0,0.0,0.0,0.0,0,0.0,0,0,disabled,disabled,True,normal,-1,8,False,raw,0,0.0,0.0,trial:-1,0,False,disabled,0,0,False,raw,0,0.0,0.0,,0,False,disabled,False,raw,0.0,0.0,,,,,,,,False,0,0,0,0,0,0,0.0,0.0,0.7888330000014321,4.055417000017769,4.966707999983555,context_reentry_interference,v1_5_single_slot,CRA,v1_5_single_slot,single_slot_baseline,MockSimulator,43,none,none,-1,0,0,internal,0.0,0.0,0.0,0.0,0,False,0,False,-1,1,0.1,0.2,8,8,0,raw,8,False
417,1000.0,8,8,0,8,0,0,4.2075579342416125,4.2075579342416125,4.2075579342416125,0.0,0.0,0.0010246851546984446,1.0,0.0,False,0,0,0,0,0,0.0,0.0,0.0,0.0,0.0,0,0.0,0,0,disabled,disabled,True,normal,-1,8,False,raw,0,0.0,0.0,trial:-1,0,False,disabled,0,0,False,raw,0,0.0,0.0,,0,False,disabled,False,raw,0.0,0.0,,,,,,,,False,0,0,0,0,0,0,0.0,0.0,0.8027080000090336,3.9539590000003955,4.8863749999839,context_reentry_interference,v1_5_single_slot,CRA,v1_5_single_slot,single_slot_baseline,MockSimulator,43,none,none,-1,0,0,internal,0.0,0.0,0.0,0.0,0,False,0,False,-1,1,0.1,0.2,8,8,0,raw,8,False
418,1000.0,8,8,0,8,0,0,4.196398778951874,4.196398778951874,4.196398778951874,0.0,0.0,0.0010063417544987035,1.0,0.0,False,0,0,0,0,0,0.0,0.0,0.0,0.0,0.0,0,0.0,0,0,disabled,disabled,True,normal,-1,8,False,raw,0,0.0,0.0,trial:-1,0,False,disabled,0,0,False,raw,0,0.0,0.0,,0,False,disabled,False,raw,0.0,0.0,,,,,,,,False,0,0,0,0,0,0,0.0,0.0,0.7887090000053831,3.949333000008437,4.861916999999494,context_reentry_interference,v1_5_single_slot,CRA,v1_5_single_slot,single_slot_baseline,MockSimulator,43,none,none,-1,0,0,internal,0.0,0.0,0.0,0.0,0,False,0,False,-1,1,0.1,0.2,8,8,0,raw,8,False
419,1000.0,8,8,0,8,0,0,4.185294985397511,4.185294985397511,4.185294985397511,0.0,0.0,0.0009883222162450729,1.0,0.0,False,0,0,0,0,0,0.0,0.0,0.0,0.0,0.0,0,0.0,0,0,disabled,disabled,True,normal,-1,8,False,raw,0,0.0,0.0,trial:-1,0,False,disabled,0,0,False,raw,0,0.0,0.0,,0,False,disabled,False,raw,0.0,0.0,,,,,,,,False,0,0,0,0,0,0,0.0,0.0,0.7853749999924275,4.1160419999926035,5.025125000003072,context_reentry_interference,v1_5_single_slot,CRA,v1_5_single_slot,single_slot_baseline,MockSimulator,43,none,none,-1,0,0,internal,0.0,0.0,0.0,0.0,0,False,0,False,-1,1,0.1,0.2,8,8,0,raw,8,False
420,1000.0,8,8,0,8,0,0,4.174246277469561,4.174246277469561,4.174246277469561,0.0,0.0,0.000970620922819788,1.0,0.0,False,0,0,0,0,0,0.0,0.0,0.0,0.0,0.0,0,0.0,0,0,disabled,disabled,True,normal,-1,8,False,raw,0,0.0,0.0,trial:-1,0,False,disabled,0,0,False,raw,0,0.0,0.0,,0,False,disabled,False,raw,0.0,0.0,,,,,,,,False,0,0,0,0,0,0,0.0,0.0,0.8004169999935584,3.9795829999889065,4.9115420000021,context_reentry_interference,v1_5_single_slot,CRA,v1_5_single_slot,single_slot_baseline,MockSimulator,43,none,none,-1,0,0,internal,0.0,0.0,0.0,0.0,0,False,0,False,-1,1,0.1,0.2,8,8,0,raw,8,False
421,1000.0,8,8,0,8,0,0,4.163252380436158,4.163252380436158,4.163252380436158,0.0,0.0,0.0009532323522450165,1.0,0.0,False,0,0,0,0,0,0.0,0.0,0.0,0.0,0.0,0,0.0,0,0,disabled,disabled,True,normal,-1,8,False,raw,0,0.0,0.0,trial:-1,0,False,disabled,0,0,False,raw,0,0.0,0.0,,0,False,disabled,False,raw,0.0,0.0,,,,,,,,False,0,0,0,0,0,0,0.0,0.0,0.7922499999892807,3.9609580000217193,4.87783299999478,context_reentry_interference,v1_5_single_slot,CRA,v1_5_single_slot,single_slot_baseline,MockSimulator,43,none,none,-1,0,0,internal,0.0,0.0,0.0,0.0,0,False,0,False,-1,1,0.1,0.2,8,8,0,raw,8,False
422,1000.0,8,8,0,8,0,0,4.152313020935669,4.152313020935669,4.152313020935669,0.0,0.0,0.0009361510761241079,1.0,0.0,False,0,0,0,0,0,0.0,0.0,0.0,0.0,0.0,0,0.0,0,0,disabled,disabled,True,normal,-1,8,False,raw,0,0.0,0.0,trial:-1,0,False,disabled,0,0,False,raw,0,0.0,0.0,,0,False,disabled,False,raw,0.0,0.0,,,,,,,,False,0,0,0,0,0,0,0.0,0.0,0.7863750000183245,4.048916999977337,4.95950000001244,context_reentry_interference,v1_5_single_slot,CRA,v1_5_single_slot,single_slot_baseline,MockSimulator,43,none,none,-1,0,0,internal,0.0,0.0,0.0,0.0,0,False,0,False,-1,1,0.1,0.2,8,8,0,raw,8,False
423,1000.0,8,8,0,8,0,0,4.141427926969856,4.141427926969856,4.141427926969856,0.0,0.0,0.0009193717581071376,1.0,0.0,False,0,0,0,0,0,0.0,0.0,0.0,0.0,0.0,0,0.0,0,0,disabled,disabled,True,normal,-1,8,False,raw,0,0.0,0.0,trial:-1,0,False,disabled,0,0,False,raw,0,0.0,0.0,,0,False,disabled,False,raw,0.0,0.0,,,,,,,,False,0,0,0,0,0,0,0.0,0.0,0.8080000000063592,4.0367919999937385,4.977499999995416,context_reentry_interference,v1_5_single_slot,CRA,v1_5_single_slot,single_slot_baseline,MockSimulator,43,none,none,-1,0,0,internal,0.0,0.0,0.0,0.0,0,False,0,False,-1,1,0.1,0.2,8,8,0,raw,8,False
424,1000.0,8,8,0,8,0,0,4.130596827897079,4.130596827897079,4.130596827897079,0.0,0.0,0.0009028891523803965,1.0,0.0,False,0,0,0,0,0,0.0,0.0,0.0,0.0,0.0,0,0.0,0,0,disabled,disabled,True,normal,-1,8,False,raw,0,0.0,0.0,trial:-1,0,False,disabled,0,0,False,raw,0,0.0,0.0,,0,False,disabled,False,raw,0.0,0.0,,,,,,,,False,0,0,0,0,0,0,0.0,0.0,0.7877500000006421,4.019290999991654,4.930583000003708,context_reentry_interference,v1_5_single_slot,CRA,v1_5_single_slot,single_slot_baseline,MockSimulator,43,none,none,-1,0,0,internal,0.0,0.0,0.0,0.0,0,False,0,False,-1,1,0.1,0.2,8,8,0,raw,8,False
425,1000.0,8,8,0,8,0,0,4.119819454425526,4.119819454425526,4.119819454425526,0.0,0.0,0.0008866981021794823,1.0,0.0,False,0,0,0,0,0,0.0,0.0,0.0,0.0,0.0,0,0.0,0,0,disabled,disabled,True,normal,-1,8,False,raw,0,0.0,0.0,trial:-1,0,False,disabled,0,0,False,raw,0,0.0,0.0,,0,False,disabled,False,raw,0.0,0.0,,,,,,,,False,0,0,0,0,0,0,0.0,0.0,0.7863749999899028,4.003165999989733,4.91279100000952,context_reentry_interference,v1_5_single_slot,CRA,v1_5_single_slot,single_slot_baseline,MockSimulator,43,none,none,-1,0,0,internal,0.0,0.0,0.0,0.0,0,False,0,False,-1,1,0.1,0.2,8,8,0,raw,8,False
426,1000.0,8,8,0,8,0,0,4.1090955386064865,4.1090955386064865,4.1090955386064865,0.0,0.0,0.0008707935383256524,1.0,0.0,False,0,0,0,0,0,0.0,0.0,0.0,0.0,0.0,0,0.0,0,0,disabled,disabled,True,normal,-1,8,False,raw,0,0.0,0.0,trial:-1,0,False,disabled,0,0,False,raw,0,0.0,0.0,,0,False,disabled,False,raw,0.0,0.0,,,,,,,,False,0,0,0,0,0,0,0.0,0.0,0.8188330000109545,4.101958999996214,5.045333999987633,context_reentry_interference,v1_5_single_slot,CRA,v1_5_single_slot,single_slot_baseline,MockSimulator,43,none,none,-1,0,0,internal,0.0,0.0,0.0,0.0,0,False,0,False,-1,1,0.1,0.2,8,8,0,raw,8,False
427,1000.0,8,8,0,8,0,0,4.098424813827648,4.098424813827648,4.098424813827648,0.0,0.0,0.000855170477785104,1.0,0.0,False,0,0,0,0,0,0.0,0.0,0.0,0.0,0.0,0,0.0,0,0,disabled,disabled,True,normal,-1,8,False,raw,0,0.0,0.0,trial:-1,0,False,disabled,0,0,False,raw,0,0.0,0.0,,0,False,disabled,False,raw,0.0,0.0,,,,,,,,False,0,0,0,0,0,0,0.0,0.0,0.7982909999952881,4.023042000000032,4.9505839999994805,context_reentry_interference,v1_5_single_slot,CRA,v1_5_single_slot,single_slot_baseline,MockSimulator,43,none,none,-1,0,0,internal,0.0,0.0,0.0,0.0,0,False,0,False,-1,1,0.1,0.2,8,8,0,raw,8,False
428,1000.0,8,8,0,8,0,0,4.087807014806431,4.087807014806431,4.087807014806431,0.0,0.0,0.0008398240222508472,1.0,0.0,False,0,0,0,0,0,0.0,0.0,0.0,0.0,0.0,0,0.0,0,0,disabled,disabled,True,normal,-1,8,False,raw,0,0.0,0.0,trial:-1,0,False,disabled,0,0,False,raw,0,0.0,0.0,,0,False,disabled,False,raw,0.0,0.0,,,,,,,,False,0,0,0,0,0,0,0.0,0.0,0.7889579999869056,4.0330000000210475,4.945042000002786,context_reentry_interference,v1_5_single_slot,CRA,v1_5_single_slot,single_slot_baseline,MockSimulator,43,none,none,-1,0,0,internal,0.0,0.0,0.0,0.0,0,False,0,False,-1,1,0.1,0.2,8,8,0,raw,8,False
429,1000.0,8,8,0,8,0,0,4.0772418775833605,4.0772418775833605,4.0772418775833605,0.0,0.0,0.0008247493567468466,1.0,0.0,False,0,0,0,0,0,0.0,0.0,0.0,0.0,0.0,0,0.0,0,0,disabled,disabled,True,normal,-1,8,False,raw,0,0.0,0.0,trial:-1,0,False,disabled,0,0,False,raw,0,0.0,0.0,,0,False,disabled,False,raw,0.0,0.0,,,,,,,,False,0,0,0,0,0,0,0.0,0.0,0.7958330000121805,4.179666999988285,5.098792000012509,context_reentry_interference,v1_5_single_slot,CRA,v1_5_single_slot,single_slot_baseline,MockSimulator,43,none,none,-1,0,0,internal,0.0,0.0,0.0,0.0,0,False,0,False,-1,1,0.1,0.2,8,8,0,raw,8,False
430,1000.0,8,8,0,8,0,0,4.066729139515463,4.066729139515463,4.066729139515463,0.0,0.0,0.0008099417482541057,1.0,0.0,False,0,0,0,0,0,0.0,0.0,0.0,0.0,0.0,0,0.0,0,0,disabled,disabled,True,normal,-1,8,False,raw,0,0.0,0.0,trial:-1,0,False,disabled,0,0,False,raw,0,0.0,0.0,,0,False,disabled,False,raw,0.0,0.0,,,,,,,,False,0,0,0,0,0,0,0.0,0.0,0.8012499999949796,4.0727500000059536,5.001208999999562,context_reentry_interference,v1_5_single_slot,CRA,v1_5_single_slot,single_slot_baseline,MockSimulator,43,none,none,-1,0,0,internal,0.0,0.0,0.0,0.0,0,False,0,False,-1,1,0.1,0.2,8,8,0,raw,8,False
431,1000.0,8,8,0,8,0,0,4.056268539269701,4.056268539269701,4.056268539269701,0.0,0.0,0.0007953965443583757,1.0,0.0,False,0,0,0,0,0,0.0,0.0,0.0,0.0,0.0,0,0.0,0,0,disabled,disabled,True,normal,-1,8,False,raw,0,0.0,0.0,trial:-1,0,False,disabled,0,0,False,raw,0,0.0,0.0,,0,False,disabled,False,raw,0.0,0.0,,,,,,,,False,0,0,0,0,0,0,0.0,0.0,0.7866249999892716,4.039417000001322,4.949167000006582,context_reentry_interference,v1_5_single_slot,CRA,v1_5_single_slot,single_slot_baseline,MockSimulator,43,none,none,-1,0,0,internal,0.0,0.0,0.0,0.0,0,False,0,False,-1,1,0.1,0.2,8,8,0,raw,8,False
432,1000.0,8,8,0,8,0,0,4.045859816816444,4.045859816816444,4.045859816816444,-1.7881536478525993e-11,1.7881536478525995e-10,0.0007811091719191733,1.0,-1.7881536478525993e-11,True,0,0,0,0,0,0.0,0.0,0.0,0.0,0.0,0,0.0,0,0,disabled,disabled,True,normal,-1,8,True,internal_context_bound,1,0.01,-0.01,phase:C_interference,0,False,disabled,0,0,False,raw,0,-0.01,-0.01,,0,False,disabled,False,raw,-0.01,-0.01,,,,,,,,False,0,0,0,0,0,0,0.0,0.0,0.7932079999761754,4.2104590000064945,5.130041000001029,context_reentry_interference,v1_5_single_slot,CRA,v1_5_single_slot,single_slot_baseline,MockSimulator,43,decision,C_interference_decision,10,-1,1,internal,0.01,-0.01,-0.01,-0.01,-1,True,-1,True,432,1,0.1,0.2,8,8,1,internal_context_bound,8,True
433,1000.0,8,8,0,8,0,0,4.035502713422961,4.035502713422961,4.035502713422961,0.0,0.0,0.0011670751357597956,1.0,0.0,False,0,0,0,0,0,0.0,0.0,0.0,0.0,0.0,0,0.0,0,0,disabled,disabled,True,normal,-1,8,False,raw,0,0.0,0.0,trial:-1,0,False,disabled,0,0,False,raw,0,0.0,0.0,,0,False,disabled,False,raw,0.0,0.0,,,,,,,,False,0,0,0,0,0,0,0.0,0.0,0.7910829999957514,4.077625000007856,4.995708999985027,context_reentry_interference,v1_5_single_slot,CRA,v1_5_single_slot,single_slot_baseline,MockSimulator,43,none,none,-1,0,0,internal,0.0,0.0,0.0,0.0,0,False,0,False,-1,1,0.1,0.2,8,8,0,raw,8,False
434,1000.0,8,8,0,8,0,0,4.025196971646957,4.025196971646957,4.025196971646957,0.0,0.0,0.0015372900173780254,1.0,0.0,False,0,0,0,0,0,0.0,0.0,0.0,0.0,0.0,0,0.0,0,0,disabled,disabled,True,normal,-1,8,False,raw,0,0.0,0.0,trial:-1,0,False,disabled,0,0,False,raw,0,0.0,0.0,,0,False,disabled,False,raw,0.0,0.0,,,,,,,,False,0,0,0,0,0,0,0.0,0.0,0.7880830000033257,4.072124999993321,4.984457999995584,context_reentry_interference,v1_5_single_slot,CRA,v1_5_single_slot,single_slot_baseline,MockSimulator,43,none,none,-1,0,0,internal,0.0,0.0,0.0,0.0,0,False,0,False,-1,1,0.1,0.2,8,8,0,raw,8,False
435,1000.0,8,8,0,8,0,0,4.014942335330137,4.014942335330137,4.014942335330137,0.0,0.0,0.001892229473677222,1.0,0.0,False,0,0,0,0,0,0.0,0.0,0.0,0.0,0.0,0,0.0,0,0,disabled,disabled,True,normal,-1,8,False,raw,0,0.0,0.0,trial:-1,0,False,disabled,0,0,False,raw,0,0.0,0.0,,0,False,disabled,False,raw,0.0,0.0,,,,,,,,False,0,0,0,0,0,0,0.0,0.0,0.7884999999987485,4.206207999999378,5.117917000006855,context_reentry_interference,v1_5_single_slot,CRA,v1_5_single_slot,single_slot_baseline,MockSimulator,43,none,none,-1,0,0,internal,0.0,0.0,0.0,0.0,0,False,0,False,-1,1,0.1,0.2,8,8,0,raw,8,False
436,1000.0,8,8,0,8,0,0,4.0047385495917975,4.0047385495917975,4.0047385495917975,0.0,0.0,0.0022323564357175,1.0,0.0,False,0,0,0,0,0,0.0,0.0,0.0,0.0,0.0,0,0.0,0,0,disabled,disabled,True,normal,-1,8,False,raw,0,0.0,0.0,trial:-1,0,False,disabled,0,0,False,raw,0,0.0,0.0,,0,False,disabled,False,raw,0.0,0.0,,,,,,,,False,0,0,0,0,0,0,0.0,0.0,0.7945829999869147,4.09975000002305,5.024958000007018,context_reentry_interference,v1_5_single_slot,CRA,v1_5_single_slot,single_slot_baseline,MockSimulator,43,none,none,-1,0,0,internal,0.0,0.0,0.0,0.0,0,False,0,False,-1,1,0.1,0.2,8,8,0,raw,8,False
437,1000.0,8,8,0,8,0,0,3.994585360822462,3.994585360822462,3.994585360822462,0.0,0.0,0.0025581214274866954,1.0,0.0,False,0,0,0,0,0,0.0,0.0,0.0,0.0,0.0,0,0.0,0,0,disabled,disabled,True,normal,-1,8,False,raw,0,0.0,0.0,trial:-1,0,False,disabled,0,0,False,raw,0,0.0,0.0,,0,False,disabled,False,raw,0.0,0.0,,,,,,,,False,0,0,0,0,0,0,0.0,0.0,0.8180419999916921,4.345416000006708,5.2919160000044485,context_reentry_interference,v1_5_single_slot,CRA,v1_5_single_slot,single_slot_baseline,MockSimulator,43,none,none,-1,0,0,internal,0.0,0.0,0.0,0.0,0,False,0,False,-1,1,0.1,0.2,8,8,0,raw,8,False
438,1000.0,8,8,0,8,0,0,3.9844825166775317,3.9844825166775317,3.9844825166775317,0.0,0.0,0.002869962877010836,1.0,0.0,False,0,0,0,0,0,0.0,0.0,0.0,0.0,0.0,0,0.0,0,0,disabled,disabled,True,normal,-1,8,False,raw,0,0.0,0.0,trial:-1,0,False,disabled,0,0,False,raw,0,0.0,0.0,,0,False,disabled,False,raw,0.0,0.0,,,,,,,,False,0,0,0,0,0,0,0.0,0.0,0.8313339999972413,4.370832999995855,5.338750000021264,context_reentry_interference,v1_5_single_slot,CRA,v1_5_single_slot,single_slot_baseline,MockSimulator,43,none,none,-1,0,0,internal,0.0,0.0,0.0,0.0,0,False,0,False,-1,1,0.1,0.2,8,8,0,raw,8,False
439,1000.0,8,8,0,8,0,0,3.9744297660709833,3.9744297660709833,3.9744297660709833,0.0,0.0,0.0031683074199830167,1.0,0.0,False,0,0,0,0,0,0.0,0.0,0.0,0.0,0.0,0,0.0,0,0,disabled,disabled,True,normal,-1,8,False,raw,0,0.0,0.0,trial:-1,0,False,disabled,0,0,False,raw,0,0.0,0.0,,0,False,disabled,False,raw,0.0,0.0,,,,,,,,False,0,0,0,0,0,0,0.0,0.0,3.2113750000064556,4.499000000009801,7.854083000012224,context_reentry_interference,v1_5_single_slot,CRA,v1_5_single_slot,single_slot_baseline,MockSimulator,43,none,none,-1,0,0,internal,0.0,0.0,0.0,0.0,0,False,0,False,-1,1,0.1,0.2,8,8,0,raw,8,False
440,1000.0,8,8,0,8,0,0,3.96442685916909,3.96442685916909,3.96442685916909,0.0,0.0,0.003453570196085506,1.0,0.0,False,0,0,0,0,0,0.0,0.0,0.0,0.0,0.0,0,0.0,0,0,disabled,disabled,True,normal,-1,8,False,raw,0,0.0,0.0,trial:-1,0,False,disabled,0,0,False,raw,0,0.0,0.0,,0,False,disabled,False,raw,0.0,0.0,,,,,,,,False,0,0,0,0,0,0,0.0,0.0,0.8290419999923415,4.543000000012398,5.5091249999748015,context_reentry_interference,v1_5_single_slot,CRA,v1_5_single_slot,single_slot_baseline,MockSimulator,43,none,none,-1,0,0,internal,0.0,0.0,0.0,0.0,0,False,0,False,-1,1,0.1,0.2,8,8,0,raw,8,False
441,1000.0,8,8,0,8,0,0,3.9544735473841763,3.9544735473841763,3.9544735473841763,0.0,0.0,0.003726155138175902,1.0,0.0,False,0,0,0,0,0,0.0,0.0,0.0,0.0,0.0,0,0.0,0,0,disabled,disabled,True,normal,-1,8,False,raw,0,0.0,0.0,trial:-1,0,False,disabled,0,0,False,raw,0,0.0,0.0,,0,False,disabled,False,raw,0.0,0.0,,,,,,,,False,0,0,0,0,0,0,0.0,0.0,0.8141250000051059,4.429041999998162,5.377167000006011,context_reentry_interference,v1_5_single_slot,CRA,v1_5_single_slot,single_slot_baseline,MockSimulator,43,none,none,-1,0,0,internal,0.0,0.0,0.0,0.0,0,False,0,False,-1,1,0.1,0.2,8,8,0,raw,8,False
442,1000.0,8,8,0,8,0,0,3.9445695833684016,3.9445695833684016,3.9445695833684016,0.0,0.0,0.003986455254504247,1.0,0.0,False,0,0,0,0,0,0.0,0.0,0.0,0.0,0.0,0,0.0,0,0,disabled,disabled,True,normal,-1,8,False,raw,0,0.0,0.0,trial:-1,0,False,disabled,0,0,False,raw,0,0.0,0.0,,0,False,disabled,False,raw,0.0,0.0,,,,,,,,False,0,0,0,0,0,0,0.0,0.0,0.8101660000079391,4.1684589999988475,5.111208000016632,context_reentry_interference,v1_5_single_slot,CRA,v1_5_single_slot,single_slot_baseline,MockSimulator,43,none,none,-1,0,0,internal,0.0,0.0,0.0,0.0,0,False,0,False,-1,1,0.1,0.2,8,8,0,raw,8,False
443,1000.0,8,8,0,8,0,0,3.934714721007578,3.934714721007578,3.934714721007578,0.0,0.0,0.0042348529041241895,1.0,0.0,False,0,0,0,0,0,0.0,0.0,0.0,0.0,0.0,0,0.0,0,0,disabled,disabled,True,normal,-1,8,False,raw,0,0.0,0.0,trial:-1,0,False,disabled,0,0,False,raw,0,0.0,0.0,,0,False,disabled,False,raw,0.0,0.0,,,,,,,,False,0,0,0,0,0,0,0.0,0.0,0.7828330000165806,4.146292000001495,5.053500000002487,context_reentry_interference,v1_5_single_slot,CRA,v1_5_single_slot,single_slot_baseline,MockSimulator,43,none,none,-1,0,0,internal,0.0,0.0,0.0,0.0,0,False,0,False,-1,1,0.1,0.2,8,8,0,raw,8,False
444,1000.0,8,8,0,8,0,0,3.9249087154150173,3.9249087154150173,3.9249087154150173,0.0,0.0,0.004471720065657532,1.0,0.0,False,0,0,0,0,0,0.0,0.0,0.0,0.0,0.0,0,0.0,0,0,disabled,disabled,True,normal,-1,8,False,raw,0,0.0,0.0,trial:-1,0,False,disabled,0,0,False,raw,0,0.0,0.0,,0,False,disabled,False,raw,0.0,0.0,,,,,,,,False,0,0,0,0,0,0,0.0,0.0,0.7876250000151686,4.347207999984448,5.25791699999445,context_reentry_interference,v1_5_single_slot,CRA,v1_5_single_slot,single_slot_baseline,MockSimulator,43,none,none,-1,0,0,internal,0.0,0.0,0.0,0.0,0,False,0,False,-1,1,0.1,0.2,8,8,0,raw,8,False
445,1000.0,8,8,0,8,0,0,3.915151322925407,3.915151322925407,3.915151322925407,0.0,0.0,0.004697418599567891,1.0,0.0,False,0,0,0,0,0,0.0,0.0,0.0,0.0,0.0,0,0.0,0,0,disabled,disabled,True,normal,-1,8,False,raw,0,0.0,0.0,trial:-1,0,False,disabled,0,0,False,raw,0,0.0,0.0,,0,False,disabled,False,raw,0.0,0.0,,,,,,,,False,0,0,0,0,0,0,0.0,0.0,0.7975419999866062,4.22008300000698,5.14616600000295,context_reentry_interference,v1_5_single_slot,CRA,v1_5_single_slot,single_slot_baseline,MockSimulator,43,none,none,-1,0,0,internal,0.0,0.0,0.0,0.0,0,False,0,False,-1,1,0.1,0.2,8,8,0,raw,8,False
446,1000.0,8,8,0,8,0,0,3.9054423010887223,3.9054423010887223,3.9054423010887223,0.0,0.0,0.004912300504095573,1.0,0.0,False,0,0,0,0,0,0.0,0.0,0.0,0.0,0.0,0,0.0,0,0,disabled,disabled,True,normal,-1,8,False,raw,0,0.0,0.0,trial:-1,0,False,disabled,0,0,False,raw,0,0.0,0.0,,0,False,disabled,False,raw,0.0,0.0,,,,,,,,False,0,0,0,0,0,0,0.0,0.0,0.7867920000137474,4.161707999998043,5.071791999995412,context_reentry_interference,v1_5_single_slot,CRA,v1_5_single_slot,single_slot_baseline,MockSimulator,43,none,none,-1,0,0,internal,0.0,0.0,0.0,0.0,0,False,0,False,-1,1,0.1,0.2,8,8,0,raw,8,False
447,1000.0,8,8,0,8,0,0,3.895781408664161,3.895781408664161,3.895781408664161,0.0,0.0,0.00511670816500232,1.0,0.0,False,0,0,0,0,0,0.0,0.0,0.0,0.0,0.0,0,0.0,0,0,disabled,disabled,True,normal,-1,8,False,raw,0,0.0,0.0,trial:-1,0,False,disabled,0,0,False,raw,0,0.0,0.0,,0,False,disabled,False,raw,0.0,0.0,,,,,,,,False,0,0,0,0,0,0,0.0,0.0,0.7860000000050604,4.3226660000073025,5.231541000000561,context_reentry_interference,v1_5_single_slot,CRA,v1_5_single_slot,single_slot_baseline,MockSimulator,43,none,none,-1,0,0,internal,0.0,0.0,0.0,0.0,0,False,0,False,-1,1,0.1,0.2,8,8,0,raw,8,False
448,1000.0,8,8,0,8,0,0,3.8861684056141153,3.8861684056141153,3.8861684056141153,0.0,0.0,0.00531097459927116,1.0,0.0,False,0,0,0,0,0,0.0,0.0,0.0,0.0,0.0,0,0.0,0,0,disabled,disabled,True,normal,-1,8,False,raw,0,0.0,0.0,trial:-1,0,False,disabled,0,0,False,raw,0,0.0,0.0,,0,False,disabled,False,raw,0.0,0.0,,,,,,,,False,0,0,0,0,0,0,0.0,0.0,0.8025000000202454,4.22829099997557,5.159915999996656,context_reentry_interference,v1_5_single_slot,CRA,v1_5_single_slot,single_slot_baseline,MockSimulator,43,none,none,-1,0,0,internal,0.0,0.0,0.0,0.0,0,False,0,False,-1,1,0.1,0.2,8,8,0,raw,8,False
449,1000.0,8,8,0,8,0,0,3.8766030530981688,3.8766030530981688,3.8766030530981688,0.0,0.0,0.0054954236929032445,1.0,0.0,False,0,0,0,0,0,0.0,0.0,0.0,0.0,0.0,0,0.0,0,0,disabled,disabled,True,normal,-1,8,False,raw,0,0.0,0.0,trial:-1,0,False,disabled,0,0,False,raw,0,0.0,0.0,,0,False,disabled,False,raw,0.0,0.0,,,,,,,,False,0,0,0,0,0,0,0.0,0.0,0.795957999997654,4.205874999996695,5.124874999978601,context_reentry_interference,v1_5_single_slot,CRA,v1_5_single_slot,single_slot_baseline,MockSimulator,43,none,none,-1,0,0,internal,0.0,0.0,0.0,0.0,0,False,0,False,-1,1,0.1,0.2,8,8,0,raw,8,False
450,1000.0,8,8,0,8,0,0,3.8670851134671267,3.8670851134671267,3.8670851134671267,0.0,0.0,0.005670370432950337,1.0,0.0,False,0,0,0,0,0,0.0,0.0,0.0,0.0,0.0,0,0.0,0,0,disabled,disabled,True,normal,-1,8,False,raw,0,0.0,0.0,trial:-1,0,False,disabled,0,0,False,raw,0,0.0,0.0,,0,False,disabled,False,raw,0.0,0.0,,,,,,,,False,0,0,0,0,0,0,0.0,0.0,0.786042000015641,4.3420419999904425,5.256666999997606,context_reentry_interference,v1_5_single_slot,CRA,v1_5_single_slot,single_slot_baseline,MockSimulator,43,none,none,-1,0,0,internal,0.0,0.0,0.0,0.0,0,False,0,False,-1,1,0.1,0.2,8,8,0,raw,8,False
451,1000.0,8,8,0,8,0,0,3.8576143502570748,3.8576143502570748,3.8576143502570748,0.0,0.0,0.005836121133918385,1.0,0.0,False,0,0,0,0,0,0.0,0.0,0.0,0.0,0.0,0,0.0,0,0,disabled,disabled,True,normal,-1,8,False,raw,0,0.0,0.0,trial:-1,0,False,disabled,0,0,False,raw,0,0.0,0.0,,0,False,disabled,False,raw,0.0,0.0,,,,,,,,False,0,0,0,0,0,0,0.0,0.0,0.8197919999872738,4.368416000005482,5.325582999972767,context_reentry_interference,v1_5_single_slot,CRA,v1_5_single_slot,single_slot_baseline,MockSimulator,43,none,none,-1,0,0,internal,0.0,0.0,0.0,0.0,0,False,0,False,-1,1,0.1,0.2,8,8,0,raw,8,False
452,1000.0,8,8,0,8,0,0,3.8481905281834665,3.8481905281834665,3.8481905281834665,0.0,0.0,0.00599297365867453,1.0,0.0,False,0,0,0,0,0,0.0,0.0,0.0,0.0,0.0,0,0.0,0,0,disabled,disabled,True,normal,-1,8,False,raw,0,0.0,0.0,trial:-1,0,False,disabled,0,0,False,raw,0,0.0,0.0,,0,False,disabled,False,raw,0.0,0.0,,,,,,,,False,0,0,0,0,0,0,0.0,0.0,0.7909999999924366,4.273000000011962,5.189333000004126,context_reentry_interference,v1_5_single_slot,CRA,v1_5_single_slot,single_slot_baseline,MockSimulator,43,none,none,-1,0,0,internal,0.0,0.0,0.0,0.0,0,False,0,False,-1,1,0.1,0.2,8,8,0,raw,8,False
453,1000.0,8,8,0,8,0,0,3.8388134131352416,3.8388134131352416,3.8388134131352416,0.0,0.0,0.006141217633986863,1.0,0.0,False,0,0,0,0,0,0.0,0.0,0.0,0.0,0.0,0,0.0,0,0,disabled,disabled,True,normal,-1,8,False,raw,0,0.0,0.0,trial:-1,0,False,disabled,0,0,False,raw,0,0.0,0.0,,0,False,disabled,False,raw,0.0,0.0,,,,,,,,False,0,0,0,0,0,0,0.0,0.0,0.7900420000055419,4.265500000002476,5.179207999987057,context_reentry_interference,v1_5_single_slot,CRA,v1_5_single_slot,single_slot_baseline,MockSimulator,43,none,none,-1,0,0,internal,0.0,0.0,0.0,0.0,0,False,0,False,-1,1,0.1,0.2,8,8,0,raw,8,False
454,1000.0,8,8,0,8,0,0,3.829482772168974,3.829482772168974,3.829482772168974,0.0,0.0,0.006281134660823232,1.0,0.0,False,0,0,0,0,0,0.0,0.0,0.0,0.0,0.0,0,0.0,0,0,disabled,disabled,True,normal,-1,8,False,raw,0,0.0,0.0,trial:-1,0,False,disabled,0,0,False,raw,0,0.0,0.0,,0,False,disabled,False,raw,0.0,0.0,,,,,,,,False,0,0,0,0,0,0,0.0,0.0,0.8495419999974274,4.330375000023423,5.31412499998396,context_reentry_interference,v1_5_single_slot,CRA,v1_5_single_slot,single_slot_baseline,MockSimulator,43,none,none,-1,0,0,internal,0.0,0.0,0.0,0.0,0,False,0,False,-1,1,0.1,0.2,8,8,0,raw,8,False
455,1000.0,8,8,0,8,0,0,3.820198373503047,3.820198373503047,3.820198373503047,0.0,0.0,0.006412998519532552,1.0,0.0,False,0,0,0,0,0,0.0,0.0,0.0,0.0,0.0,0,0.0,0,0,disabled,disabled,True,normal,-1,8,False,raw,0,0.0,0.0,trial:-1,0,False,disabled,0,0,False,raw,0,0.0,0.0,,0,False,disabled,False,raw,0.0,0.0,,,,,,,,False,0,0,0,0,0,0,0.0,0.0,0.7917089999978089,4.273291000004065,5.191916000001129,context_reentry_interference,v1_5_single_slot,CRA,v1_5_single_slot,single_slot_baseline,MockSimulator,43,none,none,-1,0,0,internal,0.0,0.0,0.0,0.0,0,False,0,False,-1,1,0.1,0.2,8,8,0,raw,8,False
456,1000.0,8,8,0,8,0,0,3.8109599865118597,3.8109599865118597,3.8109599865118597,2.322811588560527e-11,2.322811588560527e-10,0.00653707537002917,1.0,2.322811588560527e-11,True,0,0,0,0,0,0.0,0.0,0.0,0.0,0.0,0,0.0,0,0,disabled,disabled,True,normal,-1,8,True,internal_context_bound,-1,-0.01,0.01,phase:C_interference,0,False,disabled,0,0,False,raw,0,0.01,0.01,,0,False,disabled,False,raw,0.01,0.01,,,,,,,,False,0,0,0,0,0,0,0.0,0.0,0.7860409999977946,4.353208999987146,5.264000000011038,context_reentry_interference,v1_5_single_slot,CRA,v1_5_single_slot,single_slot_baseline,MockSimulator,43,decision,C_interference_decision,11,-1,-1,internal,-0.01,0.01,0.01,0.01,1,True,1,True,456,1,0.1,0.2,8,8,-1,internal_context_bound,8,True
457,1000.0,8,8,0,8,0,0,3.8017673817200603,3.8017673817200603,3.8017673817200603,0.0,0.0,0.00705362394709811,1.0,0.0,False,0,0,0,0,0,0.0,0.0,0.0,0.0,0.0,0,0.0,0,0,disabled,disabled,True,normal,-1,8,False,raw,0,0.0,0.0,trial:-1,0,False,disabled,0,0,False,raw,0,0.0,0.0,,0,False,disabled,False,raw,0.0,0.0,,,,,,,,False,0,0,0,0,0,0,0.0,0.0,0.8643339999991895,4.371749999990016,5.360875000008036,context_reentry_interference,v1_5_single_slot,CRA,v1_5_single_slot,single_slot_baseline,MockSimulator,43,none,none,-1,0,0,internal,0.0,0.0,0.0,0.0,0,False,0,False,-1,1,0.1,0.2,8,8,0,raw,8,False
458,1000.0,8,8,0,8,0,0,3.7926203307968103,3.7926203307968103,3.7926203307968103,0.0,0.0,0.007546895750936281,1.0,0.0,False,0,0,0,0,0,0.0,0.0,0.0,0.0,0.0,0,0.0,0,0,disabled,disabled,True,normal,-1,8,False,raw,0,0.0,0.0,trial:-1,0,False,disabled,0,0,False,raw,0,0.0,0.0,,0,False,disabled,False,raw,0.0,0.0,,,,,,,,False,0,0,0,0,0,0,0.0,0.0,0.844707999988259,4.307584000002862,5.280499999997801,context_reentry_interference,v1_5_single_slot,CRA,v1_5_single_slot,single_slot_baseline,MockSimulator,43,none,none,-1,0,0,internal,0.0,0.0,0.0,0.0,0,False,0,False,-1,1,0.1,0.2,8,8,0,raw,8,False
459,1000.0,8,8,0,8,0,0,3.7835186065500754,3.7835186065500754,3.7835186065500754,0.0,0.0,0.008017615233042084,1.0,0.0,False,0,0,0,0,0,0.0,0.0,0.0,0.0,0.0,0,0.0,0,0,disabled,disabled,True,normal,-1,8,False,raw,0,0.0,0.0,trial:-1,0,False,disabled,0,0,False,raw,0,0.0,0.0,,0,False,disabled,False,raw,0.0,0.0,,,,,,,,False,0,0,0,0,0,0,0.0,0.0,0.7869589999813797,4.311291000021811,5.222708000019338,context_reentry_interference,v1_5_single_slot,CRA,v1_5_single_slot,single_slot_baseline,MockSimulator,43,none,none,-1,0,0,internal,0.0,0.0,0.0,0.0,0,False,0,False,-1,1,0.1,0.2,8,8,0,raw,8,False
460,1000.0,8,8,0,8,0,0,3.774461982920947,3.774461982920947,3.774461982920947,0.0,0.0,0.008466487177563282,1.0,0.0,False,0,0,0,0,0,0.0,0.0,0.0,0.0,0.0,0,0.0,0,0,disabled,disabled,True,normal,-1,8,False,raw,0,0.0,0.0,trial:-1,0,False,disabled,0,0,False,raw,0,0.0,0.0,,0,False,disabled,False,raw,0.0,0.0,,,,,,,,False,0,0,0,0,0,0,0.0,0.0,0.8227499999975407,4.448666000001822,5.397208000005094,context_reentry_interference,v1_5_single_slot,CRA,v1_5_single_slot,single_slot_baseline,MockSimulator,43,none,none,-1,0,0,internal,0.0,0.0,0.0,0.0,0,False,0,False,-1,1,0.1,0.2,8,8,0,raw,8,False
461,1000.0,8,8,0,8,0,0,3.765450234977988,3.765450234977988,3.765450234977988,0.0,0.0,0.008894197198210416,1.0,0.0,False,0,0,0,0,0,0.0,0.0,0.0,0.0,0.0,0,0.0,0,0,disabled,disabled,True,normal,-1,8,False,raw,0,0.0,0.0,trial:-1,0,False,disabled,0,0,False,raw,0,0.0,0.0,,0,False,disabled,False,raw,0.0,0.0,,,,,,,,False,0,0,0,0,0,0,0.0,0.0,0.7997499999987667,4.394875000002685,5.324542000010979,context_reentry_interference,v1_5_single_slot,CRA,v1_5_single_slot,single_slot_baseline,MockSimulator,43,none,none,-1,0,0,internal,0.0,0.0,0.0,0.0,0,False,0,False,-1,1,0.1,0.2,8,8,0,raw,8,False
462,1000.0,8,8,0,8,0,0,3.7564831389116136,3.7564831389116136,3.7564831389116136,0.0,0.0,0.009301412223160638,1.0,0.0,False,0,0,0,0,0,0.0,0.0,0.0,0.0,0.0,0,0.0,0,0,disabled,disabled,True,normal,-1,8,False,raw,0,0.0,0.0,trial:-1,0,False,disabled,0,0,False,raw,0,0.0,0.0,,0,False,disabled,False,raw,0.0,0.0,,,,,,,,False,0,0,0,0,0,0,0.0,0.0,0.7915420000017548,4.340499999983649,5.255333000008022,context_reentry_interference,v1_5_single_slot,CRA,v1_5_single_slot,single_slot_baseline,MockSimulator,43,none,none,-1,0,0,internal,0.0,0.0,0.0,0.0,0,False,0,False,-1,1,0.1,0.2,8,8,0,raw,8,False
463,1000.0,8,8,0,8,0,0,3.747560472028491,3.747560472028491,3.747560472028491,0.0,0.0,0.009688780968233567,1.0,0.0,False,0,0,0,0,0,0.0,0.0,0.0,0.0,0.0,0,0.0,0,0,disabled,disabled,True,normal,-1,8,False,raw,0,0.0,0.0,trial:-1,0,False,disabled,0,0,False,raw,0,0.0,0.0,,0,False,disabled,False,raw,0.0,0.0,,,,,,,,False,0,0,0,0,0,0,0.0,0.0,0.7874169999979586,4.484208000008039,5.395332999995617,context_reentry_interference,v1_5_single_slot,CRA,v1_5_single_slot,single_slot_baseline,MockSimulator,43,none,none,-1,0,0,internal,0.0,0.0,0.0,0.0,0,False,0,False,-1,1,0.1,0.2,8,8,0,raw,8,False
464,1000.0,8,8,0,8,0,0,3.738682012745977,3.738682012745977,3.738682012745977,0.0,0.0,0.010056934398614315,1.0,0.0,False,0,0,0,0,0,0.0,0.0,0.0,0.0,0.0,0,0.0,0,0,disabled,disabled,True,normal,-1,8,False,raw,0,0.0,0.0,trial:-1,0,False,disabled,0,0,False,raw,0,0.0,0.0,,0,False,disabled,False,raw,0.0,0.0,,,,,,,,False,0,0,0,0,0,0,0.0,0.0,0.8002920000080849,4.3587919999765745,5.286915999988651,context_reentry_interference,v1_5_single_slot,CRA,v1_5_single_slot,single_slot_baseline,MockSimulator,43,none,none,-1,0,0,internal,0.0,0.0,0.0,0.0,0,False,0,False,-1,1,0.1,0.2,8,8,0,raw,8,False
465,1000.0,8,8,0,8,0,0,3.729847540586575,3.729847540586575,3.729847540586575,0.0,0.0,0.01040648617939254,1.0,0.0,False,0,0,0,0,0,0.0,0.0,0.0,0.0,0.0,0,0.0,0,0,disabled,disabled,True,normal,-1,8,False,raw,0,0.0,0.0,trial:-1,0,False,disabled,0,0,False,raw,0,0.0,0.0,,0,False,disabled,False,raw,0.0,0.0,,,,,,,,False,0,0,0,0,0,0,0.0,0.0,0.7862079999938487,4.359875000005786,5.273582999990367,context_reentry_interference,v1_5_single_slot,CRA,v1_5_single_slot,single_slot_baseline,MockSimulator,43,none,none,-1,0,0,internal,0.0,0.0,0.0,0.0,0,False,0,False,-1,1,0.1,0.2,8,8,0,raw,8,False
466,1000.0,8,8,0,8,0,0,3.7210568361724246,3.7210568361724246,3.7210568361724246,0.0,0.0,0.010738033115180191,1.0,0.0,False,0,0,0,0,0,0.0,0.0,0.0,0.0,0.0,0,0.0,0,0,disabled,disabled,True,normal,-1,8,False,raw,0,0.0,0.0,trial:-1,0,False,disabled,0,0,False,raw,0,0.0,0.0,,0,False,disabled,False,raw,0.0,0.0,,,,,,,,False,0,0,0,0,0,0,0.0,0.0,0.7866669999998521,4.513499999973192,5.422959000014771,context_reentry_interference,v1_5_single_slot,CRA,v1_5_single_slot,single_slot_baseline,MockSimulator,43,none,none,-1,0,0,internal,0.0,0.0,0.0,0.0,0,False,0,False,-1,1,0.1,0.2,8,8,0,raw,8,False
467,1000.0,8,8,0,8,0,0,3.7123096812198164,3.7123096812198164,3.7123096812198164,0.0,0.0,0.011052155579064579,1.0,0.0,False,0,0,0,0,0,0.0,0.0,0.0,0.0,0.0,0,0.0,0,0,disabled,disabled,True,normal,-1,8,False,raw,0,0.0,0.0,trial:-1,0,False,disabled,0,0,False,raw,0,0.0,0.0,,0,False,disabled,False,raw,0.0,0.0,,,,,,,,False,0,0,0,0,0,0,0.0,0.0,0.7945419999941805,4.360749999989366,5.282208000011224,context_reentry_interference,v1_5_single_slot,CRA,v1_5_single_slot,single_slot_baseline,MockSimulator,43,none,none,-1,0,0,internal,0.0,0.0,0.0,0.0,0,False,0,False,-1,1,0.1,0.2,8,8,0,raw,8,False
468,1000.0,8,8,0,8,0,0,3.703605858533736,3.703605858533736,3.703605858533736,0.0,0.0,0.011349417931147517,1.0,0.0,False,0,0,0,0,0,0.0,0.0,0.0,0.0,0.0,0,0.0,0,0,disabled,disabled,True,normal,-1,8,False,raw,0,0.0,0.0,trial:-1,0,False,disabled,0,0,False,raw,0,0.0,0.0,,0,False,disabled,False,raw,0.0,0.0,,,,,,,,False,0,0,0,0,0,0,0.0,0.0,0.7884169999954338,4.344833000004655,5.256083000006129,context_reentry_interference,v1_5_single_slot,CRA,v1_5_single_slot,single_slot_baseline,MockSimulator,43,none,none,-1,0,0,internal,0.0,0.0,0.0,0.0,0,False,0,False,-1,1,0.1,0.2,8,8,0,raw,8,False
469,1000.0,8,8,0,8,0,0,3.694945152002433,3.694945152002433,3.694945152002433,0.0,0.0,0.011630368926915513,1.0,0.0,False,0,0,0,0,0,0.0,0.0,0.0,0.0,0.0,0,0.0,0,0,disabled,disabled,True,normal,-1,8,False,raw,0,0.0,0.0,trial:-1,0,False,disabled,0,0,False,raw,0,0.0,0.0,,0,False,disabled,False,raw,0.0,0.0,,,,,,,,False,0,0,0,0,0,0,0.0,0.0,0.7836249999968459,4.53033299999106,5.4384170000219,context_reentry_interference,v1_5_single_slot,CRA,v1_5_single_slot,single_slot_baseline,MockSimulator,43,none,none,-1,0,0,internal,0.0,0.0,0.0,0.0,0,False,0,False,-1,1,0.1,0.2,8,8,0,raw,8,False
470,1000.0,8,8,0,8,0,0,3.686327346592018,3.686327346592018,3.686327346592018,0.0,0.0,0.01189554211568033,1.0,0.0,False,0,0,0,0,0,0.0,0.0,0.0,0.0,0.0,0,0.0,0,0,disabled,disabled,True,normal,-1,8,False,raw,0,0.0,0.0,trial:-1,0,False,disabled,0,0,False,raw,0,0.0,0.0,,0,False,disabled,False,raw,0.0,0.0,,,,,,,,False,0,0,0,0,0,0,0.0,0.0,0.7947919999935493,4.378207999991446,5.300083000008726,context_reentry_interference,v1_5_single_slot,CRA,v1_5_single_slot,single_slot_baseline,MockSimulator,43,none,none,-1,0,0,internal,0.0,0.0,0.0,0.0,0,False,0,False,-1,1,0.1,0.2,8,8,0,raw,8,False
471,1000.0,8,8,0,8,0,0,3.677752228341089,3.677752228341089,3.677752228341089,0.0,0.0,0.012145456229323788,1.0,0.0,False,0,0,0,0,0,0.0,0.0,0.0,0.0,0.0,0,0.0,0,0,disabled,disabled,True,normal,-1,8,False,raw,0,0.0,0.0,trial:-1,0,False,disabled,0,0,False,raw,0,0.0,0.0,,0,False,disabled,False,raw,0.0,0.0,,,,,,,,False,0,0,0,0,0,0,0.0,0.0,0.787374999987378,4.442583000013656,5.352833000017654,context_reentry_interference,v1_5_single_slot,CRA,v1_5_single_slot,single_slot_baseline,MockSimulator,43,none,none,-1,0,0,internal,0.0,0.0,0.0,0.0,0,False,0,False,-1,1,0.1,0.2,8,8,0,raw,8,False
472,1000.0,8,8,0,8,0,0,3.6692195843553788,3.6692195843553788,3.6692195843553788,0.0,0.0,0.012380615561575235,1.0,0.0,False,0,0,0,0,0,0.0,0.0,0.0,0.0,0.0,0,0.0,0,0,disabled,disabled,True,normal,-1,8,False,raw,0,0.0,0.0,trial:-1,0,False,disabled,0,0,False,raw,0,0.0,0.0,,0,False,disabled,False,raw,0.0,0.0,,,,,,,,False,0,0,0,0,0,0,0.0,0.0,0.7906249999791726,4.529165999997531,5.443708000001379,context_reentry_interference,v1_5_single_slot,CRA,v1_5_single_slot,single_slot_baseline,MockSimulator,43,none,none,-1,0,0,internal,0.0,0.0,0.0,0.0,0,False,0,False,-1,1,0.1,0.2,8,8,0,raw,8,False
473,1000.0,8,8,0,8,0,0,3.660729202802435,3.660729202802435,3.660729202802435,0.0,0.0,0.012601510338044896,1.0,0.0,False,0,0,0,0,0,0.0,0.0,0.0,0.0,0.0,0,0.0,0,0,disabled,disabled,True,normal,-1,8,False,raw,0,0.0,0.0,trial:-1,0,False,disabled,0,0,False,raw,0,0.0,0.0,,0,False,disabled,False,raw,0.0,0.0,,,,,,,,False,0,0,0,0,0,0,0.0,0.0,0.7949170000074446,4.454417000005151,5.377124999995431,context_reentry_interference,v1_5_single_slot,CRA,v1_5_single_slot,single_slot_baseline,MockSimulator,43,none,none,-1,0,0,internal,0.0,0.0,0.0,0.0,0,False,0,False,-1,1,0.1,0.2,8,8,0,raw,8,False
474,1000.0,8,8,0,8,0,0,3.6522808729063247,3.6522808729063247,3.6522808729063247,0.0,0.0,0.01280861707723114,1.0,0.0,False,0,0,0,0,0,0.0,0.0,0.0,0.0,0.0,0,0.0,0,0,disabled,disabled,True,normal,-1,8,False,raw,0,0.0,0.0,trial:-1,0,False,disabled,0,0,False,raw,0,0.0,0.0,,0,False,disabled,False,raw,0.0,0.0,,,,,,,,False,0,0,0,0,0,0,0.0,0.0,0.788084000021172,4.4491660000005595,5.361375000006774,context_reentry_interference,v1_5_single_slot,CRA,v1_5_single_slot,single_slot_baseline,MockSimulator,43,none,none,-1,0,0,internal,0.0,0.0,0.0,0.0,0,False,0,False,-1,1,0.1,0.2,8,8,0,raw,8,False
475,1000.0,8,8,0,8,0,0,3.643874384942363,3.643874384942363,3.643874384942363,0.0,0.0,0.013002398942714715,1.0,0.0,False,0,0,0,0,0,0.0,0.0,0.0,0.0,0.0,0,0.0,0,0,disabled,disabled,True,normal,-1,8,False,raw,0,0.0,0.0,trial:-1,0,False,disabled,0,0,False,raw,0,0.0,0.0,,0,False,disabled,False,raw,0.0,0.0,,,,,,,,False,0,0,0,0,0,0,0.0,0.0,0.7860419999872192,4.648333000005778,5.557708000026196,context_reentry_interference,v1_5_single_slot,CRA,v1_5_single_slot,single_slot_baseline,MockSimulator,43,none,none,-1,0,0,internal,0.0,0.0,0.0,0.0,0,False,0,False,-1,1,0.1,0.2,8,8,0,raw,8,False
476,1000.0,8,8,0,8,0,0,3.635509530231872,3.635509530231872,3.635509530231872,0.0,0.0,0.013183306086748057,1.0,0.0,False,0,0,0,0,0,0.0,0.0,0.0,0.0,0.0,0,0.0,0,0,disabled,disabled,True,normal,-1,8,False,raw,0,0.0,0.0,trial:-1,0,False,disabled,0,0,False,raw,0,0.0,0.0,,0,False,disabled,False,raw,0.0,0.0,,,,,,,,False,0,0,0,0,0,0,0.0,0.0,0.7978749999892898,4.4950000000199,5.420541999995976,context_reentry_interference,v1_5_single_slot,CRA,v1_5_single_slot,single_slot_baseline,MockSimulator,43,none,none,-1,0,0,internal,0.0,0.0,0.0,0.0,0,False,0,False,-1,1,0.1,0.2,8,8,0,raw,8,False
477,1000.0,8,8,0,8,0,0,3.6271861011369615,3.6271861011369615,3.6271861011369615,0.0,0.0,0.013351775985442979,1.0,0.0,False,0,0,0,0,0,0.0,0.0,0.0,0.0,0.0,0,0.0,0,0,disabled,disabled,True,normal,-1,8,False,raw,0,0.0,0.0,trial:-1,0,False,disabled,0,0,False,raw,0,0.0,0.0,,0,False,disabled,False,raw,0.0,0.0,,,,,,,,False,0,0,0,0,0,0,0.0,0.0,0.7909999999924366,4.5280839999861655,5.444041000004063,context_reentry_interference,v1_5_single_slot,CRA,v1_5_single_slot,single_slot_baseline,MockSimulator,43,none,none,-1,0,0,internal,0.0,0.0,0.0,0.0,0,False,0,False,-1,1,0.1,0.2,8,8,0,raw,8,False
478,1000.0,8,8,0,8,0,0,3.61890389105534,3.61890389105534,3.61890389105534,0.0,0.0,0.013508233765755403,1.0,0.0,False,0,0,0,0,0,0.0,0.0,0.0,0.0,0.0,0,0.0,0,0,disabled,disabled,True,normal,-1,8,False,raw,0,0.0,0.0,trial:-1,0,False,disabled,0,0,False,raw,0,0.0,0.0,,0,False,disabled,False,raw,0.0,0.0,,,,,,,,False,0,0,0,0,0,0,0.0,0.0,0.7885839999914879,4.6402080000120804,5.551792000005662,context_reentry_interference,v1_5_single_slot,CRA,v1_5_single_slot,single_slot_baseline,MockSimulator,43,none,none,-1,0,0,internal,0.0,0.0,0.0,0.0,0,False,0,False,-1,1,0.1,0.2,8,8,0,raw,8,False
479,1000.0,8,8,0,8,0,0,3.610662694415149,3.610662694415149,3.610662694415149,0.0,0.0,0.013653092524461155,1.0,0.0,False,0,0,0,0,0,0.0,0.0,0.0,0.0,0.0,0,0.0,0,0,disabled,disabled,True,normal,-1,8,False,raw,0,0.0,0.0,trial:-1,0,False,disabled,0,0,False,raw,0,0.0,0.0,,0,False,disabled,False,raw,0.0,0.0,,,,,,,,False,0,0,0,0,0,0,0.0,0.0,0.8016660000009779,4.50554200000397,5.43591699999979,context_reentry_interference,v1_5_single_slot,CRA,v1_5_single_slot,single_slot_baseline,MockSimulator,43,none,none,-1,0,0,internal,0.0,0.0,0.0,0.0,0,False,0,False,-1,1,0.1,0.2,8,8,0,raw,8,False
480,1000.0,8,8,0,8,0,0,3.602462306669824,3.602462306669824,3.602462306669824,-3.017332253540124e-11,3.017332253540124e-10,0.013786753639312373,1.0,-3.017332253540124e-11,True,0,0,0,0,0,0.0,0.0,0.0,0.0,0.0,0,0.0,0,0,disabled,disabled,True,normal,-1,8,True,internal_context_bound,1,0.01,-0.01,phase:C_interference,0,False,disabled,0,0,False,raw,0,-0.01,-0.01,,0,False,disabled,False,raw,-0.01,-0.01,,,,,,,,False,0,0,0,0,0,0,0.0,0.0,0.7984590000091885,4.5461249999902975,5.467875000022104,context_reentry_interference,v1_5_single_slot,CRA,v1_5_single_slot,single_slot_baseline,MockSimulator,43,decision,C_interference_decision,12,-1,1,internal,0.01,-0.01,-0.01,-0.01,-1,True,-1,True,480,1,0.1,0.2,8,8,1,internal_context_bound,8,True
481,1000.0,8,8,0,8,0,0,3.594302524292979,3.594302524292979,3.594302524292979,0.0,0.0,0.014309607072559757,1.0,0.0,False,0,0,0,0,0,0.0,0.0,0.0,0.0,0.0,0,0.0,0,0,disabled,disabled,True,normal,-1,8,False,raw,0,0.0,0.0,trial:-1,0,False,disabled,0,0,False,raw,0,0.0,0.0,,0,False,disabled,False,raw,0.0,0.0,,,,,,,,False,0,0,0,0,0,0,0.0,0.0,0.7884580000165897,4.610124999999243,5.522667000008141,context_reentry_interference,v1_5_single_slot,CRA,v1_5_single_slot,single_slot_baseline,MockSimulator,43,none,none,-1,0,0,internal,0.0,0.0,0.0,0.0,0,False,0,False,-1,1,0.1,0.2,8,8,0,raw,8,False
482,1000.0,8,8,0,8,0,0,3.586183144773322,3.586183144773322,3.586183144773322,0.0,0.0,0.014806031667021522,1.0,0.0,False,0,0,0,0,0,0.0,0.0,0.0,0.0,0.0,0,0.0,0,0,disabled,disabled,True,normal,-1,8,False,raw,0,0.0,0.0,trial:-1,0,False,disabled,0,0,False,raw,0,0.0,0.0,,0,False,disabled,False,raw,0.0,0.0,,,,,,,,False,0,0,0,0,0,0,0.0,0.0,0.7990420000112408,4.588833000013892,5.516292000010026,context_reentry_interference,v1_5_single_slot,CRA,v1_5_single_slot,single_slot_baseline,MockSimulator,43,none,none,-1,0,0,internal,0.0,0.0,0.0,0.0,0,False,0,False,-1,1,0.1,0.2,8,8,0,raw,8,False
483,1000.0,8,8,0,8,0,0,3.5781039666095884,3.5781039666095884,3.5781039666095884,0.0,0.0,0.015276875434875792,1.0,0.0,False,0,0,0,0,0,0.0,0.0,0.0,0.0,0.0,0,0.0,0,0,disabled,disabled,True,normal,-1,8,False,raw,0,0.0,0.0,trial:-1,0,False,disabled,0,0,False,raw,0,0.0,0.0,,0,False,disabled,False,raw,0.0,0.0,,,,,,,,False,0,0,0,0,0,0,0.0,0.0,0.7861659999832682,4.495667000014691,5.409665999991375,context_reentry_interference,v1_5_single_slot,CRA,v1_5_single_slot,single_slot_baseline,MockSimulator,43,none,none,-1,0,0,internal,0.0,0.0,0.0,0.0,0,False,0,False,-1,1,0.1,0.2,8,8,0,raw,8,False
484,1000.0,8,8,0,8,0,0,3.570064789305506,3.570064789305506,3.570064789305506,0.0,0.0,0.015722963039349083,1.0,0.0,False,0,0,0,0,0,0.0,0.0,0.0,0.0,0.0,0,0.0,0,0,disabled,disabled,True,normal,-1,8,False,raw,0,0.0,0.0,trial:-1,0,False,disabled,0,0,False,raw,0,0.0,0.0,,0,False,disabled,False,raw,0.0,0.0,,,,,,,,False,0,0,0,0,0,0,0.0,0.0,0.786708000021008,4.659041999985902,5.568834000001743,context_reentry_interference,v1_5_single_slot,CRA,v1_5_single_slot,single_slot_baseline,MockSimulator,43,none,none,-1,0,0,internal,0.0,0.0,0.0,0.0,0,False,0,False,-1,1,0.1,0.2,8,8,0,raw,8,False
485,1000.0,8,8,0,8,0,0,3.562065413364781,3.562065413364781,3.562065413364781,0.0,0.0,0.016145096389469493,1.0,0.0,False,0,0,0,0,0,0.0,0.0,0.0,0.0,0.0,0,0.0,0,0,disabled,disabled,True,normal,-1,8,False,raw,0,0.0,0.0,trial:-1,0,False,disabled,0,0,False,raw,0,0.0,0.0,,0,False,disabled,False,raw,0.0,0.0,,,,,,,,False,0,0,0,0,0,0,0.0,0.0,0.7987500000012915,4.608500000017557,5.53812500001527,context_reentry_interference,v1_5_single_slot,CRA,v1_5_single_slot,single_slot_baseline,MockSimulator,43,none,none,-1,0,0,internal,0.0,0.0,0.0,0.0,0,False,0,False,-1,1,0.1,0.2,8,8,0,raw,8,False
486,1000.0,8,8,0,8,0,0,3.5541056402861115,3.5541056402861115,3.5541056402861115,0.0,0.0,0.016544055220369346,1.0,0.0,False,0,0,0,0,0,0.0,0.0,0.0,0.0,0.0,0,0.0,0,0,disabled,disabled,True,normal,-1,8,False,raw,0,0.0,0.0,trial:-1,0,False,disabled,0,0,False,raw,0,0.0,0.0,,0,False,disabled,False,raw,0.0,0.0,,,,,,,,False,0,0,0,0,0,0,0.0,0.0,0.790708000010909,4.562125000006745,5.477041000006011,context_reentry_interference,v1_5_single_slot,CRA,v1_5_single_slot,single_slot_baseline,MockSimulator,43,none,none,-1,0,0,internal,0.0,0.0,0.0,0.0,0,False,0,False,-1,1,0.1,0.2,8,8,0,raw,8,False
487,1000.0,8,8,0,8,0,0,3.546185272558225,3.546185272558225,3.546185272558225,0.0,0.0,0.016920597659477416,1.0,0.0,False,0,0,0,0,0,0.0,0.0,0.0,0.0,0.0,0,0.0,0,0,disabled,disabled,True,normal,-1,8,False,raw,0,0.0,0.0,trial:-1,0,False,disabled,0,0,False,raw,0,0.0,0.0,,0,False,disabled,False,raw,0.0,0.0,,,,,,,,False,0,0,0,0,0,0,0.0,0.0,0.8123750000095242,4.732291999999916,5.668582999987848,context_reentry_interference,v1_5_single_slot,CRA,v1_5_single_slot,single_slot_baseline,MockSimulator,43,none,none,-1,0,0,internal,0.0,0.0,0.0,0.0,0,False,0,False,-1,1,0.1,0.2,8,8,0,raw,8,False
488,1000.0,8,8,0,8,0,0,3.5383041136549394,3.5383041136549394,3.5383041136549394,0.0,0.0,0.017275460778933018,1.0,0.0,False,0,0,0,0,0,0.0,0.0,0.0,0.0,0.0,0,0.0,0,0,disabled,disabled,True,normal,-1,8,False,raw,0,0.0,0.0,trial:-1,0,False,disabled,0,0,False,raw,0,0.0,0.0,,0,False,disabled,False,raw,0.0,0.0,,,,,,,,False,0,0,0,0,0,0,0.0,0.0,0.8062919999929363,4.595082999998112,5.537166000010529,context_reentry_interference,v1_5_single_slot,CRA,v1_5_single_slot,single_slot_baseline,MockSimulator,43,none,none,-1,0,0,internal,0.0,0.0,0.0,0.0,0,False,0,False,-1,1,0.1,0.2,8,8,0,raw,8,False
489,1000.0,8,8,0,8,0,0,3.530461968030252,3.530461968030252,3.530461968030252,0.0,0.0,0.017609361134546603,1.0,0.0,False,0,0,0,0,0,0.0,0.0,0.0,0.0,0.0,0,0.0,0,0,disabled,disabled,True,normal,-1,8,False,raw,0,0.0,0.0,trial:-1,0,False,disabled,0,0,False,raw,0,0.0,0.0,,0,False,disabled,False,raw,0.0,0.0,,,,,,,,False,0,0,0,0,0,0,0.0,0.0,0.7872500000019045,4.823791999996274,5.735291999997116,context_reentry_interference,v1_5_single_slot,CRA,v1_5_single_slot,single_slot_baseline,MockSimulator,43,none,none,-1,0,0,internal,0.0,0.0,0.0,0.0,0,False,0,False,-1,1,0.1,0.2,8,8,0,raw,8,False
490,1000.0,8,8,0,8,0,0,3.522658641113449,3.522658641113449,3.522658641113449,0.0,0.0,0.017922995291624073,1.0,0.0,False,0,0,0,0,0,0.0,0.0,0.0,0.0,0.0,0,0.0,0,0,disabled,disabled,True,normal,-1,8,False,raw,0,0.0,0.0,trial:-1,0,False,disabled,0,0,False,raw,0,0.0,0.0,,0,False,disabled,False,raw,0.0,0.0,,,,,,,,False,0,0,0,0,0,0,0.0,0.0,0.8937499999888132,4.900833000021976,5.965249999974276,context_reentry_interference,v1_5_single_slot,CRA,v1_5_single_slot,single_slot_baseline,MockSimulator,43,none,none,-1,0,0,internal,0.0,0.0,0.0,0.0,0,False,0,False,-1,1,0.1,0.2,8,8,0,raw,8,False
491,1000.0,8,8,0,8,0,0,3.5148939393042413,3.5148939393042413,3.5148939393042413,0.0,0.0,0.018217040337964625,1.0,0.0,False,0,0,0,0,0,0.0,0.0,0.0,0.0,0.0,0,0.0,0,0,disabled,disabled,True,normal,-1,8,False,raw,0,0.0,0.0,trial:-1,0,False,disabled,0,0,False,raw,0,0.0,0.0,,0,False,disabled,False,raw,0.0,0.0,,,,,,,,False,0,0,0,0,0,0,0.0,0.0,0.8349169999917194,4.893707999997332,5.867582999997012,context_reentry_interference,v1_5_single_slot,CRA,v1_5_single_slot,single_slot_baseline,MockSimulator,43,none,none,-1,0,0,internal,0.0,0.0,0.0,0.0,0,False,0,False,-1,1,0.1,0.2,8,8,0,raw,8,False
492,1000.0,8,8,0,8,0,0,3.507167669967926,3.507167669967926,3.507167669967926,0.0,0.0,0.018492154384334904,1.0,0.0,False,0,0,0,0,0,0.0,0.0,0.0,0.0,0.0,0,0.0,0,0,disabled,disabled,True,normal,-1,8,False,raw,0,0.0,0.0,trial:-1,0,False,disabled,0,0,False,raw,0,0.0,0.0,,0,False,disabled,False,raw,0.0,0.0,,,,,,,,False,0,0,0,0,0,0,0.0,0.0,0.8234160000029078,5.148125000005166,6.112500000000409,context_reentry_interference,v1_5_single_slot,CRA,v1_5_single_slot,single_slot_baseline,MockSimulator,43,none,none,-1,0,0,internal,0.0,0.0,0.0,0.0,0,False,0,False,-1,1,0.1,0.2,8,8,0,raw,8,False
493,1000.0,8,8,0,8,0,0,3.4994796414305687,3.4994796414305687,3.4994796414305687,0.0,0.0,0.018748977052715186,1.0,0.0,False,0,0,0,0,0,0.0,0.0,0.0,0.0,0.0,0,0.0,0,0,disabled,disabled,True,normal,-1,8,False,raw,0,0.0,0.0,trial:-1,0,False,disabled,0,0,False,raw,0,0.0,0.0,,0,False,disabled,False,raw,0.0,0.0,,,,,,,,False,0,0,0,0,0,0,0.0,0.0,0.9075419999931,4.741416000001664,5.792290999977467,context_reentry_interference,v1_5_single_slot,CRA,v1_5_single_slot,single_slot_baseline,MockSimulator,43,none,none,-1,0,0,internal,0.0,0.0,0.0,0.0,0,False,0,False,-1,1,0.1,0.2,8,8,0,raw,8,False
494,1000.0,8,8,0,8,0,0,3.491829662974213,3.491829662974213,3.491829662974213,0.0,0.0,0.018988129952606524,1.0,0.0,False,0,0,0,0,0,0.0,0.0,0.0,0.0,0.0,0,0.0,0,0,disabled,disabled,True,normal,-1,8,False,raw,0,0.0,0.0,trial:-1,0,False,disabled,0,0,False,raw,0,0.0,0.0,,0,False,disabled,False,raw,0.0,0.0,,,,,,,,False,0,0,0,0,0,0,0.0,0.0,0.7877500000006421,4.619166999987101,5.533041999996158,context_reentry_interference,v1_5_single_slot,CRA,v1_5_single_slot,single_slot_baseline,MockSimulator,43,none,none,-1,0,0,internal,0.0,0.0,0.0,0.0,0,False,0,False,-1,1,0.1,0.2,8,8,0,raw,8,False
495,1000.0,8,8,0,8,0,0,3.484217544832112,3.484217544832112,3.484217544832112,0.0,0.0,0.019210217145681125,1.0,0.0,False,0,0,0,0,0,0.0,0.0,0.0,0.0,0.0,0,0.0,0,0,disabled,disabled,True,normal,-1,8,False,raw,0,0.0,0.0,trial:-1,0,False,disabled,0,0,False,raw,0,0.0,0.0,,0,False,disabled,False,raw,0.0,0.0,,,,,,,,False,0,0,0,0,0,0,0.0,0.0,0.7978750000177115,5.058249999990494,5.980792000002566,context_reentry_interference,v1_5_single_slot,CRA,v1_5_single_slot,single_slot_baseline,MockSimulator,43,none,none,-1,0,0,internal,0.0,0.0,0.0,0.0,0,False,0,False,-1,1,0.1,0.2,8,8,0,raw,8,False
496,1000.0,8,8,0,8,0,0,3.4766430981839833,3.4766430981839833,3.4766430981839833,0.0,0.0,0.019415825599051695,1.0,0.0,False,0,0,0,0,0,0.0,0.0,0.0,0.0,0.0,0,0.0,0,0,disabled,disabled,True,normal,-1,8,False,raw,0,0.0,0.0,trial:-1,0,False,disabled,0,0,False,raw,0,0.0,0.0,,0,False,disabled,False,raw,0.0,0.0,,,,,,,,False,0,0,0,0,0,0,0.0,0.0,0.8067079999989346,4.691250000007585,5.630583999987948,context_reentry_interference,v1_5_single_slot,CRA,v1_5_single_slot,single_slot_baseline,MockSimulator,43,none,none,-1,0,0,internal,0.0,0.0,0.0,0.0,0,False,0,False,-1,1,0.1,0.2,8,8,0,raw,8,False
497,1000.0,8,8,0,8,0,0,3.469106135151291,3.469106135151291,3.469106135151291,0.0,0.0,0.01960552562742917,1.0,0.0,False,0,0,0,0,0,0.0,0.0,0.0,0.0,0.0,0,0.0,0,0,disabled,disabled,True,normal,-1,8,False,raw,0,0.0,0.0,trial:-1,0,False,disabled,0,0,False,raw,0,0.0,0.0,,0,False,disabled,False,raw,0.0,0.0,,,,,,,,False,0,0,0,0,0,0,0.0,0.0,0.7871250000164309,4.7319999999899665,5.644082999992861,context_reentry_interference,v1_5_single_slot,CRA,v1_5_single_slot,single_slot_baseline,MockSimulator,43,none,none,-1,0,0,internal,0.0,0.0,0.0,0.0,0,False,0,False,-1,1,0.1,0.2,8,8,0,raw,8,False
498,1000.0,8,8,0,8,0,0,3.4616064687925454,3.4616064687925454,3.4616064687925454,0.0,0.0,0.019779871324431927,1.0,0.0,False,0,0,0,0,0,0.0,0.0,0.0,0.0,0.0,0,0.0,0,0,disabled,disabled,True,normal,-1,8,False,raw,0,0.0,0.0,trial:-1,0,False,disabled,0,0,False,raw,0,0.0,0.0,,0,False,disabled,False,raw,0.0,0.0,,,,,,,,False,0,0,0,0,0,0,0.0,0.0,0.7932499999867559,5.17341700000884,6.091333000000532,context_reentry_interference,v1_5_single_slot,CRA,v1_5_single_slot,single_slot_baseline,MockSimulator,43,none,none,-1,0,0,internal,0.0,0.0,0.0,0.0,0,False,0,False,-1,1,0.1,0.2,8,8,0,raw,8,False
499,1000.0,8,8,0,8,0,0,3.4541439130986316,3.4541439130986316,3.4541439130986316,0.0,0.0,0.019939400983303598,1.0,0.0,False,0,0,0,0,0,0.0,0.0,0.0,0.0,0.0,0,0.0,0,0,disabled,disabled,True,normal,-1,8,False,raw,0,0.0,0.0,trial:-1,0,False,disabled,0,0,False,raw,0,0.0,0.0,,0,False,disabled,False,raw,0.0,0.0,,,,,,,,False,0,0,0,0,0,0,0.0,0.0,0.8109169999954702,4.868082999990975,5.81245799997987,context_reentry_interference,v1_5_single_slot,CRA,v1_5_single_slot,single_slot_baseline,MockSimulator,43,none,none,-1,0,0,internal,0.0,0.0,0.0,0.0,0,False,0,False,-1,1,0.1,0.2,8,8,0,raw,8,False
500,1000.0,8,8,0,8,0,0,3.446718282988159,3.446718282988159,3.446718282988159,0.0,0.0,0.020084637507290632,1.0,0.0,False,0,0,0,0,0,0.0,0.0,0.0,0.0,0.0,0,0.0,0,0,disabled,disabled,True,normal,-1,8,False,raw,0,0.0,0.0,trial:-1,0,False,disabled,0,0,False,raw,0,0.0,0.0,,0,False,disabled,False,raw,0.0,0.0,,,,,,,,False,0,0,0,0,0,0,0.0,0.0,0.8519160000162174,5.05679199997644,6.042207999996663,context_reentry_interference,v1_5_single_slot,CRA,v1_5_single_slot,single_slot_baseline,MockSimulator,43,none,none,-1,0,0,internal,0.0,0.0,0.0,0.0,0,False,0,False,-1,1,0.1,0.2,8,8,0,raw,8,False
501,1000.0,8,8,0,8,0,0,3.439329394302834,3.439329394302834,3.439329394302834,0.0,0.0,0.020216088809924863,1.0,0.0,False,0,0,0,0,0,0.0,0.0,0.0,0.0,0.0,0,0.0,0,0,disabled,disabled,True,normal,-1,8,False,raw,0,0.0,0.0,trial:-1,0,False,disabled,0,0,False,raw,0,0.0,0.0,,0,False,disabled,False,raw,0.0,0.0,,,,,,,,False,0,0,0,0,0,0,0.0,0.0,1.202374999991207,5.481375000016442,6.819541999988132,context_reentry_interference,v1_5_single_slot,CRA,v1_5_single_slot,single_slot_baseline,MockSimulator,43,none,none,-1,0,0,internal,0.0,0.0,0.0,0.0,0,False,0,False,-1,1,0.1,0.2,8,8,0,raw,8,False
502,1000.0,8,8,0,8,0,0,3.431977063802856,3.431977063802856,3.431977063802856,0.0,0.0,0.020334248205450812,1.0,0.0,False,0,0,0,0,0,0.0,0.0,0.0,0.0,0.0,0,0.0,0,0,disabled,disabled,True,normal,-1,8,False,raw,0,0.0,0.0,trial:-1,0,False,disabled,0,0,False,raw,0,0.0,0.0,,0,False,disabled,False,raw,0.0,0.0,,,,,,,,False,0,0,0,0,0,0,0.0,0.0,0.8232499999962783,4.864666999992551,5.8228750000068885,context_reentry_interference,v1_5_single_slot,CRA,v1_5_single_slot,single_slot_baseline,MockSimulator,43,none,none,-1,0,0,internal,0.0,0.0,0.0,0.0,0,False,0,False,-1,1,0.1,0.2,8,8,0,raw,8,False
503,1000.0,8,8,0,8,0,0,3.4246611091623365,3.4246611091623365,3.4246611091623365,0.0,0.0,0.02043959478963175,1.0,0.0,False,0,0,0,0,0,0.0,0.0,0.0,0.0,0.0,0,0.0,0,0,disabled,disabled,True,normal,-1,8,False,raw,0,0.0,0.0,trial:-1,0,False,disabled,0,0,False,raw,0,0.0,0.0,,0,False,disabled,False,raw,0.0,0.0,,,,,,,,False,0,0,0,0,0,0,0.0,0.0,0.8010410000167667,5.220624999992651,6.149125000007416,context_reentry_interference,v1_5_single_slot,CRA,v1_5_single_slot,single_slot_baseline,MockSimulator,43,none,none,-1,0,0,internal,0.0,0.0,0.0,0.0,0,False,0,False,-1,1,0.1,0.2,8,8,0,raw,8,False
504,1000.0,8,8,0,8,0,0,3.417381348964741,3.417381348964741,3.417381348964741,3.919514597348622e-11,3.919514597348622e-10,0.02053259381116327,1.0,3.919514597348622e-11,True,0,0,0,0,0,0.0,0.0,0.0,0.0,0.0,0,0.0,0,0,disabled,disabled,True,normal,-1,8,True,internal_context_bound,-1,-0.01,0.01,phase:C_interference,0,False,disabled,0,0,False,raw,0,0.01,0.01,,0,False,disabled,False,raw,0.01,0.01,,,,,,,,False,0,0,0,0,0,0,0.0,0.0,0.8851670000069589,4.973665999983723,6.07545799999798,context_reentry_interference,v1_5_single_slot,CRA,v1_5_single_slot,single_slot_baseline,MockSimulator,43,decision,C_interference_decision,13,-1,-1,internal,-0.01,0.01,0.01,0.01,1,True,1,True,504,1,0.1,0.2,8,8,-1,internal_context_bound,8,True
505,1000.0,8,8,0,8,0,0,3.4101376026983523,3.4101376026983523,3.4101376026983523,0.0,0.0,0.02101369703391768,1.0,0.0,False,0,0,0,0,0,0.0,0.0,0.0,0.0,0.0,0,0.0,0,0,disabled,disabled,True,normal,-1,8,False,raw,0,0.0,0.0,trial:-1,0,False,disabled,0,0,False,raw,0,0.0,0.0,,0,False,disabled,False,raw,0.0,0.0,,,,,,,,False,0,0,0,0,0,0,0.0,0.0,0.791292000002386,4.796583000000965,5.716666000012083,context_reentry_interference,v1_5_single_slot,CRA,v1_5_single_slot,single_slot_baseline,MockSimulator,43,none,none,-1,0,0,internal,0.0,0.0,0.0,0.0,0,False,0,False,-1,1,0.1,0.2,8,8,0,raw,8,False
506,1000.0,8,8,0,8,0,0,3.402929690751761,3.402929690751761,3.402929690751761,0.0,0.0,0.021467343090237446,1.0,0.0,False,0,0,0,0,0,0.0,0.0,0.0,0.0,0.0,0,0.0,0,0,disabled,disabled,True,normal,-1,8,False,raw,0,0.0,0.0,trial:-1,0,False,disabled,0,0,False,raw,0,0.0,0.0,,0,False,disabled,False,raw,0.0,0.0,,,,,,,,False,0,0,0,0,0,0,0.0,0.0,0.8462499999950523,5.359834000017827,6.330958999996028,context_reentry_interference,v1_5_single_slot,CRA,v1_5_single_slot,single_slot_baseline,MockSimulator,43,none,none,-1,0,0,internal,0.0,0.0,0.0,0.0,0,False,0,False,-1,1,0.1,0.2,8,8,0,raw,8,False
507,1000.0,8,8,0,8,0,0,3.3957574344093717,3.3957574344093717,3.3957574344093717,0.0,0.0,0.021894437825490852,1.0,0.0,False,0,0,0,0,0,0.0,0.0,0.0,0.0,0.0,0,0.0,0,0,disabled,disabled,True,normal,-1,8,False,raw,0,0.0,0.0,trial:-1,0,False,disabled,0,0,False,raw,0,0.0,0.0,,0,False,disabled,False,raw,0.0,0.0,,,,,,,,False,0,0,0,0,0,0,0.0,0.0,0.815750000015214,4.897874999983287,5.8502500000088276,context_reentry_interference,v1_5_single_slot,CRA,v1_5_single_slot,single_slot_baseline,MockSimulator,43,none,none,-1,0,0,internal,0.0,0.0,0.0,0.0,0,False,0,False,-1,1,0.1,0.2,8,8,0,raw,8,False
508,1000.0,8,8,0,8,0,0,3.3886206558469367,3.3886206558469367,3.3886206558469367,0.0,0.0,0.022295861834098027,1.0,0.0,False,0,0,0,0,0,0.0,0.0,0.0,0.0,0.0,0,0.0,0,0,disabled,disabled,True,normal,-1,8,False,raw,0,0.0,0.0,trial:-1,0,False,disabled,0,0,False,raw,0,0.0,0.0,,0,False,disabled,False,raw,0.0,0.0,,,,,,,,False,0,0,0,0,0,0,0.0,0.0,0.7959170000049198,4.889375000004748,5.814499999985401,context_reentry_interference,v1_5_single_slot,CRA,v1_5_single_slot,single_slot_baseline,MockSimulator,43,none,none,-1,0,0,internal,0.0,0.0,0.0,0.0,0,False,0,False,-1,1,0.1,0.2,8,8,0,raw,8,False
509,1000.0,8,8,0,8,0,0,3.38151917812711,3.38151917812711,3.38151917812711,0.0,0.0,0.02267247110723072,1.0,0.0,False,0,0,0,0,0,0.0,0.0,0.0,0.0,0.0,0,0.0,0,0,disabled,disabled,True,normal,-1,8,False,raw,0,0.0,0.0,trial:-1,0,False,disabled,0,0,False,raw,0,0.0,0.0,,0,False,disabled,False,raw,0.0,0.0,,,,,,,,False,0,0,0,0,0,0,0.0,0.0,0.8359169999891947,5.259958000010556,6.220458000001372,context_reentry_interference,v1_5_single_slot,CRA,v1_5_single_slot,single_slot_baseline,MockSimulator,43,none,none,-1,0,0,internal,0.0,0.0,0.0,0.0,0,False,0,False,-1,1,0.1,0.2,8,8,0,raw,8,False
510,1000.0,8,8,0,8,0,0,3.3744528251950245,3.3744528251950245,3.3744528251950245,0.0,0.0,0.023025097664704466,1.0,0.0,False,0,0,0,0,0,0.0,0.0,0.0,0.0,0.0,0,0.0,0,0,disabled,disabled,True,normal,-1,8,False,raw,0,0.0,0.0,trial:-1,0,False,disabled,0,0,False,raw,0,0.0,0.0,,0,False,disabled,False,raw,0.0,0.0,,,,,,,,False,0,0,0,0,0,0,0.0,0.0,0.8068750000234104,4.885999999999058,5.825624999999945,context_reentry_interference,v1_5_single_slot,CRA,v1_5_single_slot,single_slot_baseline,MockSimulator,43,none,none,-1,0,0,internal,0.0,0.0,0.0,0.0,0,False,0,False,-1,1,0.1,0.2,8,8,0,raw,8,False
511,1000.0,8,8,0,8,0,0,3.3674214218738894,3.3674214218738894,3.3674214218738894,0.0,0.0,0.023354550171436374,1.0,0.0,False,0,0,0,0,0,0.0,0.0,0.0,0.0,0.0,0,0.0,0,0,disabled,disabled,True,normal,-1,8,False,raw,0,0.0,0.0,trial:-1,0,False,disabled,0,0,False,raw,0,0.0,0.0,,0,False,disabled,False,raw,0.0,0.0,,,,,,,,False,0,0,0,0,0,0,0.0,0.0,0.795667000005551,5.953332999979466,6.8749579999973776,context_reentry_interference,v1_5_single_slot,CRA,v1_5_single_slot,single_slot_baseline,MockSimulator,43,none,none,-1,0,0,internal,0.0,0.0,0.0,0.0,0,False,0,False,-1,1,0.1,0.2,8,8,0,raw,8,False
512,1000.0,8,8,0,8,0,0,3.3604247938606124,3.3604247938606124,3.3604247938606124,0.0,0.0,0.023661614538833118,1.0,0.0,False,0,0,0,0,0,0.0,0.0,0.0,0.0,0.0,0,0.0,0,0,disabled,disabled,True,normal,-1,8,False,raw,0,0.0,0.0,trial:-1,0,False,disabled,0,0,False,raw,0,0.0,0.0,,0,False,disabled,False,raw,0.0,0.0,,,,,,,,False,0,0,0,0,0,0,0.0,0.0,1.14779100002238,5.17629199998737,6.494833000004974,context_reentry_interference,v1_5_single_slot,CRA,v1_5_single_slot,single_slot_baseline,MockSimulator,43,none,none,-1,0,0,internal,0.0,0.0,0.0,0.0,0,False,0,False,-1,1,0.1,0.2,8,8,0,raw,8,False
513,1000.0,8,8,0,8,0,0,3.353462767721441,3.353462767721441,3.353462767721441,0.0,0.0,0.023947054511465417,1.0,0.0,False,0,0,0,0,0,0.0,0.0,0.0,0.0,0.0,0,0.0,0,0,disabled,disabled,True,normal,-1,8,False,raw,0,0.0,0.0,trial:-1,0,False,disabled,0,0,False,raw,0,0.0,0.0,,0,False,disabled,False,raw,0.0,0.0,,,,,,,,False,0,0,0,0,0,0,0.0,0.0,0.8043750000013006,4.937291999993931,5.872415999988334,context_reentry_interference,v1_5_single_slot,CRA,v1_5_single_slot,single_slot_baseline,MockSimulator,43,none,none,-1,0,0,internal,0.0,0.0,0.0,0.0,0,False,0,False,-1,1,0.1,0.2,8,8,0,raw,8,False
514,1000.0,8,8,0,8,0,0,3.3465351708876265,3.3465351708876265,3.3465351708876265,0.0,0.0,0.024211612239376894,1.0,0.0,False,0,0,0,0,0,0.0,0.0,0.0,0.0,0.0,0,0.0,0,0,disabled,disabled,True,normal,-1,8,False,raw,0,0.0,0.0,trial:-1,0,False,disabled,0,0,False,raw,0,0.0,0.0,,0,False,disabled,False,raw,0.0,0.0,,,,,,,,False,0,0,0,0,0,0,0.0,0.0,0.7950000000107593,5.492666999998619,6.412124999997104,context_reentry_interference,v1_5_single_slot,CRA,v1_5_single_slot,single_slot_baseline,MockSimulator,43,none,none,-1,0,0,internal,0.0,0.0,0.0,0.0,0,False,0,False,-1,1,0.1,0.2,8,8,0,raw,8,False
515,1000.0,8,8,0,8,0,0,3.3396418316511105,3.3396418316511105,3.3396418316511105,0.0,0.0,0.024456008836367324,1.0,0.0,False,0,0,0,0,0,0.0,0.0,0.0,0.0,0.0,0,0.0,0,0,disabled,disabled,True,normal,-1,8,False,raw,0,0.0,0.0,trial:-1,0,False,disabled,0,0,False,raw,0,0.0,0.0,,0,False,disabled,False,raw,0.0,0.0,,,,,,,,False,0,0,0,0,0,0,0.0,0.0,0.8141669999872647,4.929416999999603,5.8791250000069795,context_reentry_interference,v1_5_single_slot,CRA,v1_5_single_slot,single_slot_baseline,MockSimulator,43,none,none,-1,0,0,internal,0.0,0.0,0.0,0.0,0,False,0,False,-1,1,0.1,0.2,8,8,0,raw,8,False
516,1000.0,8,8,0,8,0,0,3.3327825791602317,3.3327825791602317,3.3327825791602317,0.0,0.0,0.024680944924582386,1.0,0.0,False,0,0,0,0,0,0.0,0.0,0.0,0.0,0.0,0,0.0,0,0,disabled,disabled,True,normal,-1,8,False,raw,0,0.0,0.0,trial:-1,0,False,disabled,0,0,False,raw,0,0.0,0.0,,0,False,disabled,False,raw,0.0,0.0,,,,,,,,False,0,0,0,0,0,0,0.0,0.0,0.7891250000113814,4.88329199998816,5.798833000000059,context_reentry_interference,v1_5_single_slot,CRA,v1_5_single_slot,single_slot_baseline,MockSimulator,43,none,none,-1,0,0,internal,0.0,0.0,0.0,0.0,0,False,0,False,-1,1,0.1,0.2,8,8,0,raw,8,False
517,1000.0,8,8,0,8,0,0,3.3259572434154547,3.3259572434154547,3.3259572434154547,0.0,0.0,0.0248871011657343,1.0,0.0,False,0,0,0,0,0,0.0,0.0,0.0,0.0,0.0,0,0.0,0,0,disabled,disabled,True,normal,-1,8,False,raw,0,0.0,0.0,trial:-1,0,False,disabled,0,0,False,raw,0,0.0,0.0,,0,False,disabled,False,raw,0.0,0.0,,,,,,,,False,0,0,0,0,0,0,0.0,0.0,1.0279589999981908,5.301166000009516,6.478458000003684,context_reentry_interference,v1_5_single_slot,CRA,v1_5_single_slot,single_slot_baseline,MockSimulator,43,none,none,-1,0,0,internal,0.0,0.0,0.0,0.0,0,False,0,False,-1,1,0.1,0.2,8,8,0,raw,8,False
518,1000.0,8,8,0,8,0,0,3.3191656552651203,3.3191656552651203,3.3191656552651203,0.0,0.0,0.025075138779270305,1.0,0.0,False,0,0,0,0,0,0.0,0.0,0.0,0.0,0.0,0,0.0,0,0,disabled,disabled,True,normal,-1,8,False,raw,0,0.0,0.0,trial:-1,0,False,disabled,0,0,False,raw,0,0.0,0.0,,0,False,disabled,False,raw,0.0,0.0,,,,,,,,False,0,0,0,0,0,0,0.0,0.0,0.808041999988518,4.971500000010565,5.913708000008455,context_reentry_interference,v1_5_single_slot,CRA,v1_5_single_slot,single_slot_baseline,MockSimulator,43,none,none,-1,0,0,internal,0.0,0.0,0.0,0.0,0,False,0,False,-1,1,0.1,0.2,8,8,0,raw,8,False
519,1000.0,8,8,0,8,0,0,3.312407646401216,3.312407646401216,3.312407646401216,0.0,0.0,0.025245700047798577,1.0,0.0,False,0,0,0,0,0,0.0,0.0,0.0,0.0,0.0,0,0.0,0,0,disabled,disabled,True,normal,-1,8,False,raw,0,0.0,0.0,trial:-1,0,False,disabled,0,0,False,raw,0,0.0,0.0,,0,False,disabled,False,raw,0.0,0.0,,,,,,,,False,0,0,0,0,0,0,0.0,0.0,0.7911250000063319,5.49220899998204,6.434665999989875,context_reentry_interference,v1_5_single_slot,CRA,v1_5_single_slot,single_slot_baseline,MockSimulator,43,none,none,-1,0,0,internal,0.0,0.0,0.0,0.0,0,False,0,False,-1,1,0.1,0.2,8,8,0,raw,8,False
520,1000.0,8,8,0,8,0,0,3.3056830493551694,3.3056830493551694,3.3056830493551694,0.0,0.0,0.025399408810074006,1.0,0.0,False,0,0,0,0,0,0.0,0.0,0.0,0.0,0.0,0,0.0,0,0,disabled,disabled,True,normal,-1,8,False,raw,0,0.0,0.0,trial:-1,0,False,disabled,0,0,False,raw,0,0.0,0.0,,0,False,disabled,False,raw,0.0,0.0,,,,,,,,False,0,0,0,0,0,0,0.0,0.0,0.8287080000002334,4.9639590000083444,5.935625000006439,context_reentry_interference,v1_5_single_slot,CRA,v1_5_single_slot,single_slot_baseline,MockSimulator,43,none,none,-1,0,0,internal,0.0,0.0,0.0,0.0,0,False,0,False,-1,1,0.1,0.2,8,8,0,raw,8,False
521,1000.0,8,8,0,8,0,0,3.2989916974936606,3.2989916974936606,3.2989916974936606,0.0,0.0,0.0255368709418393,1.0,0.0,False,0,0,0,0,0,0.0,0.0,0.0,0.0,0.0,0,0.0,0,0,disabled,disabled,True,normal,-1,8,False,raw,0,0.0,0.0,trial:-1,0,False,disabled,0,0,False,raw,0,0.0,0.0,,0,False,disabled,False,raw,0.0,0.0,,,,,,,,False,0,0,0,0,0,0,0.0,0.0,0.7923329999925954,4.946666999984473,5.864250000001903,context_reentry_interference,v1_5_single_slot,CRA,v1_5_single_slot,single_slot_baseline,MockSimulator,43,none,none,-1,0,0,internal,0.0,0.0,0.0,0.0,0,False,0,False,-1,1,0.1,0.2,8,8,0,raw,8,False
522,1000.0,8,8,0,8,0,0,3.2923334250144562,3.2923334250144562,3.2923334250144562,0.0,0.0,0.025658674824809956,1.0,0.0,False,0,0,0,0,0,0.0,0.0,0.0,0.0,0.0,0,0.0,0,0,disabled,disabled,True,normal,-1,8,False,raw,0,0.0,0.0,trial:-1,0,False,disabled,0,0,False,raw,0,0.0,0.0,,0,False,disabled,False,raw,0.0,0.0,,,,,,,,False,0,0,0,0,0,0,0.0,0.0,0.7926250000025448,5.371874999980264,6.288500000010799,context_reentry_interference,v1_5_single_slot,CRA,v1_5_single_slot,single_slot_baseline,MockSimulator,43,none,none,-1,0,0,internal,0.0,0.0,0.0,0.0,0,False,0,False,-1,1,0.1,0.2,8,8,0,raw,8,False
523,1000.0,8,8,0,8,0,0,3.285708066942265,3.285708066942265,3.285708066942265,0.0,0.0,0.025765391804085047,1.0,0.0,False,0,0,0,0,0,0.0,0.0,0.0,0.0,0.0,0,0.0,0,0,disabled,disabled,True,normal,-1,8,False,raw,0,0.0,0.0,trial:-1,0,False,disabled,0,0,False,raw,0,0.0,0.0,,0,False,disabled,False,raw,0.0,0.0,,,,,,,,False,0,0,0,0,0,0,0.0,0.0,0.8109160000060456,5.036042000000407,5.980499999992617,context_reentry_interference,v1_5_single_slot,CRA,v1_5_single_slot,single_slot_baseline,MockSimulator,43,none,none,-1,0,0,internal,0.0,0.0,0.0,0.0,0,False,0,False,-1,1,0.1,0.2,8,8,0,raw,8,False
524,1000.0,8,8,0,8,0,0,3.2791154591246134,3.2791154591246134,3.2791154591246134,0.0,0.0,0.02585757663425921,1.0,0.0,False,0,0,0,0,0,0.0,0.0,0.0,0.0,0.0,0,0.0,0,0,disabled,disabled,True,normal,-1,8,False,raw,0,0.0,0.0,trial:-1,0,False,disabled,0,0,False,raw,0,0.0,0.0,,0,False,disabled,False,raw,0.0,0.0,,,,,,,,False,0,0,0,0,0,0,0.0,0.0,0.7860830000083752,5.023249999993595,5.9345829999983835,context_reentry_interference,v1_5_single_slot,CRA,v1_5_single_slot,single_slot_baseline,MockSimulator,43,none,none,-1,0,0,internal,0.0,0.0,0.0,0.0,0,False,0,False,-1,1,0.1,0.2,8,8,0,raw,8,False
525,1000.0,8,8,0,8,0,0,3.272555438227741,3.272555438227741,3.272555438227741,0.0,0.0,0.025935767914504776,1.0,0.0,False,0,0,0,0,0,0.0,0.0,0.0,0.0,0.0,0,0.0,0,0,disabled,disabled,True,normal,-1,8,False,raw,0,0.0,0.0,trial:-1,0,False,disabled,0,0,False,raw,0,0.0,0.0,,0,False,disabled,False,raw,0.0,0.0,,,,,,,,False,0,0,0,0,0,0,0.0,0.0,1.0545840000020235,5.370208000016419,6.562541999983296,context_reentry_interference,v1_5_single_slot,CRA,v1_5_single_slot,single_slot_baseline,MockSimulator,43,none,none,-1,0,0,internal,0.0,0.0,0.0,0.0,0,False,0,False,-1,1,0.1,0.2,8,8,0,raw,8,False
526,1000.0,8,8,0,8,0,0,3.2660278417325173,3.2660278417325173,3.2660278417325173,0.0,0.0,0.026000488512886815,1.0,0.0,False,0,0,0,0,0,0.0,0.0,0.0,0.0,0.0,0,0.0,0,0,disabled,disabled,True,normal,-1,8,False,raw,0,0.0,0.0,trial:-1,0,False,disabled,0,0,False,raw,0,0.0,0.0,,0,False,disabled,False,raw,0.0,0.0,,,,,,,,False,0,0,0,0,0,0,0.0,0.0,0.8079579999957787,5.044666999992842,5.984500000010939,context_reentry_interference,v1_5_single_slot,CRA,v1_5_single_slot,single_slot_baseline,MockSimulator,43,none,none,-1,0,0,internal,0.0,0.0,0.0,0.0,0,False,0,False,-1,1,0.1,0.2,8,8,0,raw,8,False
527,1000.0,8,8,0,8,0,0,3.25953250793038,3.25953250793038,3.25953250793038,0.0,0.0,0.026052245980167768,1.0,0.0,False,0,0,0,0,0,0.0,0.0,0.0,0.0,0.0,0,0.0,0,0,disabled,disabled,True,normal,-1,8,False,raw,0,0.0,0.0,trial:-1,0,False,disabled,0,0,False,raw,0,0.0,0.0,,0,False,disabled,False,raw,0.0,0.0,,,,,,,,False,0,0,0,0,0,0,0.0,0.0,0.7852079999963735,5.6482090000145035,6.560249999978396,context_reentry_interference,v1_5_single_slot,CRA,v1_5_single_slot,single_slot_baseline,MockSimulator,43,none,none,-1,0,0,internal,0.0,0.0,0.0,0.0,0,False,0,False,-1,1,0.1,0.2,8,8,0,raw,8,False
528,1000.0,8,8,0,8,0,0,3.2530692759192905,3.2530692759192905,3.2530692759192905,-5.0914494619558594e-11,5.09144946195586e-10,0.026091532953352328,1.0,-5.0914494619558594e-11,True,0,0,0,0,0,0.0,0.0,0.0,0.0,0.0,0,0.0,0,0,disabled,disabled,True,normal,-1,8,True,internal_context_bound,1,0.01,-0.01,phase:C_interference,0,False,disabled,0,0,False,raw,0,-0.01,-0.01,,0,False,disabled,False,raw,-0.01,-0.01,,,,,,,,False,0,0,0,0,0,0,0.0,0.0,0.8380829999907746,5.354500000009921,6.334332999983872,context_reentry_interference,v1_5_single_slot,CRA,v1_5_single_slot,single_slot_baseline,MockSimulator,43,decision,C_interference_decision,14,-1,1,internal,0.01,-0.01,-0.01,-0.01,-1,True,-1,True,528,1,0.1,0.2,8,8,1,internal_context_bound,8,True
529,1000.0,8,8,0,8,0,0,3.246637985599713,3.246637985599713,3.246637985599713,0.0,0.0,0.026518827549217437,1.0,0.0,False,0,0,0,0,0,0.0,0.0,0.0,0.0,0.0,0,0.0,0,0,disabled,disabled,True,normal,-1,8,False,raw,0,0.0,0.0,trial:-1,0,False,disabled,0,0,False,raw,0,0.0,0.0,,0,False,disabled,False,raw,0.0,0.0,,,,,,,,False,0,0,0,0,0,0,0.0,0.0,0.804165999994666,5.145292000008794,6.081416999990097,context_reentry_interference,v1_5_single_slot,CRA,v1_5_single_slot,single_slot_baseline,MockSimulator,43,none,none,-1,0,0,internal,0.0,0.0,0.0,0.0,0,False,0,False,-1,1,0.1,0.2,8,8,0,raw,8,False
530,1000.0,8,8,0,8,0,0,3.2402384776706112,3.2402384776706112,3.2402384776706112,0.0,0.0,0.026918593748066606,1.0,0.0,False,0,0,0,0,0,0.0,0.0,0.0,0.0,0.0,0,0.0,0,0,disabled,disabled,True,normal,-1,8,False,raw,0,0.0,0.0,trial:-1,0,False,disabled,0,0,False,raw,0,0.0,0.0,,0,False,disabled,False,raw,0.0,0.0,,,,,,,,False,0,0,0,0,0,0,0.0,0.0,0.8119590000035259,5.619332999998505,6.557041999997182,context_reentry_interference,v1_5_single_slot,CRA,v1_5_single_slot,single_slot_baseline,MockSimulator,43,none,none,-1,0,0,internal,0.0,0.0,0.0,0.0,0,False,0,False,-1,1,0.1,0.2,8,8,0,raw,8,False
531,1000.0,8,8,0,8,0,0,3.233870593625465,3.233870593625465,3.233870593625465,0.0,0.0,0.027291761767942117,1.0,0.0,False,0,0,0,0,0,0.0,0.0,0.0,0.0,0.0,0,0.0,0,0,disabled,disabled,True,normal,-1,8,False,raw,0,0.0,0.0,trial:-1,0,False,disabled,0,0,False,raw,0,0.0,0.0,,0,False,disabled,False,raw,0.0,0.0,,,,,,,,False,0,0,0,0,0,0,0.0,0.0,0.8122090000028948,5.083791000004112,6.031207999996013,context_reentry_interference,v1_5_single_slot,CRA,v1_5_single_slot,single_slot_baseline,MockSimulator,43,none,none,-1,0,0,internal,0.0,0.0,0.0,0.0,0,False,0,False,-1,1,0.1,0.2,8,8,0,raw,8,False
532,1000.0,8,8,0,8,0,0,3.2275341757483087,3.2275341757483087,3.2275341757483087,0.0,0.0,0.027639235629523383,1.0,0.0,False,0,0,0,0,0,0.0,0.0,0.0,0.0,0.0,0,0.0,0,0,disabled,disabled,True,normal,-1,8,False,raw,0,0.0,0.0,trial:-1,0,False,disabled,0,0,False,raw,0,0.0,0.0,,0,False,disabled,False,raw,0.0,0.0,,,,,,,,False,0,0,0,0,0,0,0.0,0.0,0.7901660000015909,5.496042000004309,6.411124999999629,context_reentry_interference,v1_5_single_slot,CRA,v1_5_single_slot,single_slot_baseline,MockSimulator,43,none,none,-1,0,0,internal,0.0,0.0,0.0,0.0,0,False,0,False,-1,1,0.1,0.2,8,8,0,raw,8,False
533,1000.0,8,8,0,8,0,0,3.221229067109789,3.221229067109789,3.221229067109789,0.0,0.0,0.027961893831934218,1.0,0.0,False,0,0,0,0,0,0.0,0.0,0.0,0.0,0.0,0,0.0,0,0,disabled,disabled,True,normal,-1,8,False,raw,0,0.0,0.0,trial:-1,0,False,disabled,0,0,False,raw,0,0.0,0.0,,0,False,disabled,False,raw,0.0,0.0,,,,,,,,False,0,0,0,0,0,0,0.0,0.0,0.9601669999881324,5.297500000011723,6.400041999995665,context_reentry_interference,v1_5_single_slot,CRA,v1_5_single_slot,single_slot_baseline,MockSimulator,43,none,none,-1,0,0,internal,0.0,0.0,0.0,0.0,0,False,0,False,-1,1,0.1,0.2,8,8,0,raw,8,False
534,1000.0,8,8,0,8,0,0,3.2149551115632393,3.2149551115632393,3.2149551115632393,0.0,0.0,0.028260590011996812,1.0,0.0,False,0,0,0,0,0,0.0,0.0,0.0,0.0,0.0,0,0.0,0,0,disabled,disabled,True,normal,-1,8,False,raw,0,0.0,0.0,trial:-1,0,False,disabled,0,0,False,raw,0,0.0,0.0,,0,False,disabled,False,raw,0.0,0.0,,,,,,,,False,0,0,0,0,0,0,0.0,0.0,0.808332999980621,5.2558339999961845,6.194832999995015,context_reentry_interference,v1_5_single_slot,CRA,v1_5_single_slot,single_slot_baseline,MockSimulator,43,none,none,-1,0,0,internal,0.0,0.0,0.0,0.0,0,False,0,False,-1,1,0.1,0.2,8,8,0,raw,8,False
535,1000.0,8,8,0,8,0,0,3.208712153740779,3.208712153740779,3.208712153740779,0.0,0.0,0.02853615358732413,1.0,0.0,False,0,0,0,0,0,0.0,0.0,0.0,0.0,0.0,0,0.0,0,0,disabled,disabled,True,normal,-1,8,False,raw,0,0.0,0.0,trial:-1,0,False,disabled,0,0,False,raw,0,0.0,0.0,,0,False,disabled,False,raw,0.0,0.0,,,,,,,,False,0,0,0,0,0,0,0.0,0.0,0.8046659999934036,6.084208999993734,7.016707999980554,context_reentry_interference,v1_5_single_slot,CRA,v1_5_single_slot,single_slot_baseline,MockSimulator,43,none,none,-1,0,0,internal,0.0,0.0,0.0,0.0,0,False,0,False,-1,1,0.1,0.2,8,8,0,raw,8,False
536,1000.0,8,8,0,8,0,0,3.202500039049427,3.202500039049427,3.202500039049427,0.0,0.0,0.028789390383633554,1.0,0.0,False,0,0,0,0,0,0.0,0.0,0.0,0.0,0.0,0,0.0,0,0,disabled,disabled,True,normal,-1,8,False,raw,0,0.0,0.0,trial:-1,0,False,disabled,0,0,False,raw,0,0.0,0.0,,0,False,disabled,False,raw,0.0,0.0,,,,,,,,False,0,0,0,0,0,0,0.0,0.0,0.8109999999987849,5.160250000017186,6.105292000000873,context_reentry_interference,v1_5_single_slot,CRA,v1_5_single_slot,single_slot_baseline,MockSimulator,43,none,none,-1,0,0,internal,0.0,0.0,0.0,0.0,0,False,0,False,-1,1,0.1,0.2,8,8,0,raw,8,False
537,1000.0,8,8,0,8,0,0,3.1963186136672372,3.1963186136672372,3.1963186136672372,0.0,0.0,0.02902108324665567,1.0,0.0,False,0,0,0,0,0,0.0,0.0,0.0,0.0,0.0,0,0.0,0,0,disabled,disabled,True,normal,-1,8,False,raw,0,0.0,0.0,trial:-1,0,False,disabled,0,0,False,raw,0,0.0,0.0,,0,False,disabled,False,raw,0.0,0.0,,,,,,,,False,0,0,0,0,0,0,0.0,0.0,0.7885839999914879,5.48266600000602,6.396416000001182,context_reentry_interference,v1_5_single_slot,CRA,v1_5_single_slot,single_slot_baseline,MockSimulator,43,none,none,-1,0,0,internal,0.0,0.0,0.0,0.0,0,False,0,False,-1,1,0.1,0.2,8,8,0,raw,8,False
538,1000.0,8,8,0,8,0,0,3.1901677245394535,3.1901677245394535,3.1901677245394535,0.0,0.0,0.029231992639003453,1.0,0.0,False,0,0,0,0,0,0.0,0.0,0.0,0.0,0.0,0,0.0,0,0,disabled,disabled,True,normal,-1,8,False,raw,0,0.0,0.0,trial:-1,0,False,disabled,0,0,False,raw,0,0.0,0.0,,0,False,disabled,False,raw,0.0,0.0,,,,,,,,False,0,0,0,0,0,0,0.0,0.0,0.8387909999783005,5.4554590000179815,6.432375000002821,context_reentry_interference,v1_5_single_slot,CRA,v1_5_single_slot,single_slot_baseline,MockSimulator,43,none,none,-1,0,0,internal,0.0,0.0,0.0,0.0,0,False,0,False,-1,1,0.1,0.2,8,8,0,raw,8,False
539,1000.0,8,8,0,8,0,0,3.1840472193746843,3.1840472193746843,3.1840472193746843,0.0,0.0,0.02942285722235866,1.0,0.0,False,0,0,0,0,0,0.0,0.0,0.0,0.0,0.0,0,0.0,0,0,disabled,disabled,True,normal,-1,8,False,raw,0,0.0,0.0,trial:-1,0,False,disabled,0,0,False,raw,0,0.0,0.0,,0,False,disabled,False,raw,0.0,0.0,,,,,,,,False,0,0,0,0,0,0,0.0,0.0,0.8078749999924639,5.19179200000508,6.131624999994756,context_reentry_interference,v1_5_single_slot,CRA,v1_5_single_slot,single_slot_baseline,MockSimulator,43,none,none,-1,0,0,internal,0.0,0.0,0.0,0.0,0,False,0,False,-1,1,0.1,0.2,8,8,0,raw,8,False
540,1000.0,8,8,0,8,0,0,3.1779569466410935,3.1779569466410935,3.1779569466410935,3.6375860680943645e-11,0.0,0.029594394425324057,1.0,3.6375860680943645e-11,False,0,0,0,0,0,0.0,0.0,0.0,0.0,0.0,0,0.0,0,0,disabled,disabled,True,normal,1,9,False,raw,0,0.0055000000000000005,0.0055000000000000005,phase:A_return,0,False,disabled,0,0,False,raw,0,0.0055000000000000005,0.0055000000000000005,,0,False,disabled,False,raw,0.0055000000000000005,0.0055000000000000005,,,,,,,,False,0,0,0,0,0,0,0.0,0.0,0.7875000000012733,5.68587500001172,6.596790999992663,context_reentry_interference,v1_5_single_slot,CRA,v1_5_single_slot,single_slot_baseline,MockSimulator,43,context,A_return_context,15,1,0,internal,0.0055000000000000005,0.0055000000000000005,0.0,0.0,0,False,1,False,-1,1,0.1,0.2,8,8,0,raw,9,False
541,1000.0,8,8,0,8,0,0,3.171896755562613,3.171896755562613,3.171896755562613,0.0,0.0,0.029747300997281893,1.0,0.0,False,0,0,0,0,0,0.0,0.0,0.0,0.0,0.0,0,0.0,0,0,disabled,disabled,True,normal,1,9,False,raw,0,0.0,0.0,trial:-1,0,False,disabled,0,0,False,raw,0,0.0,0.0,,0,False,disabled,False,raw,0.0,0.0,,,,,,,,False,0,0,0,0,0,0,0.0,0.0,0.8200419999866426,5.206750000013471,6.161666999986437,context_reentry_interference,v1_5_single_slot,CRA,v1_5_single_slot,single_slot_baseline,MockSimulator,43,none,none,-1,0,0,internal,0.0,0.0,0.0,0.0,0,False,0,False,-1,1,0.1,0.2,8,8,0,raw,9,False
542,1000.0,8,8,0,8,0,0,3.1658664961151737,3.1658664961151737,3.1658664961151737,0.0,0.0,0.029882253548591288,1.0,0.0,False,0,0,0,0,0,0.0,0.0,0.0,0.0,0.0,0,0.0,0,0,disabled,disabled,True,normal,1,9,False,raw,0,0.0,0.0,trial:-1,0,False,disabled,0,0,False,raw,0,0.0,0.0,,0,False,disabled,False,raw,0.0,0.0,,,,,,,,False,0,0,0,0,0,0,0.0,0.0,0.7902499999943302,5.176040999998577,6.0915829999999005,context_reentry_interference,v1_5_single_slot,CRA,v1_5_single_slot,single_slot_baseline,MockSimulator,43,none,none,-1,0,0,internal,0.0,0.0,0.0,0.0,0,False,0,False,-1,1,0.1,0.2,8,8,0,raw,9,False
543,1000.0,8,8,0,8,0,0,3.159866019022953,3.159866019022953,3.159866019022953,0.0,0.0,0.029999909077449392,1.0,0.0,False,0,0,0,0,0,0.0,0.0,0.0,0.0,0.0,0,0.0,0,0,disabled,disabled,True,normal,1,9,False,raw,0,0.0,0.0,trial:-1,0,False,disabled,0,0,False,raw,0,0.0,0.0,,0,False,disabled,False,raw,0.0,0.0,,,,,,,,False,0,0,0,0,0,0,0.0,0.0,0.8895840000207045,5.451582999995708,6.612417000013693,context_reentry_interference,v1_5_single_slot,CRA,v1_5_single_slot,single_slot_baseline,MockSimulator,43,none,none,-1,0,0,internal,0.0,0.0,0.0,0.0,0,False,0,False,-1,1,0.1,0.2,8,8,0,raw,9,False
544,1000.0,8,8,0,8,0,0,3.153895175754646,3.153895175754646,3.153895175754646,0.0,0.0,0.030100905483733738,1.0,0.0,False,0,0,0,0,0,0.0,0.0,0.0,0.0,0.0,0,0.0,0,0,disabled,disabled,True,normal,1,9,False,raw,0,0.0,0.0,trial:-1,0,False,disabled,0,0,False,raw,0,0.0,0.0,,0,False,disabled,False,raw,0.0,0.0,,,,,,,,False,0,0,0,0,0,0,0.0,0.0,0.8055829999875641,5.23616699999252,6.174958999991986,context_reentry_interference,v1_5_single_slot,CRA,v1_5_single_slot,single_slot_baseline,MockSimulator,43,none,none,-1,0,0,internal,0.0,0.0,0.0,0.0,0,False,0,False,-1,1,0.1,0.2,8,8,0,raw,9,False
545,1000.0,8,8,0,8,0,0,3.147953818519749,3.147953818519749,3.147953818519749,0.0,0.0,0.03018586207013573,1.0,0.0,False,0,0,0,0,0,0.0,0.0,0.0,0.0,0.0,0,0.0,0,0,disabled,disabled,True,normal,1,9,False,raw,0,0.0,0.0,trial:-1,0,False,disabled,0,0,False,raw,0,0.0,0.0,,0,False,disabled,False,raw,0.0,0.0,,,,,,,,False,0,0,0,0,0,0,0.0,0.0,0.7879169999966962,5.739583000007542,6.652208000019755,context_reentry_interference,v1_5_single_slot,CRA,v1_5_single_slot,single_slot_baseline,MockSimulator,43,none,none,-1,0,0,internal,0.0,0.0,0.0,0.0,0,False,0,False,-1,1,0.1,0.2,8,8,0,raw,9,False
546,1000.0,8,8,0,8,0,0,3.142041800264868,3.142041800264868,3.142041800264868,0.0,0.0,0.03025538003088815,1.0,0.0,False,0,0,0,0,0,0.0,0.0,0.0,0.0,0.0,0,0.0,0,0,disabled,disabled,True,normal,1,9,False,raw,0,0.0,0.0,trial:-1,0,False,disabled,0,0,False,raw,0,0.0,0.0,,0,False,disabled,False,raw,0.0,0.0,,,,,,,,False,0,0,0,0,0,0,0.0,0.0,0.8162080000033711,5.263624999997774,6.21420799998873,context_reentry_interference,v1_5_single_slot,CRA,v1_5_single_slot,single_slot_baseline,MockSimulator,43,none,none,-1,0,0,internal,0.0,0.0,0.0,0.0,0,False,0,False,-1,1,0.1,0.2,8,8,0,raw,9,False
547,1000.0,8,8,0,8,0,0,3.136158974670039,3.136158974670039,3.136158974670039,0.0,0.0,0.03031004292838242,1.0,0.0,False,0,0,0,0,0,0.0,0.0,0.0,0.0,0.0,0,0.0,0,0,disabled,disabled,True,normal,1,9,False,raw,0,0.0,0.0,trial:-1,0,False,disabled,0,0,False,raw,0,0.0,0.0,,0,False,disabled,False,raw,0.0,0.0,,,,,,,,False,0,0,0,0,0,0,0.0,0.0,0.7879169999966962,5.183291000008694,6.09791699997686,context_reentry_interference,v1_5_single_slot,CRA,v1_5_single_slot,single_slot_baseline,MockSimulator,43,none,none,-1,0,0,internal,0.0,0.0,0.0,0.0,0,False,0,False,-1,1,0.1,0.2,8,8,0,raw,9,False
548,1000.0,8,8,0,8,0,0,3.130305196145072,3.130305196145072,3.130305196145072,0.0,0.0,0.03035041715796456,1.0,0.0,False,0,0,0,0,0,0.0,0.0,0.0,0.0,0.0,0,0.0,0,0,disabled,disabled,True,normal,1,9,False,raw,0,0.0,0.0,trial:-1,0,False,disabled,0,0,False,raw,0,0.0,0.0,,0,False,disabled,False,raw,0.0,0.0,,,,,,,,False,0,0,0,0,0,0,0.0,0.0,0.9726249999744141,5.463959000024943,6.561624999989135,context_reentry_interference,v1_5_single_slot,CRA,v1_5_single_slot,single_slot_baseline,MockSimulator,43,none,none,-1,0,0,internal,0.0,0.0,0.0,0.0,0,False,0,False,-1,1,0.1,0.2,8,8,0,raw,9,False
549,1000.0,8,8,0,8,0,0,3.1244803198259112,3.1244803198259112,3.1244803198259112,0.0,0.0,0.030377052401192064,1.0,0.0,False,0,0,0,0,0,0.0,0.0,0.0,0.0,0.0,0,0.0,0,0,disabled,disabled,True,normal,1,9,False,raw,0,0.0,0.0,trial:-1,0,False,disabled,0,0,False,raw,0,0.0,0.0,,0,False,disabled,False,raw,0.0,0.0,,,,,,,,False,0,0,0,0,0,0,0.0,0.0,0.8124999999949978,5.2299999999831925,6.175333000015826,context_reentry_interference,v1_5_single_slot,CRA,v1_5_single_slot,single_slot_baseline,MockSimulator,43,none,none,-1,0,0,internal,0.0,0.0,0.0,0.0,0,False,0,False,-1,1,0.1,0.2,8,8,0,raw,9,False
550,1000.0,8,8,0,8,0,0,3.118684201571013,3.118684201571013,3.118684201571013,0.0,0.0,0.030390482067827282,1.0,0.0,False,0,0,0,0,0,0.0,0.0,0.0,0.0,0.0,0,0.0,0,0,disabled,disabled,True,normal,1,9,False,raw,0,0.0,0.0,trial:-1,0,False,disabled,0,0,False,raw,0,0.0,0.0,,0,False,disabled,False,raw,0.0,0.0,,,,,,,,False,0,0,0,0,0,0,0.0,0.0,0.785540999999057,5.749916999974403,6.661125000022139,context_reentry_interference,v1_5_single_slot,CRA,v1_5_single_slot,single_slot_baseline,MockSimulator,43,none,none,-1,0,0,internal,0.0,0.0,0.0,0.0,0,False,0,False,-1,1,0.1,0.2,8,8,0,raw,9,False
551,1000.0,8,8,0,8,0,0,3.1129166979577416,3.1129166979577416,3.1129166979577416,0.0,0.0,0.030391223726836614,1.0,0.0,False,0,0,0,0,0,0.0,0.0,0.0,0.0,0.0,0,0.0,0,0,disabled,disabled,True,normal,1,9,False,raw,0,0.0,0.0,trial:-1,0,False,disabled,0,0,False,raw,0,0.0,0.0,,0,False,disabled,False,raw,0.0,0.0,,,,,,,,False,0,0,0,0,0,0,0.0,0.0,0.8214160000079573,5.282792000002701,6.25158400001169,context_reentry_interference,v1_5_single_slot,CRA,v1_5_single_slot,single_slot_baseline,MockSimulator,43,none,none,-1,0,0,internal,0.0,0.0,0.0,0.0,0,False,0,False,-1,1,0.1,0.2,8,8,0,raw,9,False
552,1000.0,8,8,0,8,0,0,3.107177666278786,3.107177666278786,3.107177666278786,0.0,0.0,0.03037977952665844,1.0,0.0,False,0,0,0,0,0,0.0,0.0,0.0,0.0,0.0,0,0.0,0,0,disabled,disabled,True,normal,1,9,False,raw,0,0.0,0.0,trial:-1,0,False,disabled,0,0,False,raw,0,0.0,0.0,,0,False,disabled,False,raw,0.0,0.0,,,,,,,,False,0,0,0,0,0,0,0.0,0.0,0.7953329999850212,5.268583000002991,6.189291999987745,context_reentry_interference,v1_5_single_slot,CRA,v1_5_single_slot,single_slot_baseline,MockSimulator,43,none,none,-1,0,0,internal,0.0,0.0,0.0,0.0,0,False,0,False,-1,1,0.1,0.2,8,8,0,raw,9,False
553,1000.0,8,8,0,8,0,0,3.1014669645385893,3.1014669645385893,3.1014669645385893,0.0,0.0,0.03035663660499666,1.0,0.0,False,0,0,0,0,0,0.0,0.0,0.0,0.0,0.0,0,0.0,0,0,disabled,disabled,True,normal,1,9,False,raw,0,0.0,0.0,trial:-1,0,False,disabled,0,0,False,raw,0,0.0,0.0,,0,False,disabled,False,raw,0.0,0.0,,,,,,,,False,0,0,0,0,0,0,0.0,0.0,0.8109160000060456,6.223374999990483,7.163874999974951,context_reentry_interference,v1_5_single_slot,CRA,v1_5_single_slot,single_slot_baseline,MockSimulator,43,none,none,-1,0,0,internal,0.0,0.0,0.0,0.0,0,False,0,False,-1,1,0.1,0.2,8,8,0,raw,9,False
554,1000.0,8,8,0,8,0,0,3.0957844514498007,3.0957844514498007,3.0957844514498007,0.0,0.0,0.03032226748839069,1.0,0.0,False,0,0,0,0,0,0.0,0.0,0.0,0.0,0.0,0,0.0,0,0,disabled,disabled,True,normal,1,9,False,raw,0,0.0,0.0,trial:-1,0,False,disabled,0,0,False,raw,0,0.0,0.0,,0,False,disabled,False,raw,0.0,0.0,,,,,,,,False,0,0,0,0,0,0,0.0,0.0,0.8648749999906613,5.412791999987121,6.412624999995842,context_reentry_interference,v1_5_single_slot,CRA,v1_5_single_slot,single_slot_baseline,MockSimulator,43,none,none,-1,0,0,internal,0.0,0.0,0.0,0.0,0,False,0,False,-1,1,0.1,0.2,8,8,0,raw,9,False
555,1000.0,8,8,0,8,0,0,3.0901299864297425,3.0901299864297425,3.0901299864297425,0.0,0.0,0.030277130481806955,1.0,0.0,False,0,0,0,0,0,0.0,0.0,0.0,0.0,0.0,0,0.0,0,0,disabled,disabled,True,normal,1,9,False,raw,0,0.0,0.0,trial:-1,0,False,disabled,0,0,False,raw,0,0.0,0.0,,0,False,disabled,False,raw,0.0,0.0,,,,,,,,False,0,0,0,0,0,0,0.0,0.0,0.7969579999951293,5.826499999983525,6.751250000007758,context_reentry_interference,v1_5_single_slot,CRA,v1_5_single_slot,single_slot_baseline,MockSimulator,43,none,none,-1,0,0,internal,0.0,0.0,0.0,0.0,0,False,0,False,-1,1,0.1,0.2,8,8,0,raw,9,False
556,1000.0,8,8,0,8,0,0,3.0845034295968956,3.0845034295968956,3.0845034295968956,0.0,0.0,0.030221670048491214,1.0,0.0,False,0,0,0,0,0,0.0,0.0,0.0,0.0,0.0,0,0.0,0,0,disabled,disabled,True,normal,1,9,False,raw,0,0.0,0.0,trial:-1,0,False,disabled,0,0,False,raw,0,0.0,0.0,,0,False,disabled,False,raw,0.0,0.0,,,,,,,,False,0,0,0,0,0,0,0.0,0.0,0.8577499999944393,5.460458000015933,6.470124999992777,context_reentry_interference,v1_5_single_slot,CRA,v1_5_single_slot,single_slot_baseline,MockSimulator,43,none,none,-1,0,0,internal,0.0,0.0,0.0,0.0,0,False,0,False,-1,1,0.1,0.2,8,8,0,raw,9,False
557,1000.0,8,8,0,8,0,0,3.0789046417674024,3.0789046417674024,3.0789046417674024,0.0,0.0,0.030156317180315383,1.0,0.0,False,0,0,0,0,0,0.0,0.0,0.0,0.0,0.0,0,0.0,0,0,disabled,disabled,True,normal,1,9,False,raw,0,0.0,0.0,trial:-1,0,False,disabled,0,0,False,raw,0,0.0,0.0,,0,False,disabled,False,raw,0.0,0.0,,,,,,,,False,0,0,0,0,0,0,0.0,0.0,0.8159169999828464,5.308917000007796,6.253791000006004,context_reentry_interference,v1_5_single_slot,CRA,v1_5_single_slot,single_slot_baseline,MockSimulator,43,none,none,-1,0,0,internal,0.0,0.0,0.0,0.0,0,False,0,False,-1,1,0.1,0.2,8,8,0,raw,9,False
558,1000.0,8,8,0,8,0,0,3.073333484451589,3.073333484451589,3.073333484451589,0.0,0.0,0.030081489758847186,1.0,0.0,False,0,0,0,0,0,0.0,0.0,0.0,0.0,0.0,0,0.0,0,0,disabled,disabled,True,normal,1,9,False,raw,0,0.0,0.0,trial:-1,0,False,disabled,0,0,False,raw,0,0.0,0.0,,0,False,disabled,False,raw,0.0,0.0,,,,,,,,False,0,0,0,0,0,0,0.0,0.0,0.8549160000086431,5.9378750000007585,6.917415999993182,context_reentry_interference,v1_5_single_slot,CRA,v1_5_single_slot,single_slot_baseline,MockSimulator,43,none,none,-1,0,0,internal,0.0,0.0,0.0,0.0,0,False,0,False,-1,1,0.1,0.2,8,8,0,raw,9,False
559,1000.0,8,8,0,8,0,0,3.0677898198504994,3.0677898198504994,3.0677898198504994,0.0,0.0,0.029997592907365592,1.0,0.0,False,0,0,0,0,0,0.0,0.0,0.0,0.0,0.0,0,0.0,0,0,disabled,disabled,True,normal,1,9,False,raw,0,0.0,0.0,trial:-1,0,False,disabled,0,0,False,raw,0,0.0,0.0,,0,False,disabled,False,raw,0.0,0.0,,,,,,,,False,0,0,0,0,0,0,0.0,0.0,0.8106249999855208,5.3812920000098075,6.326625000014019,context_reentry_interference,v1_5_single_slot,CRA,v1_5_single_slot,single_slot_baseline,MockSimulator,43,none,none,-1,0,0,internal,0.0,0.0,0.0,0.0,0,False,0,False,-1,1,0.1,0.2,8,8,0,raw,9,False
560,1000.0,8,8,0,8,0,0,3.0622735108524535,3.0622735108524535,3.0622735108524535,0.0,0.0,0.029905019334039724,1.0,0.0,False,0,0,0,0,0,0.0,0.0,0.0,0.0,0.0,0,0.0,0,0,disabled,disabled,True,normal,1,9,False,raw,0,0.0,0.0,trial:-1,0,False,disabled,0,0,False,raw,0,0.0,0.0,,0,False,disabled,False,raw,0.0,0.0,,,,,,,,False,0,0,0,0,0,0,0.0,0.0,0.8222920000093836,6.376582999990887,7.34554199999593,context_reentry_interference,v1_5_single_slot,CRA,v1_5_single_slot,single_slot_baseline,MockSimulator,43,none,none,-1,0,0,internal,0.0,0.0,0.0,0.0,0,False,0,False,-1,1,0.1,0.2,8,8,0,raw,9,False
561,1000.0,8,8,0,8,0,0,3.056784421029618,3.056784421029618,3.056784421029618,0.0,0.0,0.029804149666483943,1.0,0.0,False,0,0,0,0,0,0.0,0.0,0.0,0.0,0.0,0,0.0,0,0,disabled,disabled,True,normal,1,9,False,raw,0,0.0,0.0,trial:-1,0,False,disabled,0,0,False,raw,0,0.0,0.0,,0,False,disabled,False,raw,0.0,0.0,,,,,,,,False,0,0,0,0,0,0,0.0,0.0,0.8113330000014685,5.458250000003773,6.403209000012566,context_reentry_interference,v1_5_single_slot,CRA,v1_5_single_slot,single_slot_baseline,MockSimulator,43,none,none,-1,0,0,internal,0.0,0.0,0.0,0.0,0,False,0,False,-1,1,0.1,0.2,8,8,0,raw,9,False
562,1000.0,8,8,0,8,0,0,3.0513224146345963,3.0513224146345963,3.0513224146345963,0.0,0.0,0.029695352777896776,1.0,0.0,False,0,0,0,0,0,0.0,0.0,0.0,0.0,0.0,0,0.0,0,0,disabled,disabled,True,normal,1,9,False,raw,0,0.0,0.0,trial:-1,0,False,disabled,0,0,False,raw,0,0.0,0.0,,0,False,disabled,False,raw,0.0,0.0,,,,,,,,False,0,0,0,0,0,0,0.0,0.0,0.7964999999785505,5.880625000003192,6.8034169999862115,context_reentry_interference,v1_5_single_slot,CRA,v1_5_single_slot,single_slot_baseline,MockSimulator,43,none,none,-1,0,0,internal,0.0,0.0,0.0,0.0,0,False,0,False,-1,1,0.1,0.2,8,8,0,raw,9,False
563,1000.0,8,8,0,8,0,0,3.045887356597034,3.045887356597034,3.045887356597034,0.0,0.0,0.029578986104986504,1.0,0.0,False,0,0,0,0,0,0.0,0.0,0.0,0.0,0.0,0,0.0,0,0,disabled,disabled,True,normal,1,9,False,raw,0,0.0,0.0,trial:-1,0,False,disabled,0,0,False,raw,0,0.0,0.0,,0,False,disabled,False,raw,0.0,0.0,,,,,,,,False,0,0,0,0,0,0,0.0,0.0,0.833083999992823,5.4681249999930515,6.4519999999959055,context_reentry_interference,v1_5_single_slot,CRA,v1_5_single_slot,single_slot_baseline,MockSimulator,43,none,none,-1,0,0,internal,0.0,0.0,0.0,0.0,0,False,0,False,-1,1,0.1,0.2,8,8,0,raw,9,False
564,1000.0,8,8,0,8,0,0,3.0404791125202437,3.0404791125202437,3.0404791125202437,0.0,0.0,0.029455395957881485,1.0,0.0,False,0,0,0,0,0,0.0,0.0,0.0,0.0,0.0,0,0.0,0,0,disabled,disabled,True,normal,1,9,False,raw,0,0.0,0.0,trial:-1,0,False,disabled,0,0,False,raw,0,0.0,0.0,,0,False,disabled,False,raw,0.0,0.0,,,,,,,,False,0,0,0,0,0,0,0.0,0.0,0.7927080000058595,5.357916999997769,6.276666999980307,context_reentry_interference,v1_5_single_slot,CRA,v1_5_single_slot,single_slot_baseline,MockSimulator,43,none,none,-1,0,0,internal,0.0,0.0,0.0,0.0,0,False,0,False,-1,1,0.1,0.2,8,8,0,raw,9,False
565,1000.0,8,8,0,8,0,0,3.035097548677842,3.035097548677842,3.035097548677842,0.0,0.0,0.02932491782221867,1.0,0.0,False,0,0,0,0,0,0.0,0.0,0.0,0.0,0.0,0,0.0,0,0,disabled,disabled,True,normal,1,9,False,raw,0,0.0,0.0,trial:-1,0,False,disabled,0,0,False,raw,0,0.0,0.0,,0,False,disabled,False,raw,0.0,0.0,,,,,,,,False,0,0,0,0,0,0,0.0,0.0,0.7927499999880183,6.0829999999896245,7.001333000005161,context_reentry_interference,v1_5_single_slot,CRA,v1_5_single_slot,single_slot_baseline,MockSimulator,43,none,none,-1,0,0,internal,0.0,0.0,0.0,0.0,0,False,0,False,-1,1,0.1,0.2,8,8,0,raw,9,False
566,1000.0,8,8,0,8,0,0,3.029742532010411,3.029742532010411,3.029742532010411,0.0,0.0,0.029187876653599214,1.0,0.0,False,0,0,0,0,0,0.0,0.0,0.0,0.0,0.0,0,0.0,0,0,disabled,disabled,True,normal,1,9,False,raw,0,0.0,0.0,trial:-1,0,False,disabled,0,0,False,raw,0,0.0,0.0,,0,False,disabled,False,raw,0.0,0.0,,,,,,,,False,0,0,0,0,0,0,0.0,0.0,0.8199170000011691,5.545458000000281,6.502833000013197,context_reentry_interference,v1_5_single_slot,CRA,v1_5_single_slot,single_slot_baseline,MockSimulator,43,none,none,-1,0,0,internal,0.0,0.0,0.0,0.0,0,False,0,False,-1,1,0.1,0.2,8,8,0,raw,9,False
567,1000.0,8,8,0,8,0,0,3.024413930122167,3.024413930122167,3.024413930122167,0.0,0.0,0.029044587164595653,1.0,0.0,False,0,0,0,0,0,0.0,0.0,0.0,0.0,0.0,0,0.0,0,0,disabled,disabled,True,normal,1,9,False,raw,0,0.0,0.0,trial:-1,0,False,disabled,0,0,False,raw,0,0.0,0.0,,0,False,disabled,False,raw,0.0,0.0,,,,,,,,False,0,0,0,0,0,0,0.0,0.0,0.8035419999998794,5.6291249999844695,6.5622079999911875,context_reentry_interference,v1_5_single_slot,CRA,v1_5_single_slot,single_slot_baseline,MockSimulator,43,none,none,-1,0,0,internal,0.0,0.0,0.0,0.0,0,False,0,False,-1,1,0.1,0.2,8,8,0,raw,9,False
568,1000.0,8,8,0,8,0,0,3.019111611277653,3.019111611277653,3.019111611277653,0.0,0.0,0.028895354104490793,1.0,0.0,False,0,0,0,0,0,0.0,0.0,0.0,0.0,0.0,0,0.0,0,0,disabled,disabled,True,normal,1,9,False,raw,0,0.0,0.0,trial:-1,0,False,disabled,0,0,False,raw,0,0.0,0.0,,0,False,disabled,False,raw,0.0,0.0,,,,,,,,False,0,0,0,0,0,0,0.0,0.0,0.9165419999987989,5.706958000018858,6.777166000006218,context_reentry_interference,v1_5_single_slot,CRA,v1_5_single_slot,single_slot_baseline,MockSimulator,43,none,none,-1,0,0,internal,0.0,0.0,0.0,0.0,0,False,0,False,-1,1,0.1,0.2,8,8,0,raw,9,False
569,1000.0,8,8,0,8,0,0,3.0138354443984468,3.0138354443984468,3.0138354443984468,0.0,0.0,0.02874047253192429,1.0,0.0,False,0,0,0,0,0,0.0,0.0,0.0,0.0,0.0,0,0.0,0,0,disabled,disabled,True,normal,1,9,False,raw,0,0.0,0.0,trial:-1,0,False,disabled,0,0,False,raw,0,0.0,0.0,,0,False,disabled,False,raw,0.0,0.0,,,,,,,,False,0,0,0,0,0,0,0.0,0.0,0.8102500000006785,5.482916000005389,6.4260419999868645,context_reentry_interference,v1_5_single_slot,CRA,v1_5_single_slot,single_slot_baseline,MockSimulator,43,none,none,-1,0,0,internal,0.0,0.0,0.0,0.0,0,False,0,False,-1,1,0.1,0.2,8,8,0,raw,9,False
570,1000.0,8,8,0,8,0,0,3.00858529905988,3.00858529905988,3.00858529905988,0.0,0.0,0.028580228080618646,1.0,0.0,False,0,0,0,0,0,0.0,0.0,0.0,0.0,0.0,0,0.0,0,0,disabled,disabled,True,normal,1,9,False,raw,0,0.0,0.0,trial:-1,0,False,disabled,0,0,False,raw,0,0.0,0.0,,0,False,disabled,False,raw,0.0,0.0,,,,,,,,False,0,0,0,0,0,0,0.0,0.0,0.7944159999908607,5.974833999999873,6.895541999995203,context_reentry_interference,v1_5_single_slot,CRA,v1_5_single_slot,single_slot_baseline,MockSimulator,43,none,none,-1,0,0,internal,0.0,0.0,0.0,0.0,0,False,0,False,-1,1,0.1,0.2,8,8,0,raw,9,False
571,1000.0,8,8,0,8,0,0,3.003361045487782,3.003361045487782,3.003361045487782,0.0,0.0,0.02841489721835246,1.0,0.0,False,0,0,0,0,0,0.0,0.0,0.0,0.0,0.0,0,0.0,0,0,disabled,disabled,True,normal,1,9,False,raw,0,0.0,0.0,trial:-1,0,False,disabled,0,0,False,raw,0,0.0,0.0,,0,False,disabled,False,raw,0.0,0.0,,,,,,,,False,0,0,0,0,0,0,0.0,0.0,0.8187090000149055,5.493583000003355,6.444332999990365,context_reentry_interference,v1_5_single_slot,CRA,v1_5_single_slot,single_slot_baseline,MockSimulator,43,none,none,-1,0,0,internal,0.0,0.0,0.0,0.0,0,False,0,False,-1,1,0.1,0.2,8,8,0,raw,9,False
572,1000.0,8,8,0,8,0,0,2.998162554555231,2.998162554555231,2.998162554555231,0.0,0.0,0.028244747499344677,1.0,0.0,False,0,0,0,0,0,0.0,0.0,0.0,0.0,0.0,0,0.0,0,0,disabled,disabled,True,normal,1,9,False,raw,0,0.0,0.0,trial:-1,0,False,disabled,0,0,False,raw,0,0.0,0.0,,0,False,disabled,False,raw,0.0,0.0,,,,,,,,False,0,0,0,0,0,0,0.0,0.0,0.7861670000011145,5.885040999999092,6.795166000017616,context_reentry_interference,v1_5_single_slot,CRA,v1_5_single_slot,single_slot_baseline,MockSimulator,43,none,none,-1,0,0,internal,0.0,0.0,0.0,0.0,0,False,0,False,-1,1,0.1,0.2,8,8,0,raw,9,False
573,1000.0,8,8,0,8,0,0,2.992989697779329,2.992989697779329,2.992989697779329,0.0,0.0,0.028070037810209864,1.0,0.0,False,0,0,0,0,0,0.0,0.0,0.0,0.0,0.0,0,0.0,0,0,disabled,disabled,True,normal,1,9,False,raw,0,0.0,0.0,trial:-1,0,False,disabled,0,0,False,raw,0,0.0,0.0,,0,False,disabled,False,raw,0.0,0.0,,,,,,,,False,0,0,0,0,0,0,0.0,0.0,0.814209000026267,5.535165999987157,6.48150000000669,context_reentry_interference,v1_5_single_slot,CRA,v1_5_single_slot,single_slot_baseline,MockSimulator,43,none,none,-1,0,0,internal,0.0,0.0,0.0,0.0,0,False,0,False,-1,1,0.1,0.2,8,8,0,raw,9,False
574,1000.0,8,8,0,8,0,0,2.98784234731799,2.98784234731799,2.98784234731799,0.0,0.0,0.027891018609640706,1.0,0.0,False,0,0,0,0,0,0.0,0.0,0.0,0.0,0.0,0,0.0,0,0,disabled,disabled,True,normal,1,9,False,raw,0,0.0,0.0,trial:-1,0,False,disabled,0,0,False,raw,0,0.0,0.0,,0,False,disabled,False,raw,0.0,0.0,,,,,,,,False,0,0,0,0,0,0,0.0,0.0,0.7969589999845539,5.518875000007029,6.440833999988627,context_reentry_interference,v1_5_single_slot,CRA,v1_5_single_slot,single_slot_baseline,MockSimulator,43,none,none,-1,0,0,internal,0.0,0.0,0.0,0.0,0,False,0,False,-1,1,0.1,0.2,8,8,0,raw,9,False
575,1000.0,8,8,0,8,0,0,2.9827203759667418,2.9827203759667418,2.9827203759667418,0.0,0.0,0.027707932161970227,1.0,0.0,False,0,0,0,0,0,0.0,0.0,0.0,0.0,0.0,0,0.0,0,0,disabled,disabled,True,normal,1,9,False,raw,0,0.0,0.0,trial:-1,0,False,disabled,0,0,False,raw,0,0.0,0.0,,0,False,disabled,False,raw,0.0,0.0,,,,,,,,False,0,0,0,0,0,0,0.0,0.0,1.1688329999799407,6.022000000001526,7.34012499998471,context_reentry_interference,v1_5_single_slot,CRA,v1_5_single_slot,single_slot_baseline,MockSimulator,43,none,none,-1,0,0,internal,0.0,0.0,0.0,0.0,0,False,0,False,-1,1,0.1,0.2,8,8,0,raw,9,False
576,1000.0,8,8,0,8,0,0,2.9776236571555463,2.9776236571555463,2.9776236571555463,0.0,0.0,0.027521012764762712,1.0,0.0,False,0,0,0,0,0,0.0,0.0,0.0,0.0,0.0,0,0.0,0,0,disabled,disabled,True,normal,1,9,False,raw,0,0.0,0.0,trial:-1,0,False,disabled,0,0,False,raw,0,0.0,0.0,,0,False,disabled,False,raw,0.0,0.0,,,,,,,,False,0,0,0,0,0,0,0.0,0.0,0.8215830000040114,5.552707999981976,6.508999999994103,context_reentry_interference,v1_5_single_slot,CRA,v1_5_single_slot,single_slot_baseline,MockSimulator,43,none,none,-1,0,0,internal,0.0,0.0,0.0,0.0,0,False,0,False,-1,1,0.1,0.2,8,8,0,raw,9,False
577,1000.0,8,8,0,8,0,0,2.9725520649456367,2.9725520649456367,2.9725520649456367,0.0,0.0,0.027330486970578712,1.0,0.0,False,0,0,0,0,0,0.0,0.0,0.0,0.0,0.0,0,0.0,0,0,disabled,disabled,True,normal,1,9,False,raw,0,0.0,0.0,trial:-1,0,False,disabled,0,0,False,raw,0,0.0,0.0,,0,False,disabled,False,raw,0.0,0.0,,,,,,,,False,0,0,0,0,0,0,0.0,0.0,0.7942499999842312,6.234040999999024,7.154374999998936,context_reentry_interference,v1_5_single_slot,CRA,v1_5_single_slot,single_slot_baseline,MockSimulator,43,none,none,-1,0,0,internal,0.0,0.0,0.0,0.0,0,False,0,False,-1,1,0.1,0.2,8,8,0,raw,9,False
578,1000.0,8,8,0,8,0,0,2.9675054740263684,2.9675054740263684,2.9675054740263684,0.0,0.0,0.027136573803056167,1.0,0.0,False,0,0,0,0,0,0.0,0.0,0.0,0.0,0.0,0,0.0,0,0,disabled,disabled,True,normal,1,9,False,raw,0,0.0,0.0,trial:-1,0,False,disabled,0,0,False,raw,0,0.0,0.0,,0,False,disabled,False,raw,0.0,0.0,,,,,,,,False,0,0,0,0,0,0,0.0,0.0,0.8254589999978634,5.560833000004095,6.5232500000149685,context_reentry_interference,v1_5_single_slot,CRA,v1_5_single_slot,single_slot_baseline,MockSimulator,43,none,none,-1,0,0,internal,0.0,0.0,0.0,0.0,0,False,0,False,-1,1,0.1,0.2,8,8,0,raw,9,False
579,1000.0,8,8,0,8,0,0,2.9624837597120854,2.9624837597120854,2.9624837597120854,0.0,0.0,0.026939484967446293,1.0,0.0,False,0,0,0,0,0,0.0,0.0,0.0,0.0,0.0,0,0.0,0,0,disabled,disabled,True,normal,1,9,False,raw,0,0.0,0.0,trial:-1,0,False,disabled,0,0,False,raw,0,0.0,0.0,,0,False,disabled,False,raw,0.0,0.0,,,,,,,,False,0,0,0,0,0,0,0.0,0.0,0.7970000000057098,5.4796249999924385,6.401875000022983,context_reentry_interference,v1_5_single_slot,CRA,v1_5_single_slot,single_slot_baseline,MockSimulator,43,none,none,-1,0,0,internal,0.0,0.0,0.0,0.0,0,False,0,False,-1,1,0.1,0.2,8,8,0,raw,9,False
580,1000.0,8,8,0,8,0,0,2.9574867979390036,2.9574867979390036,2.9574867979390036,0.0,0.0,0.026739425055739587,1.0,0.0,False,0,0,0,0,0,0.0,0.0,0.0,0.0,0.0,0,0.0,0,0,disabled,disabled,True,normal,1,9,False,raw,0,0.0,0.0,trial:-1,0,False,disabled,0,0,False,raw,0,0.0,0.0,,0,False,disabled,False,raw,0.0,0.0,,,,,,,,False,0,0,0,0,0,0,0.0,0.0,1.1015000000043074,5.959084000011217,7.18395900000246,context_reentry_interference,v1_5_single_slot,CRA,v1_5_single_slot,single_slot_baseline,MockSimulator,43,none,none,-1,0,0,internal,0.0,0.0,0.0,0.0,0,False,0,False,-1,1,0.1,0.2,8,8,0,raw,9,False
581,1000.0,8,8,0,8,0,0,2.95251446526211,2.95251446526211,2.95251446526211,0.0,0.0,0.02653659174651417,1.0,0.0,False,0,0,0,0,0,0.0,0.0,0.0,0.0,0.0,0,0.0,0,0,disabled,disabled,True,normal,1,9,False,raw,0,0.0,0.0,trial:-1,0,False,disabled,0,0,False,raw,0,0.0,0.0,,0,False,disabled,False,raw,0.0,0.0,,,,,,,,False,0,0,0,0,0,0,0.0,0.0,0.8108750000133114,5.658541000002515,6.601750000015727,context_reentry_interference,v1_5_single_slot,CRA,v1_5_single_slot,single_slot_baseline,MockSimulator,43,none,none,-1,0,0,internal,0.0,0.0,0.0,0.0,0,False,0,False,-1,1,0.1,0.2,8,8,0,raw,9,False
582,1000.0,8,8,0,8,0,0,2.9475666388520754,2.9475666388520754,2.9475666388520754,0.0,0.0,0.026331175999635477,1.0,0.0,False,0,0,0,0,0,0.0,0.0,0.0,0.0,0.0,0,0.0,0,0,disabled,disabled,True,normal,1,9,False,raw,0,0.0,0.0,trial:-1,0,False,disabled,0,0,False,raw,0,0.0,0.0,,0,False,disabled,False,raw,0.0,0.0,,,,,,,,False,0,0,0,0,0,0,0.0,0.0,0.790332999997645,6.095874999999751,7.0114170000010745,context_reentry_interference,v1_5_single_slot,CRA,v1_5_single_slot,single_slot_baseline,MockSimulator,43,none,none,-1,0,0,internal,0.0,0.0,0.0,0.0,0,False,0,False,-1,1,0.1,0.2,8,8,0,raw,9,False
583,1000.0,8,8,0,8,0,0,2.942643196492184,2.942643196492184,2.942643196492184,0.0,0.0,0.026123362245933326,1.0,0.0,False,0,0,0,0,0,0.0,0.0,0.0,0.0,0.0,0,0.0,0,0,disabled,disabled,True,normal,1,9,False,raw,0,0.0,0.0,trial:-1,0,False,disabled,0,0,False,raw,0,0.0,0.0,,0,False,disabled,False,raw,0.0,0.0,,,,,,,,False,0,0,0,0,0,0,0.0,0.0,0.8137499999918418,5.658583000013095,6.607833000003893,context_reentry_interference,v1_5_single_slot,CRA,v1_5_single_slot,single_slot_baseline,MockSimulator,43,none,none,-1,0,0,internal,0.0,0.0,0.0,0.0,0,False,0,False,-1,1,0.1,0.2,8,8,0,raw,9,False
584,1000.0,8,8,0,8,0,0,2.937744016575279,2.937744016575279,2.937744016575279,0.0,0.0,0.025913328571979408,1.0,0.0,False,0,0,0,0,0,0.0,0.0,0.0,0.0,0.0,0,0.0,0,0,disabled,disabled,True,normal,1,9,False,raw,0,0.0,0.0,trial:-1,0,False,disabled,0,0,False,raw,0,0.0,0.0,,0,False,disabled,False,raw,0.0,0.0,,,,,,,,False,0,0,0,0,0,0,0.0,0.0,0.8311249999906067,6.011250000000246,6.969292000007954,context_reentry_interference,v1_5_single_slot,CRA,v1_5_single_slot,single_slot_baseline,MockSimulator,43,none,none,-1,0,0,internal,0.0,0.0,0.0,0.0,0,False,0,False,-1,1,0.1,0.2,8,8,0,raw,9,False
585,1000.0,8,8,0,8,0,0,2.9328689781007204,2.9328689781007204,2.9328689781007204,0.0,0.0,0.02570124690008527,1.0,0.0,False,0,0,0,0,0,0.0,0.0,0.0,0.0,0.0,0,0.0,0,0,disabled,disabled,True,normal,1,9,False,raw,0,0.0,0.0,trial:-1,0,False,disabled,0,0,False,raw,0,0.0,0.0,,0,False,disabled,False,raw,0.0,0.0,,,,,,,,False,0,0,0,0,0,0,0.0,0.0,0.8155829999907382,5.683833000006189,6.634249999990516,context_reentry_interference,v1_5_single_slot,CRA,v1_5_single_slot,single_slot_baseline,MockSimulator,43,none,none,-1,0,0,internal,0.0,0.0,0.0,0.0,0,False,0,False,-1,1,0.1,0.2,8,8,0,raw,9,False
586,1000.0,8,8,0,8,0,0,2.928017960671362,2.928017960671362,2.928017960671362,0.0,0.0,0.02548728316363811,1.0,0.0,False,0,0,0,0,0,0.0,0.0,0.0,0.0,0.0,0,0.0,0,0,disabled,disabled,True,normal,1,9,False,raw,0,0.0,0.0,trial:-1,0,False,disabled,0,0,False,raw,0,0.0,0.0,,0,False,disabled,False,raw,0.0,0.0,,,,,,,,False,0,0,0,0,0,0,0.0,0.0,0.7848750000221116,5.6690829999865855,6.580333000016481,context_reentry_interference,v1_5_single_slot,CRA,v1_5_single_slot,single_slot_baseline,MockSimulator,43,none,none,-1,0,0,internal,0.0,0.0,0.0,0.0,0,False,0,False,-1,1,0.1,0.2,8,8,0,raw,9,False
587,1000.0,8,8,0,8,0,0,2.923190844490541,2.923190844490541,2.923190844490541,0.0,0.0,0.0252715974778888,1.0,0.0,False,0,0,0,0,0,0.0,0.0,0.0,0.0,0.0,0,0.0,0,0,disabled,disabled,True,normal,1,9,False,raw,0,0.0,0.0,trial:-1,0,False,disabled,0,0,False,raw,0,0.0,0.0,,0,False,disabled,False,raw,0.0,0.0,,,,,,,,False,0,0,0,0,0,0,0.0,0.0,0.7899999999949614,6.142084000003933,7.0576250000158325,context_reentry_interference,v1_5_single_slot,CRA,v1_5_single_slot,single_slot_baseline,MockSimulator,43,none,none,-1,0,0,internal,0.0,0.0,0.0,0.0,0,False,0,False,-1,1,0.1,0.2,8,8,0,raw,9,False
588,1000.0,8,8,0,8,0,0,2.9183875103590813,2.9183875103590813,2.9183875103590813,-3.306896425540331e-11,-0.0,0.02505434430630401,1.0,-3.306896425540331e-11,False,0,0,0,0,0,0.0,0.0,0.0,0.0,0.0,0,0.0,0,0,disabled,disabled,True,normal,-1,10,False,raw,0,-0.005,-0.005,intruder:588,0,False,disabled,0,0,False,raw,0,-0.005,-0.005,,0,False,disabled,False,raw,-0.005,-0.005,,,,,,,,False,0,0,0,0,0,0,0.0,0.0,0.8357920000037211,5.725874999995995,6.694833000011613,context_reentry_interference,v1_5_single_slot,CRA,v1_5_single_slot,single_slot_baseline,MockSimulator,43,context,A_return_interfering_context,15,-1,0,internal,-0.005,-0.005,0.0,0.0,0,False,-1,False,-1,1,0.1,0.2,8,8,0,raw,10,False
589,1000.0,8,8,0,8,0,0,2.913607839672316,2.913607839672316,2.913607839672316,0.0,0.0,0.024835672622591454,1.0,0.0,False,0,0,0,0,0,0.0,0.0,0.0,0.0,0.0,0,0.0,0,0,disabled,disabled,True,normal,-1,10,False,raw,0,0.0,0.0,trial:-1,0,False,disabled,0,0,False,raw,0,0.0,0.0,,0,False,disabled,False,raw,0.0,0.0,,,,,,,,False,0,0,0,0,0,0,0.0,0.0,0.7897090000028584,6.307750000019041,7.223458999987997,context_reentry_interference,v1_5_single_slot,CRA,v1_5_single_slot,single_slot_baseline,MockSimulator,43,none,none,-1,0,0,internal,0.0,0.0,0.0,0.0,0,False,0,False,-1,1,0.1,0.2,8,8,0,raw,10,False
590,1000.0,8,8,0,8,0,0,2.9088517144171204,2.9088517144171204,2.9088517144171204,0.0,0.0,0.02461572606850488,1.0,0.0,False,0,0,0,0,0,0.0,0.0,0.0,0.0,0.0,0,0.0,0,0,disabled,disabled,True,normal,-1,10,False,raw,0,0.0,0.0,trial:-1,0,False,disabled,0,0,False,raw,0,0.0,0.0,,0,False,disabled,False,raw,0.0,0.0,,,,,,,,False,0,0,0,0,0,0,0.0,0.0,0.8420829999806756,5.909375000015871,6.895708000001832,context_reentry_interference,v1_5_single_slot,CRA,v1_5_single_slot,single_slot_baseline,MockSimulator,43,none,none,-1,0,0,internal,0.0,0.0,0.0,0.0,0,False,0,False,-1,1,0.1,0.2,8,8,0,raw,10,False
591,1000.0,8,8,0,8,0,0,2.9041190171689637,2.9041190171689637,2.9041190171689637,0.0,0.0,0.02439464310753273,1.0,0.0,False,0,0,0,0,0,0.0,0.0,0.0,0.0,0.0,0,0.0,0,0,disabled,disabled,True,normal,-1,10,False,raw,0,0.0,0.0,trial:-1,0,False,disabled,0,0,False,raw,0,0.0,0.0,,0,False,disabled,False,raw,0.0,0.0,,,,,,,,False,0,0,0,0,0,0,0.0,0.0,0.8047499999861429,5.900875000008909,6.835457999983419,context_reentry_interference,v1_5_single_slot,CRA,v1_5_single_slot,single_slot_baseline,MockSimulator,43,none,none,-1,0,0,internal,0.0,0.0,0.0,0.0,0,False,0,False,-1,1,0.1,0.2,8,8,0,raw,10,False
592,1000.0,8,8,0,8,0,0,2.8994096310889703,2.8994096310889703,2.8994096310889703,0.0,0.0,0.024172557174572062,1.0,0.0,False,0,0,0,0,0,0.0,0.0,0.0,0.0,0.0,0,0.0,0,0,disabled,disabled,True,normal,-1,10,False,raw,0,0.0,0.0,trial:-1,0,False,disabled,0,0,False,raw,0,0.0,0.0,,0,False,disabled,False,raw,0.0,0.0,,,,,,,,False,0,0,0,0,0,0,0.0,0.0,0.8915829999978087,6.257916999999225,7.299082999992379,context_reentry_interference,v1_5_single_slot,CRA,v1_5_single_slot,single_slot_baseline,MockSimulator,43,none,none,-1,0,0,internal,0.0,0.0,0.0,0.0,0,False,0,False,-1,1,0.1,0.2,8,8,0,raw,10,False
593,1000.0,8,8,0,8,0,0,2.8947234399210027,2.8947234399210027,2.8947234399210027,0.0,0.0,0.023949596821686812,1.0,0.0,False,0,0,0,0,0,0.0,0.0,0.0,0.0,0.0,0,0.0,0,0,disabled,disabled,True,normal,-1,10,False,raw,0,0.0,0.0,trial:-1,0,False,disabled,0,0,False,raw,0,0.0,0.0,,0,False,disabled,False,raw,0.0,0.0,,,,,,,,False,0,0,0,0,0,0,0.0,0.0,0.8297920000188697,5.958249999991949,6.923709000005829,context_reentry_interference,v1_5_single_slot,CRA,v1_5_single_slot,single_slot_baseline,MockSimulator,43,none,none,-1,0,0,internal,0.0,0.0,0.0,0.0,0,False,0,False,-1,1,0.1,0.2,8,8,0,raw,10,False
594,1000.0,8,8,0,8,0,0,2.8900603279887513,2.8900603279887513,2.8900603279887513,0.0,0.0,0.02372588586004714,1.0,0.0,False,0,0,0,0,0,0.0,0.0,0.0,0.0,0.0,0,0.0,0,0,disabled,disabled,True,normal,-1,10,False,raw,0,0.0,0.0,trial:-1,0,False,disabled,0,0,False,raw,0,0.0,0.0,,0,False,disabled,False,raw,0.0,0.0,,,,,,,,False,0,0,0,0,0,0,0.0,0.0,0.8491250000020045,6.5651249999802985,7.55287499998758,context_reentry_interference,v1_5_single_slot,CRA,v1_5_single_slot,single_slot_baseline,MockSimulator,43,none,none,-1,0,0,internal,0.0,0.0,0.0,0.0,0,False,0,False,-1,1,0.1,0.2,8,8,0,raw,10,False
595,1000.0,8,8,0,8,0,0,2.885420180192845,2.885420180192845,2.885420180192845,0.0,0.0,0.023501543498144383,1.0,0.0,False,0,0,0,0,0,0.0,0.0,0.0,0.0,0.0,0,0.0,0,0,disabled,disabled,True,normal,-1,10,False,raw,0,0.0,0.0,trial:-1,0,False,disabled,0,0,False,raw,0,0.0,0.0,,0,False,disabled,False,raw,0.0,0.0,,,,,,,,False,0,0,0,0,0,0,0.0,0.0,0.8108339999921554,5.695625000015525,6.640458000020999,context_reentry_interference,v1_5_single_slot,CRA,v1_5_single_slot,single_slot_baseline,MockSimulator,43,none,none,-1,0,0,internal,0.0,0.0,0.0,0.0,0,False,0,False,-1,1,0.1,0.2,8,8,0,raw,10,False
596,1000.0,8,8,0,8,0,0,2.880802882007973,2.880802882007973,2.880802882007973,0.0,0.0,0.023276684476373714,1.0,0.0,False,0,0,0,0,0,0.0,0.0,0.0,0.0,0.0,0,0.0,0,0,disabled,disabled,True,normal,-1,10,False,raw,0,0.0,0.0,trial:-1,0,False,disabled,0,0,False,raw,0,0.0,0.0,,0,False,disabled,False,raw,0.0,0.0,,,,,,,,False,0,0,0,0,0,0,0.0,0.0,0.7924999999886495,6.100833000004968,7.018584000007877,context_reentry_interference,v1_5_single_slot,CRA,v1_5_single_slot,single_slot_baseline,MockSimulator,43,none,none,-1,0,0,internal,0.0,0.0,0.0,0.0,0,False,0,False,-1,1,0.1,0.2,8,8,0,raw,10,False
597,1000.0,8,8,0,8,0,0,2.876208319480022,2.876208319480022,2.876208319480022,0.0,0.0,0.023051419198074616,1.0,0.0,False,0,0,0,0,0,0.0,0.0,0.0,0.0,0.0,0,0.0,0,0,disabled,disabled,True,normal,-1,10,False,raw,0,0.0,0.0,trial:-1,0,False,disabled,0,0,False,raw,0,0.0,0.0,,0,False,disabled,False,raw,0.0,0.0,,,,,,,,False,0,0,0,0,0,0,0.0,0.0,0.8308330000090791,5.809542000008605,6.777583000001641,context_reentry_interference,v1_5_single_slot,CRA,v1_5_single_slot,single_slot_baseline,MockSimulator,43,none,none,-1,0,0,internal,0.0,0.0,0.0,0.0,0,False,0,False,-1,1,0.1,0.2,8,8,0,raw,10,False
598,1000.0,8,8,0,8,0,0,2.8716363792232262,2.8716363792232262,2.8716363792232262,0.0,0.0,0.02282585385711693,1.0,0.0,False,0,0,0,0,0,0.0,0.0,0.0,0.0,0.0,0,0.0,0,0,disabled,disabled,True,normal,-1,10,False,raw,0,0.0,0.0,trial:-1,0,False,disabled,0,0,False,raw,0,0.0,0.0,,0,False,disabled,False,raw,0.0,0.0,,,,,,,,False,0,0,0,0,0,0,0.0,0.0,0.7928750000019136,5.773332999979175,6.693209000019351,context_reentry_interference,v1_5_single_slot,CRA,v1_5_single_slot,single_slot_baseline,MockSimulator,43,none,none,-1,0,0,internal,0.0,0.0,0.0,0.0,0,False,0,False,-1,1,0.1,0.2,8,8,0,raw,10,False
599,1000.0,8,8,0,8,0,0,2.8670869484173336,2.8670869484173336,2.8670869484173336,0.0,0.0,0.022600090562118324,1.0,0.0,False,0,0,0,0,0,0.0,0.0,0.0,0.0,0.0,0,0.0,0,0,disabled,disabled,True,normal,-1,10,False,raw,0,0.0,0.0,trial:-1,0,False,disabled,0,0,False,raw,0,0.0,0.0,,0,False,disabled,False,raw,0.0,0.0,,,,,,,,False,0,0,0,0,0,0,0.0,0.0,0.8700420000025133,5.970165999997334,6.982250000021395,context_reentry_interference,v1_5_single_slot,CRA,v1_5_single_slot,single_slot_baseline,MockSimulator,43,none,none,-1,0,0,internal,0.0,0.0,0.0,0.0,0,False,0,False,-1,1,0.1,0.2,8,8,0,raw,10,False
600,1000.0,8,8,0,8,0,0,2.862559914804785,2.862559914804785,2.862559914804785,0.0,0.0,0.022374227457376817,1.0,0.0,False,0,0,0,0,0,0.0,0.0,0.0,0.0,0.0,0,0.0,0,0,disabled,disabled,True,normal,-1,10,False,raw,0,0.0,0.0,trial:-1,0,False,disabled,0,0,False,raw,0,0.0,0.0,,0,False,disabled,False,raw,0.0,0.0,,,,,,,,False,0,0,0,0,0,0,0.0,0.0,0.8041669999840906,5.724958000001834,6.66154199998914,context_reentry_interference,v1_5_single_slot,CRA,v1_5_single_slot,single_slot_baseline,MockSimulator,43,none,none,-1,0,0,internal,0.0,0.0,0.0,0.0,0,False,0,False,-1,1,0.1,0.2,8,8,0,raw,10,False
601,1000.0,8,8,0,8,0,0,2.858055166687908,2.858055166687908,2.858055166687908,0.0,0.0,0.02214835884060012,1.0,0.0,False,0,0,0,0,0,0.0,0.0,0.0,0.0,0.0,0,0.0,0,0,disabled,disabled,True,normal,-1,10,False,raw,0,0.0,0.0,trial:-1,0,False,disabled,0,0,False,raw,0,0.0,0.0,,0,False,disabled,False,raw,0.0,0.0,,,,,,,,False,0,0,0,0,0,0,0.0,0.0,0.7888750000120126,6.265749999982972,7.17916699997545,context_reentry_interference,v1_5_single_slot,CRA,v1_5_single_slot,single_slot_baseline,MockSimulator,43,none,none,-1,0,0,internal,0.0,0.0,0.0,0.0,0,False,0,False,-1,1,0.1,0.2,8,8,0,raw,10,False
602,1000.0,8,8,0,8,0,0,2.8535725929261258,2.8535725929261258,2.8535725929261258,0.0,0.0,0.021922575277511545,1.0,0.0,False,0,0,0,0,0,0.0,0.0,0.0,0.0,0.0,0,0.0,0,0,disabled,disabled,True,normal,-1,10,False,raw,0,0.0,0.0,trial:-1,0,False,disabled,0,0,False,raw,0,0.0,0.0,,0,False,disabled,False,raw,0.0,0.0,,,,,,,,False,0,0,0,0,0,0,0.0,0.0,0.8706659999972999,6.089124999988371,7.095499999991262,context_reentry_interference,v1_5_single_slot,CRA,v1_5_single_slot,single_slot_baseline,MockSimulator,43,none,none,-1,0,0,internal,0.0,0.0,0.0,0.0,0,False,0,False,-1,1,0.1,0.2,8,8,0,raw,10,False
603,1000.0,8,8,0,8,0,0,2.849112082933175,2.849112082933175,2.849112082933175,0.0,0.0,0.02169696371341027,1.0,0.0,False,0,0,0,0,0,0.0,0.0,0.0,0.0,0.0,0,0.0,0,0,disabled,disabled,True,normal,-1,10,False,raw,0,0.0,0.0,trial:-1,0,False,disabled,0,0,False,raw,0,0.0,0.0,,0,False,disabled,False,raw,0.0,0.0,,,,,,,,False,0,0,0,0,0,0,0.0,0.0,0.8387090000212538,6.801749999993945,7.777291999985891,context_reentry_interference,v1_5_single_slot,CRA,v1_5_single_slot,single_slot_baseline,MockSimulator,43,none,none,-1,0,0,internal,0.0,0.0,0.0,0.0,0,False,0,False,-1,1,0.1,0.2,8,8,0,raw,10,False
604,1000.0,8,8,0,8,0,0,2.8446735266743444,2.8446735266743444,2.8446735266743444,0.0,0.0,0.02147160758176204,1.0,0.0,False,0,0,0,0,0,0.0,0.0,0.0,0.0,0.0,0,0.0,0,0,disabled,disabled,True,normal,-1,10,False,raw,0,0.0,0.0,trial:-1,0,False,disabled,0,0,False,raw,0,0.0,0.0,,0,False,disabled,False,raw,0.0,0.0,,,,,,,,False,0,0,0,0,0,0,0.0,0.0,0.858625000006441,6.110957999993616,7.111375000022235,context_reentry_interference,v1_5_single_slot,CRA,v1_5_single_slot,single_slot_baseline,MockSimulator,43,none,none,-1,0,0,internal,0.0,0.0,0.0,0.0,0,False,0,False,-1,1,0.1,0.2,8,8,0,raw,10,False
605,1000.0,8,8,0,8,0,0,2.8402568146637233,2.8402568146637233,2.8402568146637233,0.0,0.0,0.02124658690989438,1.0,0.0,False,0,0,0,0,0,0.0,0.0,0.0,0.0,0.0,0,0.0,0,0,disabled,disabled,True,normal,-1,10,False,raw,0,0.0,0.0,trial:-1,0,False,disabled,0,0,False,raw,0,0.0,0.0,,0,False,disabled,False,raw,0.0,0.0,,,,,,,,False,0,0,0,0,0,0,0.0,0.0,0.8033750000038253,6.247333999993998,7.17879200001903,context_reentry_interference,v1_5_single_slot,CRA,v1_5_single_slot,single_slot_baseline,MockSimulator,43,none,none,-1,0,0,internal,0.0,0.0,0.0,0.0,0,False,0,False,-1,1,0.1,0.2,8,8,0,raw,10,False
606,1000.0,8,8,0,8,0,0,2.835861837961463,2.835861837961463,2.835861837961463,0.0,0.0,0.021021978421868717,1.0,0.0,False,0,0,0,0,0,0.0,0.0,0.0,0.0,0.0,0,0.0,0,0,disabled,disabled,True,normal,-1,10,False,raw,0,0.0,0.0,trial:-1,0,False,disabled,0,0,False,raw,0,0.0,0.0,,0,False,disabled,False,raw,0.0,0.0,,,,,,,,False,0,0,0,0,0,0,0.0,0.0,0.9908750000136024,5.987249999975575,7.125500000000784,context_reentry_interference,v1_5_single_slot,CRA,v1_5_single_slot,single_slot_baseline,MockSimulator,43,none,none,-1,0,0,internal,0.0,0.0,0.0,0.0,0,False,0,False,-1,1,0.1,0.2,8,8,0,raw,10,False
607,1000.0,8,8,0,8,0,0,2.831488488171055,2.831488488171055,2.831488488171055,0.0,0.0,0.02079785563860012,1.0,0.0,False,0,0,0,0,0,0.0,0.0,0.0,0.0,0.0,0,0.0,0,0,disabled,disabled,True,normal,-1,10,False,raw,0,0.0,0.0,trial:-1,0,False,disabled,0,0,False,raw,0,0.0,0.0,,0,False,disabled,False,raw,0.0,0.0,,,,,,,,False,0,0,0,0,0,0,0.0,0.0,0.7911250000063319,5.7985839999901145,6.718833000007862,context_reentry_interference,v1_5_single_slot,CRA,v1_5_single_slot,single_slot_baseline,MockSimulator,43,none,none,-1,0,0,internal,0.0,0.0,0.0,0.0,0,False,0,False,-1,1,0.1,0.2,8,8,0,raw,10,False
608,1000.0,8,8,0,8,0,0,2.8271366574366206,2.8271366574366206,2.8271366574366206,0.0,0.0,0.020574288975293526,1.0,0.0,False,0,0,0,0,0,0.0,0.0,0.0,0.0,0.0,0,0.0,0,0,disabled,disabled,True,normal,-1,10,False,raw,0,0.0,0.0,trial:-1,0,False,disabled,0,0,False,raw,0,0.0,0.0,,0,False,disabled,False,raw,0.0,0.0,,,,,,,,False,0,0,0,0,0,0,0.0,0.0,0.8430000000032578,6.268125000019609,7.235457999996697,context_reentry_interference,v1_5_single_slot,CRA,v1_5_single_slot,single_slot_baseline,MockSimulator,43,none,none,-1,0,0,internal,0.0,0.0,0.0,0.0,0,False,0,False,-1,1,0.1,0.2,8,8,0,raw,10,False
609,1000.0,8,8,0,8,0,0,2.8228062384402137,2.8228062384402137,2.8228062384402137,0.0,0.0,0.020351345836263753,1.0,0.0,False,0,0,0,0,0,0.0,0.0,0.0,0.0,0.0,0,0.0,0,0,disabled,disabled,True,normal,-1,10,False,raw,0,0.0,0.0,trial:-1,0,False,disabled,0,0,False,raw,0,0.0,0.0,,0,False,disabled,False,raw,0.0,0.0,,,,,,,,False,0,0,0,0,0,0,0.0,0.0,0.8118750000107866,5.826834000004055,6.773584000001165,context_reentry_interference,v1_5_single_slot,CRA,v1_5_single_slot,single_slot_baseline,MockSimulator,43,none,none,-1,0,0,internal,0.0,0.0,0.0,0.0,0,False,0,False,-1,1,0.1,0.2,8,8,0,raw,10,False
610,1000.0,8,8,0,8,0,0,2.8184971243991384,2.8184971243991384,2.8184971243991384,0.0,0.0,0.02012909070720505,1.0,0.0,False,0,0,0,0,0,0.0,0.0,0.0,0.0,0.0,0,0.0,0,0,disabled,disabled,True,normal,-1,10,False,raw,0,0.0,0.0,trial:-1,0,False,disabled,0,0,False,raw,0,0.0,0.0,,0,False,disabled,False,raw,0.0,0.0,,,,,,,,False,0,0,0,0,0,0,0.0,0.0,0.7909169999891219,6.231500000012602,7.14691700000003,context_reentry_interference,v1_5_single_slot,CRA,v1_5_single_slot,single_slot_baseline,MockSimulator,43,none,none,-1,0,0,internal,0.0,0.0,0.0,0.0,0,False,0,False,-1,1,0.1,0.2,8,8,0,raw,10,False
611,1000.0,8,8,0,8,0,0,2.8142092090632795,2.8142092090632795,2.8142092090632795,0.0,0.0,0.019907585244974192,1.0,0.0,False,0,0,0,0,0,0.0,0.0,0.0,0.0,0.0,0,0.0,0,0,disabled,disabled,True,normal,-1,10,False,raw,0,0.0,0.0,trial:-1,0,False,disabled,0,0,False,raw,0,0.0,0.0,,0,False,disabled,False,raw,0.0,0.0,,,,,,,,False,0,0,0,0,0,0,0.0,0.0,0.8109159999776239,5.78570900000841,6.730290999996669,context_reentry_interference,v1_5_single_slot,CRA,v1_5_single_slot,single_slot_baseline,MockSimulator,43,none,none,-1,0,0,internal,0.0,0.0,0.0,0.0,0,False,0,False,-1,1,0.1,0.2,8,8,0,raw,10,False
612,1000.0,8,8,0,8,0,0,2.809942386712447,2.809942386712447,2.809942386712447,6.613792851080662e-11,-6.613792851080661e-10,0.019686888364949685,1.0,6.613792851080662e-11,False,0,0,0,0,0,0.0,0.0,0.0,0.0,0.0,0,0.0,0,0,disabled,disabled,True,normal,-1,10,True,internal_context_bound,-1,-0.01,0.01,phase:A_return,0,False,disabled,0,0,False,raw,0,0.01,0.01,,0,False,disabled,False,raw,0.01,0.01,,,,,,,,False,0,0,0,0,0,0,0.0,0.0,0.7885409999914827,6.325750000002017,7.238791999981231,context_reentry_interference,v1_5_single_slot,CRA,v1_5_single_slot,single_slot_baseline,MockSimulator,43,decision,A_return_decision,15,1,-1,internal,-0.01,0.01,-0.01,-0.01,-1,True,1,False,612,1,0.1,0.2,8,8,-1,internal_context_bound,10,True
613,1000.0,8,8,0,8,0,0,2.8056965521537314,2.8056965521537314,2.8056965521537314,0.0,0.0,0.01946705632602817,1.0,0.0,False,0,0,0,0,0,0.0,0.0,0.0,0.0,0.0,0,0.0,0,0,disabled,disabled,True,normal,-1,10,False,raw,0,0.0,0.0,trial:-1,0,False,disabled,0,0,False,raw,0,0.0,0.0,,0,False,disabled,False,raw,0.0,0.0,,,,,,,,False,0,0,0,0,0,0,0.0,0.0,0.952582999985907,5.971917000010762,7.068416999999272,context_reentry_interference,v1_5_single_slot,CRA,v1_5_single_slot,single_slot_baseline,MockSimulator,43,none,none,-1,0,0,internal,0.0,0.0,0.0,0.0,0,False,0,False,-1,1,0.1,0.2,8,8,0,raw,10,False
614,1000.0,8,8,0,8,0,0,2.801471600718875,2.801471600718875,2.801471600718875,0.0,0.0,0.019248142813317538,1.0,0.0,False,0,0,0,0,0,0.0,0.0,0.0,0.0,0.0,0,0.0,0,0,disabled,disabled,True,normal,-1,10,False,raw,0,0.0,0.0,trial:-1,0,False,disabled,0,0,False,raw,0,0.0,0.0,,0,False,disabled,False,raw,0.0,0.0,,,,,,,,False,0,0,0,0,0,0,0.0,0.0,0.794625000025917,5.887457999989465,6.81154200000833,context_reentry_interference,v1_5_single_slot,CRA,v1_5_single_slot,single_slot_baseline,MockSimulator,43,none,none,-1,0,0,internal,0.0,0.0,0.0,0.0,0,False,0,False,-1,1,0.1,0.2,8,8,0,raw,10,False
615,1000.0,8,8,0,8,0,0,2.7972674282616548,2.7972674282616548,2.7972674282616548,0.0,0.0,0.019030199018584916,1.0,0.0,False,0,0,0,0,0,0.0,0.0,0.0,0.0,0.0,0,0.0,0,0,disabled,disabled,True,normal,-1,10,False,raw,0,0.0,0.0,trial:-1,0,False,disabled,0,0,False,raw,0,0.0,0.0,,0,False,disabled,False,raw,0.0,0.0,,,,,,,,False,0,0,0,0,0,0,0.0,0.0,0.9164999999882184,6.246209000011049,7.2905419999926835,context_reentry_interference,v1_5_single_slot,CRA,v1_5_single_slot,single_slot_baseline,MockSimulator,43,none,none,-1,0,0,internal,0.0,0.0,0.0,0.0,0,False,0,False,-1,1,0.1,0.2,8,8,0,raw,10,False
616,1000.0,8,8,0,8,0,0,2.7930839311552793,2.7930839311552793,2.7930839311552793,0.0,0.0,0.018813273718516276,1.0,0.0,False,0,0,0,0,0,0.0,0.0,0.0,0.0,0.0,0,0.0,0,0,disabled,disabled,True,normal,-1,10,False,raw,0,0.0,0.0,trial:-1,0,False,disabled,0,0,False,raw,0,0.0,0.0,,0,False,disabled,False,raw,0.0,0.0,,,,,,,,False,0,0,0,0,0,0,0.0,0.0,0.8060410000041429,5.920416999998679,6.8596669999863025,context_reentry_interference,v1_5_single_slot,CRA,v1_5_single_slot,single_slot_baseline,MockSimulator,43,none,none,-1,0,0,internal,0.0,0.0,0.0,0.0,0,False,0,False,-1,1,0.1,0.2,8,8,0,raw,10,False
617,1000.0,8,8,0,8,0,0,2.7889210062897973,2.7889210062897973,2.7889210062897973,0.0,0.0,0.018597413350842945,1.0,0.0,False,0,0,0,0,0,0.0,0.0,0.0,0.0,0.0,0,0.0,0,0,disabled,disabled,True,normal,-1,10,False,raw,0,0.0,0.0,trial:-1,0,False,disabled,0,0,False,raw,0,0.0,0.0,,0,False,disabled,False,raw,0.0,0.0,,,,,,,,False,0,0,0,0,0,0,0.0,0.0,0.7846670000049016,6.590500000015709,7.500417000017023,context_reentry_interference,v1_5_single_slot,CRA,v1_5_single_slot,single_slot_baseline,MockSimulator,43,none,none,-1,0,0,internal,0.0,0.0,0.0,0.0,0,False,0,False,-1,1,0.1,0.2,8,8,0,raw,10,False
618,1000.0,8,8,0,8,0,0,2.784778551069521,2.784778551069521,2.784778551069521,0.0,0.0,0.01838266208838914,1.0,0.0,False,0,0,0,0,0,0.0,0.0,0.0,0.0,0.0,0,0.0,0,0,disabled,disabled,True,normal,-1,10,False,raw,0,0.0,0.0,trial:-1,0,False,disabled,0,0,False,raw,0,0.0,0.0,,0,False,disabled,False,raw,0.0,0.0,,,,,,,,False,0,0,0,0,0,0,0.0,0.0,0.8544169999993301,6.016082999991568,7.010166999975809,context_reentry_interference,v1_5_single_slot,CRA,v1_5_single_slot,single_slot_baseline,MockSimulator,43,none,none,-1,0,0,internal,0.0,0.0,0.0,0.0,0,False,0,False,-1,1,0.1,0.2,8,8,0,raw,10,False
619,1000.0,8,8,0,8,0,0,2.7806564634104585,2.7806564634104585,2.7806564634104585,0.0,0.0,0.018169061911093153,1.0,0.0,False,0,0,0,0,0,0.0,0.0,0.0,0.0,0.0,0,0.0,0,0,disabled,disabled,True,normal,-1,10,False,raw,0,0.0,0.0,trial:-1,0,False,disabled,0,0,False,raw,0,0.0,0.0,,0,False,disabled,False,raw,0.0,0.0,,,,,,,,False,0,0,0,0,0,0,0.0,0.0,0.7962919999897622,6.349458000016739,7.272249999999758,context_reentry_interference,v1_5_single_slot,CRA,v1_5_single_slot,single_slot_baseline,MockSimulator,43,none,none,-1,0,0,internal,0.0,0.0,0.0,0.0,0,False,0,False,-1,1,0.1,0.2,8,8,0,raw,10,False
620,1000.0,8,8,0,8,0,0,2.776554641737766,2.776554641737766,2.776554641737766,0.0,0.0,0.01795665267605365,1.0,0.0,False,0,0,0,0,0,0.0,0.0,0.0,0.0,0.0,0,0.0,0,0,disabled,disabled,True,normal,-1,10,False,raw,0,0.0,0.0,trial:-1,0,False,disabled,0,0,False,raw,0,0.0,0.0,,0,False,disabled,False,raw,0.0,0.0,,,,,,,,False,0,0,0,0,0,0,0.0,0.0,0.823749999995016,5.922666000003574,6.885457999999289,context_reentry_interference,v1_5_single_slot,CRA,v1_5_single_slot,single_slot_baseline,MockSimulator,43,none,none,-1,0,0,internal,0.0,0.0,0.0,0.0,0,False,0,False,-1,1,0.1,0.2,8,8,0,raw,10,False
621,1000.0,8,8,0,8,0,0,2.7724729849832053,2.7724729849832053,2.7724729849832053,0.0,0.0,0.017745472185651288,1.0,0.0,False,0,0,0,0,0,0.0,0.0,0.0,0.0,0.0,0,0.0,0,0,disabled,disabled,True,normal,-1,10,False,raw,0,0.0,0.0,trial:-1,0,False,disabled,0,0,False,raw,0,0.0,0.0,,0,False,disabled,False,raw,0.0,0.0,,,,,,,,False,0,0,0,0,0,0,0.0,0.0,0.7984170000270296,5.831291999982113,6.754667000024028,context_reentry_interference,v1_5_single_slot,CRA,v1_5_single_slot,single_slot_baseline,MockSimulator,43,none,none,-1,0,0,internal,0.0,0.0,0.0,0.0,0,False,0,False,-1,1,0.1,0.2,8,8,0,raw,10,False
622,1000.0,8,8,0,8,0,0,2.7684113925826175,2.7684113925826175,2.7684113925826175,0.0,0.0,0.0175355562537946,1.0,0.0,False,0,0,0,0,0,0.0,0.0,0.0,0.0,0.0,0,0.0,0,0,disabled,disabled,True,normal,-1,10,False,raw,0,0.0,0.0,trial:-1,0,False,disabled,0,0,False,raw,0,0.0,0.0,,0,False,disabled,False,raw,0.0,0.0,,,,,,,,False,0,0,0,0,0,0,0.0,0.0,0.9867079999992256,60.290584000000536,61.41370800000345,context_reentry_interference,v1_5_single_slot,CRA,v1_5_single_slot,single_slot_baseline,MockSimulator,43,none,none,-1,0,0,internal,0.0,0.0,0.0,0.0,0,False,0,False,-1,1,0.1,0.2,8,8,0,raw,10,False
623,1000.0,8,8,0,8,0,0,2.7643697644734093,2.7643697644734093,2.7643697644734093,0.0,0.0,0.017326938770337922,1.0,0.0,False,0,0,0,0,0,0.0,0.0,0.0,0.0,0.0,0,0.0,0,0,disabled,disabled,True,normal,-1,10,False,raw,0,0.0,0.0,trial:-1,0,False,disabled,0,0,False,raw,0,0.0,0.0,,0,False,disabled,False,raw,0.0,0.0,,,,,,,,False,0,0,0,0,0,0,0.0,0.0,0.8834580000041115,22.998250000000553,24.357750000007172,context_reentry_interference,v1_5_single_slot,CRA,v1_5_single_slot,single_slot_baseline,MockSimulator,43,none,none,-1,0,0,internal,0.0,0.0,0.0,0.0,0,False,0,False,-1,1,0.1,0.2,8,8,0,raw,10,False
624,1000.0,8,8,0,8,0,0,2.7603480010920523,2.7603480010920523,2.7603480010920523,0.0,0.0,0.017119651763717988,1.0,0.0,False,0,0,0,0,0,0.0,0.0,0.0,0.0,0.0,0,0.0,0,0,disabled,disabled,True,normal,-1,10,False,raw,0,0.0,0.0,trial:-1,0,False,disabled,0,0,False,raw,0,0.0,0.0,,0,False,disabled,False,raw,0.0,0.0,,,,,,,,False,0,0,0,0,0,0,0.0,0.0,0.833292000010033,6.081416999990097,7.054332999985036,context_reentry_interference,v1_5_single_slot,CRA,v1_5_single_slot,single_slot_baseline,MockSimulator,43,none,none,-1,0,0,internal,0.0,0.0,0.0,0.0,0,False,0,False,-1,1,0.1,0.2,8,8,0,raw,10,False
625,1000.0,8,8,0,8,0,0,2.7563460033715916,2.7563460033715916,2.7563460033715916,0.0,0.0,0.01691372546185472,1.0,0.0,False,0,0,0,0,0,0.0,0.0,0.0,0.0,0.0,0,0.0,0,0,disabled,disabled,True,normal,-1,10,False,raw,0,0.0,0.0,trial:-1,0,False,disabled,0,0,False,raw,0,0.0,0.0,,0,False,disabled,False,raw,0.0,0.0,,,,,,,,False,0,0,0,0,0,0,0.0,0.0,0.8029159999978219,6.438666999997622,7.369624999995494,context_reentry_interference,v1_5_single_slot,CRA,v1_5_single_slot,single_slot_baseline,MockSimulator,43,none,none,-1,0,0,internal,0.0,0.0,0.0,0.0,0,False,0,False,-1,1,0.1,0.2,8,8,0,raw,10,False
626,1000.0,8,8,0,8,0,0,2.7523636727391714,2.7523636727391714,2.7523636727391714,0.0,0.0,0.016709188351360493,1.0,0.0,False,0,0,0,0,0,0.0,0.0,0.0,0.0,0.0,0,0.0,0,0,disabled,disabled,True,normal,-1,10,False,raw,0,0.0,0.0,trial:-1,0,False,disabled,0,0,False,raw,0,0.0,0.0,,0,False,disabled,False,raw,0.0,0.0,,,,,,,,False,0,0,0,0,0,0,0.0,0.0,0.8284170000081303,6.033625000014808,7.020624999995562,context_reentry_interference,v1_5_single_slot,CRA,v1_5_single_slot,single_slot_baseline,MockSimulator,43,none,none,-1,0,0,internal,0.0,0.0,0.0,0.0,0,False,0,False,-1,1,0.1,0.2,8,8,0,raw,10,False
627,1000.0,8,8,0,8,0,0,2.748400911113569,2.748400911113569,2.748400911113569,0.0,0.0,0.016506067235101292,1.0,0.0,False,0,0,0,0,0,0.0,0.0,0.0,0.0,0.0,0,0.0,0,0,disabled,disabled,True,normal,-1,10,False,raw,0,0.0,0.0,trial:-1,0,False,disabled,0,0,False,raw,0,0.0,0.0,,0,False,disabled,False,raw,0.0,0.0,,,,,,,,False,0,0,0,0,0,0,0.0,0.0,0.7945830000153364,6.043374999990192,6.962791999995943,context_reentry_interference,v1_5_single_slot,CRA,v1_5_single_slot,single_slot_baseline,MockSimulator,43,none,none,-1,0,0,internal,0.0,0.0,0.0,0.0,0,False,0,False,-1,1,0.1,0.2,8,8,0,raw,10,False
628,1000.0,8,8,0,8,0,0,2.744457620902746,2.744457620902746,2.744457620902746,0.0,0.0,0.016304387288151916,1.0,0.0,False,0,0,0,0,0,0.0,0.0,0.0,0.0,0.0,0,0.0,0,0,disabled,disabled,True,normal,-1,10,False,raw,0,0.0,0.0,trial:-1,0,False,disabled,0,0,False,raw,0,0.0,0.0,,0,False,disabled,False,raw,0.0,0.0,,,,,,,,False,0,0,0,0,0,0,0.0,0.0,1.1725000000240016,6.409832999992204,7.768916000003401,context_reentry_interference,v1_5_single_slot,CRA,v1_5_single_slot,single_slot_baseline,MockSimulator,43,none,none,-1,0,0,internal,0.0,0.0,0.0,0.0,0,False,0,False,-1,1,0.1,0.2,8,8,0,raw,10,False
629,1000.0,8,8,0,8,0,0,2.7405337050014023,2.7405337050014023,2.7405337050014023,0.0,0.0,0.016104172112186475,1.0,0.0,False,0,0,0,0,0,0.0,0.0,0.0,0.0,0.0,0,0.0,0,0,disabled,disabled,True,normal,-1,10,False,raw,0,0.0,0.0,trial:-1,0,False,disabled,0,0,False,raw,0,0.0,0.0,,0,False,disabled,False,raw,0.0,0.0,,,,,,,,False,0,0,0,0,0,0,0.0,0.0,0.8162080000033711,6.078416999997671,7.026834000015469,context_reentry_interference,v1_5_single_slot,CRA,v1_5_single_slot,single_slot_baseline,MockSimulator,43,none,none,-1,0,0,internal,0.0,0.0,0.0,0.0,0,False,0,False,-1,1,0.1,0.2,8,8,0,raw,10,False
630,1000.0,8,8,0,8,0,0,2.7366290667885553,2.7366290667885553,2.7366290667885553,0.0,0.0,0.01590544378834439,1.0,0.0,False,0,0,0,0,0,0.0,0.0,0.0,0.0,0.0,0,0.0,0,0,disabled,disabled,True,normal,-1,10,False,raw,0,0.0,0.0,trial:-1,0,False,disabled,0,0,False,raw,0,0.0,0.0,,0,False,disabled,False,raw,0.0,0.0,,,,,,,,False,0,0,0,0,0,0,0.0,0.0,0.7949170000074446,6.500415999994402,7.4203750000094715,context_reentry_interference,v1_5_single_slot,CRA,v1_5_single_slot,single_slot_baseline,MockSimulator,43,none,none,-1,0,0,internal,0.0,0.0,0.0,0.0,0,False,0,False,-1,1,0.1,0.2,8,8,0,raw,10,False
631,1000.0,8,8,0,8,0,0,2.7327436101251203,2.7327436101251203,2.7327436101251203,0.0,0.0,0.015708222928611116,1.0,0.0,False,0,0,0,0,0,0.0,0.0,0.0,0.0,0.0,0,0.0,0,0,disabled,disabled,True,normal,-1,10,False,raw,0,0.0,0.0,trial:-1,0,False,disabled,0,0,False,raw,0,0.0,0.0,,0,False,disabled,False,raw,0.0,0.0,,,,,,,,False,0,0,0,0,0,0,0.0,0.0,0.8128329999976813,6.07104200000208,7.016915999997764,context_reentry_interference,v1_5_single_slot,CRA,v1_5_single_slot,single_slot_baseline,MockSimulator,43,none,none,-1,0,0,internal,0.0,0.0,0.0,0.0,0,False,0,False,-1,1,0.1,0.2,8,8,0,raw,10,False
632,1000.0,8,8,0,8,0,0,2.7288772393515073,2.7288772393515073,2.7288772393515073,0.0,0.0,0.015512528725751833,1.0,0.0,False,0,0,0,0,0,0.0,0.0,0.0,0.0,0.0,0,0.0,0,0,disabled,disabled,True,normal,-1,10,False,raw,0,0.0,0.0,trial:-1,0,False,disabled,0,0,False,raw,0,0.0,0.0,,0,False,disabled,False,raw,0.0,0.0,,,,,,,,False,0,0,0,0,0,0,0.0,0.0,0.7911250000063319,6.408415999999306,7.324749999980895,context_reentry_interference,v1_5_single_slot,CRA,v1_5_single_slot,single_slot_baseline,MockSimulator,43,none,none,-1,0,0,internal,0.0,0.0,0.0,0.0,0,False,0,False,-1,1,0.1,0.2,8,8,0,raw,10,False
633,1000.0,8,8,0,8,0,0,2.725029859285231,2.725029859285231,2.725029859285231,0.0,0.0,0.015318379001835476,1.0,0.0,False,0,0,0,0,0,0.0,0.0,0.0,0.0,0.0,0,0.0,0,0,disabled,disabled,True,normal,-1,10,False,raw,0,0.0,0.0,trial:-1,0,False,disabled,0,0,False,raw,0,0.0,0.0,,0,False,disabled,False,raw,0.0,0.0,,,,,,,,False,0,0,0,0,0,0,0.0,0.0,0.8099169999979949,6.095750000014277,7.038166000000956,context_reentry_interference,v1_5_single_slot,CRA,v1_5_single_slot,single_slot_baseline,MockSimulator,43,none,none,-1,0,0,internal,0.0,0.0,0.0,0.0,0,False,0,False,-1,1,0.1,0.2,8,8,0,raw,10,False
634,1000.0,8,8,0,8,0,0,2.7212013752185307,2.7212013752185307,2.7212013752185307,0.0,0.0,0.015125790255385475,1.0,0.0,False,0,0,0,0,0,0.0,0.0,0.0,0.0,0.0,0,0.0,0,0,disabled,disabled,True,normal,-1,10,False,raw,0,0.0,0.0,trial:-1,0,False,disabled,0,0,False,raw,0,0.0,0.0,,0,False,disabled,False,raw,0.0,0.0,,,,,,,,False,0,0,0,0,0,0,0.0,0.0,0.7887080000159585,6.395542000007026,7.309165999998868,context_reentry_interference,v1_5_single_slot,CRA,v1_5_single_slot,single_slot_baseline,MockSimulator,43,none,none,-1,0,0,internal,0.0,0.0,0.0,0.0,0,False,0,False,-1,1,0.1,0.2,8,8,0,raw,10,False
635,1000.0,8,8,0,8,0,0,2.717391692916002,2.717391692916002,2.717391692916002,0.0,0.0,0.01493477770719274,1.0,0.0,False,0,0,0,0,0,0.0,0.0,0.0,0.0,0.0,0,0.0,0,0,disabled,disabled,True,normal,-1,10,False,raw,0,0.0,0.0,trial:-1,0,False,disabled,0,0,False,raw,0,0.0,0.0,,0,False,disabled,False,raw,0.0,0.0,,,,,,,,False,0,0,0,0,0,0,0.0,0.0,0.8119160000035208,6.2836669999910555,7.2310840000113785,context_reentry_interference,v1_5_single_slot,CRA,v1_5_single_slot,single_slot_baseline,MockSimulator,43,none,none,-1,0,0,internal,0.0,0.0,0.0,0.0,0,False,0,False,-1,1,0.1,0.2,8,8,0,raw,10,False
636,1000.0,8,8,0,8,0,0,2.7136007186122413,2.7136007186122413,2.7136007186122413,-6.5476549225698535e-12,-6.547654922569854e-11,0.014745355344825559,1.0,-6.5476549225698535e-12,False,0,0,0,0,0,0.0,0.0,0.0,0.0,0.0,0,0.0,0,0,disabled,disabled,True,normal,-1,10,True,internal_context_bound,1,0.01,-0.01,phase:A_return,0,False,disabled,0,0,False,raw,0,-0.01,-0.01,,0,False,disabled,False,raw,-0.01,-0.01,,,,,,,,False,0,0,0,0,0,0,0.0,0.0,0.8265000000164946,6.164874999996073,7.127540999988469,context_reentry_interference,v1_5_single_slot,CRA,v1_5_single_slot,single_slot_baseline,MockSimulator,43,decision,A_return_decision,16,1,1,internal,0.01,-0.01,0.01,0.01,1,True,-1,False,636,1,0.1,0.2,8,8,1,internal_context_bound,10,True
637,1000.0,8,8,0,8,0,0,2.709828359009501,2.709828359009501,2.709828359009501,0.0,0.0,0.014557535965870188,1.0,0.0,False,0,0,0,0,0,0.0,0.0,0.0,0.0,0.0,0,0.0,0,0,disabled,disabled,True,normal,-1,10,False,raw,0,0.0,0.0,trial:-1,0,False,disabled,0,0,False,raw,0,0.0,0.0,,0,False,disabled,False,raw,0.0,0.0,,,,,,,,False,0,0,0,0,0,0,0.0,0.0,0.9819999999933771,6.194541000013487,7.310375000002978,context_reentry_interference,v1_5_single_slot,CRA,v1_5_single_slot,single_slot_baseline,MockSimulator,43,none,none,-1,0,0,internal,0.0,0.0,0.0,0.0,0,False,0,False,-1,1,0.1,0.2,8,8,0,raw,10,False
638,1000.0,8,8,0,8,0,0,2.706074521275359,2.706074521275359,2.706074521275359,0.0,0.0,0.0143713312199351,1.0,0.0,False,0,0,0,0,0,0.0,0.0,0.0,0.0,0.0,0,0.0,0,0,disabled,disabled,True,normal,-1,10,False,raw,0,0.0,0.0,trial:-1,0,False,disabled,0,0,False,raw,0,0.0,0.0,,0,False,disabled,False,raw,0.0,0.0,,,,,,,,False,0,0,0,0,0,0,0.0,0.0,0.7977499999753945,6.064875000021175,6.990625000014461,context_reentry_interference,v1_5_single_slot,CRA,v1_5_single_slot,single_slot_baseline,MockSimulator,43,none,none,-1,0,0,internal,0.0,0.0,0.0,0.0,0,False,0,False,-1,1,0.1,0.2,8,8,0,raw,10,False
639,1000.0,8,8,0,8,0,0,2.7023391130403955,2.7023391130403955,2.7023391130403955,0.0,0.0,0.01418675164945107,1.0,0.0,False,0,0,0,0,0,0.0,0.0,0.0,0.0,0.0,0,0.0,0,0,disabled,disabled,True,normal,-1,10,False,raw,0,0.0,0.0,trial:-1,0,False,disabled,0,0,False,raw,0,0.0,0.0,,0,False,disabled,False,raw,0.0,0.0,,,,,,,,False,0,0,0,0,0,0,0.0,0.0,0.8746660000156226,6.279124999991836,7.293916000008949,context_reentry_interference,v1_5_single_slot,CRA,v1_5_single_slot,single_slot_baseline,MockSimulator,43,none,none,-1,0,0,internal,0.0,0.0,0.0,0.0,0,False,0,False,-1,1,0.1,0.2,8,8,0,raw,10,False
640,1000.0,8,8,0,8,0,0,2.6986220423958853,2.6986220423958853,2.6986220423958853,0.0,0.0,0.014003806729298426,1.0,0.0,False,0,0,0,0,0,0.0,0.0,0.0,0.0,0.0,0,0.0,0,0,disabled,disabled,True,normal,-1,10,False,raw,0,0.0,0.0,trial:-1,0,False,disabled,0,0,False,raw,0,0.0,0.0,,0,False,disabled,False,raw,0.0,0.0,,,,,,,,False,0,0,0,0,0,0,0.0,0.0,0.8019580000109272,6.102832999999919,7.033957999993845,context_reentry_interference,v1_5_single_slot,CRA,v1_5_single_slot,single_slot_baseline,MockSimulator,43,none,none,-1,0,0,internal,0.0,0.0,0.0,0.0,0,False,0,False,-1,1,0.1,0.2,8,8,0,raw,10,False
641,1000.0,8,8,0,8,0,0,2.6949232178914997,2.6949232178914997,2.6949232178914997,0.0,0.0,0.013822504905292108,1.0,0.0,False,0,0,0,0,0,0.0,0.0,0.0,0.0,0.0,0,0.0,0,0,disabled,disabled,True,normal,-1,10,False,raw,0,0.0,0.0,trial:-1,0,False,disabled,0,0,False,raw,0,0.0,0.0,,0,False,disabled,False,raw,0.0,0.0,,,,,,,,False,0,0,0,0,0,0,0.0,0.0,0.7955419999916558,6.238082999999506,7.157667000001311,context_reentry_interference,v1_5_single_slot,CRA,v1_5_single_slot,single_slot_baseline,MockSimulator,43,none,none,-1,0,0,internal,0.0,0.0,0.0,0.0,0,False,0,False,-1,1,0.1,0.2,8,8,0,raw,10,False
642,1000.0,8,8,0,8,0,0,2.69124254853302,2.69124254853302,2.69124254853302,0.0,0.0,0.013642853631554323,1.0,0.0,False,0,0,0,0,0,0.0,0.0,0.0,0.0,0.0,0,0.0,0,0,disabled,disabled,True,normal,-1,10,False,raw,0,0.0,0.0,trial:-1,0,False,disabled,0,0,False,raw,0,0.0,0.0,,0,False,disabled,False,raw,0.0,0.0,,,,,,,,False,0,0,0,0,0,0,0.0,0.0,0.8062500000107775,6.117249999988417,7.054457999998931,context_reentry_interference,v1_5_single_slot,CRA,v1_5_single_slot,single_slot_baseline,MockSimulator,43,none,none,-1,0,0,internal,0.0,0.0,0.0,0.0,0,False,0,False,-1,1,0.1,0.2,8,8,0,raw,10,False
643,1000.0,8,8,0,8,0,0,2.687579943780062,2.687579943780062,2.687579943780062,0.0,0.0,0.013464859406803932,1.0,0.0,False,0,0,0,0,0,0.0,0.0,0.0,0.0,0.0,0,0.0,0,0,disabled,disabled,True,normal,-1,10,False,raw,0,0.0,0.0,trial:-1,0,False,disabled,0,0,False,raw,0,0.0,0.0,,0,False,disabled,False,raw,0.0,0.0,,,,,,,,False,0,0,0,0,0,0,0.0,0.0,0.8149579999781054,6.3255000000026484,7.266917000009698,context_reentry_interference,v1_5_single_slot,CRA,v1_5_single_slot,single_slot_baseline,MockSimulator,43,none,none,-1,0,0,internal,0.0,0.0,0.0,0.0,0,False,0,False,-1,1,0.1,0.2,8,8,0,raw,10,False
644,1000.0,8,8,0,8,0,0,2.6839353135438153,2.6839353135438153,2.6839353135438153,0.0,0.0,0.013288527809590934,1.0,0.0,False,0,0,0,0,0,0.0,0.0,0.0,0.0,0.0,0,0.0,0,0,disabled,disabled,True,normal,-1,10,False,raw,0,0.0,0.0,trial:-1,0,False,disabled,0,0,False,raw,0,0.0,0.0,,0,False,disabled,False,raw,0.0,0.0,,,,,,,,False,0,0,0,0,0,0,0.0,0.0,0.8071249999943575,6.214125000013837,7.151875000005248,context_reentry_interference,v1_5_single_slot,CRA,v1_5_single_slot,single_slot_baseline,MockSimulator,43,none,none,-1,0,0,internal,0.0,0.0,0.0,0.0,0,False,0,False,-1,1,0.1,0.2,8,8,0,raw,10,False
645,1000.0,8,8,0,8,0,0,2.680308568184787,2.680308568184787,2.680308568184787,0.0,0.0,0.013113863532503735,1.0,0.0,False,0,0,0,0,0,0.0,0.0,0.0,0.0,0.0,0,0.0,0,0,disabled,disabled,True,normal,-1,10,False,raw,0,0.0,0.0,trial:-1,0,False,disabled,0,0,False,raw,0,0.0,0.0,,0,False,disabled,False,raw,0.0,0.0,,,,,,,,False,0,0,0,0,0,0,0.0,0.0,0.7911659999990661,6.29458399998839,7.2109169999805545,context_reentry_interference,v1_5_single_slot,CRA,v1_5_single_slot,single_slot_baseline,MockSimulator,43,none,none,-1,0,0,internal,0.0,0.0,0.0,0.0,0,False,0,False,-1,1,0.1,0.2,8,8,0,raw,10,False
646,1000.0,8,8,0,8,0,0,2.676699618510564,2.676699618510564,2.676699618510564,0.0,0.0,0.012940870415376188,1.0,0.0,False,0,0,0,0,0,0.0,0.0,0.0,0.0,0.0,0,0.0,0,0,disabled,disabled,True,normal,-1,10,False,raw,0,0.0,0.0,trial:-1,0,False,disabled,0,0,False,raw,0,0.0,0.0,,0,False,disabled,False,raw,0.0,0.0,,,,,,,,False,0,0,0,0,0,0,0.0,0.0,0.8007910000173979,6.160833999985016,7.091709000007995,context_reentry_interference,v1_5_single_slot,CRA,v1_5_single_slot,single_slot_baseline,MockSimulator,43,none,none,-1,0,0,internal,0.0,0.0,0.0,0.0,0,False,0,False,-1,1,0.1,0.2,8,8,0,raw,10,False
647,1000.0,8,8,0,8,0,0,2.6731083757735807,2.6731083757735807,2.6731083757735807,0.0,0.0,0.012769551477520742,1.0,0.0,False,0,0,0,0,0,0.0,0.0,0.0,0.0,0.0,0,0.0,0,0,disabled,disabled,True,normal,-1,10,False,raw,0,0.0,0.0,trial:-1,0,False,disabled,0,0,False,raw,0,0.0,0.0,,0,False,disabled,False,raw,0.0,0.0,,,,,,,,False,0,0,0,0,0,0,0.0,0.0,0.7995830000027127,6.0894169999983205,7.01462500001071,context_reentry_interference,v1_5_single_slot,CRA,v1_5_single_slot,single_slot_baseline,MockSimulator,43,none,none,-1,0,0,internal,0.0,0.0,0.0,0.0,0,False,0,False,-1,1,0.1,0.2,8,8,0,raw,10,False
648,1000.0,8,8,0,8,0,0,2.6695347516689036,2.6695347516689036,2.6695347516689036,0.0,0.0,0.012599908949013364,1.0,0.0,False,0,0,0,0,0,0.0,0.0,0.0,0.0,0.0,0,0.0,0,0,disabled,disabled,True,normal,-1,10,False,raw,0,0.0,0.0,trial:-1,0,False,disabled,0,0,False,raw,0,0.0,0.0,,0,False,disabled,False,raw,0.0,0.0,,,,,,,,False,0,0,0,0,0,0,0.0,0.0,0.7902499999943302,6.284292000003688,7.199333999977853,context_reentry_interference,v1_5_single_slot,CRA,v1_5_single_slot,single_slot_baseline,MockSimulator,43,none,none,-1,0,0,internal,0.0,0.0,0.0,0.0,0,False,0,False,-1,1,0.1,0.2,8,8,0,raw,10,False
649,1000.0,8,8,0,8,0,0,2.6659786583320204,2.6659786583320204,2.6659786583320204,0.0,0.0,0.012431944301055271,1.0,0.0,False,0,0,0,0,0,0.0,0.0,0.0,0.0,0.0,0,0.0,0,0,disabled,disabled,True,normal,-1,10,False,raw,0,0.0,0.0,trial:-1,0,False,disabled,0,0,False,raw,0,0.0,0.0,,0,False,disabled,False,raw,0.0,0.0,,,,,,,,False,0,0,0,0,0,0,0.0,0.0,0.7963749999930769,6.2376669999935075,7.166124999997692,context_reentry_interference,v1_5_single_slot,CRA,v1_5_single_slot,single_slot_baseline,MockSimulator,43,none,none,-1,0,0,internal,0.0,0.0,0.0,0.0,0,False,0,False,-1,1,0.1,0.2,8,8,0,raw,10,False
650,1000.0,8,8,0,8,0,0,2.6624400083366435,2.6624400083366435,2.6624400083366435,0.0,0.0,0.012265658275435897,1.0,0.0,False,0,0,0,0,0,0.0,0.0,0.0,0.0,0.0,0,0.0,0,0,disabled,disabled,True,normal,-1,10,False,raw,0,0.0,0.0,trial:-1,0,False,disabled,0,0,False,raw,0,0.0,0.0,,0,False,disabled,False,raw,0.0,0.0,,,,,,,,False,0,0,0,0,0,0,0.0,0.0,0.8693749999792999,6.434584000004406,7.4297090000072785,context_reentry_interference,v1_5_single_slot,CRA,v1_5_single_slot,single_slot_baseline,MockSimulator,43,none,none,-1,0,0,internal,0.0,0.0,0.0,0.0,0,False,0,False,-1,1,0.1,0.2,8,8,0,raw,10,False
651,1000.0,8,8,0,8,0,0,2.6589187146925277,2.6589187146925277,2.6589187146925277,0.0,0.0,0.012101050913120876,1.0,0.0,False,0,0,0,0,0,0.0,0.0,0.0,0.0,0.0,0,0.0,0,0,disabled,disabled,True,normal,-1,10,False,raw,0,0.0,0.0,trial:-1,0,False,disabled,0,0,False,raw,0,0.0,0.0,,0,False,disabled,False,raw,0.0,0.0,,,,,,,,False,0,0,0,0,0,0,0.0,0.0,0.8121670000207359,6.211917000001677,7.155791999991834,context_reentry_interference,v1_5_single_slot,CRA,v1_5_single_slot,single_slot_baseline,MockSimulator,43,none,none,-1,0,0,internal,0.0,0.0,0.0,0.0,0,False,0,False,-1,1,0.1,0.2,8,8,0,raw,10,False
652,1000.0,8,8,0,8,0,0,2.6554146908432914,2.6554146908432914,2.6554146908432914,0.0,0.0,0.011938121581988282,1.0,0.0,False,0,0,0,0,0,0.0,0.0,0.0,0.0,0.0,0,0.0,0,0,disabled,disabled,True,normal,-1,10,False,raw,0,0.0,0.0,trial:-1,0,False,disabled,0,0,False,raw,0,0.0,0.0,,0,False,disabled,False,raw,0.0,0.0,,,,,,,,False,0,0,0,0,0,0,0.0,0.0,0.7964579999963917,6.244250000008833,7.164875000000848,context_reentry_interference,v1_5_single_slot,CRA,v1_5_single_slot,single_slot_baseline,MockSimulator,43,none,none,-1,0,0,internal,0.0,0.0,0.0,0.0,0,False,0,False,-1,1,0.1,0.2,8,8,0,raw,10,False
653,1000.0,8,8,0,8,0,0,2.6519278506642556,2.6519278506642556,2.6519278506642556,0.0,0.0,0.011776869003735743,1.0,0.0,False,0,0,0,0,0,0.0,0.0,0.0,0.0,0.0,0,0.0,0,0,disabled,disabled,True,normal,-1,10,False,raw,0,0.0,0.0,trial:-1,0,False,disabled,0,0,False,raw,0,0.0,0.0,,0,False,disabled,False,raw,0.0,0.0,,,,,,,,False,0,0,0,0,0,0,0.0,0.0,0.8165840000060598,6.259082999974908,7.209499999987656,context_reentry_interference,v1_5_single_slot,CRA,v1_5_single_slot,single_slot_baseline,MockSimulator,43,none,none,-1,0,0,internal,0.0,0.0,0.0,0.0,0,False,0,False,-1,1,0.1,0.2,8,8,0,raw,10,False
654,1000.0,8,8,0,8,0,0,2.6484581084602894,2.6484581084602894,2.6484581084602894,0.0,0.0,0.01161729127998051,1.0,0.0,False,0,0,0,0,0,0.0,0.0,0.0,0.0,0.0,0,0.0,0,0,disabled,disabled,True,normal,-1,10,False,raw,0,0.0,0.0,trial:-1,0,False,disabled,0,0,False,raw,0,0.0,0.0,,0,False,disabled,False,raw,0.0,0.0,,,,,,,,False,0,0,0,0,0,0,0.0,0.0,0.7953330000134429,6.3635829999952875,7.284207999987302,context_reentry_interference,v1_5_single_slot,CRA,v1_5_single_slot,single_slot_baseline,MockSimulator,43,none,none,-1,0,0,internal,0.0,0.0,0.0,0.0,0,False,0,False,-1,1,0.1,0.2,8,8,0,raw,10,False
655,1000.0,8,8,0,8,0,0,2.645005378963668,2.645005378963668,2.645005378963668,0.0,0.0,0.011459385917573993,1.0,0.0,False,0,0,0,0,0,0.0,0.0,0.0,0.0,0.0,0,0.0,0,0,disabled,disabled,True,normal,-1,10,False,raw,0,0.0,0.0,trial:-1,0,False,disabled,0,0,False,raw,0,0.0,0.0,,0,False,disabled,False,raw,0.0,0.0,,,,,,,,False,0,0,0,0,0,0,0.0,0.0,0.8122080000134702,6.31316700000184,7.256874999995944,context_reentry_interference,v1_5_single_slot,CRA,v1_5_single_slot,single_slot_baseline,MockSimulator,43,none,none,-1,0,0,internal,0.0,0.0,0.0,0.0,0,False,0,False,-1,1,0.1,0.2,8,8,0,raw,10,False
656,1000.0,8,8,0,8,0,0,2.6415695773319396,2.6415695773319396,2.6415695773319396,0.0,0.0,0.011303149853151744,1.0,0.0,False,0,0,0,0,0,0.0,0.0,0.0,0.0,0.0,0,0.0,0,0,disabled,disabled,True,normal,-1,10,False,raw,0,0.0,0.0,trial:-1,0,False,disabled,0,0,False,raw,0,0.0,0.0,,0,False,disabled,False,raw,0.0,0.0,,,,,,,,False,0,0,0,0,0,0,0.0,0.0,0.7949999999823376,6.241583000019091,7.16133400001695,context_reentry_interference,v1_5_single_slot,CRA,v1_5_single_slot,single_slot_baseline,MockSimulator,43,none,none,-1,0,0,internal,0.0,0.0,0.0,0.0,0,False,0,False,-1,1,0.1,0.2,8,8,0,raw,10,False
657,1000.0,8,8,0,8,0,0,2.6381506191458075,2.6381506191458075,2.6381506191458075,0.0,0.0,0.011148579476939355,1.0,0.0,False,0,0,0,0,0,0.0,0.0,0.0,0.0,0.0,0,0.0,0,0,disabled,disabled,True,normal,-1,10,False,raw,0,0.0,0.0,trial:-1,0,False,disabled,0,0,False,raw,0,0.0,0.0,,0,False,disabled,False,raw,0.0,0.0,,,,,,,,False,0,0,0,0,0,0,0.0,0.0,0.7875000000012733,6.377041999996891,7.2884170000122595,context_reentry_interference,v1_5_single_slot,CRA,v1_5_single_slot,single_slot_baseline,MockSimulator,43,none,none,-1,0,0,internal,0.0,0.0,0.0,0.0,0,False,0,False,-1,1,0.1,0.2,8,8,0,raw,10,False
658,1000.0,8,8,0,8,0,0,2.634748420407017,2.634748420407017,2.634748420407017,0.0,0.0,0.010995670655834202,1.0,0.0,False,0,0,0,0,0,0.0,0.0,0.0,0.0,0.0,0,0.0,0,0,disabled,disabled,True,normal,-1,10,False,raw,0,0.0,0.0,trial:-1,0,False,disabled,0,0,False,raw,0,0.0,0.0,,0,False,disabled,False,raw,0.0,0.0,,,,,,,,False,0,0,0,0,0,0,0.0,0.0,0.8040000000164582,6.324249999977383,7.258917000001475,context_reentry_interference,v1_5_single_slot,CRA,v1_5_single_slot,single_slot_baseline,MockSimulator,43,none,none,-1,0,0,internal,0.0,0.0,0.0,0.0,0,False,0,False,-1,1,0.1,0.2,8,8,0,raw,10,False
659,1000.0,8,8,0,8,0,0,2.6313628975362553,2.6313628975362553,2.6313628975362553,0.0,0.0,0.01084441875578248,1.0,0.0,False,0,0,0,0,0,0.0,0.0,0.0,0.0,0.0,0,0.0,0,0,disabled,disabled,True,normal,-1,10,False,raw,0,0.0,0.0,trial:-1,0,False,disabled,0,0,False,raw,0,0.0,0.0,,0,False,disabled,False,raw,0.0,0.0,,,,,,,,False,0,0,0,0,0,0,0.0,0.0,0.7909589999997024,6.490374999998494,7.406750000001239,context_reentry_interference,v1_5_single_slot,CRA,v1_5_single_slot,single_slot_baseline,MockSimulator,43,none,none,-1,0,0,internal,0.0,0.0,0.0,0.0,0,False,0,False,-1,1,0.1,0.2,8,8,0,raw,10,False
660,1000.0,8,8,0,8,0,0,2.6279939673710646,2.6279939673710646,2.6279939673710646,6.482178373344153e-13,-6.4821783733441545e-12,0.01069481866347049,1.0,6.482178373344153e-13,False,0,0,0,0,0,0.0,0.0,0.0,0.0,0.0,0,0.0,0,0,disabled,disabled,True,normal,-1,10,True,internal_context_bound,-1,-0.01,0.01,phase:A_return,0,False,disabled,0,0,False,raw,0,0.01,0.01,,0,False,disabled,False,raw,0.01,0.01,,,,,,,,False,0,0,0,0,0,0,0.0,0.0,0.8005839999896125,6.388708000002907,7.321000000018785,context_reentry_interference,v1_5_single_slot,CRA,v1_5_single_slot,single_slot_baseline,MockSimulator,43,decision,A_return_decision,17,1,-1,internal,-0.01,0.01,-0.01,-0.01,-1,True,0,False,660,1,0.1,0.2,8,8,-1,internal_context_bound,10,True
661,1000.0,8,8,0,8,0,0,2.6246415471637596,2.6246415471637596,2.6246415471637596,0.0,0.0,0.010546864807348668,1.0,0.0,False,0,0,0,0,0,0.0,0.0,0.0,0.0,0.0,0,0.0,0,0,disabled,disabled,True,normal,-1,10,False,raw,0,0.0,0.0,trial:-1,0,False,disabled,0,0,False,raw,0,0.0,0.0,,0,False,disabled,False,raw,0.0,0.0,,,,,,,,False,0,0,0,0,0,0,0.0,0.0,0.7932500000151776,6.486749999993435,7.404333000010865,context_reentry_interference,v1_5_single_slot,CRA,v1_5_single_slot,single_slot_baseline,MockSimulator,43,none,none,-1,0,0,internal,0.0,0.0,0.0,0.0,0,False,0,False,-1,1,0.1,0.2,8,8,0,raw,10,False
662,1000.0,8,8,0,8,0,0,2.621305554579362,2.621305554579362,2.621305554579362,0.0,0.0,0.010400551178006331,1.0,0.0,False,0,0,0,0,0,0.0,0.0,0.0,0.0,0.0,0,0.0,0,0,disabled,disabled,True,normal,-1,10,False,raw,0,0.0,0.0,trial:-1,0,False,disabled,0,0,False,raw,0,0.0,0.0,,0,False,disabled,False,raw,0.0,0.0,,,,,,,,False,0,0,0,0,0,0,0.0,0.0,0.8002079999869238,6.351834000014378,7.281707999993614,context_reentry_interference,v1_5_single_slot,CRA,v1_5_single_slot,single_slot_baseline,MockSimulator,43,none,none,-1,0,0,internal,0.0,0.0,0.0,0.0,0,False,0,False,-1,1,0.1,0.2,8,8,0,raw,10,False
663,1000.0,8,8,0,8,0,0,2.61798590769354,2.61798590769354,2.61798590769354,0.0,0.0,0.010255871347914747,1.0,0.0,False,0,0,0,0,0,0.0,0.0,0.0,0.0,0.0,0,0.0,0,0,disabled,disabled,True,normal,-1,10,False,raw,0,0.0,0.0,trial:-1,0,False,disabled,0,0,False,raw,0,0.0,0.0,,0,False,disabled,False,raw,0.0,0.0,,,,,,,,False,0,0,0,0,0,0,0.0,0.0,0.7890829999723792,6.4770420000002105,7.391208999990795,context_reentry_interference,v1_5_single_slot,CRA,v1_5_single_slot,single_slot_baseline,MockSimulator,43,none,none,-1,0,0,internal,0.0,0.0,0.0,0.0,0,False,0,False,-1,1,0.1,0.2,8,8,0,raw,10,False
664,1000.0,8,8,0,8,0,0,2.6146825249905605,2.6146825249905605,2.6146825249905605,0.0,0.0,0.010112818490555625,1.0,0.0,False,0,0,0,0,0,0.0,0.0,0.0,0.0,0.0,0,0.0,0,0,disabled,disabled,True,normal,-1,10,False,raw,0,0.0,0.0,trial:-1,0,False,disabled,0,0,False,raw,0,0.0,0.0,,0,False,disabled,False,raw,0.0,0.0,,,,,,,,False,0,0,0,0,0,0,0.0,0.0,0.800916999992296,6.398541999999452,7.328875000013113,context_reentry_interference,v1_5_single_slot,CRA,v1_5_single_slot,single_slot_baseline,MockSimulator,43,none,none,-1,0,0,internal,0.0,0.0,0.0,0.0,0,False,0,False,-1,1,0.1,0.2,8,8,0,raw,10,False
665,1000.0,8,8,0,8,0,0,2.611395325361252,2.611395325361252,2.611395325361252,0.0,0.0,0.009971385398951703,1.0,0.0,False,0,0,0,0,0,0.0,0.0,0.0,0.0,0.0,0,0.0,0,0,disabled,disabled,True,normal,-1,10,False,raw,0,0.0,0.0,trial:-1,0,False,disabled,0,0,False,raw,0,0.0,0.0,,0,False,disabled,False,raw,0.0,0.0,,,,,,,,False,0,0,0,0,0,0,0.0,0.0,0.7919170000150189,6.416874999985112,7.332749999989119,context_reentry_interference,v1_5_single_slot,CRA,v1_5_single_slot,single_slot_baseline,MockSimulator,43,none,none,-1,0,0,internal,0.0,0.0,0.0,0.0,0,False,0,False,-1,1,0.1,0.2,8,8,0,raw,10,False
666,1000.0,8,8,0,8,0,0,2.608124228100977,2.608124228100977,2.608124228100977,0.0,0.0,0.009831564503615713,1.0,0.0,False,0,0,0,0,0,0.0,0.0,0.0,0.0,0.0,0,0.0,0,0,disabled,disabled,True,normal,-1,10,False,raw,0,0.0,0.0,trial:-1,0,False,disabled,0,0,False,raw,0,0.0,0.0,,0,False,disabled,False,raw,0.0,0.0,,,,,,,,False,0,0,0,0,0,0,0.0,0.0,0.7917500000189648,6.568582999989303,7.484291999986681,context_reentry_interference,v1_5_single_slot,CRA,v1_5_single_slot,single_slot_baseline,MockSimulator,43,none,none,-1,0,0,internal,0.0,0.0,0.0,0.0,0,False,0,False,-1,1,0.1,0.2,8,8,0,raw,10,False
667,1000.0,8,8,0,8,0,0,2.6048691529076122,2.6048691529076122,2.6048691529076122,0.0,0.0,0.009693347889933583,1.0,0.0,False,0,0,0,0,0,0.0,0.0,0.0,0.0,0.0,0,0.0,0,0,disabled,disabled,True,normal,-1,10,False,raw,0,0.0,0.0,trial:-1,0,False,disabled,0,0,False,raw,0,0.0,0.0,,0,False,disabled,False,raw,0.0,0.0,,,,,,,,False,0,0,0,0,0,0,0.0,0.0,0.8031669999866153,6.372583000000986,7.307458000013867,context_reentry_interference,v1_5_single_slot,CRA,v1_5_single_slot,single_slot_baseline,MockSimulator,43,none,none,-1,0,0,internal,0.0,0.0,0.0,0.0,0,False,0,False,-1,1,0.1,0.2,8,8,0,raw,10,False
668,1000.0,8,8,0,8,0,0,2.601630019879544,2.601630019879544,2.601630019879544,0.0,0.0,0.009556727314997293,1.0,0.0,False,0,0,0,0,0,0.0,0.0,0.0,0.0,0.0,0,0.0,0,0,disabled,disabled,True,normal,-1,10,False,raw,0,0.0,0.0,trial:-1,0,False,disabled,0,0,False,raw,0,0.0,0.0,,0,False,disabled,False,raw,0.0,0.0,,,,,,,,False,0,0,0,0,0,0,0.0,0.0,0.7922919999998612,6.74087499999132,7.658332999994855,context_reentry_interference,v1_5_single_slot,CRA,v1_5_single_slot,single_slot_baseline,MockSimulator,43,none,none,-1,0,0,internal,0.0,0.0,0.0,0.0,0,False,0,False,-1,1,0.1,0.2,8,8,0,raw,10,False
669,1000.0,8,8,0,8,0,0,2.5984067495136687,2.5984067495136687,2.5984067495136687,0.0,0.0,0.009421694223902481,1.0,0.0,False,0,0,0,0,0,0.0,0.0,0.0,0.0,0.0,0,0.0,0,0,disabled,disabled,True,normal,-1,10,False,raw,0,0.0,0.0,trial:-1,0,False,disabled,0,0,False,raw,0,0.0,0.0,,0,False,disabled,False,raw,0.0,0.0,,,,,,,,False,0,0,0,0,0,0,0.0,0.0,0.821000000001959,6.4434169999856294,7.402292000023181,context_reentry_interference,v1_5_single_slot,CRA,v1_5_single_slot,single_slot_baseline,MockSimulator,43,none,none,-1,0,0,internal,0.0,0.0,0.0,0.0,0,False,0,False,-1,1,0.1,0.2,8,8,0,raw,10,False
670,1000.0,8,8,0,8,0,0,2.5951992627034057,2.5951992627034057,2.5951992627034057,0.0,0.0,0.009288239765525463,1.0,0.0,False,0,0,0,0,0,0.0,0.0,0.0,0.0,0.0,0,0.0,0,0,disabled,disabled,True,normal,-1,10,False,raw,0,0.0,0.0,trial:-1,0,False,disabled,0,0,False,raw,0,0.0,0.0,,0,False,disabled,False,raw,0.0,0.0,,,,,,,,False,0,0,0,0,0,0,0.0,0.0,0.7912089999990712,6.590665999993917,7.507624999988138,context_reentry_interference,v1_5_single_slot,CRA,v1_5_single_slot,single_slot_baseline,MockSimulator,43,none,none,-1,0,0,internal,0.0,0.0,0.0,0.0,0,False,0,False,-1,1,0.1,0.2,8,8,0,raw,10,False
671,1000.0,8,8,0,8,0,0,2.592007480736721,2.592007480736721,2.592007480736721,0.0,0.0,0.009156354807793962,1.0,0.0,False,0,0,0,0,0,0.0,0.0,0.0,0.0,0.0,0,0.0,0,0,disabled,disabled,True,normal,-1,10,False,raw,0,0.0,0.0,trial:-1,0,False,disabled,0,0,False,raw,0,0.0,0.0,,0,False,disabled,False,raw,0.0,0.0,,,,,,,,False,0,0,0,0,0,0,0.0,0.0,0.8377919999986716,6.461333000004288,7.484042000015734,context_reentry_interference,v1_5_single_slot,CRA,v1_5_single_slot,single_slot_baseline,MockSimulator,43,none,none,-1,0,0,internal,0.0,0.0,0.0,0.0,0,False,0,False,-1,1,0.1,0.2,8,8,0,raw,10,False
672,1000.0,8,8,0,8,0,0,2.588831325294157,2.588831325294157,2.588831325294157,0.0,0.0,0.009026029952465512,1.0,0.0,False,0,0,0,0,0,0.0,0.0,0.0,0.0,0.0,0,0.0,0,0,disabled,disabled,True,normal,-1,10,False,raw,0,0.0,0.0,trial:-1,0,False,disabled,0,0,False,raw,0,0.0,0.0,,0,False,disabled,False,raw,0.0,0.0,,,,,,,,False,0,0,0,0,0,0,0.0,0.0,0.7914999999911743,6.860666999983778,7.7766249999911,context_reentry_interference,v1_5_single_slot,CRA,v1_5_single_slot,single_slot_baseline,MockSimulator,43,none,none,-1,0,0,internal,0.0,0.0,0.0,0.0,0,False,0,False,-1,1,0.1,0.2,8,8,0,raw,10,False
673,1000.0,8,8,0,8,0,0,2.5856707184468752,2.5856707184468752,2.5856707184468752,0.0,0.0,0.008897255549427083,1.0,0.0,False,0,0,0,0,0,0.0,0.0,0.0,0.0,0.0,0,0.0,0,0,disabled,disabled,True,normal,-1,10,False,raw,0,0.0,0.0,trial:-1,0,False,disabled,0,0,False,raw,0,0.0,0.0,,0,False,disabled,False,raw,0.0,0.0,,,,,,,,False,0,0,0,0,0,0,0.0,0.0,0.810207999990098,6.4049169999975675,7.348625000020093,context_reentry_interference,v1_5_single_slot,CRA,v1_5_single_slot,single_slot_baseline,MockSimulator,43,none,none,-1,0,0,internal,0.0,0.0,0.0,0.0,0,False,0,False,-1,1,0.1,0.2,8,8,0,raw,10,False
674,1000.0,8,8,0,8,0,0,2.582525582654711,2.582525582654711,2.582525582654711,0.0,0.0,0.008770021710529206,1.0,0.0,False,0,0,0,0,0,0.0,0.0,0.0,0.0,0.0,0,0.0,0,0,disabled,disabled,True,normal,-1,10,False,raw,0,0.0,0.0,trial:-1,0,False,disabled,0,0,False,raw,0,0.0,0.0,,0,False,disabled,False,raw,0.0,0.0,,,,,,,,False,0,0,0,0,0,0,0.0,0.0,0.8043330000191418,6.679582999993272,7.607917000001407,context_reentry_interference,v1_5_single_slot,CRA,v1_5_single_slot,single_slot_baseline,MockSimulator,43,none,none,-1,0,0,internal,0.0,0.0,0.0,0.0,0,False,0,False,-1,1,0.1,0.2,8,8,0,raw,10,False
675,1000.0,8,8,0,8,0,0,2.5793958407642306,2.5793958407642306,2.5793958407642306,0.0,0.0,0.008644318322967472,1.0,0.0,False,0,0,0,0,0,0.0,0.0,0.0,0.0,0.0,0,0.0,0,0,disabled,disabled,True,normal,-1,10,False,raw,0,0.0,0.0,trial:-1,0,False,disabled,0,0,False,raw,0,0.0,0.0,,0,False,disabled,False,raw,0.0,0.0,,,,,,,,False,0,0,0,0,0,0,0.0,0.0,0.944791999984318,6.637957999998889,7.725208000010753,context_reentry_interference,v1_5_single_slot,CRA,v1_5_single_slot,single_slot_baseline,MockSimulator,43,none,none,-1,0,0,internal,0.0,0.0,0.0,0.0,0,False,0,False,-1,1,0.1,0.2,8,8,0,raw,10,False
676,1000.0,8,8,0,8,0,0,2.576281416006805,2.576281416006805,2.576281416006805,0.0,0.0,0.008520135062223997,1.0,0.0,False,0,0,0,0,0,0.0,0.0,0.0,0.0,0.0,0,0.0,0,0,disabled,disabled,True,normal,-1,10,False,raw,0,0.0,0.0,trial:-1,0,False,disabled,0,0,False,raw,0,0.0,0.0,,0,False,disabled,False,raw,0.0,0.0,,,,,,,,False,0,0,0,0,0,0,0.0,0.0,0.7951660000173888,6.620833999988918,7.545999999990727,context_reentry_interference,v1_5_single_slot,CRA,v1_5_single_slot,single_slot_baseline,MockSimulator,43,none,none,-1,0,0,internal,0.0,0.0,0.0,0.0,0,False,0,False,-1,1,0.1,0.2,8,8,0,raw,10,False
677,1000.0,8,8,0,8,0,0,2.5731822319966895,2.5731822319966895,2.5731822319966895,0.0,0.0,0.008397461404581072,1.0,0.0,False,0,0,0,0,0,0.0,0.0,0.0,0.0,0.0,0,0.0,0,0,disabled,disabled,True,normal,-1,10,False,raw,0,0.0,0.0,trial:-1,0,False,disabled,0,0,False,raw,0,0.0,0.0,,0,False,disabled,False,raw,0.0,0.0,,,,,,,,False,0,0,0,0,0,0,0.0,0.0,0.8555839999928594,6.73212499998499,7.728124999999864,context_reentry_interference,v1_5_single_slot,CRA,v1_5_single_slot,single_slot_baseline,MockSimulator,43,none,none,-1,0,0,internal,0.0,0.0,0.0,0.0,0,False,0,False,-1,1,0.1,0.2,8,8,0,raw,10,False
678,1000.0,8,8,0,8,0,0,2.5700982127291154,2.5700982127291154,2.5700982127291154,0.0,0.0,0.008276286639218975,1.0,0.0,False,0,0,0,0,0,0.0,0.0,0.0,0.0,0.0,0,0.0,0,0,disabled,disabled,True,normal,-1,10,False,raw,0,0.0,0.0,trial:-1,0,False,disabled,0,0,False,raw,0,0.0,0.0,,0,False,disabled,False,raw,0.0,0.0,,,,,,,,False,0,0,0,0,0,0,0.0,0.0,0.8105000000000473,6.441208000012466,7.386084000017945,context_reentry_interference,v1_5_single_slot,CRA,v1_5_single_slot,single_slot_baseline,MockSimulator,43,none,none,-1,0,0,internal,0.0,0.0,0.0,0.0,0,False,0,False,-1,1,0.1,0.2,8,8,0,raw,10,False
679,1000.0,8,8,0,8,0,0,2.567029282578389,2.567029282578389,2.567029282578389,0.0,0.0,0.00815659987990953,1.0,0.0,False,0,0,0,0,0,0.0,0.0,0.0,0.0,0.0,0,0.0,0,0,disabled,disabled,True,normal,-1,10,False,raw,0,0.0,0.0,trial:-1,0,False,disabled,0,0,False,raw,0,0.0,0.0,,0,False,disabled,False,raw,0.0,0.0,,,,,,,,False,0,0,0,0,0,0,0.0,0.0,0.9333339999955115,6.854708000020082,7.913500000000795,context_reentry_interference,v1_5_single_slot,CRA,v1_5_single_slot,single_slot_baseline,MockSimulator,43,none,none,-1,0,0,internal,0.0,0.0,0.0,0.0,0,False,0,False,-1,1,0.1,0.2,8,8,0,raw,10,False
680,1000.0,8,8,0,8,0,0,2.5639753662960003,2.5639753662960003,2.5639753662960003,0.0,0.0,0.008038390076316775,1.0,0.0,False,0,0,0,0,0,0.0,0.0,0.0,0.0,0.0,0,0.0,0,0,disabled,disabled,True,normal,-1,10,False,raw,0,0.0,0.0,trial:-1,0,False,disabled,0,0,False,raw,0,0.0,0.0,,0,False,disabled,False,raw,0.0,0.0,,,,,,,,False,0,0,0,0,0,0,0.0,0.0,0.8162079999749494,6.56283300000382,7.512416999986726,context_reentry_interference,v1_5_single_slot,CRA,v1_5_single_slot,single_slot_baseline,MockSimulator,43,none,none,-1,0,0,internal,0.0,0.0,0.0,0.0,0,False,0,False,-1,1,0.1,0.2,8,8,0,raw,10,False
681,1000.0,8,8,0,8,0,0,2.5609363890087438,2.5609363890087438,2.5609363890087438,0.0,0.0,0.007921646024915767,1.0,0.0,False,0,0,0,0,0,0.0,0.0,0.0,0.0,0.0,0,0.0,0,0,disabled,disabled,True,normal,-1,10,False,raw,0,0.0,0.0,trial:-1,0,False,disabled,0,0,False,raw,0,0.0,0.0,,0,False,disabled,False,raw,0.0,0.0,,,,,,,,False,0,0,0,0,0,0,0.0,0.0,0.796750000006341,6.947332999999389,7.869749999997566,context_reentry_interference,v1_5_single_slot,CRA,v1_5_single_slot,single_slot_baseline,MockSimulator,43,none,none,-1,0,0,internal,0.0,0.0,0.0,0.0,0,False,0,False,-1,1,0.1,0.2,8,8,0,raw,10,False
682,1000.0,8,8,0,8,0,0,2.5579122762168445,2.5579122762168445,2.5579122762168445,0.0,0.0,0.007806356379540271,1.0,0.0,False,0,0,0,0,0,0.0,0.0,0.0,0.0,0.0,0,0.0,0,0,disabled,disabled,True,normal,-1,10,False,raw,0,0.0,0.0,trial:-1,0,False,disabled,0,0,False,raw,0,0.0,0.0,,0,False,disabled,False,raw,0.0,0.0,,,,,,,,False,0,0,0,0,0,0,0.0,0.0,0.8143750000044747,6.628124999991769,7.576583000002302,context_reentry_interference,v1_5_single_slot,CRA,v1_5_single_slot,single_slot_baseline,MockSimulator,43,none,none,-1,0,0,internal,0.0,0.0,0.0,0.0,0,False,0,False,-1,1,0.1,0.2,8,8,0,raw,10,False
683,1000.0,8,8,0,8,0,0,2.5549029537920966,2.5549029537920966,2.5549029537920966,0.0,0.0,0.0076925096615698295,1.0,0.0,False,0,0,0,0,0,0.0,0.0,0.0,0.0,0.0,0,0.0,0,0,disabled,disabled,True,normal,-1,10,False,raw,0,0.0,0.0,trial:-1,0,False,disabled,0,0,False,raw,0,0.0,0.0,,0,False,disabled,False,raw,0.0,0.0,,,,,,,,False,0,0,0,0,0,0,0.0,0.0,0.8001250000120308,6.985208999992665,7.912125000018477,context_reentry_interference,v1_5_single_slot,CRA,v1_5_single_slot,single_slot_baseline,MockSimulator,43,none,none,-1,0,0,internal,0.0,0.0,0.0,0.0,0,False,0,False,-1,1,0.1,0.2,8,8,0,raw,10,False
684,1000.0,8,8,0,8,0,0,2.55190834797601,2.55190834797601,2.55190834797601,-6.417356589610709e-14,-6.417356589610709e-13,0.00758009426976639,1.0,-6.417356589610709e-14,False,0,0,0,0,0,0.0,0.0,0.0,0.0,0.0,0,0.0,0,0,disabled,disabled,True,normal,-1,10,True,internal_context_bound,1,0.01,-0.01,phase:A_return,0,False,disabled,0,0,False,raw,0,-0.01,-0.01,,0,False,disabled,False,raw,-0.01,-0.01,,,,,,,,False,0,0,0,0,0,0,0.0,0.0,0.8244169999898077,6.93741599999953,7.896040999980869,context_reentry_interference,v1_5_single_slot,CRA,v1_5_single_slot,single_slot_baseline,MockSimulator,43,decision,A_return_decision,18,1,1,internal,0.01,-0.01,0.01,0.01,1,True,0,False,684,1,0.1,0.2,8,8,1,internal_context_bound,10,True
685,1000.0,8,8,0,8,0,0,2.5489283853779656,2.5489283853779656,2.5489283853779656,0.0,0.0,0.00746909848977046,1.0,0.0,False,0,0,0,0,0,0.0,0.0,0.0,0.0,0.0,0,0.0,0,0,disabled,disabled,True,normal,-1,10,False,raw,0,0.0,0.0,trial:-1,0,False,disabled,0,0,False,raw,0,0.0,0.0,,0,False,disabled,False,raw,0.0,0.0,,,,,,,,False,0,0,0,0,0,0,0.0,0.0,0.8394580000015139,7.517500000005839,8.498791000022266,context_reentry_interference,v1_5_single_slot,CRA,v1_5_single_slot,single_slot_baseline,MockSimulator,43,none,none,-1,0,0,internal,0.0,0.0,0.0,0.0,0,False,0,False,-1,1,0.1,0.2,8,8,0,raw,10,False
686,1000.0,8,8,0,8,0,0,2.545962992973382,2.545962992973382,2.545962992973382,0.0,0.0,0.00735951050326646,1.0,0.0,False,0,0,0,0,0,0.0,0.0,0.0,0.0,0.0,0,0.0,0,0,disabled,disabled,True,normal,-1,10,False,raw,0,0.0,0.0,trial:-1,0,False,disabled,0,0,False,raw,0,0.0,0.0,,0,False,disabled,False,raw,0.0,0.0,,,,,,,,False,0,0,0,0,0,0,0.0,0.0,0.8122920000062095,6.637415999989571,7.58466600001384,context_reentry_interference,v1_5_single_slot,CRA,v1_5_single_slot,single_slot_baseline,MockSimulator,43,none,none,-1,0,0,internal,0.0,0.0,0.0,0.0,0,False,0,False,-1,1,0.1,0.2,8,8,0,raw,10,False
687,1000.0,8,8,0,8,0,0,2.5430120981018898,2.5430120981018898,2.5430120981018898,0.0,0.0,0.007251318396826713,1.0,0.0,False,0,0,0,0,0,0.0,0.0,0.0,0.0,0.0,0,0.0,0,0,disabled,disabled,True,normal,-1,10,False,raw,0,0.0,0.0,trial:-1,0,False,disabled,0,0,False,raw,0,0.0,0.0,,0,False,disabled,False,raw,0.0,0.0,,,,,,,,False,0,0,0,0,0,0,0.0,0.0,0.8367910000117718,7.2852920000059385,8.246334000006073,context_reentry_interference,v1_5_single_slot,CRA,v1_5_single_slot,single_slot_baseline,MockSimulator,43,none,none,-1,0,0,internal,0.0,0.0,0.0,0.0,0,False,0,False,-1,1,0.1,0.2,8,8,0,raw,10,False
688,1000.0,8,8,0,8,0,0,2.5400756284655133,2.5400756284655133,2.5400756284655133,0.0,0.0,0.007144510170443249,1.0,0.0,False,0,0,0,0,0,0.0,0.0,0.0,0.0,0.0,0,0.0,0,0,disabled,disabled,True,normal,-1,10,False,raw,0,0.0,0.0,trial:-1,0,False,disabled,0,0,False,raw,0,0.0,0.0,,0,False,disabled,False,raw,0.0,0.0,,,,,,,,False,0,0,0,0,0,0,0.0,0.0,0.8226249999836455,6.660750000008875,7.621792000009009,context_reentry_interference,v1_5_single_slot,CRA,v1_5_single_slot,single_slot_baseline,MockSimulator,43,none,none,-1,0,0,internal,0.0,0.0,0.0,0.0,0,False,0,False,-1,1,0.1,0.2,8,8,0,raw,10,False
689,1000.0,8,8,0,8,0,0,2.537153512126865,2.537153512126865,2.537153512126865,0.0,0.0,0.007039073745756392,1.0,0.0,False,0,0,0,0,0,0.0,0.0,0.0,0.0,0.0,0,0.0,0,0,disabled,disabled,True,normal,-1,10,False,raw,0,0.0,0.0,trial:-1,0,False,disabled,0,0,False,raw,0,0.0,0.0,,0,False,disabled,False,raw,0.0,0.0,,,,,,,,False,0,0,0,0,0,0,0.0,0.0,0.7938329999888083,7.525624999999536,8.446292000002131,context_reentry_interference,v1_5_single_slot,CRA,v1_5_single_slot,single_slot_baseline,MockSimulator,43,none,none,-1,0,0,internal,0.0,0.0,0.0,0.0,0,False,0,False,-1,1,0.1,0.2,8,8,0,raw,10,False
690,1000.0,8,8,0,8,0,0,2.5342456775073456,2.5342456775073456,2.5342456775073456,0.0,0.0,0.006934996973988833,1.0,0.0,False,0,0,0,0,0,0.0,0.0,0.0,0.0,0.0,0,0.0,0,0,disabled,disabled,True,normal,-1,10,False,raw,0,0.0,0.0,trial:-1,0,False,disabled,0,0,False,raw,0,0.0,0.0,,0,False,disabled,False,raw,0.0,0.0,,,,,,,,False,0,0,0,0,0,0,0.0,0.0,0.8298329999831822,6.711875000007694,7.676083000006884,context_reentry_interference,v1_5_single_slot,CRA,v1_5_single_slot,single_slot_baseline,MockSimulator,43,none,none,-1,0,0,internal,0.0,0.0,0.0,0.0,0,False,0,False,-1,1,0.1,0.2,8,8,0,raw,10,False
691,1000.0,8,8,0,8,0,0,2.531352053385356,2.531352053385356,2.531352053385356,0.0,0.0,0.006832267643593673,1.0,0.0,False,0,0,0,0,0,0.0,0.0,0.0,0.0,0.0,0,0.0,0,0,disabled,disabled,True,normal,-1,10,False,raw,0,0.0,0.0,trial:-1,0,False,disabled,0,0,False,raw,0,0.0,0.0,,0,False,disabled,False,raw,0.0,0.0,,,,,,,,False,0,0,0,0,0,0,0.0,0.0,0.7955000000094969,7.312374999997928,8.23379199999863,context_reentry_interference,v1_5_single_slot,CRA,v1_5_single_slot,single_slot_baseline,MockSimulator,43,none,none,-1,0,0,internal,0.0,0.0,0.0,0.0,0,False,0,False,-1,1,0.1,0.2,8,8,0,raw,10,False
692,1000.0,8,8,0,8,0,0,2.5284725688945158,2.5284725688945158,2.5284725688945158,0.0,0.0,0.006730873487624724,1.0,0.0,False,0,0,0,0,0,0.0,0.0,0.0,0.0,0.0,0,0.0,0,0,disabled,disabled,True,normal,-1,10,False,raw,0,0.0,0.0,trial:-1,0,False,disabled,0,0,False,raw,0,0.0,0.0,,0,False,disabled,False,raw,0.0,0.0,,,,,,,,False,0,0,0,0,0,0,0.0,0.0,0.8222080000166443,6.663916999997355,7.622792000006484,context_reentry_interference,v1_5_single_slot,CRA,v1_5_single_slot,single_slot_baseline,MockSimulator,43,none,none,-1,0,0,internal,0.0,0.0,0.0,0.0,0,False,0,False,-1,1,0.1,0.2,8,8,0,raw,10,False
693,1000.0,8,8,0,8,0,0,2.525607153521891,2.525607153521891,2.525607153521891,0.0,0.0,0.006630802190837095,1.0,0.0,False,0,0,0,0,0,0.0,0.0,0.0,0.0,0.0,0,0.0,0,0,disabled,disabled,True,normal,-1,10,False,raw,0,0.0,0.0,trial:-1,0,False,disabled,0,0,False,raw,0,0.0,0.0,,0,False,disabled,False,raw,0.0,0.0,,,,,,,,False,0,0,0,0,0,0,0.0,0.0,0.8003339999902437,7.233374999998432,8.160290999995823,context_reentry_interference,v1_5_single_slot,CRA,v1_5_single_slot,single_slot_baseline,MockSimulator,43,none,none,-1,0,0,internal,0.0,0.0,0.0,0.0,0,False,0,False,-1,1,0.1,0.2,8,8,0,raw,10,False
694,1000.0,8,8,0,8,0,0,2.522755737106234,2.522755737106234,2.522755737106234,0.0,0.0,0.006532041396525921,1.0,0.0,False,0,0,0,0,0,0.0,0.0,0.0,0.0,0.0,0,0.0,0,0,disabled,disabled,True,normal,-1,10,False,raw,0,0.0,0.0,trial:-1,0,False,disabled,0,0,False,raw,0,0.0,0.0,,0,False,disabled,False,raw,0.0,0.0,,,,,,,,False,0,0,0,0,0,0,0.0,0.0,0.941874999995207,6.742416999998113,7.8429579999976795,context_reentry_interference,v1_5_single_slot,CRA,v1_5_single_slot,single_slot_baseline,MockSimulator,43,none,none,-1,0,0,internal,0.0,0.0,0.0,0.0,0,False,0,False,-1,1,0.1,0.2,8,8,0,raw,10,False
695,1000.0,8,8,0,8,0,0,2.519918249836226,2.519918249836226,2.519918249836226,0.0,0.0,0.006434578713110859,1.0,0.0,False,0,0,0,0,0,0.0,0.0,0.0,0.0,0.0,0,0.0,0,0,disabled,disabled,True,normal,-1,10,False,raw,0,0.0,0.0,trial:-1,0,False,disabled,0,0,False,raw,0,0.0,0.0,,0,False,disabled,False,raw,0.0,0.0,,,,,,,,False,0,0,0,0,0,0,0.0,0.0,0.7965409999997064,7.005208999999013,7.930999999985033,context_reentry_interference,v1_5_single_slot,CRA,v1_5_single_slot,single_slot_baseline,MockSimulator,43,none,none,-1,0,0,internal,0.0,0.0,0.0,0.0,0,False,0,False,-1,1,0.1,0.2,8,8,0,raw,10,False
696,1000.0,8,8,0,8,0,0,2.517094622248734,2.517094622248734,2.517094622248734,0.0,0.0,0.0063384017204737905,1.0,0.0,False,0,0,0,0,0,0.0,0.0,0.0,0.0,0.0,0,0.0,0,0,disabled,disabled,True,normal,-1,10,False,raw,0,0.0,0.0,trial:-1,0,False,disabled,0,0,False,raw,0,0.0,0.0,,0,False,disabled,False,raw,0.0,0.0,,,,,,,,False,0,0,0,0,0,0,0.0,0.0,0.8817920000012691,6.956666999997196,7.980333999995537,context_reentry_interference,v1_5_single_slot,CRA,v1_5_single_slot,single_slot_baseline,MockSimulator,43,none,none,-1,0,0,internal,0.0,0.0,0.0,0.0,0,False,0,False,-1,1,0.1,0.2,8,8,0,raw,10,False
697,1000.0,8,8,0,8,0,0,2.5142847852270735,2.5142847852270735,2.5142847852270735,0.0,0.0,0.006243497976056959,1.0,0.0,False,0,0,0,0,0,0.0,0.0,0.0,0.0,0.0,0,0.0,0,0,disabled,disabled,True,normal,-1,10,False,raw,0,0.0,0.0,trial:-1,0,False,disabled,0,0,False,raw,0,0.0,0.0,,0,False,disabled,False,raw,0.0,0.0,,,,,,,,False,0,0,0,0,0,0,0.0,0.0,0.8067079999989346,6.954374999992297,7.890833999994129,context_reentry_interference,v1_5_single_slot,CRA,v1_5_single_slot,single_slot_baseline,MockSimulator,43,none,none,-1,0,0,internal,0.0,0.0,0.0,0.0,0,False,0,False,-1,1,0.1,0.2,8,8,0,raw,10,False
698,1000.0,8,8,0,8,0,0,2.51148866999928,2.51148866999928,2.51148866999928,0.0,0.0,0.006149855020728612,1.0,0.0,False,0,0,0,0,0,0.0,0.0,0.0,0.0,0.0,0,0.0,0,0,disabled,disabled,True,normal,-1,10,False,raw,0,0.0,0.0,trial:-1,0,False,disabled,0,0,False,raw,0,0.0,0.0,,0,False,disabled,False,raw,0.0,0.0,,,,,,,,False,0,0,0,0,0,0,0.0,0.0,0.9264589999986583,6.976790999999594,8.054250000014918,context_reentry_interference,v1_5_single_slot,CRA,v1_5_single_slot,single_slot_baseline,MockSimulator,43,none,none,-1,0,0,internal,0.0,0.0,0.0,0.0,0,False,0,False,-1,1,0.1,0.2,8,8,0,raw,10,False
699,1000.0,8,8,0,8,0,0,2.5087062081363913,2.5087062081363913,2.5087062081363913,0.0,0.0,0.006057460384422976,1.0,0.0,False,0,0,0,0,0,0.0,0.0,0.0,0.0,0.0,0,0.0,0,0,disabled,disabled,True,normal,-1,10,False,raw,0,0.0,0.0,trial:-1,0,False,disabled,0,0,False,raw,0,0.0,0.0,,0,False,disabled,False,raw,0.0,0.0,,,,,,,,False,0,0,0,0,0,0,0.0,0.0,0.803291000011086,7.296916999990799,8.22949999999878,context_reentry_interference,v1_5_single_slot,CRA,v1_5_single_slot,single_slot_baseline,MockSimulator,43,none,none,-1,0,0,internal,0.0,0.0,0.0,0.0,0,False,0,False,-1,1,0.1,0.2,8,8,0,raw,10,False
700,1000.0,8,8,0,8,0,0,2.505937331550735,2.505937331550735,2.505937331550735,0.0,0.0,0.005966301591561274,1.0,0.0,False,0,0,0,0,0,0.0,0.0,0.0,0.0,0.0,0,0.0,0,0,disabled,disabled,True,normal,-1,10,False,raw,0,0.0,0.0,trial:-1,0,False,disabled,0,0,False,raw,0,0.0,0.0,,0,False,disabled,False,raw,0.0,0.0,,,,,,,,False,0,0,0,0,0,0,0.0,0.0,0.821916000006695,6.798416999998835,7.757583999989492,context_reentry_interference,v1_5_single_slot,CRA,v1_5_single_slot,single_slot_baseline,MockSimulator,43,none,none,-1,0,0,internal,0.0,0.0,0.0,0.0,0,False,0,False,-1,1,0.1,0.2,8,8,0,raw,10,False
701,1000.0,8,8,0,8,0,0,2.5031819724942284,2.5031819724942284,2.5031819724942284,0.0,0.0,0.005876366166260271,1.0,0.0,False,0,0,0,0,0,0.0,0.0,0.0,0.0,0.0,0,0.0,0,0,disabled,disabled,True,normal,-1,10,False,raw,0,0.0,0.0,trial:-1,0,False,disabled,0,0,False,raw,0,0.0,0.0,,0,False,disabled,False,raw,0.0,0.0,,,,,,,,False,0,0,0,0,0,0,0.0,0.0,0.8041250000019318,7.726915999995754,8.656750000000102,context_reentry_interference,v1_5_single_slot,CRA,v1_5_single_slot,single_slot_baseline,MockSimulator,43,none,none,-1,0,0,internal,0.0,0.0,0.0,0.0,0,False,0,False,-1,1,0.1,0.2,8,8,0,raw,10,False
702,1000.0,8,8,0,8,0,0,2.500440063556681,2.500440063556681,2.500440063556681,0.0,0.0,0.005787641637334684,1.0,0.0,False,0,0,0,0,0,0.0,0.0,0.0,0.0,0.0,0,0.0,0,0,disabled,disabled,True,normal,-1,10,False,raw,0,0.0,0.0,trial:-1,0,False,disabled,0,0,False,raw,0,0.0,0.0,,0,False,disabled,False,raw,0.0,0.0,,,,,,,,False,0,0,0,0,0,0,0.0,0.0,0.8157919999973728,6.86999999999216,7.822083000007751,context_reentry_interference,v1_5_single_slot,CRA,v1_5_single_slot,single_slot_baseline,MockSimulator,43,none,none,-1,0,0,internal,0.0,0.0,0.0,0.0,0,False,0,False,-1,1,0.1,0.2,8,8,0,raw,10,False
703,1000.0,8,8,0,8,0,0,2.497711537664115,2.497711537664115,2.497711537664115,0.0,0.0,0.005700115543099616,1.0,0.0,False,0,0,0,0,0,0.0,0.0,0.0,0.0,0.0,0,0.0,0,0,disabled,disabled,True,normal,-1,10,False,raw,0,0.0,0.0,trial:-1,0,False,disabled,0,0,False,raw,0,0.0,0.0,,0,False,disabled,False,raw,0.0,0.0,,,,,,,,False,0,0,0,0,0,0,0.0,0.0,0.789416999992909,6.679416999986643,7.595083000012437,context_reentry_interference,v1_5_single_slot,CRA,v1_5_single_slot,single_slot_baseline,MockSimulator,43,none,none,-1,0,0,internal,0.0,0.0,0.0,0.0,0,False,0,False,-1,1,0.1,0.2,8,8,0,raw,10,False
704,1000.0,8,8,0,8,0,0,2.4949963280770824,2.4949963280770824,2.4949963280770824,0.0,0.0,0.0056137754359790164,1.0,0.0,False,0,0,0,0,0,0.0,0.0,0.0,0.0,0.0,0,0.0,0,0,disabled,disabled,True,normal,-1,10,False,raw,0,0.0,0.0,trial:-1,0,False,disabled,0,0,False,raw,0,0.0,0.0,,0,False,disabled,False,raw,0.0,0.0,,,,,,,,False,0,0,0,0,0,0,0.0,0.0,0.8673749999843494,7.008667000008018,8.093124999987822,context_reentry_interference,v1_5_single_slot,CRA,v1_5_single_slot,single_slot_baseline,MockSimulator,43,none,none,-1,0,0,internal,0.0,0.0,0.0,0.0,0,False,0,False,-1,1,0.1,0.2,8,8,0,raw,10,False
705,1000.0,8,8,0,8,0,0,2.4922943683890013,2.4922943683890013,2.4922943683890013,0.0,0.0,0.005528608886926001,1.0,0.0,False,0,0,0,0,0,0.0,0.0,0.0,0.0,0.0,0,0.0,0,0,disabled,disabled,True,normal,-1,10,False,raw,0,0.0,0.0,trial:-1,0,False,disabled,0,0,False,raw,0,0.0,0.0,,0,False,disabled,False,raw,0.0,0.0,,,,,,,,False,0,0,0,0,0,0,0.0,0.0,0.8066249999956199,6.828041999995094,7.766750000001821,context_reentry_interference,v1_5_single_slot,CRA,v1_5_single_slot,single_slot_baseline,MockSimulator,43,none,none,-1,0,0,internal,0.0,0.0,0.0,0.0,0,False,0,False,-1,1,0.1,0.2,8,8,0,raw,10,False
706,1000.0,8,8,0,8,0,0,2.4896055925244926,2.4896055925244926,2.4896055925244926,0.0,0.0,0.005444603489660716,1.0,0.0,False,0,0,0,0,0,0.0,0.0,0.0,0.0,0.0,0,0.0,0,0,disabled,disabled,True,normal,-1,10,False,raw,0,0.0,0.0,trial:-1,0,False,disabled,0,0,False,raw,0,0.0,0.0,,0,False,disabled,False,raw,0.0,0.0,,,,,,,,False,0,0,0,0,0,0,0.0,0.0,1.0061669999856804,7.253291000012041,8.384250000005977,context_reentry_interference,v1_5_single_slot,CRA,v1_5_single_slot,single_slot_baseline,MockSimulator,43,none,none,-1,0,0,internal,0.0,0.0,0.0,0.0,0,False,0,False,-1,1,0.1,0.2,8,8,0,raw,10,False
707,1000.0,8,8,0,8,0,0,2.4869299347377294,2.4869299347377294,2.4869299347377294,0.0,0.0,0.005361746864731271,1.0,0.0,False,0,0,0,0,0,0.0,0.0,0.0,0.0,0.0,0,0.0,0,0,disabled,disabled,True,normal,-1,10,False,raw,0,0.0,0.0,trial:-1,0,False,disabled,0,0,False,raw,0,0.0,0.0,,0,False,disabled,False,raw,0.0,0.0,,,,,,,,False,0,0,0,0,0,0,0.0,0.0,0.8189170000036938,7.289874999997892,8.250458999981447,context_reentry_interference,v1_5_single_slot,CRA,v1_5_single_slot,single_slot_baseline,MockSimulator,43,none,none,-1,0,0,internal,0.0,0.0,0.0,0.0,0,False,0,False,-1,1,0.1,0.2,8,8,0,raw,10,False
708,1000.0,8,8,0,8,0,0,2.484267329610794,2.484267329610794,2.484267329610794,6.353183023714603e-15,-6.353183023714603e-14,0.005280026663403139,1.0,6.353183023714603e-15,False,0,0,0,0,0,0.0,0.0,0.0,0.0,0.0,0,0.0,0,0,disabled,disabled,True,normal,-1,10,True,internal_context_bound,-1,-0.01,0.01,phase:A_return,0,False,disabled,0,0,False,raw,0,0.01,0.01,,0,False,disabled,False,raw,0.01,0.01,,,,,,,,False,0,0,0,0,0,0,0.0,0.0,0.9502080000061142,7.0344169999998485,8.13795799999184,context_reentry_interference,v1_5_single_slot,CRA,v1_5_single_slot,single_slot_baseline,MockSimulator,43,decision,A_return_decision,19,1,-1,internal,-0.01,0.01,-0.01,-0.01,-1,True,0,False,708,1,0.1,0.2,8,8,-1,internal_context_bound,10,True
709,1000.0,8,8,0,8,0,0,2.481617712052041,2.481617712052041,2.481617712052041,0.0,0.0,0.005199430571382241,1.0,0.0,False,0,0,0,0,0,0.0,0.0,0.0,0.0,0.0,0,0.0,0,0,disabled,disabled,True,normal,-1,10,False,raw,0,0.0,0.0,trial:-1,0,False,disabled,0,0,False,raw,0,0.0,0.0,,0,False,disabled,False,raw,0.0,0.0,,,,,,,,False,0,0,0,0,0,0,0.0,0.0,0.8009590000028766,7.207582999996021,8.138083000005736,context_reentry_interference,v1_5_single_slot,CRA,v1_5_single_slot,single_slot_baseline,MockSimulator,43,none,none,-1,0,0,internal,0.0,0.0,0.0,0.0,0,False,0,False,-1,1,0.1,0.2,8,8,0,raw,10,False
710,1000.0,8,8,0,8,0,0,2.4789810172944704,2.4789810172944704,2.4789810172944704,0.0,0.0,0.0051199463123768165,1.0,0.0,False,0,0,0,0,0,0.0,0.0,0.0,0.0,0.0,0,0.0,0,0,disabled,disabled,True,normal,-1,10,False,raw,0,0.0,0.0,trial:-1,0,False,disabled,0,0,False,raw,0,0.0,0.0,,0,False,disabled,False,raw,0.0,0.0,,,,,,,,False,0,0,0,0,0,0,0.0,0.0,0.9653750000211403,6.91241699999523,8.029874999976983,context_reentry_interference,v1_5_single_slot,CRA,v1_5_single_slot,single_slot_baseline,MockSimulator,43,none,none,-1,0,0,internal,0.0,0.0,0.0,0.0,0,False,0,False,-1,1,0.1,0.2,8,8,0,raw,10,False
711,1000.0,8,8,0,8,0,0,2.476357180894109,2.476357180894109,2.476357180894109,0.0,0.0,0.005041561651503056,1.0,0.0,False,0,0,0,0,0,0.0,0.0,0.0,0.0,0.0,0,0.0,0,0,disabled,disabled,True,normal,-1,10,False,raw,0,0.0,0.0,trial:-1,0,False,disabled,0,0,False,raw,0,0.0,0.0,,0,False,disabled,False,raw,0.0,0.0,,,,,,,,False,0,0,0,0,0,0,0.0,0.0,0.7949169999790229,7.318875000009939,8.241709000003539,context_reentry_interference,v1_5_single_slot,CRA,v1_5_single_slot,single_slot_baseline,MockSimulator,43,none,none,-1,0,0,internal,0.0,0.0,0.0,0.0,0,False,0,False,-1,1,0.1,0.2,8,8,0,raw,10,False
712,1000.0,8,8,0,8,0,0,2.4737461387283997,2.4737461387283997,2.4737461387283997,0.0,0.0,0.004964264398539296,1.0,0.0,False,0,0,0,0,0,0.0,0.0,0.0,0.0,0.0,0,0.0,0,0,disabled,disabled,True,normal,-1,10,False,raw,0,0.0,0.0,trial:-1,0,False,disabled,0,0,False,raw,0,0.0,0.0,,0,False,disabled,False,raw,0.0,0.0,,,,,,,,False,0,0,0,0,0,0,0.0,0.0,0.8309579999945527,6.9309170000053655,7.897791999994297,context_reentry_interference,v1_5_single_slot,CRA,v1_5_single_slot,single_slot_baseline,MockSimulator,43,none,none,-1,0,0,internal,0.0,0.0,0.0,0.0,0,False,0,False,-1,1,0.1,0.2,8,8,0,raw,10,False
713,1000.0,8,8,0,8,0,0,2.4711478269945966,2.4711478269945966,2.4711478269945966,0.0,0.0,0.004888042411033485,1.0,0.0,False,0,0,0,0,0,0.0,0.0,0.0,0.0,0.0,0,0.0,0,0,disabled,disabled,True,normal,-1,10,False,raw,0,0.0,0.0,trial:-1,0,False,disabled,0,0,False,raw,0,0.0,0.0,,0,False,disabled,False,raw,0.0,0.0,,,,,,,,False,0,0,0,0,0,0,0.0,0.0,0.7999580000159767,7.127874999980577,8.053833000019495,context_reentry_interference,v1_5_single_slot,CRA,v1_5_single_slot,single_slot_baseline,MockSimulator,43,none,none,-1,0,0,internal,0.0,0.0,0.0,0.0,0,False,0,False,-1,1,0.1,0.2,8,8,0,raw,10,False
714,1000.0,8,8,0,8,0,0,2.4685621822081716,2.4685621822081716,2.4685621822081716,0.0,0.0,0.00481288359726849,1.0,0.0,False,0,0,0,0,0,0.0,0.0,0.0,0.0,0.0,0,0.0,0,0,disabled,disabled,True,normal,-1,10,False,raw,0,0.0,0.0,trial:-1,0,False,disabled,0,0,False,raw,0,0.0,0.0,,0,False,disabled,False,raw,0.0,0.0,,,,,,,,False,0,0,0,0,0,0,0.0,0.0,0.9242089999759173,7.074125000002596,8.135667000004787,context_reentry_interference,v1_5_single_slot,CRA,v1_5_single_slot,single_slot_baseline,MockSimulator,43,none,none,-1,0,0,internal,0.0,0.0,0.0,0.0,0,False,0,False,-1,1,0.1,0.2,8,8,0,raw,10,False
715,1000.0,8,8,0,8,0,0,2.4659891412012263,2.4659891412012263,2.4659891412012263,0.0,0.0,0.004738775919089683,1.0,0.0,False,0,0,0,0,0,0.0,0.0,0.0,0.0,0.0,0,0.0,0,0,disabled,disabled,True,normal,-1,10,False,raw,0,0.0,0.0,trial:-1,0,False,disabled,0,0,False,raw,0,0.0,0.0,,0,False,disabled,False,raw,0.0,0.0,,,,,,,,False,0,0,0,0,0,0,0.0,0.0,0.8048750000000382,6.973125000001801,7.9097919999924216,context_reentry_interference,v1_5_single_slot,CRA,v1_5_single_slot,single_slot_baseline,MockSimulator,43,none,none,-1,0,0,internal,0.0,0.0,0.0,0.0,0,False,0,False,-1,1,0.1,0.2,8,8,0,raw,10,False
716,1000.0,8,8,0,8,0,0,2.463428641120914,2.463428641120914,2.463428641120914,0.0,0.0,0.004665707394599119,1.0,0.0,False,0,0,0,0,0,0.0,0.0,0.0,0.0,0.0,0,0.0,0,0,disabled,disabled,True,normal,-1,10,False,raw,0,0.0,0.0,trial:-1,0,False,disabled,0,0,False,raw,0,0.0,0.0,,0,False,disabled,False,raw,0.0,0.0,,,,,,,,False,0,0,0,0,0,0,0.0,0.0,0.9058329999902526,7.750459000021692,8.78866700000458,context_reentry_interference,v1_5_single_slot,CRA,v1_5_single_slot,single_slot_baseline,MockSimulator,43,none,none,-1,0,0,internal,0.0,0.0,0.0,0.0,0,False,0,False,-1,1,0.1,0.2,8,8,0,raw,10,False
717,1000.0,8,8,0,8,0,0,2.4608806194278676,2.4608806194278676,2.4608806194278676,0.0,0.0,0.004593666100720543,1.0,0.0,False,0,0,0,0,0,0.0,0.0,0.0,0.0,0.0,0,0.0,0,0,disabled,disabled,True,normal,-1,10,False,raw,0,0.0,0.0,trial:-1,0,False,disabled,0,0,False,raw,0,0.0,0.0,,0,False,disabled,False,raw,0.0,0.0,,,,,,,,False,0,0,0,0,0,0,0.0,0.0,0.8117079999863108,6.940082999989272,7.885041000008641,context_reentry_interference,v1_5_single_slot,CRA,v1_5_single_slot,single_slot_baseline,MockSimulator,43,none,none,-1,0,0,internal,0.0,0.0,0.0,0.0,0,False,0,False,-1,1,0.1,0.2,8,8,0,raw,10,False
718,1000.0,8,8,0,8,0,0,2.4583450138946352,2.4583450138946352,2.4583450138946352,0.0,0.0,0.00452264017563927,1.0,0.0,False,0,0,0,0,0,0.0,0.0,0.0,0.0,0.0,0,0.0,0,0,disabled,disabled,True,normal,-1,10,False,raw,0,0.0,0.0,trial:-1,0,False,disabled,0,0,False,raw,0,0.0,0.0,,0,False,disabled,False,raw,0.0,0.0,,,,,,,,False,0,0,0,0,0,0,0.0,0.0,1.0467079999898488,7.322208999994473,8.495292000020527,context_reentry_interference,v1_5_single_slot,CRA,v1_5_single_slot,single_slot_baseline,MockSimulator,43,none,none,-1,0,0,internal,0.0,0.0,0.0,0.0,0,False,0,False,-1,1,0.1,0.2,8,8,0,raw,10,False
719,1000.0,8,8,0,8,0,0,2.4558217626041263,2.4558217626041263,2.4558217626041263,0.0,0.0,0.00445261782112096,1.0,0.0,False,0,0,0,0,0,0.0,0.0,0.0,0.0,0.0,0,0.0,0,0,disabled,disabled,True,normal,-1,10,False,raw,0,0.0,0.0,trial:-1,0,False,disabled,0,0,False,raw,0,0.0,0.0,,0,False,disabled,False,raw,0.0,0.0,,,,,,,,False,0,0,0,0,0,0,0.0,0.0,0.8165000000133205,6.9186249999972915,7.86870799998951,context_reentry_interference,v1_5_single_slot,CRA,v1_5_single_slot,single_slot_baseline,MockSimulator,43,none,none,-1,0,0,internal,0.0,0.0,0.0,0.0,0,False,0,False,-1,1,0.1,0.2,8,8,0,raw,10,False
